0.0 -0.089305400000 -0.454451000000 0.391433000000 -0.898560383020 0.011193227237 -0.025187174146 0.437983511093
0.1 -0.088656500000 -0.454043000000 0.391775000000 -0.898660381200 0.011145343541 -0.024906877346 0.437795555070
0.2 -0.088908500000 -0.454276000000 0.391365000000 -0.898204439240 0.011267637394 -0.025605369000 0.438686893758
0.3 -0.088958100000 -0.454414000000 0.390930000000 -0.898057523326 0.011346304014 -0.026595844811 0.438926653578
0.4 -0.089012400000 -0.454297000000 0.390595000000 -0.898080434323 0.011938360671 -0.027426016641 0.438812970001
0.5 -0.088485300000 -0.454230000000 0.389998000000 -0.898255981494 0.012259994356 -0.027823220628 0.438419607959
0.6 -0.088406500000 -0.453214000000 0.389998000000 -0.898877303381 0.012910606761 -0.028237306220 0.437099032527
0.7 -0.088276700000 -0.452914000000 0.389208000000 -0.898831917853 0.013279669001 -0.028601045974 0.437157653495
0.8 -0.087939700000 -0.452688000000 0.388229000000 -0.898821676504 0.012981545838 -0.028906425999 0.437167578681
0.9 -0.087617800000 -0.451803000000 0.387999000000 -0.899299683875 0.013841913901 -0.028853445177 0.436160473569
1.0 -0.087461500000 -0.451376000000 0.387366000000 -0.899508368537 0.014632657293 -0.029267583946 0.435676472629
1.1 -0.087197000000 -0.450788000000 0.387319000000 -0.899885432368 0.015436656660 -0.029443624669 0.434857437799
1.2 -0.087624500000 -0.450510000000 0.387109000000 -0.899878108587 0.016089707367 -0.029675572457 0.434833153522
1.3 -0.088131200000 -0.450388000000 0.387044000000 -0.899826260402 0.015817521367 -0.030303901868 0.434907094264
1.4 -0.088945100000 -0.450630000000 0.386495000000 -0.899628043346 0.015818940266 -0.030602730237 0.435296011534
1.5 -0.090052300000 -0.450452000000 0.386353000000 -0.899944507941 0.016709925336 -0.030518874058 0.434613919873
1.6 -0.089763300000 -0.449919000000 0.386822000000 -0.900605877987 0.017104969888 -0.028897953579 0.433337490669
1.7 -0.090399100000 -0.449657000000 0.386912000000 -0.900835147347 0.017384154978 -0.027713533640 0.432927001368
1.8 -0.091000900000 -0.449743000000 0.386853000000 -0.900818733910 0.017115425066 -0.026724142830 0.433034052994
1.9 -0.091476900000 -0.450131000000 0.386558000000 -0.900600908639 0.017076311361 -0.025999170690 0.433532520201
2.0 -0.091377500000 -0.450617000000 0.386324000000 -0.900477024088 0.016517909153 -0.025916469056 0.433816348699
2.1 -0.092204000000 -0.450893000000 0.386051000000 -0.900268417939 0.017697919898 -0.026877423955 0.434144173490
2.2 -0.092398700000 -0.451051000000 0.386513000000 -0.900274792581 0.018087881901 -0.027255510823 0.434091307792
2.3 -0.093378400000 -0.451515000000 0.386245000000 -0.900223101495 0.018387297797 -0.028307350442 0.434118611356
2.4 -0.093518200000 -0.451640000000 0.386527000000 -0.899932055891 0.016881035267 -0.028491460787 0.434770700588
2.5 -0.093583500000 -0.451863000000 0.386523000000 -0.899226100612 0.016293347675 -0.028114454994 0.436275743333
2.6 -0.093823000000 -0.452373000000 0.385940000000 -0.898743433332 0.016194257340 -0.028974952105 0.437216695956
2.7 -0.094362700000 -0.452897000000 0.385226000000 -0.898457556577 0.017167876609 -0.030815888385 0.437641021919
2.8 -0.094602400000 -0.453178000000 0.384845000000 -0.898170112341 0.017851450699 -0.031657603299 0.438143322622
2.9 -0.095167900000 -0.453091000000 0.384777000000 -0.898020404264 0.018735244347 -0.031830729386 0.438400671546
3.0 -0.094745000000 -0.452488000000 0.385802000000 -0.898379363133 0.019328919781 -0.031414240491 0.437668891117
3.1 -0.094739700000 -0.452686000000 0.385940000000 -0.898157609868 0.019133831755 -0.031924917780 0.438095427897
3.2 -0.094452600000 -0.453069000000 0.386242000000 -0.897770847417 0.018469542406 -0.031842514824 0.438921901688
3.3 -0.095205700000 -0.452809000000 0.387123000000 -0.897639320074 0.018062898673 -0.032421819866 0.439165354217
3.4 -0.095560200000 -0.453894000000 0.386656000000 -0.897229696135 0.016755898838 -0.033301247880 0.439987657914
3.5 -0.096174400000 -0.453691000000 0.387472000000 -0.897833886715 0.015087821217 -0.034146233535 0.438749021940
3.6 -0.096104800000 -0.452940000000 0.389316000000 -0.898210129191 0.012651454906 -0.034080116241 0.438060555385
3.7 -0.096525500000 -0.453572000000 0.389130000000 -0.897636438183 0.010268255124 -0.034754860126 0.439244223048
3.8 -0.096713300000 -0.453421000000 0.389996000000 -0.897675268506 0.008759206369 -0.034956005349 0.439181586940
3.9 -0.097314000000 -0.453240000000 0.390806000000 -0.897477900296 0.007832386155 -0.035158413254 0.439586121465
4.0 -0.098218500000 -0.452484000000 0.392324000000 -0.897338882508 0.007189089742 -0.034750898115 0.439913198265
4.1 -0.099221500000 -0.453000000000 0.392295000000 -0.896635986025 0.006600683521 -0.034985134196 0.441334770811
4.2 -0.100137000000 -0.453252000000 0.392285000000 -0.896528454085 0.006689020350 -0.035610836586 0.441501819181
4.3 -0.100649000000 -0.453152000000 0.392521000000 -0.896891722498 0.007192475364 -0.036163724342 0.440710439466
4.4 -0.101826000000 -0.453419000000 0.391927000000 -0.897078445346 0.008288186496 -0.037574419111 0.440192834890
4.5 -0.102485000000 -0.453376000000 0.391692000000 -0.897919938241 0.009285845585 -0.038638791139 0.438361268135
4.6 -0.103657000000 -0.453049000000 0.391409000000 -0.898832876648 0.010482113048 -0.039979061160 0.436338469346
4.7 -0.104481000000 -0.452133000000 0.391647000000 -0.899852714952 0.011706025816 -0.040635512369 0.434139166037
4.8 -0.105157000000 -0.451554000000 0.391665000000 -0.900533204717 0.012916161373 -0.040877757667 0.432668613265
4.9 -0.106327000000 -0.450490000000 0.392182000000 -0.901313624649 0.014613836100 -0.041572706085 0.430919825404
5.0 -0.107417000000 -0.449723000000 0.392404000000 -0.901804239168 0.016201766023 -0.042114363575 0.429782500082
5.1 -0.108645000000 -0.449479000000 0.392058000000 -0.901763346370 0.017351863696 -0.042862643502 0.429749431368
5.2 -0.109846000000 -0.448403000000 0.392722000000 -0.902180670906 0.018841612275 -0.043439944361 0.428751678626
5.3 -0.111225000000 -0.447630000000 0.392974000000 -0.902199173019 0.020065929490 -0.044235001134 0.428575868841
5.4 -0.111813000000 -0.447247000000 0.393262000000 -0.902026526802 0.021027614349 -0.044007503803 0.428916453392
5.5 -0.113425000000 -0.446307000000 0.393829000000 -0.902017958772 0.022306613458 -0.044113945622 0.428858924182
5.6 -0.115062000000 -0.446113000000 0.393757000000 -0.901485817355 0.023178520670 -0.043781318749 0.429964269928
5.7 -0.116551000000 -0.445411000000 0.394514000000 -0.901367181203 0.023455083117 -0.043442611998 0.430232266560
5.8 -0.118126000000 -0.445559000000 0.394324000000 -0.900751317035 0.023345419098 -0.043824242645 0.431487534029
5.9 -0.119502000000 -0.445558000000 0.394184000000 -0.900530865333 0.023645509543 -0.044314248987 0.431881115351
6.0 -0.121085000000 -0.445221000000 0.394381000000 -0.900562040369 0.024336877544 -0.044798848938 0.431727681497
6.1 -0.122373000000 -0.444993000000 0.394542000000 -0.900733537757 0.024931201377 -0.045291000548 0.431284424049
6.2 -0.123674000000 -0.444471000000 0.394785000000 -0.901028620250 0.026285222862 -0.045567674036 0.430557893474
6.3 -0.124443000000 -0.444522000000 0.394592000000 -0.900891799707 0.026932419334 -0.045585369041 0.430802256423
6.4 -0.125633000000 -0.443956000000 0.395003000000 -0.900974552729 0.028876685329 -0.045672400345 0.430493930533
6.5 -0.126013000000 -0.443162000000 0.395979000000 -0.900954129190 0.030374150172 -0.045224720319 0.430480885487
6.6 -0.127275000000 -0.442973000000 0.396035000000 -0.900462840986 0.032155867780 -0.045241461970 0.431376728963
6.7 -0.128358000000 -0.443253000000 0.395593000000 -0.900111322356 0.033647107353 -0.045646661244 0.431953541311
6.8 -0.129107000000 -0.442956000000 0.395812000000 -0.900350323166 0.035467158916 -0.046251390529 0.431244924708
6.9 -0.129853000000 -0.442646000000 0.395844000000 -0.900583431180 0.037633539664 -0.047120082090 0.430479846264
7.0 -0.130690000000 -0.442159000000 0.395952000000 -0.900729498053 0.039733813931 -0.048024877110 0.429885108541
7.1 -0.131741000000 -0.442112000000 0.395399000000 -0.900390463788 0.041814112664 -0.048985729245 0.430289427052
7.2 -0.132488000000 -0.441306000000 0.395796000000 -0.900690529656 0.044019556423 -0.049137131497 0.429423323480
7.3 -0.133489000000 -0.441136000000 0.395350000000 -0.900362593774 0.045522393511 -0.049489813487 0.429913560826
7.4 -0.134121000000 -0.440630000000 0.395505000000 -0.900476137277 0.047093670867 -0.049458123078 0.429509960794
7.5 -0.134968000000 -0.440865000000 0.394688000000 -0.900292789454 0.048825042812 -0.050004139741 0.429637747947
7.6 -0.135575000000 -0.440660000000 0.394314000000 -0.900754848862 0.050293723781 -0.051154405653 0.428362545495
7.7 -0.136388000000 -0.440059000000 0.394446000000 -0.901391417927 0.052231216328 -0.052106683934 0.426673534705
7.8 -0.136604000000 -0.439549000000 0.394689000000 -0.901716724935 0.053993439522 -0.052172470300 0.425757783022
7.9 -0.138508000000 -0.439421000000 0.393425000000 -0.900913231814 0.059568778041 -0.052824602600 0.426633883775
8.0 -0.138930000000 -0.439530000000 0.392535000000 -0.900723712555 0.062043203274 -0.053067043130 0.426651290286
8.1 -0.139494000000 -0.439205000000 0.392047000000 -0.900674891918 0.065422124727 -0.053459476877 0.426200385965
8.2 -0.139627000000 -0.439419000000 0.391135000000 -0.900174295042 0.068900939071 -0.053378250438 0.426719652138
8.3 -0.139955000000 -0.439009000000 0.390867000000 -0.899858589169 0.072254407940 -0.053668086669 0.426794513208
8.4 -0.142051000000 -0.439456000000 0.389430000000 -0.899546303611 0.077094790324 -0.055048214038 0.426429988504
8.5 -0.142966000000 -0.439742000000 0.389604000000 -0.899464988196 0.079753699294 -0.055148483240 0.426099433529
8.6 -0.143489000000 -0.439929000000 0.389898000000 -0.899126049402 0.080859386114 -0.055500095169 0.426560483871
8.7 -0.144078000000 -0.441009000000 0.389330000000 -0.898782970981 0.081579757142 -0.056429023592 0.427024214297
8.8 -0.144770000000 -0.441254000000 0.389221000000 -0.899147376726 0.082833414187 -0.057710671562 0.425842809977
8.9 -0.145465000000 -0.441476000000 0.388721000000 -0.899076650860 0.084444088473 -0.058937176439 0.425507674470
9.0 -0.144957000000 -0.440824000000 0.389334000000 -0.899438906238 0.085746956665 -0.059351700622 0.424422535925
9.1 -0.145413000000 -0.440299000000 0.389372000000 -0.899477898662 0.086983186007 -0.060571924007 0.423915648676
9.2 -0.145053000000 -0.439346000000 0.390127000000 -0.899453177353 0.088141066857 -0.060621498258 0.423721805000
9.3 -0.146303000000 -0.439906000000 0.388325000000 -0.898298311497 0.089848776461 -0.062418120466 0.425548257155
9.4 -0.147322000000 -0.437787000000 0.388757000000 -0.899683535509 0.093787678206 -0.063875274555 0.421536898327
9.5 -0.147706000000 -0.437095000000 0.389034000000 -0.899953259711 0.095105796810 -0.063299396161 0.420751950911
9.6 -0.148631000000 -0.435817000000 0.390002000000 -0.900164413491 0.096482083183 -0.062788972621 0.420062830093
9.7 -0.148976000000 -0.435823000000 0.389741000000 -0.899865453695 0.097079553664 -0.062260453573 0.420643984180
9.8 -0.150115000000 -0.435836000000 0.389320000000 -0.899377077464 0.097890225664 -0.062734663903 0.421429398828
9.9 -0.150757000000 -0.434873000000 0.390129000000 -0.899545236635 0.099248670646 -0.062991069634 0.420713909644
10.0 -0.151877000000 -0.435158000000 0.389506000000 -0.898985806145 0.099982657761 -0.063521310686 0.421655109759
10.1 -0.152800000000 -0.434532000000 0.389765000000 -0.898832393537 0.100860542561 -0.063685669152 0.421748283727
10.2 -0.153788000000 -0.434451000000 0.389275000000 -0.898736121589 0.100746766675 -0.064305607416 0.421886550640
10.3 -0.155181000000 -0.433820000000 0.389201000000 -0.898732300955 0.101372518319 -0.064599626229 0.421699836424
10.4 -0.155880000000 -0.432805000000 0.389859000000 -0.899075112561 0.101249089991 -0.064175655169 0.421062998889
10.5 -0.156646000000 -0.431934000000 0.390320000000 -0.899086721440 0.101420984122 -0.063486704506 0.421101281951
10.6 -0.157592000000 -0.431169000000 0.390408000000 -0.898875320252 0.101644175555 -0.063333442317 0.421521642743
10.7 -0.158420000000 -0.430931000000 0.389931000000 -0.898668094162 0.101634576788 -0.063434571102 0.421950381591
10.8 -0.159026000000 -0.430949000000 0.389127000000 -0.898330743666 0.101533359211 -0.063544177888 0.422675986317
10.9 -0.160193000000 -0.429938000000 0.389092000000 -0.898439660087 0.102661542530 -0.064257413655 0.422063703318
11.0 -0.161032000000 -0.428818000000 0.389259000000 -0.898587093605 0.103814284604 -0.064982427119 0.421356278801
11.1 -0.161973000000 -0.428384000000 0.388394000000 -0.898156905157 0.104604792552 -0.066252189615 0.421879910003
11.2 -0.163070000000 -0.427566000000 0.387922000000 -0.898046695571 0.106072966877 -0.067454441531 0.421557299295
11.3 -0.163728000000 -0.426372000000 0.388074000000 -0.898355201275 0.107160809179 -0.068587768800 0.420440496727
11.4 -0.165544000000 -0.425892000000 0.386775000000 -0.897715787221 0.108993087461 -0.070294642855 0.421052889130
11.5 -0.165751000000 -0.424835000000 0.386971000000 -0.898098681464 0.110254626290 -0.070455859231 0.419879325085
11.6 -0.166793000000 -0.424087000000 0.386439000000 -0.897980071993 0.111664532409 -0.071164260569 0.419640882808
11.7 -0.167616000000 -0.423275000000 0.386151000000 -0.897841836218 0.112910158108 -0.071406455293 0.419562214069
11.8 -0.168879000000 -0.422935000000 0.385227000000 -0.897421723798 0.113718259600 -0.071806822049 0.420173996573
11.9 -0.169192000000 -0.421746000000 0.385625000000 -0.897498976507 0.113901235173 -0.071629320593 0.419989685858
12.0 -0.170255000000 -0.421167000000 0.385003000000 -0.896891823076 0.114670975784 -0.072145810292 0.420987656671
12.1 -0.171562000000 -0.420990000000 0.383804000000 -0.896152989805 0.115782680574 -0.073133133178 0.422084985013
12.2 -0.172355000000 -0.420155000000 0.383625000000 -0.895859646293 0.116824429082 -0.073830867418 0.422299123762
12.3 -0.173189000000 -0.419743000000 0.383078000000 -0.894942159526 0.117985397031 -0.074442605551 0.423811603980
12.4 -0.174511000000 -0.420153000000 0.381286000000 -0.893595348216 0.118450399753 -0.075404801663 0.426346071086
12.5 -0.175230000000 -0.419267000000 0.381287000000 -0.893347776022 0.119380145031 -0.075400882653 0.426606187184
12.6 -0.176072000000 -0.419296000000 0.380408000000 -0.892649728287 0.119607656967 -0.075580690548 0.427969660374
12.7 -0.177271000000 -0.419232000000 0.379395000000 -0.891976917510 0.119770787214 -0.076104065161 0.429232231344
12.8 -0.178000000000 -0.419023000000 0.378836000000 -0.891567295554 0.120115205236 -0.076074261874 0.429991629745
12.9 -0.178433000000 -0.418322000000 0.378993000000 -0.891178114186 0.120841771997 -0.075581661975 0.430681143435
13.0 -0.178821000000 -0.418179000000 0.378594000000 -0.890132306571 0.121606558435 -0.075078829338 0.432711787602
13.1 -0.180246000000 -0.419008000000 0.376715000000 -0.888322009100 0.121762370456 -0.075652583974 0.436273560770
13.2 -0.181213000000 -0.419589000000 0.375459000000 -0.887377460405 0.121847018392 -0.075922710602 0.438121317546
13.3 -0.181505000000 -0.419598000000 0.375193000000 -0.886906341852 0.121668183911 -0.075715737750 0.439159561962
13.4 -0.182585000000 -0.419682000000 0.374499000000 -0.886098025964 0.121551396499 -0.076310673325 0.440717854788
13.5 -0.183723000000 -0.420336000000 0.373174000000 -0.885251254321 0.121334493988 -0.076688854309 0.442410416827
13.6 -0.184627000000 -0.420434000000 0.372578000000 -0.884800851670 0.121754474030 -0.076189537213 0.443281462907
13.7 -0.185465000000 -0.420793000000 0.371713000000 -0.884280319556 0.121216325012 -0.075724065769 0.444545593679
13.8 -0.186636000000 -0.421203000000 0.370601000000 -0.883565470044 0.121161610218 -0.075341461594 0.446044379540
13.9 -0.187553000000 -0.420958000000 0.370301000000 -0.883263748309 0.121407619008 -0.074697287296 0.446682948231
14.0 -0.189572000000 -0.421433000000 0.367361000000 -0.882006079786 0.123487843110 -0.075532048227 0.448453941353
14.1 -0.190163000000 -0.421066000000 0.366460000000 -0.881974936154 0.124631736102 -0.075609579977 0.448185601920
14.2 -0.190841000000 -0.420564000000 0.365708000000 -0.881805169940 0.125679381364 -0.075140374183 0.448305988734
14.3 -0.192023000000 -0.420103000000 0.364679000000 -0.881260797420 0.126378289934 -0.075010039226 0.449200877981
14.4 -0.192644000000 -0.419071000000 0.364686000000 -0.880950162943 0.127493880533 -0.074432605796 0.449590822896
14.5 -0.193852000000 -0.418916000000 0.363323000000 -0.879409329099 0.128557898256 -0.074911659121 0.452217140340
14.6 -0.195411000000 -0.419212000000 0.361369000000 -0.877723927018 0.129039126060 -0.076269797727 0.455118149320
14.7 -0.196634000000 -0.419023000000 0.360234000000 -0.876775501267 0.129756985435 -0.077510159716 0.456530415470
14.8 -0.197668000000 -0.419250000000 0.358696000000 -0.875668328460 0.130481242471 -0.078214647552 0.458325313291
14.9 -0.198622000000 -0.418954000000 0.357984000000 -0.875209306970 0.131216658923 -0.078661848603 0.458915211110
15.0 -0.199581000000 -0.418921000000 0.356946000000 -0.874629942865 0.131610868554 -0.079129354369 0.459825605636
15.1 -0.200313000000 -0.418528000000 0.356500000000 -0.874354418076 0.131849275238 -0.079116504609 0.460283281152
15.2 -0.201363000000 -0.419383000000 0.354178000000 -0.872736757675 0.131831853827 -0.079536976707 0.463276141686
15.3 -0.202319000000 -0.418876000000 0.353651000000 -0.871926268770 0.132383887953 -0.079910140655 0.464578795749
15.4 -0.203370000000 -0.418033000000 0.353357000000 -0.871658849847 0.132135654020 -0.080661218118 0.465021275117
15.5 -0.204068000000 -0.418372000000 0.351758000000 -0.870664717751 0.132229139139 -0.081040529497 0.466787785407
15.6 -0.204849000000 -0.417861000000 0.350948000000 -0.869976533808 0.132870830972 -0.081713055324 0.467770402537
15.7 -0.205923000000 -0.418197000000 0.348762000000 -0.868629208395 0.133552961989 -0.082497143614 0.469937363871
15.8 -0.206341000000 -0.417605000000 0.347920000000 -0.868294535054 0.134501213099 -0.082843888332 0.470224323314
15.9 -0.207171000000 -0.417691000000 0.345949000000 -0.867506089295 0.134878564660 -0.083491494435 0.471455330003
16.0 -0.207937000000 -0.416591000000 0.345401000000 -0.867631831391 0.135361896274 -0.084081428306 0.470980334630
16.1 -0.208910000000 -0.415196000000 0.345061000000 -0.867217790236 0.136869302401 -0.084144452500 0.471295883148
16.2 -0.210104000000 -0.415679000000 0.342442000000 -0.865123693873 0.137087292584 -0.084400426494 0.475020669571
16.3 -0.211688000000 -0.415626000000 0.340367000000 -0.863601599896 0.137688239970 -0.084931764558 0.477515256928
16.4 -0.212227000000 -0.415650000000 0.338915000000 -0.862547853727 0.137933486250 -0.084770518485 0.479374084195
16.5 -0.213018000000 -0.415264000000 0.338124000000 -0.861469950401 0.138540877878 -0.084894647292 0.481112095643
16.6 -0.213786000000 -0.415283000000 0.336779000000 -0.860566889738 0.138842824227 -0.085384494131 0.482552366702
16.7 -0.202440000000 -0.420844000000 0.333577000000 -0.859073825628 0.140977676358 -0.072668494630 0.486658758041
16.8 -0.214439000000 -0.415074000000 0.334678000000 -0.859854218561 0.140131955399 -0.087059784620 0.483150444272
16.9 -0.214711000000 -0.415640000000 0.332573000000 -0.859281247858 0.140734687312 -0.088346813357 0.483760607570
17.0 -0.214937000000 -0.415539000000 0.331502000000 -0.859263042459 0.141691769765 -0.088949675501 0.483402959727
17.1 -0.214998000000 -0.414740000000 0.331606000000 -0.859473926836 0.142866507247 -0.088913544500 0.482688421035
17.2 -0.215481000000 -0.414620000000 0.330605000000 -0.858514635131 0.143613188805 -0.089404518506 0.484081300339
17.3 -0.216320000000 -0.414614000000 0.329452000000 -0.857423611401 0.143955968216 -0.090411166924 0.485723430280
17.4 -0.217056000000 -0.415000000000 0.327944000000 -0.855923818999 0.144699788180 -0.091282654086 0.487979368862
17.5 -0.217965000000 -0.415082000000 0.326757000000 -0.855225654962 0.144945580387 -0.092676715055 0.488866939266
17.6 -0.218965000000 -0.415532000000 0.325135000000 -0.854440747809 0.144457917453 -0.094356209663 0.490061041368
17.7 -0.219636000000 -0.416190000000 0.323310000000 -0.853541087474 0.144730699292 -0.094783359776 0.491463886147
17.8 -0.209287000000 -0.420976000000 0.321222000000 -0.852774323343 0.147013106721 -0.081854673809 0.494431908632
17.9 -0.220834000000 -0.416128000000 0.321691000000 -0.853110605340 0.144909411697 -0.094735498384 0.492167393073
18.0 -0.221712000000 -0.416180000000 0.320503000000 -0.852707417043 0.145211605664 -0.094756628092 0.492772596573
18.1 -0.221928000000 -0.415673000000 0.320567000000 -0.853426083864 0.145135629140 -0.094523294660 0.491594258817
18.2 -0.222148000000 -0.416246000000 0.319182000000 -0.852810737534 0.145280404361 -0.094137036626 0.492692265405
18.3 -0.222453000000 -0.416215000000 0.318631000000 -0.852385589746 0.145412771550 -0.094298941750 0.493357519298
18.4 -0.223219000000 -0.416588000000 0.317179000000 -0.851336563374 0.146058292409 -0.094360930323 0.494963681404
18.5 -0.223909000000 -0.416380000000 0.316580000000 -0.851010421836 0.145945961300 -0.094890320482 0.495456219444
18.6 -0.223888000000 -0.416696000000 0.315413000000 -0.850537225071 0.145842190806 -0.094943988609 0.496288346808
18.7 -0.223991000000 -0.416940000000 0.314066000000 -0.850234222346 0.145511753585 -0.094839324357 0.496924138351
18.8 -0.223535000000 -0.416252000000 0.314241000000 -0.851431306157 0.145663952564 -0.093725524321 0.495037644943
18.9 -0.222128000000 -0.412902000000 0.318835000000 -0.855162213310 0.145976027385 -0.092019496580 0.488795458862
19.0 -0.223722000000 -0.416681000000 0.311764000000 -0.851146367863 0.145728542841 -0.093112510629 0.495623962938
19.1 -0.223451000000 -0.417130000000 0.310621000000 -0.850220586620 0.146589885371 -0.093262479763 0.496929038659
19.2 -0.224273000000 -0.417341000000 0.309174000000 -0.849084656867 0.146927632842 -0.094664349405 0.498503938933
19.3 -0.224076000000 -0.418020000000 0.307868000000 -0.847985742399 0.147620113425 -0.094045958317 0.500283760006
19.4 -0.224641000000 -0.418519000000 0.306573000000 -0.847221096901 0.147100398529 -0.094416781282 0.501660599541
19.5 -0.224650000000 -0.418046000000 0.306774000000 -0.847502427977 0.146940406409 -0.094102453047 0.501291212639
19.6 -0.225213000000 -0.418698000000 0.304659000000 -0.846918534169 0.146413776878 -0.095155155797 0.502232514626
19.7 -0.225559000000 -0.419347000000 0.302644000000 -0.846368333513 0.146923937739 -0.095844701504 0.502879502207
19.8 -0.225845000000 -0.419314000000 0.301617000000 -0.846112696319 0.146859021766 -0.096595574757 0.503184884303
19.9 -0.225255000000 -0.417582000000 0.303819000000 -0.847759142246 0.146732602777 -0.096204289792 0.500518445860
20.0 -0.225591000000 -0.417125000000 0.303720000000 -0.848640440970 0.146403030985 -0.096472682697 0.499067706790
20.1 -0.226596000000 -0.419331000000 0.299528000000 -0.847110065572 0.146128616109 -0.096694548381 0.501698244640
20.2 -0.226935000000 -0.419400000000 0.299387000000 -0.847882733368 0.145454935234 -0.096597405260 0.500606305962
20.3 -0.227443000000 -0.420932000000 0.296974000000 -0.847235594607 0.145209897217 -0.096206683381 0.501846796397
20.4 -0.227131000000 -0.419318000000 0.299934000000 -0.850030518304 0.145412420880 -0.094760288169 0.497316633134
20.5 -0.227752000000 -0.420445000000 0.298280000000 -0.849744910117 0.145042342010 -0.093952371862 0.498065516349
20.6 -0.228458000000 -0.420974000000 0.297534000000 -0.849741783940 0.144865750169 -0.093191548813 0.498265140547
20.7 -0.224933000000 -0.419723000000 0.301796000000 -0.852237825165 0.149693525652 -0.085492815113 0.493936753340
20.8 -0.228729000000 -0.421673000000 0.297691000000 -0.850505288767 0.144515365270 -0.091108759837 0.497448747974
20.9 -0.229223000000 -0.422948000000 0.296237000000 -0.850107589988 0.143606172164 -0.090727464660 0.498460509888
21.0 -0.230061000000 -0.425092000000 0.293512000000 -0.848819678909 0.141979441148 -0.090692791300 0.501120552955
21.1 -0.229358000000 -0.424335000000 0.296511000000 -0.850355838424 0.141900708226 -0.088744289959 0.498882338896
21.2 -0.230208000000 -0.425711000000 0.295228000000 -0.849456306613 0.140976668879 -0.089146708993 0.500602063782
21.3 -0.229497000000 -0.427349000000 0.294715000000 -0.849038957468 0.139813424699 -0.088291450258 0.501786483264
21.4 -0.230513000000 -0.429798000000 0.291603000000 -0.847301641303 0.138607354820 -0.089811008114 0.504779073117
21.5 -0.229796000000 -0.430213000000 0.292744000000 -0.848027689161 0.139070572629 -0.089345265900 0.503513493073
21.6 -0.229174000000 -0.431366000000 0.292537000000 -0.848402203060 0.139214689817 -0.089312136741 0.502848201958
21.7 -0.229123000000 -0.432465000000 0.292066000000 -0.848483313158 0.138544724185 -0.090732668118 0.502642029310
21.8 -0.228930000000 -0.434133000000 0.290556000000 -0.847686630778 0.138545603250 -0.091582857171 0.503830400128
21.9 -0.228660000000 -0.434648000000 0.290864000000 -0.847769762584 0.138912373772 -0.092212789737 0.503474511242
22.0 -0.227934000000 -0.434489000000 0.292209000000 -0.848412602314 0.139901887989 -0.091812993076 0.502189100115
22.1 -0.227875000000 -0.436516000000 0.289645000000 -0.847131358239 0.139586874693 -0.092389891211 0.504329331195
22.2 -0.227910000000 -0.436821000000 0.288685000000 -0.846847532612 0.140646951372 -0.092493103452 0.504492534526
22.3 -0.227069000000 -0.436885000000 0.289075000000 -0.847341719427 0.141486673845 -0.091938425133 0.503528407963
22.4 -0.227288000000 -0.437403000000 0.287434000000 -0.845867737282 0.143280300206 -0.091061779363 0.505654307741
22.5 -0.227264000000 -0.438804000000 0.284433000000 -0.843977613652 0.143733287207 -0.090417082283 0.508790016641
22.6 -0.227456000000 -0.437853000000 0.285058000000 -0.844272679009 0.144567343791 -0.090531977191 0.508043194713
22.7 -0.227227000000 -0.438003000000 0.284017000000 -0.843496227774 0.145834416679 -0.090283166472 0.509014131921
22.8 -0.227779000000 -0.438052000000 0.282564000000 -0.842284926160 0.146511551559 -0.091803619096 0.510551235376
22.9 -0.228203000000 -0.438402000000 0.280690000000 -0.841209581995 0.147373760341 -0.092717253841 0.511909098144
23.0 -0.228330000000 -0.437972000000 0.280157000000 -0.841436466367 0.148116329814 -0.092933090312 0.511282374657
23.1 -0.228915000000 -0.438438000000 0.277965000000 -0.840384489998 0.148612959610 -0.093013079692 0.512851503082
23.2 -0.231627000000 -0.438447000000 0.271943000000 -0.837678126722 0.149583156940 -0.093724127750 0.516852032064
23.3 -0.231590000000 -0.436370000000 0.274488000000 -0.839754440860 0.149928404095 -0.093129418405 0.513479175944
23.4 -0.232195000000 -0.436057000000 0.273779000000 -0.839952484445 0.149827135925 -0.093235566718 0.513165453157
23.5 -0.232898000000 -0.435567000000 0.273540000000 -0.840744416554 0.149154030638 -0.093779972595 0.511964078738
23.6 -0.233573000000 -0.436429000000 0.271340000000 -0.840169383575 0.148442039821 -0.093833468275 0.513103934839
23.7 -0.234743000000 -0.436951000000 0.269628000000 -0.840070194683 0.148430624805 -0.093570917882 0.513317543974
23.8 -0.235846000000 -0.437849000000 0.270783000000 -0.842458271011 0.146172554845 -0.093897256620 0.509981324181
23.9 -0.235923000000 -0.438190000000 0.272112000000 -0.843723455058 0.145886557851 -0.093742636765 0.507996222108
24.0 -0.235487000000 -0.438934000000 0.273501000000 -0.844375513438 0.146723467721 -0.092388058357 0.506918793299
24.1 -0.236048000000 -0.440501000000 0.272924000000 -0.844145638592 0.146591708260 -0.093068205724 0.507215261008
24.2 -0.236436000000 -0.441959000000 0.272604000000 -0.844187682610 0.146151116566 -0.094122382148 0.507077888332
24.3 -0.235809000000 -0.442892000000 0.273922000000 -0.844868888821 0.146561727041 -0.093902492872 0.505864154395
24.4 -0.234540000000 -0.444722000000 0.276238000000 -0.845450499072 0.146554742562 -0.094242234536 0.504830231149
24.5 -0.233575000000 -0.444988000000 0.278659000000 -0.846531289981 0.146997209883 -0.094081741602 0.502916714045
24.6 -0.232879000000 -0.446921000000 0.278134000000 -0.845811799069 0.147792754712 -0.093792988297 0.503946998757
24.7 -0.230989000000 -0.451664000000 0.279087000000 -0.847196849127 0.147952909353 -0.093717200731 0.501582018946
24.8 -0.229410000000 -0.453264000000 0.280093000000 -0.847786022676 0.148769340847 -0.092032358536 0.500656157420
24.9 -0.227469000000 -0.455794000000 0.281962000000 -0.848931071015 0.149309630367 -0.090630068680 0.498807439395
25.0 -0.224595000000 -0.458373000000 0.283876000000 -0.850233297709 0.149743610389 -0.087421461244 0.497028851003
25.1 -0.221475000000 -0.460998000000 0.285202000000 -0.851621949680 0.150171699550 -0.084955734338 0.494945490616
25.2 -0.219805000000 -0.462087000000 0.286028000000 -0.852305519370 0.150092310628 -0.084240111058 0.493914166259
25.3 -0.218264000000 -0.463353000000 0.286720000000 -0.852659346765 0.150552592590 -0.083249517910 0.493330997412
25.4 -0.214603000000 -0.466306000000 0.287266000000 -0.853222804162 0.150531057210 -0.081539840772 0.492648456448
25.5 -0.211169000000 -0.468562000000 0.289069000000 -0.854395906608 0.148776810345 -0.081708827138 0.491117870825
25.6 -0.207229000000 -0.470233000000 0.292141000000 -0.855490150423 0.150128773092 -0.079683572427 0.489130332635
25.7 -0.204117000000 -0.472920000000 0.292672000000 -0.856218467047 0.149247602660 -0.079436077900 0.488164930444
25.8 -0.202463000000 -0.473458000000 0.294065000000 -0.857579092348 0.148780192038 -0.079123699885 0.485965014112
25.9 -0.200363000000 -0.473629000000 0.296250000000 -0.859053199762 0.149102800167 -0.077731281623 0.483480922910
26.0 -0.198995000000 -0.474420000000 0.296567000000 -0.859581692905 0.149059638455 -0.077037713823 0.482665233940
26.1 -0.197126000000 -0.475101000000 0.297281000000 -0.860324395065 0.148267929636 -0.076397176428 0.481686648903
26.2 -0.195285000000 -0.475521000000 0.298296000000 -0.861456428506 0.146971033712 -0.076217787514 0.480086644161
26.3 -0.194291000000 -0.476565000000 0.297633000000 -0.861592392253 0.146099858106 -0.076589919113 0.480049336386
26.4 -0.192202000000 -0.477095000000 0.298408000000 -0.862703755866 0.145052345661 -0.075675559000 0.478513590614
26.5 -0.190654000000 -0.476239000000 0.301086000000 -0.864991553423 0.144104639861 -0.075228341562 0.474725354182
26.6 -0.189359000000 -0.477156000000 0.301071000000 -0.865983434373 0.142806644359 -0.075456324149 0.473270849371
26.7 -0.187893000000 -0.476502000000 0.303349000000 -0.868186713017 0.142507657686 -0.075417874842 0.469313906671
26.8 -0.187081000000 -0.477896000000 0.301841000000 -0.868501585339 0.141410790478 -0.076227228020 0.468932185192
26.9 -0.183947000000 -0.476952000000 0.306181000000 -0.872063556425 0.140892561394 -0.074284910898 0.462748518866
27.0 -0.183155000000 -0.479803000000 0.302829000000 -0.870489150386 0.138492311178 -0.074478314323 0.466392001969
27.1 -0.181311000000 -0.478690000000 0.306432000000 -0.872063590000 0.138928771512 -0.072550885557 0.463616501483
27.2 -0.178996000000 -0.480556000000 0.306151000000 -0.871368633806 0.138866551332 -0.070976065182 0.465182956601
27.3 -0.176704000000 -0.480261000000 0.308264000000 -0.872719697113 0.138326814051 -0.069808673694 0.462982474681
27.4 -0.174477000000 -0.478859000000 0.312109000000 -0.875128396517 0.138341349897 -0.068207591329 0.458649850106
27.5 -0.173831000000 -0.479357000000 0.312173000000 -0.875269424880 0.138617658745 -0.067988684902 0.458329703685
27.6 -0.172865000000 -0.481078000000 0.310500000000 -0.874462218911 0.137888729360 -0.067758605757 0.460120959487
27.7 -0.173899000000 -0.480700000000 0.311276000000 -0.874422799401 0.138674889775 -0.068227102277 0.459890318824
27.8 -0.168991000000 -0.481370000000 0.313119000000 -0.875470325877 0.135836474744 -0.065167436247 0.459187724021
27.9 -0.167791000000 -0.481364000000 0.314282000000 -0.875832360426 0.135318981105 -0.064785431409 0.458703932466
28.0 -0.166365000000 -0.483030000000 0.312935000000 -0.875097420653 0.134149656081 -0.064695489156 0.460459409527
28.1 -0.164446000000 -0.482583000000 0.315278000000 -0.876707127674 0.132671087080 -0.064396838363 0.457860286711
28.2 -0.162694000000 -0.483156000000 0.316204000000 -0.877219579675 0.131056399218 -0.063778633063 0.457430120590
28.3 -0.161182000000 -0.483814000000 0.316819000000 -0.877468709115 0.129308643784 -0.063603458921 0.457474085802
28.4 -0.159706000000 -0.484016000000 0.318358000000 -0.878137874037 0.127682616023 -0.063216124925 0.456699841578
28.5 -0.158055000000 -0.484587000000 0.319643000000 -0.878595561365 0.126461480388 -0.062010974221 0.456324415964
28.6 -0.156308000000 -0.486292000000 0.319469000000 -0.878442011378 0.124145396479 -0.061320926180 0.457348113796
28.7 -0.154162000000 -0.486025000000 0.322569000000 -0.879664185297 0.123927376654 -0.059160370716 0.455338310443
28.8 -0.151697000000 -0.485446000000 0.326444000000 -0.881341424038 0.122259612441 -0.057966379808 0.452691705525
28.9 -0.150652000000 -0.487805000000 0.325017000000 -0.880084485243 0.121506773532 -0.057720299656 0.455363338257
29.0 -0.148286000000 -0.488284000000 0.327356000000 -0.880458150368 0.120635213439 -0.056124541370 0.455072111412
29.1 -0.145610000000 -0.489126000000 0.329282000000 -0.880712179703 0.118789689722 -0.054489074429 0.455264765720
29.2 -0.143181000000 -0.489750000000 0.331413000000 -0.881324009260 0.116333568519 -0.053792026571 0.454797657662
29.3 -0.137788000000 -0.492966000000 0.332759000000 -0.880646206303 0.112410301362 -0.052001467666 0.457298623257
29.4 -0.135996000000 -0.494331000000 0.333313000000 -0.880654667461 0.110415905800 -0.052516618230 0.457709175388
29.5 -0.133263000000 -0.494198000000 0.336368000000 -0.881766298049 0.109200159201 -0.051805082874 0.455938322852
29.6 -0.130686000000 -0.495387000000 0.337299000000 -0.881688231546 0.107103097185 -0.051324700710 0.456640519472
29.7 -0.127904000000 -0.495795000000 0.339352000000 -0.881945077602 0.106209274565 -0.050054864672 0.456494228455
29.8 -0.125657000000 -0.497757000000 0.338763000000 -0.881001229763 0.104517711768 -0.049761686117 0.458733752494
29.9 -0.123242000000 -0.498294000000 0.340460000000 -0.881158400877 0.104033228783 -0.048614558596 0.458665002552
30.0 -0.120551000000 -0.499053000000 0.341909000000 -0.880998759871 0.103002416659 -0.047124989082 0.459359252298
30.1 -0.117411000000 -0.501842000000 0.342431000000 -0.881454517952 0.099758770110 -0.045820244277 0.459332805037
30.2 -0.114187000000 -0.502450000000 0.344402000000 -0.882792552118 0.097271653859 -0.043581220181 0.457510887880
30.3 -0.111647000000 -0.503330000000 0.345683000000 -0.883172838362 0.095503452336 -0.041396944366 0.457352294374
30.4 -0.109807000000 -0.503910000000 0.346986000000 -0.883970759021 0.093302025052 -0.039757557886 0.456409647037
30.5 -0.107545000000 -0.504705000000 0.347850000000 -0.884835416045 0.090231175699 -0.038056884206 0.455495658606
30.6 -0.105452000000 -0.505327000000 0.348884000000 -0.885938160298 0.088057420919 -0.036006701757 0.453941608775
30.7 -0.103831000000 -0.506601000000 0.348585000000 -0.886810031365 0.084467132461 -0.035080704307 0.452992953576
30.8 -0.101440000000 -0.506600000000 0.350183000000 -0.888295952405 0.082538889711 -0.033302518974 0.450564728820
30.9 -0.098945600000 -0.506193000000 0.352108000000 -0.889706673557 0.080566406213 -0.032039568398 0.448223778124
31.0 -0.097570500000 -0.507165000000 0.351671000000 -0.890114613072 0.078390192700 -0.032199653198 0.447788047650
31.1 -0.095218900000 -0.507101000000 0.353059000000 -0.890681718184 0.077864258460 -0.030384032673 0.446878109450
31.2 -0.091229800000 -0.507942000000 0.353959000000 -0.890321490503 0.075448576570 -0.028475708042 0.448134232004
31.3 -0.083319400000 -0.509162000000 0.356514000000 -0.891166886889 0.069954638941 -0.024971779711 0.447553726855
31.4 -0.073232100000 -0.511747000000 0.357751000000 -0.891765706782 0.063212507033 -0.021999486076 0.447519972488
31.5 -0.070762100000 -0.511544000000 0.359294000000 -0.892351908048 0.062274739271 -0.021020808823 0.446528895648
31.6 -0.069340000000 -0.512698000000 0.358437000000 -0.891730065018 0.062130092215 -0.021517367058 0.447765949687
31.7 -0.066112400000 -0.512429000000 0.360043000000 -0.892247490816 0.062079394807 -0.020309966902 0.446797570625
31.8 -0.065388300000 -0.512945000000 0.359990000000 -0.891770700307 0.062714574181 -0.021095950533 0.447623570795
31.9 -0.063546200000 -0.512650000000 0.361186000000 -0.892112582126 0.063753837881 -0.020389118279 0.446827564978
32.0 -0.059354800000 -0.514464000000 0.360908000000 -0.892092575502 0.060922720081 -0.018858159248 0.447329440951
32.1 -0.056908000000 -0.515675000000 0.360372000000 -0.892063948055 0.058962535621 -0.018064522862 0.447681812215
32.2 -0.056224000000 -0.516179000000 0.360068000000 -0.891869129709 0.058949474142 -0.017717289565 0.448085385413
32.3 -0.053492000000 -0.516849000000 0.360113000000 -0.892106013980 0.057234238495 -0.016216819019 0.447892974433
32.4 -0.053046300000 -0.516897000000 0.360573000000 -0.892552155798 0.055875581781 -0.016425742538 0.447167489341
32.5 -0.051781800000 -0.517063000000 0.361071000000 -0.893007212466 0.054355501909 -0.015645328023 0.446473763626
32.6 -0.047705000000 -0.516776000000 0.363308000000 -0.893342667760 0.052211883177 -0.012726175211 0.446151142192
32.7 -0.046484300000 -0.518370000000 0.362048000000 -0.892046069419 0.050485882884 -0.012706192422 0.448936006951
32.8 -0.045655000000 -0.518795000000 0.362258000000 -0.891671675200 0.049539219118 -0.012983739254 0.449776513315
32.9 -0.044568200000 -0.519584000000 0.361970000000 -0.891039275357 0.048576283792 -0.012838367727 0.451136931250
33.0 -0.039906700000 -0.520973000000 0.361939000000 -0.891107529801 0.044207761434 -0.012723823949 0.451454481056
33.1 -0.037718900000 -0.521312000000 0.362296000000 -0.891251201859 0.042346510309 -0.012764893728 0.451348120344
33.2 -0.033125000000 -0.522341000000 0.362391000000 -0.890569919787 0.037050794664 -0.010770765659 0.453206848131
33.3 -0.031846200000 -0.522469000000 0.362413000000 -0.890216986604 0.035910011212 -0.009743010962 0.454014605044
33.4 -0.029653100000 -0.521956000000 0.363538000000 -0.890232142395 0.033850313632 -0.007997661598 0.454177197053
33.5 -0.027964300000 -0.522357000000 0.363433000000 -0.888673807013 0.029830920357 -0.005908019948 0.457530410159
33.6 -0.025962000000 -0.522793000000 0.363484000000 -0.887366443856 0.026117637855 -0.003552681948 0.460310809955
33.7 -0.024790400000 -0.523264000000 0.363156000000 -0.886826265261 0.024311810027 -0.002504758028 0.461456213876
33.8 -0.023292600000 -0.522663000000 0.364055000000 -0.887093777023 0.022601221482 -0.000818285677 0.461034864151
33.9 -0.021294400000 -0.522316000000 0.364783000000 -0.887103963490 0.020064733488 0.001235203166 0.461131693449
34.0 -0.019425600000 -0.520903000000 0.366711000000 -0.887361891664 0.018201313434 0.004003515475 0.460696817089
34.1 -0.018708600000 -0.520891000000 0.366638000000 -0.886351875281 0.016303769303 0.006546927283 0.462678806555
34.2 -0.016591400000 -0.521124000000 0.366122000000 -0.885786029133 0.013258735232 0.009158751924 0.463814007762
34.3 -0.015028000000 -0.520009000000 0.367487000000 -0.885838598238 0.012040542848 0.011954774267 0.463683174777
34.4 -0.013743500000 -0.520654000000 0.366251000000 -0.884834548586 0.009453652826 0.013356226249 0.465617934896
34.5 -0.013154200000 -0.519710000000 0.366975000000 -0.885295719591 0.008672477232 0.014361052254 0.464725765576
34.6 -0.011185500000 -0.519305000000 0.367010000000 -0.885436076760 0.007128212061 0.016282346671 0.464421174961
34.7 -0.008389090000 -0.518540000000 0.367450000000 -0.885395002932 0.004551588401 0.018765665711 0.464438178465
34.8 -0.007284070000 -0.518278000000 0.366902000000 -0.884605656763 0.003781315795 0.021044647180 0.465849392506
34.9 -0.004975940000 -0.516206000000 0.368915000000 -0.885258723876 0.001836463906 0.024084795564 0.464471249729
35.0 -0.004121810000 -0.515281000000 0.369159000000 -0.885066340623 0.000810091938 0.026259803829 0.464722862737
35.1 -0.002139940000 -0.514907000000 0.368557000000 -0.884584687542 -0.001124282134 0.028211272543 0.465524210603
35.2 -0.000339017000 -0.513184000000 0.369914000000 -0.885163173705 -0.001891882005 0.030566068997 0.464271786914
35.3 0.002135100000 -0.512645000000 0.369569000000 -0.884798643342 -0.004425396325 0.032478725767 0.464819221827
35.4 0.003702510000 -0.512352000000 0.368968000000 -0.884508000048 -0.005663015893 0.033889829284 0.465258001085
35.5 0.007601980000 -0.510577000000 0.369573000000 -0.885239376118 -0.009128714864 0.036155891496 0.463638506861
35.6 0.008927790000 -0.510351000000 0.369232000000 -0.885080802631 -0.010485088969 0.037197740348 0.463830102339
35.7 0.011387000000 -0.509183000000 0.370145000000 -0.885498409093 -0.013176562460 0.038723253403 0.462838476513
35.8 0.014445100000 -0.509309000000 0.369247000000 -0.885142515802 -0.016679683990 0.039738456876 0.463319943352
35.9 0.013774200000 -0.509753000000 0.368456000000 -0.884856062227 -0.017871766458 0.039163031313 0.463871324919
36.0 0.017125300000 -0.509994000000 0.367670000000 -0.884317020187 -0.021341960106 0.040798950922 0.464610992282
36.1 0.018020100000 -0.510080000000 0.367518000000 -0.884032037614 -0.023047587114 0.041022171967 0.465051982694
36.2 0.020009300000 -0.509041000000 0.368725000000 -0.884686028018 -0.024894371480 0.041986289706 0.463624906120
36.3 0.023406900000 -0.508898000000 0.368444000000 -0.884824441640 -0.027780555598 0.043157407539 0.463088961628
36.4 0.024564300000 -0.508528000000 0.368726000000 -0.885080412025 -0.028796611951 0.043820556230 0.462475056887
36.5 0.027607400000 -0.507219000000 0.370399000000 -0.885416084887 -0.031530937126 0.046484729832 0.461392811518
36.6 0.026618800000 -0.508075000000 0.369518000000 -0.884331336715 -0.032019157887 0.046936742797 0.463389471836
36.7 0.028485500000 -0.507917000000 0.369860000000 -0.883809442028 -0.034948654932 0.048661407298 0.463995182239
36.8 0.027793000000 -0.508065000000 0.370187000000 -0.883495141566 -0.035346511945 0.049359605249 0.464489599768
36.9 0.031628300000 -0.507889000000 0.370523000000 -0.883170590691 -0.038707599253 0.052103522429 0.464539182900
37.0 0.031955000000 -0.508203000000 0.370644000000 -0.882859245918 -0.040023433439 0.052906990088 0.464928518241
37.1 0.032912600000 -0.508208000000 0.371159000000 -0.882980503575 -0.041400909296 0.054460427125 0.464397951000
37.2 0.035772000000 -0.507380000000 0.372590000000 -0.883546093547 -0.043638288558 0.057218153102 0.462782976464
37.3 0.041206200000 -0.507645000000 0.371591000000 -0.882627901254 -0.047846446446 0.059847412602 0.463785502895
37.4 0.042576600000 -0.506979000000 0.372393000000 -0.882656267340 -0.048624070128 0.060945413586 0.463507572853
37.5 0.039870400000 -0.507664000000 0.372008000000 -0.882291417151 -0.047754704257 0.059776882284 0.464443826299
37.6 0.041256000000 -0.507607000000 0.372159000000 -0.882171990562 -0.048889206434 0.061213146097 0.464365562147
37.7 0.044342900000 -0.506510000000 0.373630000000 -0.882706778201 -0.050787717107 0.063827502767 0.462790883013
37.8 0.044451100000 -0.507538000000 0.372487000000 -0.882029580640 -0.052033553120 0.063778109531 0.463949006864
37.9 0.046388600000 -0.506397000000 0.374012000000 -0.882596220727 -0.053074433774 0.065207290911 0.462552726561
38.0 0.048675600000 -0.507684000000 0.372205000000 -0.881676306706 -0.055431873395 0.065497626388 0.463987347395
38.1 0.050351300000 -0.507331000000 0.372537000000 -0.881805368971 -0.056257816600 0.065939905142 0.463579850981
38.2 0.050707900000 -0.506876000000 0.373380000000 -0.881863755305 -0.056438265650 0.065991362810 0.463439509845
38.3 0.052411500000 -0.507310000000 0.372765000000 -0.881735032141 -0.057923963631 0.066316835205 0.463454663264
38.4 0.054197500000 -0.507106000000 0.372863000000 -0.881757682270 -0.058645530278 0.067047632521 0.463215615573
38.5 0.055921700000 -0.507036000000 0.372770000000 -0.881519299478 -0.059771690025 0.067466261765 0.463464532886
38.6 0.057688000000 -0.507300000000 0.372168000000 -0.881210681446 -0.060425583507 0.068309038981 0.463843032670
38.7 0.059344200000 -0.506500000000 0.372715000000 -0.881502803155 -0.060144969714 0.069252111697 0.463184127182
38.8 0.059914000000 -0.506479000000 0.372145000000 -0.881458677946 -0.060407285283 0.069105292813 0.463255887673
38.9 0.062391300000 -0.505424000000 0.372417000000 -0.881586510074 -0.061645544742 0.070501209367 0.462638770042
39.0 0.063050500000 -0.505151000000 0.371933000000 -0.881309964011 -0.061712588372 0.071704771764 0.462971629236
39.1 0.066792600000 -0.504325000000 0.371844000000 -0.880850557777 -0.064650163203 0.074181037538 0.463054883281
39.2 0.066703600000 -0.504035000000 0.371567000000 -0.880612622265 -0.064852648158 0.074426843131 0.463439519847
39.3 0.069358700000 -0.503307000000 0.371198000000 -0.880465198499 -0.066816499091 0.075676566461 0.463238218383
39.4 0.069969100000 -0.502537000000 0.371094000000 -0.880754206358 -0.066518003179 0.075772839584 0.462715744293
39.5 0.072132900000 -0.501712000000 0.371079000000 -0.880872454842 -0.068111994594 0.077260895117 0.462012151982
39.6 0.071959700000 -0.500822000000 0.371627000000 -0.881033934805 -0.067827990105 0.078417519197 0.461550931278
39.7 0.074511100000 -0.500458000000 0.370906000000 -0.880460849873 -0.071538793210 0.079828703713 0.461842257671
39.8 0.076203000000 -0.499220000000 0.371202000000 -0.880573854615 -0.073202693966 0.081157981519 0.461133857139
39.9 0.076013900000 -0.499293000000 0.368943000000 -0.879925801271 -0.068622373935 0.084024271308 0.462559699805
40.0 0.077042300000 -0.498260000000 0.370077000000 -0.879900562073 -0.075154961892 0.080733008489 0.462178443794
40.1 0.079663200000 -0.496798000000 0.370790000000 -0.880322011778 -0.077708832682 0.082399172534 0.460656997415
40.2 0.079647900000 -0.496069000000 0.371085000000 -0.880177701876 -0.078898197565 0.082748683533 0.460667931286
40.3 0.080686600000 -0.495210000000 0.371436000000 -0.880118866777 -0.080414891044 0.083796314485 0.460328581907
40.4 0.081653500000 -0.494234000000 0.371998000000 -0.879984406095 -0.081246889442 0.085641192030 0.460099961109
40.5 0.082654800000 -0.494006000000 0.371538000000 -0.879353434290 -0.083405385088 0.086461903157 0.460766121414
40.6 0.082621700000 -0.494162000000 0.370785000000 -0.878961088952 -0.084716818217 0.086668792145 0.461236365965
40.7 0.084232100000 -0.493653000000 0.370360000000 -0.878707555985 -0.087118339927 0.087634581266 0.461089585731
40.8 0.085645600000 -0.492845000000 0.370215000000 -0.878915754659 -0.088109048088 0.088715265864 0.460297179505
40.9 0.086853500000 -0.492126000000 0.369954000000 -0.878762092489 -0.089556557723 0.089305524269 0.460197056822
41.0 0.089653400000 -0.491465000000 0.369090000000 -0.878523575637 -0.091862754036 0.090752736688 0.459914668450
41.1 0.093132100000 -0.490029000000 0.369362000000 -0.878514999571 -0.094366797698 0.093293954495 0.458914524803
41.2 0.092782700000 -0.489527000000 0.369107000000 -0.878688150673 -0.092998506003 0.094211355275 0.458674865548
41.3 0.093979100000 -0.489132000000 0.368532000000 -0.878665923064 -0.094021927349 0.094992535570 0.458347565728
41.4 0.094760700000 -0.489136000000 0.367513000000 -0.878321682194 -0.094724303321 0.095117869670 0.458836484836
41.5 0.097691100000 -0.488064000000 0.367534000000 -0.878353437174 -0.095900112755 0.096679234817 0.458204684976
41.6 0.102039000000 -0.488043000000 0.366003000000 -0.877389079358 -0.100207072579 0.098345548076 0.458775652365
41.7 0.104454000000 -0.487154000000 0.365977000000 -0.877465017729 -0.100716671483 0.100072127240 0.458145025179
41.8 0.107411000000 -0.486726000000 0.365178000000 -0.877110557603 -0.102102698921 0.101593086200 0.458182227340
41.9 0.108153000000 -0.486067000000 0.365398000000 -0.877510177742 -0.101559291662 0.101984113224 0.457450367675
42.0 0.111529000000 -0.485497000000 0.365050000000 -0.877188587841 -0.103562585008 0.103636754447 0.457246536865
42.1 0.112201000000 -0.484806000000 0.365565000000 -0.877446864461 -0.103172266006 0.103431385976 0.456885578641
42.2 0.113996000000 -0.484273000000 0.365634000000 -0.876988450173 -0.103361949798 0.104191449011 0.457549677686
42.3 0.116383000000 -0.484123000000 0.365110000000 -0.876372189571 -0.105743690279 0.104550763264 0.458103913117
42.4 0.118150000000 -0.484180000000 0.364419000000 -0.876015494532 -0.107816587188 0.104669611796 0.458275800401
42.5 0.120107000000 -0.483268000000 0.364998000000 -0.875864345409 -0.110010727131 0.105467910679 0.457860031205
42.6 0.123281000000 -0.480776000000 0.366473000000 -0.875708886367 -0.113516569011 0.106437533556 0.457076565084
42.7 0.121387000000 -0.483019000000 0.365682000000 -0.874480705992 -0.114773542698 0.105280392198 0.459376281237
42.8 0.123570000000 -0.483348000000 0.365058000000 -0.872988174312 -0.118326392133 0.105231661819 0.461320723344
42.9 0.124959000000 -0.482936000000 0.365301000000 -0.872844474078 -0.120332740900 0.104635302365 0.461209289843
43.0 0.125139000000 -0.482951000000 0.365594000000 -0.872644203406 -0.121093501237 0.104374666411 0.461448141432
43.1 0.126567000000 -0.482947000000 0.365542000000 -0.872288322387 -0.123054781257 0.104912054866 0.461480296633
43.2 0.127512000000 -0.483166000000 0.365435000000 -0.872058272458 -0.124767199289 0.105180682702 0.461394125889
43.3 0.128811000000 -0.483423000000 0.365334000000 -0.871717807821 -0.127407253174 0.105496634474 0.461243878529
43.4 0.129486000000 -0.484089000000 0.364880000000 -0.871543856064 -0.129943537868 0.104749060782 0.461035376288
43.5 0.129053000000 -0.484815000000 0.364851000000 -0.871644065043 -0.131160788250 0.103356724210 0.460815428411
43.6 0.131454000000 -0.484821000000 0.364803000000 -0.871405345138 -0.134241818531 0.103863991368 0.460265282114
43.7 0.131170000000 -0.485006000000 0.365748000000 -0.871912473689 -0.133916304971 0.104310934852 0.459297605435
43.8 0.134185000000 -0.485215000000 0.365909000000 -0.871578741304 -0.136388707513 0.106389037987 0.458726487970
43.9 0.136321000000 -0.485463000000 0.366690000000 -0.871204963266 -0.138017766302 0.108143179057 0.458539050670
44.0 0.137610000000 -0.486596000000 0.367156000000 -0.870609152432 -0.140087958361 0.109504102406 0.458719870051
44.1 0.139287000000 -0.487271000000 0.367954000000 -0.870212901621 -0.141736635457 0.110585021596 0.458705989736
44.2 0.139861000000 -0.488670000000 0.368265000000 -0.869797466356 -0.142369612900 0.110695614716 0.459270880555
44.3 0.141817000000 -0.489504000000 0.368925000000 -0.869455678771 -0.144555964239 0.111319665075 0.459084227591
44.4 0.142526000000 -0.491049000000 0.369249000000 -0.868931126922 -0.146400849814 0.111334262679 0.459489031200
44.5 0.144675000000 -0.491786000000 0.370174000000 -0.868825274977 -0.147838416702 0.112899882139 0.458846445690
44.6 0.145759000000 -0.493176000000 0.370734000000 -0.868388455869 -0.149389042828 0.114561602781 0.458759242702
44.7 0.147827000000 -0.496235000000 0.371216000000 -0.867340922710 -0.152812447216 0.117842263367 0.458782389301
44.8 0.151267000000 -0.496803000000 0.371460000000 -0.866479703397 -0.156834080232 0.119536204314 0.458614315888
44.9 0.152465000000 -0.498785000000 0.370849000000 -0.865483757265 -0.160525810826 0.118928243898 0.459375013222
45.0 0.153296000000 -0.499724000000 0.371435000000 -0.865645262595 -0.161965081584 0.117882874707 0.458834632024
45.1 0.156720000000 -0.500028000000 0.371760000000 -0.865386708377 -0.165512422181 0.117882492148 0.458055893002
45.2 0.161548000000 -0.501603000000 0.374538000000 -0.865243370402 -0.170734601728 0.118736818884 0.456185459643
45.3 0.166244000000 -0.503714000000 0.375732000000 -0.864007582207 -0.173676498937 0.122095457793 0.456530470826
45.4 0.171675000000 -0.503320000000 0.376263000000 -0.863194128746 -0.176217017410 0.124522465348 0.456440154344
45.5 0.172706000000 -0.503475000000 0.376412000000 -0.863417164319 -0.176243559175 0.124544077389 0.456001952842
45.6 0.172328000000 -0.503303000000 0.377173000000 -0.864350352343 -0.174826925587 0.123832519740 0.454972000840
45.7 0.175272000000 -0.502986000000 0.376935000000 -0.864045478790 -0.176973842307 0.124867154645 0.454437964318
45.8 0.176303000000 -0.502701000000 0.377539000000 -0.864265006439 -0.178478740211 0.124807018660 0.453447401614
45.9 0.179395000000 -0.501853000000 0.378716000000 -0.864384015536 -0.181482140405 0.126800760421 0.451471010759
46.0 0.180437000000 -0.501685000000 0.379391000000 -0.864278410668 -0.182316725948 0.127330498949 0.451187748426
46.1 0.188407000000 -0.500223000000 0.381371000000 -0.862668272206 -0.188258734584 0.129113443412 0.451322301368
46.2 0.189703000000 -0.499471000000 0.382640000000 -0.862824639053 -0.189183721009 0.129139020638 0.450628755514
46.3 0.192785000000 -0.499556000000 0.384232000000 -0.860475325568 -0.193892458882 0.128882725643 0.453185581753
46.4 0.195184000000 -0.498788000000 0.385369000000 -0.859720665791 -0.197257310991 0.129095487277 0.453105159137
46.5 0.198241000000 -0.497533000000 0.386144000000 -0.859228405012 -0.199601392898 0.130513862617 0.452605748570
46.6 0.199446000000 -0.497181000000 0.386939000000 -0.858726728667 -0.201415217661 0.130775339159 0.452678833429
46.7 0.199750000000 -0.497583000000 0.387485000000 -0.857951192658 -0.202875131495 0.131294490753 0.453346654046
46.8 0.199987000000 -0.497438000000 0.388404000000 -0.857860510917 -0.202695604578 0.132027702528 0.453385621144
46.9 0.204729000000 -0.495434000000 0.390366000000 -0.856645769552 -0.206387255205 0.135221999446 0.453075421165
47.0 0.205609000000 -0.495333000000 0.390865000000 -0.856011316836 -0.207199387182 0.135975232869 0.453678052639
47.1 0.208124000000 -0.495505000000 0.391451000000 -0.854356151057 -0.209028682962 0.137408961955 0.455523165190
47.2 0.211779000000 -0.494172000000 0.391892000000 -0.853183227154 -0.212855409090 0.139491116628 0.455316575698
47.3 0.210652000000 -0.495132000000 0.392503000000 -0.852480512666 -0.212959345870 0.140163635404 0.456376432172
47.4 0.211599000000 -0.495236000000 0.392931000000 -0.851771794411 -0.214734685303 0.140682647363 0.456708022597
47.5 0.216017000000 -0.493565000000 0.393217000000 -0.850758516746 -0.218307232800 0.142802022271 0.456244978851
47.6 0.214741000000 -0.494501000000 0.393465000000 -0.850504282465 -0.218284031602 0.142139127905 0.456936555087
47.7 0.216408000000 -0.493692000000 0.394244000000 -0.850090146432 -0.218506256896 0.143560365481 0.457156625348
47.8 0.220776000000 -0.493268000000 0.393902000000 -0.848512741589 -0.220975419206 0.143928788891 0.458781533189
47.9 0.224751000000 -0.490969000000 0.394942000000 -0.848320156660 -0.222829298505 0.146025765042 0.457576760202
48.0 0.228292000000 -0.489611000000 0.395859000000 -0.847741993664 -0.223167622724 0.148265606803 0.457763076477
48.1 0.233885000000 -0.487417000000 0.396981000000 -0.846896284016 -0.225050617555 0.153352050398 0.456729736603
48.2 0.235535000000 -0.486895000000 0.397769000000 -0.845151513820 -0.225330599914 0.156658989206 0.458697068369
48.3 0.245122000000 -0.483432000000 0.398288000000 -0.840219697995 -0.235102850601 0.163173326160 0.460577870040
48.4 0.239785000000 -0.486890000000 0.399735000000 -0.838922031492 -0.235043069582 0.163894012919 0.462713013701
48.5 0.238854000000 -0.487399000000 0.400853000000 -0.837659235208 -0.237277282734 0.164825519105 0.463528904192
48.6 0.237988000000 -0.488519000000 0.400757000000 -0.835997276774 -0.239689479911 0.164725566009 0.465320313708
48.7 0.238571000000 -0.488172000000 0.401398000000 -0.834541813169 -0.242184068646 0.165157531946 0.466486686421
48.8 0.239554000000 -0.487562000000 0.402472000000 -0.833318418533 -0.244649922466 0.165686012038 0.467199073401
48.9 0.239719000000 -0.487448000000 0.403603000000 -0.832161203931 -0.247052756852 0.165472881223 0.468071994017
49.0 0.241655000000 -0.486305000000 0.404829000000 -0.831070745792 -0.250161969600 0.166444748214 0.468013408191
49.1 0.241608000000 -0.486207000000 0.406306000000 -0.830025878847 -0.252137295546 0.166893345253 0.468647453797
49.2 0.242198000000 -0.486233000000 0.407314000000 -0.828251345467 -0.256046306031 0.166682640131 0.469741306869
49.3 0.243917000000 -0.485340000000 0.408642000000 -0.826349513688 -0.259534479931 0.168633875242 0.470479490601
49.4 0.245725000000 -0.485129000000 0.409417000000 -0.823941267864 -0.264551734148 0.170314105565 0.471302739770
49.5 0.245709000000 -0.485423000000 0.410277000000 -0.822308653982 -0.267202222656 0.170816821193 0.472475463270
49.6 0.245766000000 -0.485804000000 0.410965000000 -0.820723003512 -0.270242960249 0.171389202092 0.473295082743
49.7 0.244442000000 -0.487261000000 0.410786000000 -0.819478490633 -0.272184008422 0.170433187731 0.474682417485
49.8 0.246801000000 -0.485822000000 0.411284000000 -0.818456860291 -0.274439410532 0.171336868602 0.474821077088
49.9 0.248602000000 -0.485678000000 0.410655000000 -0.817308369030 -0.277273890506 0.170650633211 0.475399390977
50.0 0.251047000000 -0.484904000000 0.410060000000 -0.817307038897 -0.278971010785 0.170479096755 0.474469447783
50.1 0.251236000000 -0.484906000000 0.409853000000 -0.818229913771 -0.279188609071 0.169114988218 0.473237413500
50.2 0.253184000000 -0.483998000000 0.409870000000 -0.818787900021 -0.279781585707 0.169466291798 0.471794250732
50.3 0.255873000000 -0.482881000000 0.409719000000 -0.819085939473 -0.281251273481 0.169578276605 0.470360662712
50.4 0.256998000000 -0.482833000000 0.409194000000 -0.820343384329 -0.281094761507 0.168223940282 0.468746384261
50.5 0.257979000000 -0.482651000000 0.409086000000 -0.821538126211 -0.280844469012 0.166864002625 0.467287808566
50.6 0.259146000000 -0.482590000000 0.408767000000 -0.822705028336 -0.280937576158 0.165698797655 0.465590402724
50.7 0.260598000000 -0.482273000000 0.409750000000 -0.824843467185 -0.279539308012 0.165220375647 0.462810174250
50.8 0.265531000000 -0.481489000000 0.409939000000 -0.826506653193 -0.279493878513 0.164829034371 0.460001427748
50.9 0.269447000000 -0.479534000000 0.411643000000 -0.826944057626 -0.282339252411 0.164163557131 0.457709950312
51.0 0.272159000000 -0.478155000000 0.412467000000 -0.827262651049 -0.283131894111 0.164041247171 0.456687317475
51.1 0.275515000000 -0.476408000000 0.413313000000 -0.827521365910 -0.284332574425 0.163562997720 0.455642976309
51.2 0.275045000000 -0.477393000000 0.413634000000 -0.828124043422 -0.284244566140 0.160887933779 0.455555340315
51.3 0.279691000000 -0.476423000000 0.414095000000 -0.828073005799 -0.287742364577 0.159017430844 0.454106689428
51.4 0.283905000000 -0.474210000000 0.416087000000 -0.828516128858 -0.290089074469 0.158656654069 0.451926342687
51.5 0.285102000000 -0.474329000000 0.416419000000 -0.828232480793 -0.291230876761 0.157955745674 0.451957427851
51.6 0.286224000000 -0.473682000000 0.417541000000 -0.828743811162 -0.290921382150 0.157924737339 0.451229677886
51.7 0.292095000000 -0.471651000000 0.418979000000 -0.827682721712 -0.295879472381 0.157435538542 0.450122984535
51.8 0.293227000000 -0.471385000000 0.419411000000 -0.827414192213 -0.296961850967 0.157481184178 0.449887864057
51.9 0.294131000000 -0.471067000000 0.420045000000 -0.827571039046 -0.297817295231 0.156962624504 0.449214612966
52.0 0.294587000000 -0.471043000000 0.420567000000 -0.827632753310 -0.298374587223 0.156072379374 0.449041249490
52.1 0.296677000000 -0.470403000000 0.420744000000 -0.827343383796 -0.299407151231 0.155944638225 0.448931568158
52.2 0.299332000000 -0.468944000000 0.421292000000 -0.827094899979 -0.301299743371 0.155960267450 0.448117045034
52.3 0.302621000000 -0.467513000000 0.421499000000 -0.826678674984 -0.303912741867 0.154694206270 0.447559064486
52.4 0.303272000000 -0.467480000000 0.421450000000 -0.826909097803 -0.304245866801 0.153922904724 0.447172825545
52.5 0.306201000000 -0.466091000000 0.421932000000 -0.827046601701 -0.305902682461 0.153839051536 0.445814999411
52.6 0.308072000000 -0.464475000000 0.422961000000 -0.827698496543 -0.305902480952 0.154903948855 0.444233764585
52.7 0.309677000000 -0.464317000000 0.422710000000 -0.827325608214 -0.306911114421 0.155042808648 0.444184233540
52.8 0.310852000000 -0.464150000000 0.422509000000 -0.827340856215 -0.307377442814 0.154007073587 0.444193692630
52.9 0.313560000000 -0.462470000000 0.423114000000 -0.827139749159 -0.309082049738 0.153326035599 0.443620613474
53.0 0.318483000000 -0.461858000000 0.424182000000 -0.826176286402 -0.313250060630 0.151495185822 0.443121148192
53.1 0.327287000000 -0.458321000000 0.425483000000 -0.825417915286 -0.319323104365 0.151708286814 0.440116593478
53.2 0.336770000000 -0.454135000000 0.426019000000 -0.825885248314 -0.324058907019 0.153207152954 0.435232064171
53.3 0.344859000000 -0.448893000000 0.426128000000 -0.824515699287 -0.327567322850 0.159161345674 0.433060246009
53.4 0.346852000000 -0.447887000000 0.426370000000 -0.824347750211 -0.328116363127 0.159952253002 0.432672758249
53.5 0.349808000000 -0.446530000000 0.426419000000 -0.823580037413 -0.329762115895 0.159964141614 0.432879131275
53.6 0.353884000000 -0.444033000000 0.427318000000 -0.822044577269 -0.333933095749 0.159025653679 0.432946003582
53.7 0.358210000000 -0.440449000000 0.427608000000 -0.821375801668 -0.336118615290 0.160688740989 0.431908783669
53.8 0.358915000000 -0.439519000000 0.427981000000 -0.821387835365 -0.336546371162 0.160861998962 0.431488100951
53.9 0.359814000000 -0.438561000000 0.428253000000 -0.820997658471 -0.337842747476 0.160968232297 0.431177864638
54.0 0.361842000000 -0.435511000000 0.430569000000 -0.820229662109 -0.338755397254 0.163321017737 0.431038661135
54.1 0.361828000000 -0.435779000000 0.430841000000 -0.819397835509 -0.339237791959 0.163172346792 0.432295839574
54.2 0.363635000000 -0.434250000000 0.431522000000 -0.818670715919 -0.340165092859 0.164505820164 0.432439364106
54.3 0.365347000000 -0.432945000000 0.432181000000 -0.817618570577 -0.341492386089 0.165495721959 0.433005761283
54.4 0.365666000000 -0.432876000000 0.432752000000 -0.817169454787 -0.341279900931 0.165820767719 0.433895822033
54.5 0.367856000000 -0.430829000000 0.433500000000 -0.816400311591 -0.342877513777 0.166410685363 0.433858301266
54.6 0.370432000000 -0.429300000000 0.433999000000 -0.815238316861 -0.344443732657 0.166623685738 0.434720081323
54.7 0.371582000000 -0.428558000000 0.434152000000 -0.814915023626 -0.344844660739 0.166802458493 0.434939770622
54.8 0.373392000000 -0.427505000000 0.434037000000 -0.814496874480 -0.345827569518 0.167119079117 0.434821051719
54.9 0.374533000000 -0.426480000000 0.434126000000 -0.814818464354 -0.345592044644 0.167568716311 0.434232350407
55.0 0.377477000000 -0.424226000000 0.433826000000 -0.814505547648 -0.347288592364 0.167644246531 0.433435984973
55.1 0.378886000000 -0.423297000000 0.433327000000 -0.814240075265 -0.348135651574 0.167752178117 0.433213428546
55.2 0.380709000000 -0.421477000000 0.433448000000 -0.814061492035 -0.349062667798 0.168511249291 0.432507919000
55.3 0.380768000000 -0.420996000000 0.433757000000 -0.814040661067 -0.349547360066 0.168466993889 0.432172786245
55.4 0.382282000000 -0.418899000000 0.434520000000 -0.813727971957 -0.350515328664 0.170304935384 0.431256328660
55.5 0.383578000000 -0.417302000000 0.435336000000 -0.812759678357 -0.351970561540 0.171527460213 0.431412516553
55.6 0.384988000000 -0.416452000000 0.435271000000 -0.811582546826 -0.353071474365 0.172504343422 0.432338472932
55.7 0.387136000000 -0.414245000000 0.435888000000 -0.811145976443 -0.353824264269 0.174164196091 0.431876634833
55.8 0.386146000000 -0.414729000000 0.436751000000 -0.811634067749 -0.352867010496 0.173134821442 0.432156622739
55.9 0.388290000000 -0.412658000000 0.437433000000 -0.810876902311 -0.354093558628 0.173806363188 0.432305157444
56.0 0.389511000000 -0.411549000000 0.437969000000 -0.810714975959 -0.354268485018 0.173838190167 0.432452716396
56.1 0.391331000000 -0.409704000000 0.438674000000 -0.810171335594 -0.355593060782 0.174192118944 0.432241932028
56.2 0.392335000000 -0.408772000000 0.439202000000 -0.809972403971 -0.355992647703 0.174000258680 0.432363099219
56.3 0.395011000000 -0.406739000000 0.439431000000 -0.809068040954 -0.357354975300 0.174482987627 0.432737811804
56.4 0.394614000000 -0.407627000000 0.439589000000 -0.809450825737 -0.356163879417 0.173285453127 0.433484490434
56.5 0.396493000000 -0.406256000000 0.439701000000 -0.809177884355 -0.356824374691 0.173202422630 0.433484068788
56.6 0.396007000000 -0.406337000000 0.440325000000 -0.809964448842 -0.355500905051 0.172204037404 0.433500251005
56.7 0.398586000000 -0.404709000000 0.439778000000 -0.809363602326 -0.356402067625 0.172404048855 0.433802915345
56.8 0.399789000000 -0.402701000000 0.440737000000 -0.809656700713 -0.357131402774 0.172194827225 0.432737945668
56.9 0.400096000000 -0.402399000000 0.440736000000 -0.809835228504 -0.357352022596 0.171222945965 0.432607370945
57.0 0.400545000000 -0.401671000000 0.440955000000 -0.810063813519 -0.357703641871 0.170546732657 0.432155683289
57.1 0.401556000000 -0.400015000000 0.441497000000 -0.809928317558 -0.358363746779 0.171448524286 0.431505444847
57.2 0.402748000000 -0.398688000000 0.441824000000 -0.809633243351 -0.359173386431 0.172032180489 0.431153590517
57.3 0.403930000000 -0.397054000000 0.442362000000 -0.809443038490 -0.359559630802 0.173551222169 0.430579624019
57.4 0.404674000000 -0.396268000000 0.442855000000 -0.809141624061 -0.359713979115 0.174363711398 0.430688961536
57.5 0.406701000000 -0.394440000000 0.444069000000 -0.807761552655 -0.361460658688 0.175946718350 0.431173072646
57.6 0.408254000000 -0.392663000000 0.445139000000 -0.807427597189 -0.361876675121 0.178206929291 0.430520891077
57.7 0.409445000000 -0.392358000000 0.445562000000 -0.806304801285 -0.363348497036 0.178930267805 0.431085138214
57.8 0.411531000000 -0.390564000000 0.446353000000 -0.806077165395 -0.363279627948 0.181964465084 0.430298092947
57.9 0.413291000000 -0.389447000000 0.447332000000 -0.805257281411 -0.364306397613 0.183763964348 0.430200377498
58.0 0.413085000000 -0.389634000000 0.448815000000 -0.805546679466 -0.363797427763 0.184065436273 0.429960339944
58.1 0.417560000000 -0.388508000000 0.450337000000 -0.803850446276 -0.366742303193 0.184228298287 0.430562977021
58.2 0.419412000000 -0.387714000000 0.452701000000 -0.802389543745 -0.370032559358 0.183952385571 0.430590809177
58.3 0.420085000000 -0.386317000000 0.455012000000 -0.802289548819 -0.370504387699 0.185795697315 0.429578790690
58.4 0.421918000000 -0.384896000000 0.456549000000 -0.800544759621 -0.372951760533 0.188091825150 0.429716810784
58.5 0.422635000000 -0.385964000000 0.457110000000 -0.799294083306 -0.372938900220 0.189875015015 0.431269085106
58.6 0.424789000000 -0.384686000000 0.458883000000 -0.798107469579 -0.374350227723 0.191981561632 0.431311319117
58.7 0.430203000000 -0.382907000000 0.460830000000 -0.796354831836 -0.375221905991 0.196553043265 0.431734182407
58.8 0.430327000000 -0.385658000000 0.461029000000 -0.796320277597 -0.375015911165 0.195045172183 0.432659753929
58.9 0.433339000000 -0.383754000000 0.462017000000 -0.795729939586 -0.376454233855 0.196194627726 0.431976551575
59.0 0.435633000000 -0.383901000000 0.461682000000 -0.795003158485 -0.377552005704 0.196136362103 0.432382918776
59.1 0.436409000000 -0.384923000000 0.461597000000 -0.795259591551 -0.377437983555 0.195316445088 0.432382049690
59.2 0.439575000000 -0.382879000000 0.461421000000 -0.795328531548 -0.378233812298 0.196712008308 0.430924698673
59.3 0.441652000000 -0.381994000000 0.462695000000 -0.796552622746 -0.377720163138 0.197205126164 0.428884058657
59.4 0.444446000000 -0.381040000000 0.462318000000 -0.795538669473 -0.378772675560 0.198913901906 0.429048651380
59.5 0.446049000000 -0.381680000000 0.463349000000 -0.794758485752 -0.379382824040 0.199753371234 0.429565143872
59.6 0.452310000000 -0.381390000000 0.462879000000 -0.791765927783 -0.380477714819 0.202409626535 0.432866916285
59.7 0.452690000000 -0.379934000000 0.465431000000 -0.792644496477 -0.379711949399 0.202916489441 0.431692524838
59.8 0.459175000000 -0.377196000000 0.465086000000 -0.790986828994 -0.380266114997 0.205344160214 0.433095017298
59.9 0.462905000000 -0.376535000000 0.465434000000 -0.791148732926 -0.379240075313 0.205353981858 0.433693889514
60.0 0.465140000000 -0.376318000000 0.464995000000 -0.790455528727 -0.380054762527 0.205549089110 0.434152054643
60.1 0.467974000000 -0.373518000000 0.465962000000 -0.790564993312 -0.380253043119 0.207195529541 0.432994950416
60.2 0.472477000000 -0.370368000000 0.466766000000 -0.789820138635 -0.380465615362 0.209306318610 0.433152316309
60.3 0.473327000000 -0.370105000000 0.467366000000 -0.789131527164 -0.380950623379 0.209191368835 0.434035743445
60.4 0.474651000000 -0.369383000000 0.467730000000 -0.788243127883 -0.381406082419 0.210161157691 0.434780932697
60.5 0.477093000000 -0.367315000000 0.467823000000 -0.787783284166 -0.380547761807 0.212875598385 0.435045834119
60.6 0.479488000000 -0.363672000000 0.469473000000 -0.787359406926 -0.381025664540 0.215187338113 0.434256855793
60.7 0.482100000000 -0.363017000000 0.468342000000 -0.786539019349 -0.379677986039 0.217609514251 0.435714467588
60.8 0.481066000000 -0.361986000000 0.471350000000 -0.786255169201 -0.381152632135 0.216493069624 0.435495385425
60.9 0.482872000000 -0.359788000000 0.471840000000 -0.785431711132 -0.380991424934 0.218691667342 0.436023526785
61.0 0.485353000000 -0.356683000000 0.472162000000 -0.784541722781 -0.380946571313 0.222168624914 0.435907211599
61.1 0.485857000000 -0.355491000000 0.473136000000 -0.783316597117 -0.381406856564 0.223831907006 0.436856035614
61.2 0.489920000000 -0.352007000000 0.471777000000 -0.782522620903 -0.379858881720 0.229206153172 0.436841066181
61.3 0.490178000000 -0.350127000000 0.473322000000 -0.781867195906 -0.381122845609 0.229574981947 0.436720038680
61.4 0.492550000000 -0.347188000000 0.472886000000 -0.782247725177 -0.378683159649 0.233044930313 0.436322840921
61.5 0.493558000000 -0.345582000000 0.472592000000 -0.779847166617 -0.381641981729 0.233103422239 0.438007521672
61.6 0.495686000000 -0.342542000000 0.471800000000 -0.779727371302 -0.381581449541 0.235609360806 0.436931405267
61.7 0.495225000000 -0.342101000000 0.472015000000 -0.780018822083 -0.381939987356 0.234581865486 0.436650697515
61.8 0.495455000000 -0.340443000000 0.472408000000 -0.779676410272 -0.383625203579 0.234117052593 0.436033948368
61.9 0.497559000000 -0.337492000000 0.470043000000 -0.778334890485 -0.389110095984 0.233987841955 0.433633279713
62.0 0.497946000000 -0.336787000000 0.469778000000 -0.778922533225 -0.389002791728 0.234574500307 0.432355547053
62.1 0.498702000000 -0.336342000000 0.469225000000 -0.778556892309 -0.390746207411 0.234218331521 0.431634498172
62.2 0.500738000000 -0.334588000000 0.468633000000 -0.778358590355 -0.391464538601 0.235297547651 0.430753391058
62.3 0.502341000000 -0.332641000000 0.468924000000 -0.778398471363 -0.392373227284 0.235948685055 0.429496552153
62.4 0.504367000000 -0.330645000000 0.468814000000 -0.778205958819 -0.392933938911 0.237095944652 0.428700266316
62.5 0.505048000000 -0.330932000000 0.468313000000 -0.778584800444 -0.392322908378 0.236668076036 0.428808425599
62.6 0.505189000000 -0.330749000000 0.468342000000 -0.778892665598 -0.393357014301 0.235345942919 0.428028926511
62.7 0.505763000000 -0.331305000000 0.467447000000 -0.778755961113 -0.394250108489 0.234195709405 0.428086877494
62.8 0.506376000000 -0.329871000000 0.467672000000 -0.778553861825 -0.396899759282 0.233561644621 0.426348945679
62.9 0.507111000000 -0.328741000000 0.467526000000 -0.778730005748 -0.397539035533 0.233954540960 0.425214729448
63.0 0.507381000000 -0.328951000000 0.467004000000 -0.779233589815 -0.397237202024 0.233709108776 0.424708924215
63.1 0.507643000000 -0.328429000000 0.467000000000 -0.779438651605 -0.397883854330 0.233391872825 0.423901003239
63.2 0.509146000000 -0.326825000000 0.466276000000 -0.780310150145 -0.396996117558 0.234821468495 0.422337578435
63.3 0.509181000000 -0.327739000000 0.465396000000 -0.779674857767 -0.399446094197 0.233067074604 0.422172562741
63.4 0.510276000000 -0.326908000000 0.464808000000 -0.779657588538 -0.401244368486 0.232344415857 0.420895561645
63.5 0.510366000000 -0.326431000000 0.465399000000 -0.780458211584 -0.401691501303 0.231235704688 0.419593811477
63.6 0.513221000000 -0.322876000000 0.465842000000 -0.780829046021 -0.403075105695 0.231377536615 0.417493587508
63.7 0.513256000000 -0.323463000000 0.466322000000 -0.781565366826 -0.402513296523 0.230366873261 0.417216643010
63.8 0.515153000000 -0.322139000000 0.466265000000 -0.781541774085 -0.403362448325 0.230042524041 0.416619283969
63.9 0.515502000000 -0.321968000000 0.467104000000 -0.782267301518 -0.403438305952 0.228144493089 0.416227693143
64.0 0.517586000000 -0.319962000000 0.467103000000 -0.782712477465 -0.403157532610 0.228508862649 0.415462250044
64.1 0.517530000000 -0.320096000000 0.468211000000 -0.783014790559 -0.403348097868 0.226748325476 0.415672162414
64.2 0.521215000000 -0.318355000000 0.467031000000 -0.782241285659 -0.403951877847 0.226787378167 0.416520031330
64.3 0.522295000000 -0.319345000000 0.465634000000 -0.781988823332 -0.404100945606 0.225303941679 0.417653013646
64.4 0.524629000000 -0.317610000000 0.464473000000 -0.781772492942 -0.404439966657 0.225374581764 0.417691729083
64.5 0.527063000000 -0.315708000000 0.463265000000 -0.781237163958 -0.405119655396 0.225600610698 0.417912578079
64.6 0.528347000000 -0.315088000000 0.462258000000 -0.780899600471 -0.405276089602 0.225464391285 0.418464948883
64.7 0.530577000000 -0.313947000000 0.459997000000 -0.780306198039 -0.405116216495 0.226546352368 0.419141788257
64.8 0.533872000000 -0.310998000000 0.457085000000 -0.779724808815 -0.404985185071 0.229719144898 0.418623144199
64.9 0.534658000000 -0.309947000000 0.455999000000 -0.779620157439 -0.404394567890 0.230850527147 0.418766614825
65.0 0.535898000000 -0.308097000000 0.455130000000 -0.779418882877 -0.403976314633 0.232495644658 0.418634825887
65.1 0.536089000000 -0.305634000000 0.455770000000 -0.778515574041 -0.405646282199 0.232489857109 0.418704025603
65.2 0.537393000000 -0.303880000000 0.455259000000 -0.778285901130 -0.404556416044 0.234799169919 0.418896779821
65.3 0.543064000000 -0.297260000000 0.453209000000 -0.777257550357 -0.404779581744 0.237837391808 0.418876551832
65.4 0.546618000000 -0.295972000000 0.449955000000 -0.775997490137 -0.405640885842 0.237432554376 0.420605693205
65.5 0.546975000000 -0.295940000000 0.449823000000 -0.775494095901 -0.406878968930 0.235565213675 0.421387519951
65.6 0.549695000000 -0.295397000000 0.447711000000 -0.775100504348 -0.407039179117 0.234341056142 0.422637651222
65.7 0.551772000000 -0.294197000000 0.446558000000 -0.774348627068 -0.407632496215 0.234324064938 0.423452694380
65.8 0.554128000000 -0.292686000000 0.445966000000 -0.773331596428 -0.409117528488 0.232846028252 0.424692614696
65.9 0.554564000000 -0.292897000000 0.445784000000 -0.773375845908 -0.408820992442 0.232062274816 0.425326107489
66.0 0.556463000000 -0.291393000000 0.444629000000 -0.772214154279 -0.410066051938 0.232393429730 0.426056835174
66.1 0.558006000000 -0.290834000000 0.443243000000 -0.772251917156 -0.409510188465 0.232513236600 0.426457473611
66.2 0.559267000000 -0.290466000000 0.442013000000 -0.771984890145 -0.409663501182 0.231900352822 0.427126879918
66.3 0.559677000000 -0.290495000000 0.441699000000 -0.772309151873 -0.408844826043 0.231196722204 0.427706158236
66.4 0.557697000000 -0.289429000000 0.445758000000 -0.772176826551 -0.411282548176 0.227258907287 0.427718368980
66.5 0.557501000000 -0.288639000000 0.446688000000 -0.772322157516 -0.411386238264 0.226779279345 0.427610811881
66.6 0.555535000000 -0.284514000000 0.451093000000 -0.772041553099 -0.414495150492 0.226291434318 0.425367837596
66.7 0.553586000000 -0.282770000000 0.453573000000 -0.771809078335 -0.415944525414 0.224730070265 0.425202650387
66.8 0.554751000000 -0.277144000000 0.452695000000 -0.771435163017 -0.415717277642 0.226492359271 0.425168373145
66.9 0.554661000000 -0.276090000000 0.452924000000 -0.771028447701 -0.416636107866 0.226197261803 0.425163833376
67.0 0.556752000000 -0.274086000000 0.450414000000 -0.770547929401 -0.416542288637 0.227345178895 0.425514488480
67.1 0.555041000000 -0.274077000000 0.451919000000 -0.771087588539 -0.417311120581 0.225421554848 0.424806405377
67.2 0.554010000000 -0.269759000000 0.455097000000 -0.769901135667 -0.421046677286 0.224343668437 0.423841780949
67.3 0.552918000000 -0.269075000000 0.457139000000 -0.770123026063 -0.422118970437 0.222233014617 0.423483868334
67.4 0.555964000000 -0.267944000000 0.454046000000 -0.769424922957 -0.421020543781 0.224053198467 0.424884871351
67.5 0.555653000000 -0.267434000000 0.455173000000 -0.769475723082 -0.421749861847 0.222300841532 0.424990001616
67.6 0.556449000000 -0.265882000000 0.455830000000 -0.769618414555 -0.422039255264 0.221814052663 0.424698586100
67.7 0.556497000000 -0.266104000000 0.455805000000 -0.770186953845 -0.421162666798 0.220946686739 0.424990147934
67.8 0.558020000000 -0.263446000000 0.456403000000 -0.768830002013 -0.423892066752 0.219004143393 0.425738333871
67.9 0.557154000000 -0.261980000000 0.458448000000 -0.769472159587 -0.424248281102 0.218153698273 0.424658634121
68.0 0.554509000000 -0.258126000000 0.463818000000 -0.769213185994 -0.427046212003 0.217286955391 0.422763511108
68.1 0.553511000000 -0.257704000000 0.464965000000 -0.769143696966 -0.427345140880 0.217201685927 0.422631673699
68.2 0.550761000000 -0.252422000000 0.471925000000 -0.768743537342 -0.431631270046 0.216632762590 0.419282800369
68.3 0.544365000000 -0.250276000000 0.481312000000 -0.768313507817 -0.437297221227 0.210854924237 0.417139898520
68.4 0.539522000000 -0.246438000000 0.489302000000 -0.767269318138 -0.442671221938 0.208051067500 0.414794811955
68.5 0.538693000000 -0.244088000000 0.491684000000 -0.767000471307 -0.444236653317 0.208071431155 0.413606518810
68.6 0.537206000000 -0.244392000000 0.493499000000 -0.767148361219 -0.444123417558 0.207607272063 0.413687082760
68.7 0.536630000000 -0.243764000000 0.494859000000 -0.767271955856 -0.443870386201 0.208271771210 0.413395325721
68.8 0.538636000000 -0.241449000000 0.493761000000 -0.766257984381 -0.444235703370 0.211049913965 0.413474636514
68.9 0.540122000000 -0.239556000000 0.493087000000 -0.765695403047 -0.444788546930 0.212332276741 0.413265898093
69.0 0.538972000000 -0.240038000000 0.494362000000 -0.766168169250 -0.445136897629 0.210726901311 0.412836107749
69.1 0.539314000000 -0.238578000000 0.495076000000 -0.765737122635 -0.446442360264 0.210486553435 0.412348504064
69.2 0.542926000000 -0.235032000000 0.493623000000 -0.764525141606 -0.447431908893 0.213621849128 0.411912248339
69.3 0.539691000000 -0.232931000000 0.500821000000 -0.764462193897 -0.450293178486 0.210334454519 0.410600809489
69.4 0.546673000000 -0.226685000000 0.498553000000 -0.760962369176 -0.451788243096 0.217690695299 0.411624121352
69.5 0.550317000000 -0.222714000000 0.498096000000 -0.760692162920 -0.452269388859 0.219240502249 0.410771755781
69.6 0.550031000000 -0.221075000000 0.500243000000 -0.760663273846 -0.454940823191 0.216481514242 0.409336029696
69.7 0.550353000000 -0.220352000000 0.503629000000 -0.761887607742 -0.455789720372 0.213146491012 0.407862203866
69.8 0.549722000000 -0.219433000000 0.505935000000 -0.761637203799 -0.457382442754 0.211375790299 0.407468214865
69.9 0.551426000000 -0.218685000000 0.504967000000 -0.761336518442 -0.457724616540 0.211074325158 0.407802048007
70.0 0.549756000000 -0.218301000000 0.507498000000 -0.761352263613 -0.459840454499 0.207914075049 0.407015017529
70.1 0.550002000000 -0.209645000000 0.511446000000 -0.757117358301 -0.467865218786 0.210744517827 0.404304577041
70.2 0.559059000000 -0.194373000000 0.507283000000 -0.752074639600 -0.469877377004 0.223974735752 0.404270088920
70.3 0.559718000000 -0.190998000000 0.507231000000 -0.750310311206 -0.471855810476 0.225846073173 0.404203021080
70.4 0.561489000000 -0.188834000000 0.505303000000 -0.749709443334 -0.472077617974 0.227337197542 0.404223047089
70.5 0.559961000000 -0.188177000000 0.505040000000 -0.750439384797 -0.472073980375 0.226583809063 0.403294761024
70.6 0.562372000000 -0.185759000000 0.502199000000 -0.749484600560 -0.471556587506 0.230231994207 0.403609275347
70.7 0.562041000000 -0.183679000000 0.502624000000 -0.748875341012 -0.471941521452 0.232603074891 0.402930184406
70.8 0.563729000000 -0.181184000000 0.500257000000 -0.747123995369 -0.471678696211 0.237289526285 0.403755648630
70.9 0.564526000000 -0.179044000000 0.499406000000 -0.746148025154 -0.471645782008 0.239693751517 0.404178532776
71.0 0.564697000000 -0.178781000000 0.499002000000 -0.746010568604 -0.470956266083 0.241037863640 0.404436861896
71.1 0.565358000000 -0.178549000000 0.497887000000 -0.745427793194 -0.470308204598 0.242838426750 0.405187729720
71.2 0.569404000000 -0.172387000000 0.492693000000 -0.742107777343 -0.468861402421 0.255570680869 0.405127954117
71.3 0.570123000000 -0.171268000000 0.492189000000 -0.741183142529 -0.468802204207 0.257619785551 0.405591036209
71.4 0.571234000000 -0.169819000000 0.490722000000 -0.739452078636 -0.468266845143 0.263039006591 0.405890707152
71.5 0.571944000000 -0.168235000000 0.490150000000 -0.738473536427 -0.468941047863 0.265321377901 0.405408061162
71.6 0.573677000000 -0.166524000000 0.488195000000 -0.737476096020 -0.469072055707 0.268100012497 0.405244121061
71.7 0.574049000000 -0.166239000000 0.487768000000 -0.736987455745 -0.469652001375 0.268492839255 0.405201286952
71.8 0.572856000000 -0.166964000000 0.488315000000 -0.735588022339 -0.471342512597 0.269549171662 0.405079919605
71.9 0.573119000000 -0.167139000000 0.487645000000 -0.734930602980 -0.471594738214 0.270746966473 0.405180813759
72.0 0.574434000000 -0.164497000000 0.486283000000 -0.731313503986 -0.474509809607 0.276052561697 0.404741871636
72.1 0.573792000000 -0.165723000000 0.486752000000 -0.731232690441 -0.474259208230 0.276212415934 0.405072409728
72.2 0.574713000000 -0.165237000000 0.486716000000 -0.730037139427 -0.475644614392 0.277198636046 0.404930724978
72.3 0.576192000000 -0.163704000000 0.486152000000 -0.729123494129 -0.476297299093 0.278872482840 0.404660291480
72.4 0.574244000000 -0.165808000000 0.485960000000 -0.728994019467 -0.476906895760 0.278822114952 0.404210045114
72.5 0.571119000000 -0.165763000000 0.486657000000 -0.727026901448 -0.480037580240 0.281395324195 0.402259216985
72.6 0.571110000000 -0.165933000000 0.485773000000 -0.727285822195 -0.479768418426 0.281907593054 0.401753290582
72.7 0.568740000000 -0.167267000000 0.486803000000 -0.728467202990 -0.480737098080 0.280048125805 0.399750452070
72.8 0.567681000000 -0.168458000000 0.487416000000 -0.728578185300 -0.481113839749 0.279088140792 0.399766320212
72.9 0.568200000000 -0.167367000000 0.486987000000 -0.727987679851 -0.481796139333 0.280387324211 0.399110719640
73.0 0.568220000000 -0.168612000000 0.486950000000 -0.727795606563 -0.481396242682 0.281432265612 0.399208081671
73.1 0.565138000000 -0.171783000000 0.490438000000 -0.726663574368 -0.484401645337 0.278799156819 0.399482322310
73.2 0.563934000000 -0.173190000000 0.491499000000 -0.725979079143 -0.485928000247 0.278541309762 0.399052745860
73.3 0.563402000000 -0.174133000000 0.491594000000 -0.726021176271 -0.486543665763 0.277947738625 0.398639646178
73.4 0.560002000000 -0.178098000000 0.492292000000 -0.726683117799 -0.489644875294 0.275489999647 0.395328727135
73.5 0.558115000000 -0.179680000000 0.493396000000 -0.727119844137 -0.490946298449 0.273489718897 0.394299173166
73.6 0.555184000000 -0.181707000000 0.494908000000 -0.727084786246 -0.493438091381 0.271459542188 0.392652875374
73.7 0.553299000000 -0.183328000000 0.495564000000 -0.726880312757 -0.495426530417 0.270470846383 0.391207215095
73.8 0.550970000000 -0.184040000000 0.497119000000 -0.725858596612 -0.498024379297 0.269903558158 0.390196213007
73.9 0.548802000000 -0.182344000000 0.498317000000 -0.724839452067 -0.501033738936 0.270203289498 0.388024668699
74.0 0.549539000000 -0.180854000000 0.497357000000 -0.724705290666 -0.501619204884 0.270602303020 0.387239988344
74.1 0.548391000000 -0.178705000000 0.497868000000 -0.724638422511 -0.504422813759 0.268447587225 0.385217697535
74.2 0.547754000000 -0.177108000000 0.498828000000 -0.725874773236 -0.504934270002 0.266970364183 0.383241465927
74.3 0.546220000000 -0.175480000000 0.501315000000 -0.725926610072 -0.505073787429 0.267754369358 0.382411589431
74.4 0.545228000000 -0.175536000000 0.502196000000 -0.725726064474 -0.505709162003 0.267646691651 0.382027710064
74.5 0.545560000000 -0.170114000000 0.499918000000 -0.726712172593 -0.508906364976 0.265053596170 0.377690774376
74.6 0.541406000000 -0.169994000000 0.502282000000 -0.726450460714 -0.514936738632 0.258885671450 0.374283438657
74.7 0.536804000000 -0.165398000000 0.504808000000 -0.724441133544 -0.521820672492 0.255798957977 0.370749407130
74.8 0.534899000000 -0.163178000000 0.505209000000 -0.723747917571 -0.523829233135 0.255279420132 0.369627250053
74.9 0.535120000000 -0.160776000000 0.504194000000 -0.723902468452 -0.523735813173 0.254461771086 0.370020568652
75.0 0.534258000000 -0.157569000000 0.504396000000 -0.724041991954 -0.523844668025 0.255890080847 0.368605784265
75.1 0.534161000000 -0.154954000000 0.504206000000 -0.723427673439 -0.523204277125 0.257742801562 0.369429741552
75.2 0.535515000000 -0.153289000000 0.502756000000 -0.723184616734 -0.522891559324 0.258254886989 0.369990325079
75.3 0.535841000000 -0.149998000000 0.502918000000 -0.722041179031 -0.525150404227 0.257460826097 0.369577477328
75.4 0.535950000000 -0.148141000000 0.502627000000 -0.721666393313 -0.525092211988 0.257534020155 0.370340403055
75.5 0.528287000000 -0.120089000000 0.500784000000 -0.709098716154 -0.541351171128 0.260569410293 0.369081972855
75.6 0.526635000000 -0.125006000000 0.503148000000 -0.714307041343 -0.534720612168 0.257603182972 0.370782844442
75.7 0.526734000000 -0.126692000000 0.504036000000 -0.716168364810 -0.531236216008 0.257110713832 0.372538638102
75.8 0.525262000000 -0.137571000000 0.502793000000 -0.725658056028 -0.512427046987 0.257611216888 0.380099155711
75.9 0.524789000000 -0.138882000000 0.502129000000 -0.726316093759 -0.511842874440 0.258159469984 0.379256498810
76.0 0.471522000000 -0.164690000000 0.517422000000 -0.742534487937 -0.504565546122 0.238320459191 0.370485495833
