0.0 -0.032221800000 0.431450000000 0.637295000000 0.180607648198 -0.939061998823 0.289369628559 0.042528318174
0.1 -0.032890700000 0.432073000000 0.636377000000 0.179820486559 -0.939385301673 0.288966638105 0.041450327832
0.2 -0.033330500000 0.431308000000 0.636058000000 0.178562090696 -0.939947965739 0.288034654654 0.040613288323
0.3 -0.032975400000 0.431086000000 0.635050000000 0.177817258994 -0.940593236229 0.286446612888 0.040171187788
0.4 -0.032007300000 0.431387000000 0.633240000000 0.177551541042 -0.941123999512 0.285050899660 0.038820773038
0.5 -0.031619400000 0.431470000000 0.632164000000 0.177870236736 -0.941493965405 0.283712211014 0.038192581876
0.6 -0.031910300000 0.430879000000 0.630644000000 0.177111663726 -0.942550832237 0.280783351073 0.037284004381
0.7 -0.032485500000 0.429530000000 0.629816000000 0.175441742797 -0.943490997535 0.279009513445 0.034621147607
0.8 -0.033705900000 0.429053000000 0.629013000000 0.173124423383 -0.944133317175 0.278494798144 0.032876448024
0.9 -0.036621400000 0.427674000000 0.629735000000 0.169963893465 -0.945008050233 0.277877695862 0.029258264742
1.0 -0.039914000000 0.427420000000 0.629933000000 0.168497369870 -0.945327940319 0.277844322877 0.027681290516
1.1 -0.041906900000 0.426077000000 0.630361000000 0.167845648348 -0.945552137084 0.277589185516 0.026518643838
1.2 -0.044892800000 0.425855000000 0.629255000000 0.166747498255 -0.945741394536 0.277790220056 0.024516935543
1.3 -0.047173200000 0.424082000000 0.628862000000 0.166614187406 -0.946508435913 0.275444690554 0.022174664512
1.4 -0.050036900000 0.423296000000 0.628002000000 0.167558870996 -0.946699983769 0.274344999912 0.020444718259
1.5 -0.052888300000 0.421222000000 0.627033000000 0.167962590290 -0.947503895676 0.271475111501 0.018061001557
1.6 -0.056194200000 0.419647000000 0.626059000000 0.169083197156 -0.947900018561 0.269565337401 0.015197240666
1.7 -0.058358200000 0.418340000000 0.624931000000 0.170559978375 -0.948232352266 0.267556195100 0.013355985806
1.8 -0.062263700000 0.415573000000 0.626262000000 0.169290049498 -0.948123815878 0.268812356581 0.011917460123
1.9 -0.066768700000 0.416566000000 0.622511000000 0.173423648537 -0.947999275905 0.266578995343 0.012539946314
2.0 -0.069189500000 0.415542000000 0.620801000000 0.175200741249 -0.947656906061 0.266634955061 0.012525549878
2.1 -0.069307700000 0.417764000000 0.620058000000 0.180342527358 -0.946747403446 0.266507236159 0.010946230812
2.2 -0.071542600000 0.417494000000 0.619714000000 0.182450042832 -0.946012826028 0.267668177347 0.011200968586
2.3 -0.076701100000 0.414384000000 0.620155000000 0.179763104760 -0.945224418036 0.272134566302 0.013371744037
2.4 -0.077015000000 0.414020000000 0.620310000000 0.176849938173 -0.945113019240 0.274430638521 0.013164530865
2.5 -0.075217000000 0.414104000000 0.620485000000 0.179270160258 -0.944083578537 0.276402444439 0.013042050708
2.6 -0.072134700000 0.415441000000 0.620028000000 0.181902175353 -0.942932928881 0.278551422719 0.014078179420
2.7 -0.070986200000 0.415929000000 0.620330000000 0.182475197013 -0.942423831149 0.279809537539 0.015708203594
2.8 -0.070281100000 0.416562000000 0.620061000000 0.184384729984 -0.941397342443 0.281930293309 0.016988958339
2.9 -0.069343000000 0.415970000000 0.621176000000 0.183741487693 -0.940509350928 0.285199716195 0.018502659280
3.0 -0.068704400000 0.417079000000 0.621547000000 0.183070719634 -0.939679505771 0.288362919463 0.018285642589
3.1 -0.069745200000 0.416923000000 0.621814000000 0.180900649037 -0.939635819764 0.289803468630 0.019324361962
3.2 -0.070084900000 0.416244000000 0.621558000000 0.179544658521 -0.940442764015 0.288048290116 0.018955362542
3.3 -0.070964400000 0.415598000000 0.621639000000 0.178434973405 -0.940763071933 0.287784327439 0.017492387896
3.4 -0.071422900000 0.415088000000 0.620393000000 0.180650607657 -0.940929790182 0.285899139385 0.016678429189
3.5 -0.071099900000 0.411633000000 0.620248000000 0.182126146204 -0.941269384748 0.284011429577 0.013398510182
3.6 -0.070494300000 0.408541000000 0.619961000000 0.181851308242 -0.941461171867 0.283642238841 0.011315648579
3.7 -0.071222500000 0.405602000000 0.618924000000 0.183034432105 -0.941405745911 0.283160974518 0.008572090792
3.8 -0.072650400000 0.399108000000 0.620545000000 0.182051890016 -0.941681491970 0.282965239264 0.004873437256
3.9 -0.074696100000 0.396428000000 0.620468000000 0.183386929106 -0.941992130610 0.281103954047 0.000791909242
4.0 -0.077938500000 0.393715000000 0.620109000000 -0.185138393188 0.941825279174 -0.280498188110 0.003112128620
4.1 -0.079970400000 0.391235000000 0.618920000000 -0.189941714364 0.941373243643 -0.278784788527 0.004195591053
4.2 -0.082285400000 0.389103000000 0.619078000000 -0.193852853711 0.941097638235 -0.277009283749 0.004707773683
4.3 -0.082994300000 0.388523000000 0.619192000000 -0.198687496002 0.940689468390 -0.274957621998 0.004990901513
4.4 -0.085873400000 0.388015000000 0.617406000000 -0.205030353283 0.940699990981 -0.270225099895 0.004947381884
4.5 -0.089187900000 0.386514000000 0.613954000000 -0.212234591794 0.941255214389 -0.262655807582 0.002650693326
4.6 -0.091097600000 0.383951000000 0.612218000000 -0.215181735240 0.941908565163 -0.257866841683 0.003125324190
4.7 -0.094632000000 0.378899000000 0.610261000000 -0.220896809906 0.942088494703 -0.252296446320 0.004513390743
4.8 -0.096792400000 0.373107000000 0.609973000000 -0.227332459051 0.940831322331 -0.251213784566 0.006928955645
4.9 -0.099311500000 0.369726000000 0.610002000000 -0.232520584281 0.939544701247 -0.251170026027 0.010175965359
5.0 -0.101389000000 0.363708000000 0.609571000000 -0.240280463826 0.937461770730 -0.251515149570 0.013071214961
5.1 -0.103321000000 0.356891000000 0.608585000000 -0.247202657012 0.935907464354 -0.250491128699 0.014908352519
5.2 -0.103094000000 0.351718000000 0.608541000000 -0.252547056504 0.934418078883 -0.250649326020 0.016054702512
5.3 -0.103862000000 0.347167000000 0.607498000000 -0.261202805978 0.932291595214 -0.249552006029 0.018145851575
5.4 -0.106376000000 0.343035000000 0.605372000000 -0.268520124213 0.931018463851 -0.246679833150 0.015831070049
5.5 -0.108965000000 0.337689000000 0.605270000000 -0.274451496177 0.930679077441 -0.241600566759 0.011916257870
5.6 -0.111750000000 0.335110000000 0.606202000000 -0.282062205866 0.928076337960 -0.242844666192 0.011903404670
5.7 -0.116913000000 0.331719000000 0.606403000000 -0.287102377015 0.926846155092 -0.241726714540 0.009829820989
5.8 -0.123677000000 0.329178000000 0.607150000000 -0.289466503282 0.924366728657 -0.248441206472 0.005679908083
5.9 -0.128575000000 0.326569000000 0.608212000000 -0.291798540476 0.923527626193 -0.248862946795 0.004191556652
6.0 -0.132856000000 0.323807000000 0.607528000000 -0.298189892982 0.920966707213 -0.250463958552 0.013073538001
6.1 -0.131436000000 0.320953000000 0.603734000000 -0.306275805045 0.919555777845 -0.245729179205 0.015148371655
6.2 -0.134095000000 0.316901000000 0.602211000000 -0.311928751120 0.918244342081 -0.243624395767 0.013226346740
6.3 -0.138287000000 0.310826000000 0.601009000000 -0.317733095066 0.916633509332 -0.242368643127 0.009280662537
6.4 -0.142258000000 0.307045000000 0.599967000000 -0.323451989506 0.914622701370 -0.242506292752 0.005901067633
6.5 -0.144379000000 0.304448000000 0.599519000000 -0.331499108438 0.911829859305 -0.242175361076 0.005073782832
6.6 -0.147341000000 0.301759000000 0.600011000000 -0.341867516687 0.908461983846 -0.240361453956 0.007056655943
6.7 -0.149109000000 0.300472000000 0.603272000000 -0.351727754500 0.905212916421 -0.238260242647 0.010450810154
6.8 -0.148990000000 0.302149000000 0.605917000000 -0.358480890492 0.902588469456 -0.237953939377 0.014262843091
6.9 -0.148350000000 0.306363000000 0.607565000000 -0.366618408653 0.899538840275 -0.236741061597 0.019351667282
7.0 -0.147792000000 0.312900000000 0.607024000000 -0.374675501900 0.896571115540 -0.235268508604 0.020669589110
7.1 -0.149064000000 0.320055000000 0.606383000000 -0.376541153660 0.896001504395 -0.234475289309 0.020479317041
7.2 -0.153962000000 0.326983000000 0.606975000000 -0.380550139382 0.895195509639 -0.231058431402 0.020459526315
7.3 -0.162637000000 0.335583000000 0.605139000000 -0.380591523421 0.894683150849 -0.233071707172 0.019228395728
7.4 -0.169370000000 0.338826000000 0.604670000000 -0.380795552945 0.894384782568 -0.234064819658 0.016860242183
7.5 -0.178567000000 0.348347000000 0.602601000000 -0.373395456001 0.895915563968 -0.240214926081 0.014419603507
7.6 -0.193322000000 0.353672000000 0.601056000000 -0.371002814557 0.895067379891 -0.247050695892 0.013313553425
7.7 -0.196660000000 0.354983000000 0.601407000000 -0.371745686429 0.893246977080 -0.252301781795 0.016087058831
7.8 -0.199466000000 0.355257000000 0.601760000000 -0.373344212207 0.891943648323 -0.254114961394 0.021822323974
7.9 -0.200727000000 0.347600000000 0.601968000000 -0.383939961655 0.886621563387 -0.256015959880 0.030791840931
8.0 -0.201197000000 0.338647000000 0.600402000000 -0.394747653048 0.881514968010 -0.256725295545 0.034608874799
8.1 -0.203775000000 0.329945000000 0.600661000000 -0.405315153551 0.876222989327 -0.258122423340 0.036410353568
8.2 -0.207224000000 0.318563000000 0.599523000000 -0.417360311798 0.870170635806 -0.259041479907 0.038870894040
8.3 -0.210116000000 0.309820000000 0.597828000000 -0.428743162030 0.865084171096 -0.256868263149 0.042747787303
8.4 -0.211874000000 0.305930000000 0.596986000000 -0.435823143509 0.861695277632 -0.255684954694 0.046525692163
8.5 -0.216110000000 0.300983000000 0.594935000000 -0.444207361093 0.856986825166 -0.256151021515 0.051381475445
8.6 -0.222605000000 0.297713000000 0.591291000000 -0.449873410759 0.854301563271 -0.255257445927 0.051248312983
8.7 -0.228409000000 0.294847000000 0.589081000000 -0.454607372406 0.851578767233 -0.255953956464 0.051315809667
8.8 -0.236074000000 0.292157000000 0.586091000000 -0.457989741228 0.849838777127 -0.255466162434 0.052502282544
8.9 -0.243990000000 0.288513000000 0.583286000000 -0.463978449447 0.846601717325 -0.255083559014 0.054054681489
9.0 -0.249049000000 0.286767000000 0.581836000000 -0.468848837087 0.843011137237 -0.257599591455 0.056173311622
9.1 -0.253802000000 0.283361000000 0.581497000000 -0.475130201035 0.837711262552 -0.262529109201 0.059746125236
9.2 -0.258012000000 0.280160000000 0.581881000000 -0.480087407325 0.833165908471 -0.266677620010 0.065066867718
9.3 -0.261834000000 0.277435000000 0.581474000000 -0.482408650957 0.831190847417 -0.267913214185 0.068016015146
9.4 -0.267007000000 0.271978000000 0.579700000000 -0.487478836130 0.828636653316 -0.266459679343 0.068738056353
9.5 -0.269855000000 0.267333000000 0.577987000000 -0.494438769142 0.824430475166 -0.265623307313 0.072725193700
9.6 -0.273505000000 0.262340000000 0.576242000000 -0.502405449450 0.819703159426 -0.264530276782 0.075493227880
9.7 -0.274938000000 0.257924000000 0.576165000000 -0.507641728039 0.816915601035 -0.263095088672 0.075695119102
9.8 -0.277815000000 0.253356000000 0.576643000000 -0.512350188654 0.813731057849 -0.263522877634 0.076777227364
9.9 -0.280579000000 0.249221000000 0.575751000000 -0.517348461868 0.811016928698 -0.262104065268 0.076834688378
10.0 -0.283235000000 0.246722000000 0.574261000000 -0.520651466552 0.809938883039 -0.258965949736 0.076535566869
10.1 -0.285953000000 0.242559000000 0.573629000000 -0.525501589331 0.807389586208 -0.257168533423 0.076383775185
10.2 -0.289149000000 0.239082000000 0.572496000000 -0.530857735468 0.804209154445 -0.256313469503 0.075770086128
10.3 -0.290259000000 0.236571000000 0.571611000000 -0.534137675755 0.802303238558 -0.255501541773 0.075666497804
10.4 -0.291535000000 0.232462000000 0.571052000000 -0.539338095792 0.798910573083 -0.255239989867 0.075557013015
10.5 -0.292463000000 0.227486000000 0.570685000000 -0.545311073118 0.794568816113 -0.255424490288 0.077811051635
10.6 -0.293372000000 0.223046000000 0.569801000000 -0.549801141149 0.791604865380 -0.254243640366 0.080253433764
10.7 -0.293556000000 0.215413000000 0.568115000000 -0.555707226778 0.787794377955 -0.252541177871 0.082416319068
10.8 -0.293524000000 0.208180000000 0.568152000000 -0.559904135409 0.783842626348 -0.254444318562 0.085768205198
10.9 -0.294275000000 0.204606000000 0.567675000000 -0.561137559808 0.782552704245 -0.255596685772 0.086059504255
11.0 -0.295755000000 0.198973000000 0.567113000000 -0.564583929867 0.780284942062 -0.254586168483 0.087099243072
11.1 -0.297149000000 0.194108000000 0.566735000000 -0.571710596680 0.775508488433 -0.252557196550 0.089154026740
11.2 -0.294120000000 0.193994000000 0.567167000000 -0.576670587447 0.772762203496 -0.249673162048 0.089179159980
11.3 -0.293042000000 0.195540000000 0.567980000000 -0.577622572618 0.771887142104 -0.249743435947 0.090391480005
11.4 -0.293210000000 0.200598000000 0.566816000000 -0.577454796020 0.772905973928 -0.248123625737 0.087160658390
11.5 -0.292989000000 0.202554000000 0.566926000000 -0.581472558554 0.771977169558 -0.243623009017 0.081171071240
11.6 -0.292514000000 0.205079000000 0.569083000000 -0.582080747223 0.771535219577 -0.243280811937 0.082035694720
11.7 -0.291665000000 0.210972000000 0.570504000000 -0.582585535553 0.770561695229 -0.246181112460 0.078889970708
11.8 -0.289368000000 0.217356000000 0.572176000000 -0.582932831953 0.770008820294 -0.248136605136 0.075524534366
11.9 -0.287331000000 0.224059000000 0.572505000000 -0.581255958620 0.771063902285 -0.249577479295 0.072890678355
12.0 -0.285699000000 0.234354000000 0.573000000000 -0.576734129479 0.774277876173 -0.251010360880 0.069751796350
12.1 -0.284564000000 0.244511000000 0.572133000000 -0.572489271610 0.777349907552 -0.251926794718 0.067201526944
12.2 -0.283638000000 0.251711000000 0.569727000000 -0.570543238677 0.779267617997 -0.251373171223 0.063513157147
12.3 -0.281395000000 0.257688000000 0.566741000000 -0.572107059477 0.779460172053 -0.248005910902 0.060236374695
12.4 -0.279683000000 0.258349000000 0.566245000000 -0.576345074046 0.776683776867 -0.247252805509 0.058776836776
12.5 -0.278942000000 0.255272000000 0.566888000000 -0.581472957946 0.772687708253 -0.247404001688 0.060284033052
12.6 -0.279232000000 0.249417000000 0.566389000000 -0.589845188856 0.766125589039 -0.246698450615 0.065376673729
12.7 -0.279452000000 0.240878000000 0.564386000000 -0.605454965470 0.755313654021 -0.241453763348 0.068012123933
12.8 -0.280236000000 0.233065000000 0.564736000000 -0.616117997036 0.746992289794 -0.239436821829 0.071211944702
12.9 -0.279997000000 0.225096000000 0.565692000000 -0.625604724765 0.738663468697 -0.239296376051 0.075711642256
13.0 -0.278542000000 0.220220000000 0.564822000000 -0.633776708548 0.731512441758 -0.239653233180 0.076045769645
13.1 -0.277853000000 0.215738000000 0.562734000000 -0.641410892795 0.726617836654 -0.233818293646 0.077120630294
13.2 -0.276455000000 0.212174000000 0.561856000000 -0.646016699520 0.723719582743 -0.229770670279 0.078088594397
13.3 -0.279607000000 0.203789000000 0.561064000000 -0.653127821494 0.717884447851 -0.227560707463 0.079259653936
13.4 -0.280956000000 0.196627000000 0.561472000000 -0.654160569036 0.716621177600 -0.228695756828 0.078906834575
13.5 -0.283233000000 0.191980000000 0.560515000000 -0.656345003270 0.714708237685 -0.228278860014 0.079322971069
13.6 -0.284568000000 0.187814000000 0.557979000000 -0.658653329794 0.713225292439 -0.226899079258 0.077474390661
13.7 -0.284818000000 0.179349000000 0.557727000000 -0.666802596634 0.706403157622 -0.224548323729 0.077116316915
13.8 -0.285228000000 0.178933000000 0.557121000000 -0.670544401187 0.702720252538 -0.225135589497 0.076605607175
13.9 -0.284504000000 0.174099000000 0.556702000000 -0.677391210715 0.696782757487 -0.222653777859 0.077847490132
14.0 -0.282947000000 0.172095000000 0.555943000000 -0.682084986977 0.692362550773 -0.221514080983 0.079534148344
14.1 -0.282683000000 0.168678000000 0.554880000000 -0.686908288153 0.687950386040 -0.219873567337 0.080851001232
14.2 -0.281385000000 0.164453000000 0.553540000000 -0.691209906703 0.684132466974 -0.217766312952 0.082276761303
14.3 -0.280733000000 0.159505000000 0.552667000000 -0.696619277376 0.679347051909 -0.215416411039 0.082492031773
14.4 -0.279003000000 0.156970000000 0.552197000000 -0.699102256534 0.677307010511 -0.213719837738 0.082674538879
14.5 -0.278451000000 0.152339000000 0.550952000000 -0.704244237674 0.672979892437 -0.210588230946 0.082405795097
14.6 -0.275375000000 0.150089000000 0.548928000000 -0.705384417665 0.672385695951 -0.208624684050 0.082498729696
14.7 -0.275083000000 0.147599000000 0.546246000000 -0.705003907009 0.672914843489 -0.207295785757 0.084755894902
14.8 -0.274562000000 0.144924000000 0.538907000000 -0.698601137578 0.679441669399 -0.206547093406 0.087485808361
14.9 -0.274227000000 0.142713000000 0.529795000000 -0.690924890989 0.688801255094 -0.201940200369 0.085998729454
15.0 -0.274582000000 0.139334000000 0.522651000000 -0.686059525412 0.694278720831 -0.199930900989 0.085598015300
15.1 -0.270736000000 0.142011000000 0.520311000000 -0.680697908143 0.699302337863 -0.202159759925 0.082207235555
15.2 -0.271106000000 0.137829000000 0.519863000000 -0.673482495494 0.703791033126 -0.209368889028 0.085230148783
15.3 -0.275118000000 0.136836000000 0.519655000000 -0.662674755606 0.709732362307 -0.220105430064 0.093250961564
15.4 -0.279614000000 0.137845000000 0.518160000000 -0.654033087315 0.714179748570 -0.228234956792 0.100482893705
15.5 -0.285535000000 0.138218000000 0.515940000000 -0.648920292028 0.715201961750 -0.235772314489 0.108627916411
15.6 -0.290462000000 0.139478000000 0.513855000000 -0.641339135056 0.719046708916 -0.242422800356 0.113521496245
15.7 -0.299980000000 0.138398000000 0.509863000000 -0.636875045541 0.720963536115 -0.245633826931 0.119439436652
15.8 -0.306934000000 0.139953000000 0.506259000000 -0.631927747158 0.724966961714 -0.246580428386 0.119533757288
15.9 -0.312199000000 0.140180000000 0.504049000000 -0.629980787160 0.726893236400 -0.245816485401 0.119685781073
16.0 -0.315564000000 0.140619000000 0.503586000000 -0.629876458670 0.726317988580 -0.247580918870 0.120089611918
16.1 -0.317872000000 0.141547000000 0.504591000000 -0.627776703595 0.726891985982 -0.250449436882 0.121653321798
16.2 -0.320252000000 0.142779000000 0.505313000000 -0.625894483798 0.727202652440 -0.252935357882 0.124322573049
16.3 -0.323062000000 0.142382000000 0.505408000000 -0.626442544362 0.725821154856 -0.254877649445 0.125661344854
16.4 -0.322501000000 0.145534000000 0.505700000000 -0.622612095581 0.727517951954 -0.258920308469 0.126617857676
16.5 -0.323906000000 0.146428000000 0.505729000000 -0.619121849405 0.728824617107 -0.262296989893 0.129240481976
16.6 -0.324378000000 0.149211000000 0.504462000000 -0.614511601871 0.731385381152 -0.264849510241 0.131550949553
16.7 -0.326322000000 0.152135000000 0.501497000000 -0.609918215088 0.733783860409 -0.267191301956 0.134795494233
16.8 -0.329155000000 0.158568000000 0.497631000000 -0.605162872518 0.736574978483 -0.268976323441 0.137429750151
16.9 -0.333883000000 0.164090000000 0.493925000000 -0.600984388496 0.739101666801 -0.271189666474 0.137850120469
17.0 -0.338108000000 0.169173000000 0.490845000000 -0.597526318265 0.741852945936 -0.270634913945 0.139187818937
17.1 -0.343035000000 0.178081000000 0.483546000000 -0.588578439155 0.751113569840 -0.265907618847 0.136736843620
17.2 -0.345139000000 0.186014000000 0.477236000000 -0.584418190908 0.757057296381 -0.260008317187 0.133098847197
17.3 -0.344944000000 0.192317000000 0.475536000000 -0.577800768581 0.761719862937 -0.260140099472 0.135115694427
17.4 -0.345511000000 0.202449000000 0.473411000000 -0.564304473351 0.771122577511 -0.261109911501 0.136938109832
17.5 -0.346305000000 0.210977000000 0.473281000000 -0.558276870400 0.776627095633 -0.258656125684 0.135182465398
17.6 -0.346226000000 0.218008000000 0.474681000000 -0.554156364363 0.779180530369 -0.260619734863 0.133662929530
17.7 -0.346862000000 0.227584000000 0.476328000000 -0.545199310168 0.783485616175 -0.266744707590 0.133248873963
17.8 -0.347755000000 0.236589000000 0.478307000000 -0.533454327513 0.788942640183 -0.273558076679 0.134766352042
17.9 -0.348326000000 0.243672000000 0.480082000000 -0.525432593808 0.792723346024 -0.277683382328 0.135654801656
18.0 -0.348851000000 0.253748000000 0.481732000000 -0.515164609384 0.797449108444 -0.283063337614 0.136218543444
18.1 -0.349204000000 0.263294000000 0.482584000000 -0.506834213333 0.801812037779 -0.285936273258 0.135856482739
18.2 -0.349043000000 0.270729000000 0.482218000000 -0.501263255235 0.804605752825 -0.288072156286 0.135495993464
18.3 -0.349630000000 0.278703000000 0.481219000000 -0.493972792479 0.808113298816 -0.291304779328 0.134481605092
18.4 -0.350766000000 0.283418000000 0.481739000000 -0.486114436303 0.811617352544 -0.294971692974 0.134021372222
18.5 -0.352294000000 0.287105000000 0.482389000000 -0.478427931362 0.815056513014 -0.298149066572 0.133778657449
18.6 -0.353033000000 0.290604000000 0.482613000000 -0.471378776054 0.817898525397 -0.301387568907 0.134199794887
18.7 -0.352908000000 0.294315000000 0.482407000000 -0.462376619774 0.821745313729 -0.304584011842 0.134800150523
18.8 -0.352275000000 0.299847000000 0.481656000000 -0.453854256087 0.825111154652 -0.308026237269 0.135379961052
18.9 -0.351531000000 0.303179000000 0.481061000000 -0.448117203607 0.827873239434 -0.309732841085 0.133725234770
19.0 -0.350604000000 0.307924000000 0.480841000000 -0.440728866724 0.831264303804 -0.311624935544 0.132844355561
19.1 -0.350054000000 0.313648000000 0.479501000000 -0.433618844743 0.834171010040 -0.314553757850 0.131108187828
19.2 -0.349861000000 0.317878000000 0.478520000000 -0.426849590408 0.836848614385 -0.317011687935 0.130335772080
19.3 -0.349800000000 0.323526000000 0.477286000000 -0.418115998022 0.840738647880 -0.318588322560 0.129765245299
19.4 -0.350568000000 0.328567000000 0.476697000000 -0.408914919946 0.844220324797 -0.321002605430 0.130529532108
19.5 -0.350415000000 0.332948000000 0.475913000000 -0.402302613697 0.846371591896 -0.323686214554 0.130518082853
19.6 -0.348634000000 0.338610000000 0.474997000000 -0.393546117402 0.849332962353 -0.326821116285 0.130165012539
19.7 -0.346256000000 0.344113000000 0.474253000000 -0.384047121028 0.851987295165 -0.330744340767 0.131276954406
19.8 -0.345415000000 0.348572000000 0.472375000000 -0.375996929026 0.854929910509 -0.332519033588 0.130966597964
19.9 -0.343940000000 0.352691000000 0.471147000000 -0.370331445506 0.857753933150 -0.332768923740 0.127975208646
20.0 -0.342166000000 0.357558000000 0.471553000000 -0.366371606442 0.858895033213 -0.334481660216 0.127252453395
20.1 -0.341398000000 0.360613000000 0.471473000000 -0.364956230335 0.859064551126 -0.336031217177 0.126087541101
20.2 -0.340817000000 0.362321000000 0.471369000000 -0.365119883784 0.858218736002 -0.338212982673 0.125539037724
20.3 -0.341298000000 0.363206000000 0.471395000000 -0.363678325749 0.857639729100 -0.341469408150 0.124863180112
20.4 -0.341808000000 0.363190000000 0.470289000000 -0.359331902970 0.859162871643 -0.343071719360 0.122562387680
20.5 -0.342739000000 0.362419000000 0.469921000000 -0.356106442763 0.860066973217 -0.344468339273 0.121715102768
20.6 -0.343564000000 0.361984000000 0.468569000000 -0.353738864295 0.861736728355 -0.344303468272 0.117191077422
20.7 -0.342140000000 0.363202000000 0.469085000000 -0.351120227503 0.862804973996 -0.344896322156 0.115449944349
20.8 -0.340935000000 0.366045000000 0.469296000000 -0.346569487512 0.864861346660 -0.344206958790 0.115870664532
20.9 -0.337899000000 0.370524000000 0.469326000000 -0.335989350422 0.870360275040 -0.340294913935 0.117403234990
21.0 -0.335939000000 0.373184000000 0.469744000000 -0.328757895003 0.874609497865 -0.336560237612 0.117062714714
21.1 -0.334569000000 0.373416000000 0.471312000000 -0.326090996131 0.875957998655 -0.335464608460 0.117582920976
21.2 -0.331880000000 0.373864000000 0.470670000000 -0.323040344538 0.876793562127 -0.335820535384 0.118754171412
21.3 -0.329146000000 0.371476000000 0.471937000000 -0.323144386398 0.877558548441 -0.333452655016 0.119490696124
21.4 -0.325958000000 0.371545000000 0.473171000000 -0.321055472300 0.877535193313 -0.334475114665 0.122400023995
21.5 -0.322689000000 0.369662000000 0.473503000000 -0.316506915381 0.878697891430 -0.334750110707 0.125122945517
21.6 -0.321069000000 0.364555000000 0.475728000000 -0.315153840311 0.879854867244 -0.332567595983 0.126223070896
21.7 -0.319459000000 0.361294000000 0.477494000000 -0.314886467227 0.880114262530 -0.331973079258 0.126646248645
21.8 -0.318883000000 0.355088000000 0.478488000000 -0.316308744492 0.880380130989 -0.329894922340 0.126684424190
21.9 -0.317212000000 0.350922000000 0.477541000000 -0.317931646094 0.880878831893 -0.326611565833 0.127659065479
22.0 -0.315452000000 0.348294000000 0.476810000000 -0.319576730953 0.881327640390 -0.323864588340 0.127452076239
22.1 -0.312860000000 0.343828000000 0.476423000000 -0.322172529040 0.881935668608 -0.320082642386 0.126259415538
22.2 -0.310397000000 0.338057000000 0.477106000000 -0.324495322907 0.882164005131 -0.317744205248 0.124611690842
22.3 -0.308167000000 0.332487000000 0.478955000000 -0.326086995963 0.882007757641 -0.316812478997 0.123933206516
22.4 -0.306532000000 0.328059000000 0.480303000000 -0.327063504102 0.882233804242 -0.315405087403 0.123339408857
22.5 -0.303715000000 0.323271000000 0.481911000000 -0.327361133211 0.883739324738 -0.310991282604 0.122979333710
22.6 -0.301170000000 0.319103000000 0.482826000000 -0.325972458431 0.887286640981 -0.303065872123 0.120894376359
22.7 -0.299106000000 0.315585000000 0.483473000000 -0.325576722676 0.889419206887 -0.297482675152 0.120155441226
22.8 -0.295102000000 0.309819000000 0.485440000000 -0.327551834882 0.890425673813 -0.292336050196 0.119964780811
22.9 -0.291216000000 0.304176000000 0.487229000000 -0.329584071833 0.890587505048 -0.289433706563 0.120234624596
23.0 -0.288575000000 0.300211000000 0.487443000000 -0.331001808028 0.891061882846 -0.286538504360 0.119758964339
23.1 -0.284748000000 0.294281000000 0.487076000000 -0.330768554797 0.893302670388 -0.280098712674 0.118942058979
23.2 -0.280232000000 0.286241000000 0.488942000000 -0.330169574263 0.895505710982 -0.273370389442 0.119692121733
23.3 -0.276998000000 0.280339000000 0.490784000000 -0.331352774664 0.895352599942 -0.271909643964 0.120889230369
23.4 -0.273488000000 0.272966000000 0.492808000000 -0.333614588567 0.893850564463 -0.273154458322 0.122959817029
23.5 -0.269642000000 0.265091000000 0.496019000000 -0.336146764594 0.892659468826 -0.273062900934 0.124904273351
23.6 -0.266638000000 0.260014000000 0.498836000000 -0.338915366489 0.891064244267 -0.274081589510 0.126570807210
23.7 -0.262453000000 0.254065000000 0.501705000000 -0.341865887347 0.890046100469 -0.273554643612 0.126939005300
23.8 -0.258745000000 0.249190000000 0.504203000000 -0.345609891693 0.890186678710 -0.269352308611 0.124783066388
23.9 -0.255337000000 0.245344000000 0.506859000000 -0.347670920644 0.890848824564 -0.265318865286 0.122960166050
24.0 -0.250979000000 0.239844000000 0.510585000000 -0.351395966637 0.890789825915 -0.261440220632 0.121092409812
24.1 -0.247002000000 0.235735000000 0.512291000000 -0.354859755669 0.891281164525 -0.256238436287 0.118466465037
24.2 -0.241898000000 0.229454000000 0.513962000000 -0.358687498356 0.891882978203 -0.249790336299 0.116158596783
24.3 -0.238879000000 0.225181000000 0.514036000000 -0.360607295832 0.892598573807 -0.245806454488 0.113178404133
24.4 -0.231254000000 0.222482000000 0.514394000000 -0.356089468699 0.897572579888 -0.236276108701 0.108339072233
24.5 -0.225256000000 0.213434000000 0.518228000000 -0.354273813912 0.899528630417 -0.231894377274 0.107532811854
24.6 -0.219671000000 0.210241000000 0.521095000000 -0.350947690969 0.900926848704 -0.231758197189 0.107026489818
24.7 -0.211207000000 0.208504000000 0.524489000000 -0.349084894171 0.902819078643 -0.228768982211 0.103548059751
24.8 -0.200962000000 0.209236000000 0.528326000000 -0.346555607814 0.906507408585 -0.219817589999 0.099114862654
24.9 -0.193861000000 0.209272000000 0.532112000000 -0.346219611229 0.908123025961 -0.215036955342 0.095935699071
25.0 -0.184512000000 0.210581000000 0.535698000000 -0.343602373343 0.910746357414 -0.210299233160 0.090844449601
25.1 -0.176460000000 0.209729000000 0.536973000000 -0.340699642930 0.913636782946 -0.205187593916 0.084199961159
25.2 -0.167603000000 0.209005000000 0.538963000000 -0.335095729680 0.917531011855 -0.198953107986 0.079153995841
25.3 -0.158097000000 0.205620000000 0.542417000000 -0.333976436402 0.919766887935 -0.191773040142 0.075575874871
25.4 -0.146521000000 0.202339000000 0.547105000000 -0.332554456097 0.921888750051 -0.185506316148 0.071526728775
25.5 -0.136833000000 0.200882000000 0.551250000000 -0.335987874130 0.921764884395 -0.182167903751 0.065394962934
25.6 -0.128916000000 0.198804000000 0.556365000000 -0.333438590853 0.923636512887 -0.178437961756 0.062243007619
25.7 -0.125206000000 0.196872000000 0.559765000000 -0.332137339042 0.925146494888 -0.174013012517 0.059230249745
25.8 -0.122548000000 0.196203000000 0.560846000000 -0.330359966142 0.926945612950 -0.169000710898 0.055433591975
25.9 -0.118822000000 0.194621000000 0.563320000000 -0.328294946085 0.929181933422 -0.161851496333 0.051453436344
26.0 -0.113267000000 0.191829000000 0.567465000000 -0.323710774426 0.931480750418 -0.158745680395 0.048525818669
26.1 -0.107325000000 0.188694000000 0.572151000000 -0.319327540792 0.933024255617 -0.159013570553 0.047014301029
26.2 -0.101530000000 0.185874000000 0.576058000000 -0.316376822409 0.934236542340 -0.157601459660 0.047639994869
26.3 -0.092645600000 0.183426000000 0.581821000000 -0.311528156417 0.935295830360 -0.160519813073 0.049043930122
26.4 -0.085901600000 0.182575000000 0.589957000000 -0.307133262452 0.935363479303 -0.167122785710 0.053238098942
26.5 -0.081152700000 0.185058000000 0.595077000000 -0.301968640794 0.936278880900 -0.170505549470 0.055898611416
26.6 -0.077504200000 0.187450000000 0.599386000000 -0.294644453056 0.938543356618 -0.171604243320 0.053600351730
26.7 -0.074552100000 0.190864000000 0.601394000000 -0.284131052475 0.942009013480 -0.171491153551 0.049793049679
26.8 -0.074549500000 0.192823000000 0.601791000000 -0.278427927035 0.944064995874 -0.170606113829 0.045964409457
26.9 -0.074999800000 0.195594000000 0.602109000000 -0.270911203488 0.947062951986 -0.167585792712 0.039923512895
27.0 -0.074157300000 0.197163000000 0.604345000000 -0.260340365600 0.950936943797 -0.163321381191 0.035608277231
27.1 -0.073516900000 0.197653000000 0.606854000000 -0.252822486579 0.953245204336 -0.162183942051 0.033177396392
27.2 -0.071655500000 0.199119000000 0.609846000000 -0.242050876510 0.956251668740 -0.161483631630 0.030284582352
27.3 -0.069433500000 0.203196000000 0.614133000000 -0.224450070847 0.961080388242 -0.158495065577 0.028739645455
27.4 -0.069135500000 0.203744000000 0.614751000000 -0.221139910645 0.961986307357 -0.157656366169 0.028704609087
27.5 -0.067614600000 0.205532000000 0.617243000000 -0.206558174496 0.965618783654 -0.155519400626 0.026977791449
27.6 -0.068300000000 0.208481000000 0.619240000000 -0.191608121019 0.968851331517 -0.155202350546 0.022927183930
27.7 -0.068488400000 0.212774000000 0.621500000000 -0.176141739860 0.971721577799 -0.155700900654 0.022101860906
27.8 -0.068009400000 0.217082000000 0.622928000000 -0.165461640866 0.973585157397 -0.155890846883 0.021270415034
27.9 -0.067380500000 0.223239000000 0.624705000000 -0.153260000935 0.975482718234 -0.156702715660 0.019725553115
28.0 -0.066164600000 0.232738000000 0.625064000000 -0.145738867375 0.976192633270 -0.159457977017 0.019526362968
28.1 -0.064911700000 0.239114000000 0.625398000000 -0.141276137716 0.976840609414 -0.159322547769 0.020971468326
28.2 -0.062690700000 0.247124000000 0.625936000000 -0.137088159756 0.977148464730 -0.160493513164 0.025090766466
28.3 -0.060131900000 0.254434000000 0.625088000000 -0.128305170742 0.978631947765 -0.158736424059 0.024900635585
28.4 -0.058337100000 0.257586000000 0.626006000000 -0.120482652170 0.979684721325 -0.158110106789 0.026513608958
28.5 -0.054345800000 0.262083000000 0.628436000000 -0.108714979257 0.981612669923 -0.154123895761 0.029384422518
28.6 -0.051652600000 0.265182000000 0.633623000000 -0.097288056224 0.983239701467 -0.150203175661 0.034838622202
28.7 -0.053846100000 0.268266000000 0.635336000000 -0.090725210471 0.983995913574 -0.149698270529 0.033337757214
28.8 -0.055771500000 0.273637000000 0.633797000000 -0.085760284646 0.984578425969 -0.150644167274 0.023597278675
28.9 -0.057728000000 0.278909000000 0.631295000000 -0.083740454722 0.985646787031 -0.145688343922 0.016212769748
29.0 -0.058371100000 0.283580000000 0.629456000000 -0.082906185174 0.986376920169 -0.141370621132 0.014194481284
29.1 -0.059879300000 0.287316000000 0.628378000000 -0.082120402089 0.986746330812 -0.139552327138 0.010633258200
29.2 -0.062510400000 0.291370000000 0.627308000000 -0.082682172614 0.986754479578 -0.139352269389 0.007758890414
29.3 -0.064595900000 0.291008000000 0.627359000000 -0.081783142447 0.986933531392 -0.138641042784 0.007237643376
29.4 -0.065638900000 0.288819000000 0.631714000000 -0.073095444300 0.986381413342 -0.146687682832 0.013837887904
29.5 -0.066782600000 0.291346000000 0.633625000000 -0.071641929128 0.985972895154 -0.149397117417 0.020134182880
29.6 -0.065182000000 0.290726000000 0.634016000000 -0.077372975266 0.985770528976 -0.146710377774 0.027312121008
29.7 -0.065617300000 0.288412000000 0.635145000000 -0.080980403733 0.985121383149 -0.148376159655 0.031024988650
29.8 -0.065937700000 0.284527000000 0.639117000000 -0.085403733335 0.984271950348 -0.150877794638 0.033923755334
29.9 -0.067903700000 0.281220000000 0.644223000000 -0.088260621664 0.983473933743 -0.152917097733 0.040068011322
30.0 -0.070960000000 0.279029000000 0.648055000000 -0.091426627075 0.982840019100 -0.153839125272 0.044723508955
30.1 -0.073609400000 0.279860000000 0.651130000000 -0.092494390217 0.982646150687 -0.153015187691 0.049372893929
30.2 -0.078935400000 0.279187000000 0.651983000000 -0.093172808710 0.982990670656 -0.149599038133 0.051655560298
30.3 -0.079497900000 0.277786000000 0.652187000000 -0.088083585598 0.984005495807 -0.146073097195 0.051352862089
30.4 -0.082290900000 0.273723000000 0.652641000000 -0.085132093210 0.984496562955 -0.144001032460 0.052751747700
30.5 -0.083161400000 0.270425000000 0.654352000000 -0.084304060277 0.984113068924 -0.145087992811 0.057997994243
30.6 -0.085313800000 0.267532000000 0.654950000000 -0.085012629384 0.983868077542 -0.144452040315 0.062530527647
30.7 -0.088949500000 0.262915000000 0.654974000000 -0.083234273155 0.983924568650 -0.142932444525 0.067341037133
30.8 -0.094018400000 0.257136000000 0.656464000000 -0.086618780024 0.983943448160 -0.140074352734 0.068787015316
30.9 -0.096477600000 0.253838000000 0.658119000000 -0.089843180400 0.983210576822 -0.141778598978 0.071582074794
31.0 -0.099684200000 0.251263000000 0.659100000000 -0.093906647172 0.982324208793 -0.143784250841 0.074476705392
31.1 -0.102495000000 0.251160000000 0.659607000000 -0.098786293255 0.981244024324 -0.146609791127 0.076857024005
31.2 -0.103212000000 0.252468000000 0.659390000000 -0.099042833809 0.981120494220 -0.147587326363 0.076230400686
31.3 -0.101422000000 0.253449000000 0.661338000000 -0.092778524452 0.981153586679 -0.152020805359 0.074963054130
31.4 -0.099536500000 0.258839000000 0.662327000000 -0.083080543297 0.981300826174 -0.156760860362 0.074648138178
31.5 -0.100104000000 0.266061000000 0.662393000000 -0.071700390643 0.982222856922 -0.156727187637 0.074390200819
31.6 -0.098360400000 0.273354000000 0.661984000000 -0.056830507573 0.983376910743 -0.157385724963 0.070497364517
31.7 -0.097441400000 0.282230000000 0.660530000000 -0.041812190154 0.984656140042 -0.156201455820 0.065613503423
31.8 -0.090678800000 0.290690000000 0.657296000000 -0.028031162221 0.985367912977 -0.156344930588 0.061810943206
31.9 -0.085986900000 0.294686000000 0.657243000000 -0.019891429642 0.985334206984 -0.157779967568 0.061857201750
32.0 -0.079306400000 0.302058000000 0.658604000000 -0.013640928823 0.984398048696 -0.162277835228 0.066635658451
32.1 -0.073345600000 0.309597000000 0.659811000000 -0.010496563111 0.983941161484 -0.164747080217 0.067882342766
32.2 -0.071135300000 0.314007000000 0.662456000000 -0.010020354405 0.983583908008 -0.166772544585 0.068185092046
32.3 -0.067364900000 0.323625000000 0.665148000000 -0.004939044111 0.982608835306 -0.172216321790 0.069260530830
32.4 -0.064422600000 0.333402000000 0.666810000000 0.001096890004 0.980996687646 -0.180359749301 0.071516826632
32.5 -0.061768900000 0.340051000000 0.667303000000 0.006283346302 0.979061126776 -0.189355431462 0.074460393301
32.6 -0.055952100000 0.352515000000 0.665288000000 0.010907355649 0.976821412767 -0.199177156329 0.077649324211
32.7 -0.051666900000 0.362627000000 0.661844000000 0.011233278386 0.976554748343 -0.201528615579 0.074838853867
32.8 -0.047896400000 0.372063000000 0.658094000000 0.017887003894 0.975191936134 -0.209545892522 0.069074320255
32.9 -0.047871000000 0.374153000000 0.657305000000 0.019102337615 0.974577878197 -0.212451451649 0.068537877990
33.0 -0.045958700000 0.379975000000 0.655857000000 0.026339995053 0.972208937563 -0.222149248833 0.069034032374
33.1 -0.043297400000 0.384635000000 0.655224000000 0.034638311495 0.968952029715 -0.233480790540 0.073612987554
33.2 -0.038509500000 0.395659000000 0.649991000000 0.038654845792 0.966016605274 -0.244193770388 0.075413020995
33.3 -0.036454000000 0.403999000000 0.644173000000 0.038744672073 0.965803458943 -0.246726641785 0.069631123167
33.4 -0.035914100000 0.409688000000 0.641849000000 0.041199666937 0.964553496161 -0.252367795956 0.065189232637
33.5 -0.034982600000 0.413362000000 0.640062000000 0.044176097885 0.963545960740 -0.256521963404 0.061839600655
33.6 -0.032933400000 0.419109000000 0.636098000000 0.048980316347 0.962770885082 -0.259291942128 0.058658675365
33.7 -0.031626500000 0.422742000000 0.631224000000 0.053600831833 0.962865557280 -0.258766636709 0.055287405047
33.8 -0.030543200000 0.425538000000 0.627095000000 0.055999215081 0.962878642572 -0.258663792079 0.053121090496
33.9 -0.029818600000 0.427277000000 0.623384000000 0.058533723573 0.962501582748 -0.259806542183 0.051624287412
34.0 -0.029968000000 0.430699000000 0.619905000000 0.062882111037 0.961153235049 -0.263862495655 0.051057636585
34.1 -0.029104000000 0.434889000000 0.614929000000 0.064346454719 0.960022082054 -0.267468576262 0.051746463134
34.2 -0.028872700000 0.439694000000 0.606919000000 0.065706998356 0.959469730381 -0.269269809964 0.050933253302
34.3 -0.031672500000 0.442083000000 0.602659000000 0.068882181748 0.957057585146 -0.276725786446 0.052142716340
34.4 -0.033757900000 0.443350000000 0.599358000000 0.072370064836 0.954199425394 -0.285418296567 0.052937947432
34.5 -0.035744300000 0.446267000000 0.593210000000 0.073877996156 0.952076639386 -0.292614030092 0.049690480095
34.6 -0.036492100000 0.451787000000 0.589703000000 0.069213172251 0.949675016411 -0.301701713348 0.047989333762
34.7 -0.036007800000 0.456826000000 0.587078000000 0.065439157717 0.948715339214 -0.305854933584 0.045931267997
34.8 -0.035493100000 0.462804000000 0.581353000000 0.064097086046 0.946147255928 -0.314486218608 0.042371593852
34.9 -0.034271100000 0.467935000000 0.571891000000 0.059004236049 0.943949563307 -0.322392235018 0.039255176238
35.0 -0.032895900000 0.470203000000 0.563456000000 0.054931463207 0.944551726473 -0.322032632966 0.033159518555
35.1 -0.032623500000 0.472116000000 0.559207000000 0.055013163808 0.945185534563 -0.320407754674 0.030606009311
35.2 -0.032969600000 0.473871000000 0.553656000000 0.055162186075 0.945891402076 -0.318192692523 0.031622762855
35.3 -0.032946800000 0.472720000000 0.546623000000 0.054631673006 0.944870542332 -0.321222751879 0.032418855818
35.4 -0.032898800000 0.470661000000 0.540797000000 0.051387296397 0.943326639631 -0.326182836679 0.033150471915
35.5 -0.032303800000 0.468481000000 0.531647000000 0.046198230934 0.942413137200 -0.329968726872 0.029048951396
35.6 -0.031203200000 0.467305000000 0.523892000000 0.041991277356 0.942084703377 -0.331860439982 0.024120378612
35.7 -0.030071200000 0.466022000000 0.520946000000 0.039972014675 0.941272475569 -0.334485612549 0.022972587505
35.8 -0.027073700000 0.464335000000 0.521297000000 0.040341186879 0.939036451568 -0.340486682167 0.025533322037
35.9 -0.025748900000 0.464757000000 0.519769000000 0.039976447600 0.937509494550 -0.344630736629 0.026598620942
36.0 -0.024630700000 0.465345000000 0.517471000000 0.039764420287 0.937237559064 -0.345382019902 0.026754608708
36.1 -0.022343400000 0.466325000000 0.514175000000 0.040989560819 0.936387724786 -0.347518203476 0.026999685672
36.2 -0.020593100000 0.467916000000 0.509947000000 0.041222892860 0.935868129297 -0.349085117665 0.024312513143
36.3 -0.018743200000 0.469317000000 0.507121000000 0.040415878340 0.934920853435 -0.351839620490 0.022325681242
36.4 -0.016607000000 0.471315000000 0.504093000000 0.040313129767 0.932940087192 -0.357202126013 0.020106875686
36.5 -0.013253200000 0.473929000000 0.501217000000 0.041728651006 0.929362380671 -0.366206550790 0.020905674775
36.6 -0.010552800000 0.477647000000 0.497567000000 0.039681046291 0.926997211752 -0.372333640348 0.021662045967
36.7 -0.007808830000 0.483350000000 0.492610000000 0.034279995181 0.924346013260 -0.379383484509 0.021851805037
36.8 -0.006520320000 0.490342000000 0.486230000000 0.027117965438 0.921623084502 -0.386642835809 0.019565877988
36.9 -0.006991910000 0.495746000000 0.480843000000 0.022104651655 0.919978256527 -0.391081804963 0.014367105440
37.0 -0.007547870000 0.498229000000 0.478643000000 0.018039305957 0.919482830934 -0.392560752003 0.011043688047
37.1 -0.008929080000 0.500629000000 0.476567000000 0.012545188887 0.919547828130 -0.392708972514 0.007353429424
37.2 -0.009882830000 0.500663000000 0.477181000000 0.012593054257 0.921438559512 -0.388266191703 0.006462229463
37.3 -0.010738900000 0.500375000000 0.478750000000 0.013084456249 0.922785945075 -0.385028760105 0.006910171425
37.4 -0.010883500000 0.501194000000 0.479243000000 0.012102961773 0.924288371222 -0.381433646373 0.007273139230
37.5 -0.010111600000 0.501388000000 0.478869000000 0.012269751930 0.925843893496 -0.377652111313 0.006435905894
37.6 -0.010379200000 0.501207000000 0.478595000000 0.011431313353 0.926350289834 -0.376446401951 0.005707193418
37.7 -0.010889500000 0.501318000000 0.478362000000 0.011659633818 0.926122544237 -0.377012689019 0.004745346434
37.8 -0.011550900000 0.501934000000 0.478019000000 0.011695731030 0.925604838635 -0.378282669468 0.004595057165
37.9 -0.011944600000 0.503953000000 0.477459000000 0.011983036182 0.924590192027 -0.380732966005 0.005638461520
38.0 -0.011525300000 0.507253000000 0.475826000000 0.009712773530 0.924020386234 -0.382175751024 0.005803721494
38.1 -0.012635100000 0.509325000000 0.475081000000 0.007761389947 0.922889269025 -0.384942602244 0.005860965990
38.2 -0.014174500000 0.510180000000 0.474768000000 0.007089225669 0.921588122337 -0.388045350686 0.006773585336
38.3 -0.017279300000 0.510792000000 0.474695000000 0.007661575243 0.920351532969 -0.390941107178 0.007707577072
38.4 -0.018913500000 0.511118000000 0.472942000000 0.006842218966 0.918671988853 -0.394838361393 0.009880754520
38.5 -0.020207700000 0.511693000000 0.471818000000 0.004701411056 0.918313320900 -0.395696268196 0.010149124497
38.6 -0.022985400000 0.512968000000 0.469741000000 0.002104644607 0.917309444068 -0.398039834980 0.010160908612
38.7 -0.025383600000 0.513189000000 0.468393000000 0.001501091041 0.915949128362 -0.401187390776 0.009144313001
38.8 -0.027543600000 0.514601000000 0.467489000000 0.001183722677 0.914654553001 -0.404135185170 0.008966581417
38.9 -0.028420700000 0.517326000000 0.465161000000 0.001441988054 0.913889948424 -0.405827893407 0.010334591061
39.0 -0.030541000000 0.523300000000 0.461284000000 -0.000189718280 0.914429931765 -0.404591755494 0.011107442824
39.1 -0.031841100000 0.527464000000 0.459558000000 -0.001527959358 0.915813204212 -0.401476878662 0.010007808514
39.2 -0.034501300000 0.531736000000 0.457470000000 -0.003102421304 0.916419315754 -0.400151693830 0.006680914605
39.3 -0.038046900000 0.536697000000 0.454437000000 -0.003551731972 0.916837174810 -0.399242917763 0.001439688626
39.4 -0.040929800000 0.543207000000 0.451835000000 0.003953173917 -0.916003775381 0.401150101022 0.000228807441
39.5 -0.042275700000 0.547284000000 0.451564000000 0.002790048795 -0.916322563558 0.400429523909 0.001171120908
39.6 -0.042671500000 0.551996000000 0.451162000000 0.001950739141 -0.916715359898 0.399533701799 0.001401667132
39.7 -0.042547200000 0.556396000000 0.449885000000 -0.001127192677 -0.917658295906 0.397332578864 0.005366858089
39.8 -0.041325700000 0.560871000000 0.448220000000 -0.003632840376 -0.917810442827 0.396927374737 0.007710557257
39.9 -0.038592500000 0.566491000000 0.448069000000 -0.004772584849 -0.918400877001 0.395578895345 0.005864223233
40.0 -0.037139000000 0.572050000000 0.447533000000 -0.004126934191 -0.919413837815 0.393219056042 0.006319589715
40.1 -0.037207100000 0.575823000000 0.447861000000 -0.002087505984 -0.919185056111 0.393777371818 0.005818623936
40.2 -0.038835400000 0.581314000000 0.449028000000 -0.000062813286 -0.918353530804 0.395753544627 0.002433193522
40.3 -0.038673800000 0.586276000000 0.449140000000 -0.003009087833 0.917093198329 -0.398661291190 0.000431133885
40.4 -0.037966700000 0.589852000000 0.451374000000 -0.004261220465 0.915515090259 -0.402242768022 0.003836284978
40.5 -0.038327400000 0.593204000000 0.453368000000 -0.004723784447 0.911929414472 -0.410273301981 0.006184380482
40.6 -0.039673300000 0.596104000000 0.448526000000 -0.005664705263 0.908766368435 -0.417235193448 0.005137320663
40.7 -0.040815300000 0.598006000000 0.447157000000 -0.007207210401 0.907216388233 -0.420534213092 0.007580017067
40.8 -0.040945900000 0.599566000000 0.446675000000 -0.007617231794 0.907346421913 -0.420232039038 0.008335573635
40.9 -0.041514600000 0.599594000000 0.448628000000 -0.005777860766 0.905834158388 -0.423520577660 0.007836716182
41.0 -0.043488700000 0.598695000000 0.448486000000 -0.005678876916 0.902511416275 -0.430596325370 0.005262929646
41.1 -0.046085000000 0.599162000000 0.447092000000 -0.006046438722 0.898311098682 -0.439309990375 0.002709782251
41.2 -0.047796400000 0.599298000000 0.447142000000 -0.005720180485 0.896717428586 -0.442559168100 0.002552554937
41.3 -0.048431100000 0.600834000000 0.446211000000 -0.006290358344 0.896320111862 -0.443353525022 0.002887960403
41.4 -0.048441700000 0.601300000000 0.446183000000 -0.006785984119 0.896950614812 -0.442071328421 0.002546683252
41.5 -0.048106000000 0.602440000000 0.445964000000 -0.008765724343 0.897595943300 -0.440718265738 0.003477771214
41.6 -0.047348100000 0.603301000000 0.445920000000 -0.011565623019 0.897102898351 -0.441652587582 0.003951963736
41.7 -0.047436800000 0.603853000000 0.445991000000 -0.012428689769 0.896669108231 -0.442510088668 0.003854794744
41.8 -0.047829800000 0.605166000000 0.447585000000 -0.015016229969 0.894940194261 -0.445886748206 0.006447426493
41.9 -0.047469200000 0.608803000000 0.445975000000 -0.017740628731 0.890145844162 -0.455269017323 0.007467802806
42.0 -0.048771400000 0.611040000000 0.444968000000 -0.018182636523 0.888783459167 -0.457903656349 0.007589199046
42.1 -0.050613600000 0.614169000000 0.443409000000 -0.020269344615 0.888316210153 -0.458720126145 0.007701319211
42.2 -0.052390700000 0.614591000000 0.445026000000 -0.020469467753 0.888005666843 -0.459331024325 0.006476622351
42.3 -0.054474000000 0.614883000000 0.444032000000 -0.018826911765 0.887297827771 -0.460789080194 0.004640668067
42.4 -0.057885400000 0.615545000000 0.442425000000 -0.018298392900 0.886155872020 -0.463022382018 0.001792498781
42.5 -0.060701000000 0.615772000000 0.442523000000 -0.016199400111 0.885681126443 -0.464010907652 0.000631885821
42.6 -0.062477300000 0.617042000000 0.442256000000 -0.017345876903 0.881281222889 -0.472273411012 0.000593286729
42.7 -0.063615000000 0.618232000000 0.441403000000 -0.018664084515 0.879728185009 -0.475110292740 0.000426827793
42.8 -0.065502200000 0.621157000000 0.439522000000 -0.021427681887 0.878956105783 -0.476419902770 0.001046326880
42.9 -0.066963800000 0.625013000000 0.437680000000 -0.025413235010 0.878055330579 -0.477861624992 0.004612080726
43.0 -0.068595000000 0.626995000000 0.436850000000 -0.028062902791 0.877740696699 -0.478271242099 0.006353095844
43.1 -0.070844800000 0.631215000000 0.434876000000 -0.033600848883 0.878048338646 -0.477331585591 0.007526974933
43.2 -0.070965000000 0.631985000000 0.434930000000 -0.035167417130 0.878250616977 -0.476835479582 0.008187304979
43.3 -0.071448200000 0.632557000000 0.435560000000 -0.036857974644 0.878538012280 -0.476164779599 0.008919268715
43.4 -0.072329400000 0.633440000000 0.436805000000 -0.038311214977 0.877530772041 -0.477865455865 0.010798195188
43.5 -0.073225000000 0.633219000000 0.439083000000 -0.038112275717 0.875237908796 -0.482016425481 0.012892750413
43.6 -0.074018200000 0.633364000000 0.440700000000 -0.039322896722 0.872240700431 -0.487275844669 0.014564391727
43.7 -0.074828000000 0.634911000000 0.439196000000 -0.039974505324 0.870554625740 -0.490263731467 0.013347514192
43.8 -0.075415100000 0.635012000000 0.438657000000 -0.037605126099 0.870937749137 -0.489843338690 0.010334174417
43.9 -0.077513900000 0.634301000000 0.438573000000 -0.035449236646 0.871252414978 -0.489485107871 0.008179864862
44.0 -0.079808100000 0.632639000000 0.439238000000 -0.032421521840 0.870104523732 -0.491758848112 0.006340189702
44.1 -0.080879700000 0.631353000000 0.439882000000 -0.029103961463 0.868583006646 -0.494666546771 0.004639773551
44.2 -0.081533600000 0.630561000000 0.440214000000 -0.026148446323 0.867097817193 -0.497443589211 0.002740388303
44.3 -0.083947900000 0.630097000000 0.439672000000 -0.025870987598 0.867314976224 -0.497086891839 0.000214430702
44.4 -0.085659400000 0.629944000000 0.439593000000 0.025857567309 -0.868955013417 0.494208415155 0.002571626019
44.5 -0.087725900000 0.629474000000 0.440606000000 0.025260437405 -0.871896502580 0.489001552290 0.005990070884
44.6 -0.088809000000 0.627841000000 0.443281000000 0.024888384949 -0.874438806108 0.484433879602 0.007820419523
44.7 -0.091288600000 0.625351000000 0.446032000000 0.025519732900 -0.877912550850 0.478030807348 0.010239312430
44.8 -0.093426500000 0.623650000000 0.449849000000 0.030169854708 -0.881217226815 0.471647531241 0.009725497664
44.9 -0.094625600000 0.620577000000 0.455328000000 0.036815048744 -0.884506755149 0.465012962666 0.007442905027
45.0 -0.097434100000 0.616521000000 0.464081000000 0.050012146011 -0.888928282401 0.455301265460 0.002460014008
45.1 -0.099229700000 0.611130000000 0.474133000000 -0.061375233010 0.893597785683 -0.444643049291 0.002938862416
45.2 -0.099738000000 0.607057000000 0.479744000000 -0.065638078098 0.894911544199 -0.441338386515 0.006737904065
45.3 -0.099002000000 0.600620000000 0.483471000000 -0.073077938557 0.895917496198 -0.438110019802 0.007146009548
45.4 -0.098520300000 0.595799000000 0.485422000000 -0.079959706443 0.896466490962 -0.435783981803 0.006826209189
45.5 -0.097303700000 0.591454000000 0.487196000000 -0.085241173230 0.896418180928 -0.434896056014 0.005814443278
45.6 -0.096508000000 0.586870000000 0.486545000000 -0.093038452339 0.896156488213 -0.433857019548 0.003934667522
45.7 -0.095820900000 0.583574000000 0.485354000000 -0.099491691303 0.896991975392 -0.430692554867 0.003274542082
45.8 -0.094125200000 0.580526000000 0.485570000000 -0.103873750219 0.897745994461 -0.428083839363 0.002569031237
45.9 -0.092884500000 0.576419000000 0.485504000000 -0.110809994611 0.897933572013 -0.425949705729 0.001814810326
46.0 -0.091390600000 0.571974000000 0.486739000000 -0.115345204944 0.897976179877 -0.424654713711 0.001624251604
46.1 -0.089273900000 0.568125000000 0.487422000000 -0.117933324306 0.898706926019 -0.422389880505 0.002093081392
46.2 -0.088072700000 0.565850000000 0.486927000000 -0.121032815476 0.899627338375 -0.419548015334 0.001082800230
46.3 -0.085968500000 0.560926000000 0.488471000000 -0.126370353462 0.901817813108 -0.413224290151 0.000922905904
46.4 -0.083086600000 0.554944000000 0.489957000000 0.132631454404 -0.902849046903 0.408989070273 0.000660458519
46.5 -0.081486700000 0.550216000000 0.490217000000 0.138100829967 -0.903631597528 0.405430918302 0.001966519011
46.6 -0.080202300000 0.543304000000 0.490154000000 0.143933185709 -0.905411619558 0.399372247249 0.003852966114
46.7 -0.078771500000 0.535887000000 0.490372000000 0.148789042817 -0.906768647124 0.394462228407 0.005656119784
46.8 -0.076769300000 0.530623000000 0.491416000000 0.153142223460 -0.906877227005 0.392525745506 0.006685330817
46.9 -0.072771900000 0.524970000000 0.492379000000 0.158081555569 -0.905839536185 0.392948768631 0.007498113379
47.0 -0.070361200000 0.521345000000 0.490707000000 0.162542874766 -0.905064622354 0.392904161085 0.008010207736
47.1 -0.069674700000 0.518585000000 0.489374000000 0.167030601292 -0.905383323224 0.390233688020 0.009974216470
47.2 -0.066800200000 0.513354000000 0.490001000000 0.170539523783 -0.905556901321 0.388276776096 0.011140666140
47.3 -0.065175600000 0.508938000000 0.490321000000 0.175224430190 -0.905489849673 0.386330267279 0.011552306623
47.4 -0.063975500000 0.505309000000 0.489884000000 0.178672835722 -0.905919526008 0.383720689204 0.012010947053
47.5 -0.063392500000 0.501213000000 0.489666000000 0.185647138896 -0.906422689259 0.379211653550 0.011470397877
47.6 -0.061949600000 0.497226000000 0.490128000000 0.193339988216 -0.906524151571 0.375137657735 0.010263981896
47.7 -0.060993200000 0.493742000000 0.490918000000 0.199089485743 -0.906308708272 0.372654557689 0.009822556187
47.8 -0.061092400000 0.490010000000 0.493996000000 0.206134703756 -0.904857461588 0.372372776630 0.008942781547
47.9 -0.061934000000 0.485070000000 0.495597000000 0.209115923089 -0.904418549662 0.371758145710 0.009669479577
48.0 -0.064494700000 0.479416000000 0.496044000000 0.211551941376 -0.903845316642 0.371720105214 0.011557814020
48.1 -0.067939800000 0.473954000000 0.495763000000 0.213830766695 -0.903891292792 0.370220949980 0.013906193795
48.2 -0.072055800000 0.464966000000 0.496364000000 0.218380173552 -0.903351097633 0.368916137877 0.012952892307
48.3 -0.077051500000 0.454630000000 0.497706000000 0.231098080780 -0.901224256482 0.366435323649 0.010661621375
48.4 -0.083365000000 0.446784000000 0.498205000000 0.242224109400 -0.899173285885 0.364286279228 0.010506642751
48.5 -0.088081100000 0.436188000000 0.498630000000 0.256203940999 -0.897005399812 0.359988773474 0.012203945982
48.6 -0.092472100000 0.427624000000 0.498051000000 0.268911670636 -0.894241922350 0.357569692108 0.012720573618
48.7 -0.096146500000 0.422718000000 0.497308000000 0.278966897805 -0.891935493837 0.355626278280 0.012589478148
48.8 -0.100106000000 0.419523000000 0.496806000000 0.289701100717 -0.889798117733 0.352433899161 0.011087319097
48.9 -0.101808000000 0.418054000000 0.497546000000 0.296272100962 -0.888464006653 0.350390384987 0.009007173923
49.0 -0.103171000000 0.417882000000 0.498383000000 0.300773895306 -0.887136414238 0.349953488012 0.007523474170
49.1 -0.104156000000 0.416993000000 0.500123000000 0.308948445033 -0.884423526912 0.349705946737 0.007185692198
49.2 -0.104635000000 0.416309000000 0.501817000000 0.317763018823 -0.881051121728 0.350311658409 0.007571443285
49.3 -0.105461000000 0.415923000000 0.502152000000 0.323719861422 -0.879233695164 0.349397133132 0.008672022116
49.4 -0.107037000000 0.414539000000 0.502358000000 0.331059321021 -0.877615013655 0.346543769291 0.009951368690
49.5 -0.110092000000 0.412432000000 0.502226000000 0.340889534775 -0.874910493925 0.343800604752 0.011273724904
49.6 -0.111166000000 0.410295000000 0.502156000000 0.347493502145 -0.872889017935 0.342257465879 0.013147447857
49.7 -0.113145000000 0.406471000000 0.501918000000 0.357177298566 -0.870196209237 0.339034437294 0.015446201699
49.8 -0.114734000000 0.401689000000 0.502126000000 0.366772745563 -0.866942240433 0.336994274276 0.017993442433
49.9 -0.114038000000 0.396717000000 0.502217000000 0.373812332738 -0.864970638170 0.334164764915 0.020592350196
50.0 -0.114706000000 0.392123000000 0.502292000000 0.379205132220 -0.863506857326 0.331657175528 0.023725365519
50.1 -0.116426000000 0.383978000000 0.501687000000 0.387342808593 -0.862148570458 0.325405920980 0.027863554684
50.2 -0.115872000000 0.377832000000 0.500744000000 0.394117149928 -0.859665803690 0.323823604753 0.028011624425
50.3 -0.115905000000 0.374697000000 0.499578000000 0.397169555520 -0.860283824926 0.318303051374 0.029176227042
50.4 -0.115215000000 0.370922000000 0.499149000000 0.400121668898 -0.861300730110 0.311750000032 0.029591212714
50.5 -0.114600000000 0.369227000000 0.499346000000 0.402485375967 -0.862191252760 0.306359288066 0.027852332274
50.6 -0.113170000000 0.367921000000 0.500224000000 0.404131487562 -0.862652497640 0.303040059289 0.025983293516
50.7 -0.111684000000 0.366866000000 0.501364000000 0.402510725005 -0.864284258580 0.300968479057 0.020391450186
50.8 -0.112395000000 0.367267000000 0.500744000000 0.404941283170 -0.864814542742 0.296439874639 0.015548780351
50.9 -0.111408000000 0.366554000000 0.501182000000 0.409953853711 -0.864968023800 0.289152784278 0.012602498790
51.0 -0.111993000000 0.366055000000 0.501437000000 0.411696962323 -0.864649815278 0.287650301918 0.011983820784
51.1 -0.111276000000 0.365406000000 0.503373000000 0.414337709514 -0.863764380087 0.286549892862 0.011158721597
51.2 -0.111146000000 0.365463000000 0.504097000000 0.414298513694 -0.864031852463 0.285861194182 0.009438068684
51.3 -0.111568000000 0.365693000000 0.505277000000 0.415912471298 -0.864035390253 0.283464767592 0.010362728589
51.4 -0.112856000000 0.363614000000 0.508155000000 0.421485502361 -0.862207599364 0.280584786917 0.014839280599
51.5 -0.114938000000 0.363241000000 0.509855000000 0.429219894299 -0.859136016023 0.277779975313 0.022223267645
51.6 -0.116749000000 0.361839000000 0.511202000000 0.434899006848 -0.856860840916 0.275473033909 0.027694055979
51.7 -0.117992000000 0.360893000000 0.513366000000 0.443018832995 -0.853381939495 0.273078187699 0.030031356246
51.8 -0.117645000000 0.360526000000 0.515352000000 0.449975075877 -0.850256807316 0.271433155246 0.030163470225
51.9 -0.118716000000 0.359554000000 0.517318000000 0.456184166713 -0.847361582595 0.270209827083 0.029342865054
52.0 -0.119369000000 0.358628000000 0.520709000000 0.464891575641 -0.842395801358 0.271097246345 0.027412037066
52.1 -0.119632000000 0.358816000000 0.523775000000 0.473102770268 -0.837371241941 0.272620335803 0.025716229156
52.2 -0.120110000000 0.358410000000 0.526749000000 0.480546917786 -0.832664083828 0.274242046428 0.023162108709
52.3 -0.121796000000 0.358848000000 0.529441000000 0.486983024341 -0.827908813284 0.277421900092 0.021251358518
52.4 -0.123832000000 0.359273000000 0.531761000000 0.491749590800 -0.824128450262 0.280361054202 0.019806986213
52.5 -0.125725000000 0.359398000000 0.533310000000 0.496142349068 -0.821623492659 0.279966443264 0.019909706650
52.6 -0.127845000000 0.360092000000 0.534793000000 0.502873225967 -0.818528820305 0.276932486985 0.020916180054
52.7 -0.130266000000 0.360322000000 0.537334000000 0.510497990888 -0.814974967165 0.273370139814 0.021825921551
52.8 -0.131677000000 0.361408000000 0.539419000000 0.515309783444 -0.813154904678 0.269672490059 0.022620260622
52.9 -0.133930000000 0.362330000000 0.544503000000 0.517942321316 -0.811719360284 0.268673870870 0.025725144172
53.0 -0.137443000000 0.363563000000 0.549758000000 0.519418649518 -0.811099054086 0.267142774663 0.030940732677
53.1 -0.140572000000 0.363798000000 0.553674000000 0.518522964835 -0.812273092663 0.264697663152 0.035798114410
53.2 -0.145695000000 0.362874000000 0.559655000000 0.521494131855 -0.810866982824 0.262458923542 0.040668415996
53.3 -0.147950000000 0.364339000000 0.565312000000 0.523411210572 -0.809339020004 0.263321907786 0.040897777774
53.4 -0.150386000000 0.364973000000 0.569987000000 0.525706074756 -0.807248329180 0.265436931148 0.039070367075
53.5 -0.151593000000 0.365727000000 0.572676000000 0.526336456524 -0.806485914397 0.266578129708 0.038555222397
53.6 -0.153926000000 0.366212000000 0.575223000000 0.528510493695 -0.805709796722 0.264447124301 0.039700125544
53.7 -0.154826000000 0.365926000000 0.577169000000 0.530014484484 -0.805983696405 0.260360896365 0.041074700357
53.8 -0.156687000000 0.364826000000 0.579650000000 0.528780546235 -0.807469704360 0.258014782910 0.042569734126
53.9 -0.159251000000 0.363108000000 0.583137000000 0.528670658965 -0.808015887704 0.256555621665 0.042389533597
54.0 -0.161714000000 0.361817000000 0.588300000000 0.528222307044 -0.807234797068 0.260026481267 0.041706184010
54.1 -0.164357000000 0.361064000000 0.591782000000 0.526973966796 -0.806972758558 0.263274577205 0.042188887898
54.2 -0.168068000000 0.359640000000 0.595951000000 0.526796380808 -0.806306984421 0.265714967452 0.041835106231
54.3 -0.172579000000 0.359161000000 0.598865000000 0.526898625203 -0.806617148682 0.264479417348 0.042394009124
54.4 -0.175527000000 0.358908000000 0.600629000000 0.525839898735 -0.807575024758 0.263508109959 0.043341161389
54.5 -0.179101000000 0.357802000000 0.603128000000 0.527455969513 -0.807142630089 0.261821808877 0.041956111761
54.6 -0.182072000000 0.357044000000 0.605330000000 0.527639299789 -0.806405128464 0.264186089201 0.038900493281
54.7 -0.183219000000 0.357142000000 0.606676000000 0.527132959337 -0.806452883265 0.265383199571 0.036556088954
54.8 -0.184970000000 0.358267000000 0.607946000000 0.525738193534 -0.806483535879 0.268447966323 0.033456652444
54.9 -0.186635000000 0.360071000000 0.610562000000 0.523678744763 -0.806976062063 0.271325555240 0.030539328998
55.0 -0.188864000000 0.361029000000 0.612932000000 0.524330536980 -0.805955101148 0.273382517990 0.027854295574
55.1 -0.190229000000 0.363400000000 0.614616000000 0.523832376735 -0.805649301378 0.275573397766 0.024251736368
55.2 -0.192372000000 0.364158000000 0.615599000000 0.527145756984 -0.803324072598 0.276134807166 0.023180887594
55.3 -0.193712000000 0.365395000000 0.616311000000 0.530374126608 -0.801236754067 0.276007836496 0.023294290069
55.4 -0.194487000000 0.365356000000 0.616990000000 0.534024300635 -0.799238384584 0.274772730282 0.023151622671
55.5 -0.195625000000 0.365686000000 0.617199000000 0.540070089239 -0.795712068023 0.273170501833 0.023334104639
55.6 -0.196171000000 0.364162000000 0.619412000000 0.546540805792 -0.791359239531 0.272792990981 0.025053656097
55.7 -0.197967000000 0.362374000000 0.621642000000 0.552399386436 -0.787523984119 0.272027666333 0.025726271640
55.8 -0.200388000000 0.359709000000 0.624700000000 0.560346215252 -0.782799058867 0.269112314053 0.028571225311
55.9 -0.203802000000 0.356128000000 0.628729000000 0.564591674832 -0.779896054641 0.268641264754 0.028814155159
56.0 -0.205892000000 0.355135000000 0.629382000000 0.565706348724 -0.779596170469 0.266958340074 0.030649350202
56.1 -0.211337000000 0.351571000000 0.630278000000 0.568162452041 -0.779838452684 0.260703977885 0.032815418947
56.2 -0.216937000000 0.347338000000 0.632953000000 0.567921785523 -0.781120517456 0.257314600230 0.033238219669
56.3 -0.222854000000 0.343149000000 0.635449000000 0.567502458927 -0.782213854898 0.255141976060 0.031384970439
56.4 -0.231121000000 0.337243000000 0.638495000000 0.566097904378 -0.783139048978 0.255917867365 0.027063587862
56.5 -0.238553000000 0.332283000000 0.641330000000 0.562900965968 -0.784970067739 0.257659984918 0.023996404701
56.6 -0.243797000000 0.328264000000 0.643173000000 0.560570062068 -0.786327984415 0.258814095721 0.021558531850
56.7 -0.249502000000 0.323881000000 0.644371000000 0.559536861267 -0.787353857502 0.258222747670 0.017703574402
56.8 -0.252592000000 0.321866000000 0.644548000000 0.560394957482 -0.786370741086 0.259462884053 0.016048706837
56.9 -0.254471000000 0.321282000000 0.644553000000 0.559754984402 -0.787363114344 0.257805867485 0.016426146783
57.0 -0.255520000000 0.320951000000 0.644646000000 0.563092559990 -0.785863985348 0.255118429762 0.016098205258
57.1 -0.255827000000 0.320756000000 0.645054000000 0.568198559977 -0.783039417458 0.252592256843 0.014029217003
57.2 -0.255235000000 0.320577000000 0.645717000000 0.569503386054 -0.781634900303 0.254319512331 0.005861872393
57.3 -0.255069000000 0.319598000000 0.646590000000 -0.567950269085 0.781149087087 -0.259299035653 0.001614217704
57.4 -0.254836000000 0.318727000000 0.646777000000 -0.567521950674 0.778845758271 -0.266916136682 0.008596296050
57.5 -0.253251000000 0.319765000000 0.646931000000 -0.566027227200 0.777961624170 -0.272623427216 0.008084325541
57.6 -0.254586000000 0.319326000000 0.647332000000 -0.563397821377 0.778223765041 -0.277243388439 0.009315039462
57.7 -0.256271000000 0.318648000000 0.645007000000 -0.563509756240 0.778897091546 -0.275241055956 0.004293776853
57.8 -0.257262000000 0.316314000000 0.644939000000 -0.562845802759 0.779941012353 -0.273668395344 0.001492968998
57.9 -0.258434000000 0.316165000000 0.644786000000 -0.558887190923 0.782758405882 -0.273700808066 0.004717362322
58.0 -0.258506000000 0.316568000000 0.643502000000 -0.557392115950 0.784125231384 -0.272836898703 0.004655887667
58.1 -0.259585000000 0.316299000000 0.643276000000 -0.558245629609 0.782848400337 -0.274764193795 0.003851872332
58.2 -0.260622000000 0.315255000000 0.642842000000 -0.556782633226 0.782353408848 -0.278907593404 0.011260432699
58.3 -0.259695000000 0.318484000000 0.638987000000 -0.555315709982 0.783577426902 -0.278044081065 0.017954589418
58.4 -0.260309000000 0.319684000000 0.636964000000 -0.555831609404 0.783558390797 -0.277209775453 0.015563116424
58.5 -0.261853000000 0.319599000000 0.635307000000 -0.556326577918 0.785033279347 -0.272275933967 0.009450121849
58.6 -0.261903000000 0.317501000000 0.635660000000 0.560558069247 -0.784023145492 0.266612726390 0.000111635321
58.7 -0.262545000000 0.317098000000 0.636605000000 0.562277922695 -0.782721584539 0.266795386915 0.003268067811
58.8 -0.261534000000 0.317405000000 0.637700000000 0.563250252612 -0.781422046566 0.268559434443 0.002137345480
58.9 -0.261210000000 0.318250000000 0.638259000000 0.562553755216 -0.780992166085 0.271264269377 0.000452952200
59.0 -0.261407000000 0.319088000000 0.638744000000 0.562391263482 -0.781234493477 0.270902342357 0.000808620176
59.1 -0.262093000000 0.319744000000 0.639555000000 0.562868842697 -0.781262271608 0.269825557860 0.001448173895
59.2 -0.263021000000 0.321174000000 0.640763000000 0.563663333741 -0.781161477596 0.268455049268 0.001509515879
59.3 -0.264125000000 0.321820000000 0.641291000000 0.562942254898 -0.781687606279 0.268438335819 0.001167777036
59.4 -0.267083000000 0.321977000000 0.642465000000 0.563437518846 -0.781991982242 0.266499498829 0.002172369472
59.5 -0.268876000000 0.321393000000 0.644502000000 0.563890444832 -0.781099587015 0.268161334319 0.000707225846
59.6 -0.272231000000 0.321708000000 0.645920000000 -0.564078134752 0.779564358688 -0.272199906282 0.001574667447
59.7 -0.275879000000 0.322817000000 0.645367000000 -0.565347326844 0.777757079330 -0.274698558167 0.004126466248
59.8 -0.278821000000 0.323283000000 0.645390000000 -0.566140061934 0.776365915763 -0.276970410493 0.005365335659
59.9 -0.282909000000 0.323879000000 0.645971000000 -0.567864851179 0.774138216702 -0.279597889184 0.008034463323
60.0 -0.285714000000 0.324525000000 0.646554000000 -0.572168671884 0.770986456240 -0.279546286786 0.007534504165
60.1 -0.286935000000 0.325385000000 0.647296000000 -0.579076341390 0.766917456554 -0.276557043835 0.004940362346
60.2 -0.289712000000 0.323873000000 0.647262000000 -0.587242936392 0.762144513444 -0.272541867929 0.001550648226
60.3 -0.290291000000 0.320425000000 0.646461000000 0.597258883969 -0.755593562993 0.268981202080 0.003050575670
60.4 -0.289603000000 0.317825000000 0.646860000000 0.602094934732 -0.751290129096 0.270198777407 0.006119818607
60.5 -0.288416000000 0.315526000000 0.647885000000 0.604618232683 -0.748844836756 0.271317957785 0.007400605075
60.6 -0.288012000000 0.312881000000 0.649209000000 0.608278750837 -0.745112795753 0.273454875466 0.005129714405
60.7 -0.285969000000 0.309525000000 0.651036000000 0.612589832707 -0.740202218369 0.277185472338 0.001608325008
60.8 -0.285738000000 0.308677000000 0.650778000000 -0.612591348858 0.738915288567 -0.280598049277 0.000877705418
60.9 -0.286118000000 0.308674000000 0.647976000000 0.612286643826 -0.738801956978 0.281558384522 0.001268961736
61.0 -0.286065000000 0.306987000000 0.645521000000 0.615741696085 -0.736186558488 0.280850318689 0.003822734071
61.1 -0.286269000000 0.310622000000 0.641566000000 0.610700302303 -0.741328148519 0.278340555261 0.002062104986
61.2 -0.285832000000 0.308680000000 0.637009000000 0.612645375768 -0.742780502200 0.270027034926 0.005307495679
61.3 -0.283251000000 0.308744000000 0.637506000000 -0.610368397911 0.743729529458 -0.272582536902 0.003945430119
61.4 -0.280872000000 0.314120000000 0.635781000000 -0.607198625752 0.744234261591 -0.278147280250 0.007699561568
61.5 -0.277168000000 0.318528000000 0.635740000000 -0.606471591418 0.744217631361 -0.279807582852 0.006327918542
61.6 -0.273144000000 0.322469000000 0.634420000000 0.604155551611 -0.748310007408 0.273907828234 0.001644354739
61.7 -0.270989000000 0.323632000000 0.632675000000 0.602694142710 -0.751419145811 0.268431002706 0.008592696793
61.8 -0.265225000000 0.325358000000 0.630913000000 0.603770589180 -0.752365210459 0.263029490907 0.014938294557
61.9 -0.261756000000 0.328804000000 0.628233000000 0.610861203557 -0.747580061298 0.260127321518 0.017504814727
62.0 -0.259222000000 0.329496000000 0.625163000000 0.612917118755 -0.746805043752 0.257389919381 0.019111817414
62.1 -0.255443000000 0.329492000000 0.620504000000 0.613219650277 -0.747856134205 0.253343027354 0.022139863066
62.2 -0.249324000000 0.330053000000 0.615024000000 0.616483306090 -0.746957969482 0.247783810645 0.024603014485
62.3 -0.246224000000 0.328761000000 0.611912000000 0.607645690262 -0.756929163968 0.238360507843 0.031768288288
62.4 -0.241322000000 0.328253000000 0.613264000000 0.609848103118 -0.757323705462 0.231211444161 0.032975208224
62.5 -0.234736000000 0.331432000000 0.615626000000 0.613694494628 -0.755615930299 0.227570315134 0.025206840549
62.6 -0.228179000000 0.334121000000 0.616065000000 0.613045256591 -0.757362548050 0.223728672585 0.022868433385
62.7 -0.220990000000 0.333447000000 0.619465000000 0.613264825019 -0.755397022940 0.230481803512 0.012638448388
62.8 -0.213428000000 0.336908000000 0.624116000000 -0.612503807348 0.749885950165 -0.249900945339 0.007724328327
62.9 -0.209424000000 0.340795000000 0.622070000000 -0.598942696689 0.759837410003 -0.252753862015 0.005499243571
63.0 -0.210507000000 0.341264000000 0.616866000000 0.587651166639 -0.770119627018 0.248089927587 0.005766650590
63.1 -0.207122000000 0.342482000000 0.614091000000 0.578152625095 -0.778366486789 0.244373589242 0.012911360146
63.2 -0.204770000000 0.348299000000 0.611105000000 0.568614802341 -0.786835059292 0.239044339446 0.020630070456
63.3 -0.200822000000 0.352742000000 0.609885000000 0.562116392447 -0.792406980470 0.235463348304 0.025948993225
63.4 -0.198388000000 0.356332000000 0.608370000000 0.553320296709 -0.799112569066 0.232857215567 0.032144492059
63.5 -0.195541000000 0.358826000000 0.606798000000 0.541136810621 -0.807847809508 0.230804165119 0.035809303635
63.6 -0.193561000000 0.360715000000 0.606159000000 0.537600563637 -0.810330038717 0.229972318220 0.038256962533
63.7 -0.190937000000 0.363431000000 0.605429000000 0.534331369717 -0.812712698673 0.228739112917 0.040822481231
63.8 -0.187398000000 0.364238000000 0.603651000000 0.531227844316 -0.815145414292 0.226331595098 0.045923197210
63.9 -0.186603000000 0.363069000000 0.601893000000 0.529439387873 -0.816798994054 0.222976011977 0.053056912500
64.0 -0.184560000000 0.363406000000 0.598445000000 0.523240537028 -0.821750347336 0.217391198133 0.060718811231
64.1 -0.180860000000 0.365862000000 0.594181000000 0.520640000827 -0.824754264235 0.209633979598 0.069050617395
64.2 -0.178567000000 0.367249000000 0.590534000000 0.518837666297 -0.826831966611 0.203469747423 0.075871186267
64.3 -0.173371000000 0.367249000000 0.588183000000 0.519015882986 -0.826845466644 0.200291937927 0.082657287033
64.4 -0.168365000000 0.364562000000 0.592213000000 0.524795924059 -0.821529856010 0.206693338028 0.083401425586
64.5 -0.159318000000 0.367576000000 0.597240000000 0.520836759097 -0.820923441072 0.220859569254 0.077684135704
64.6 -0.155884000000 0.368400000000 0.598523000000 0.517580168491 -0.821525919440 0.227021118952 0.075281766871
64.7 -0.151879000000 0.368532000000 0.601626000000 0.518700271414 -0.819354554776 0.232670023329 0.073978390405
64.8 -0.147863000000 0.369446000000 0.604639000000 0.516770021610 -0.819319074335 0.237143952851 0.073673230023
64.9 -0.145796000000 0.370420000000 0.605914000000 0.514708453718 -0.820065540160 0.238680060262 0.074830116575
65.0 -0.144694000000 0.370942000000 0.607738000000 0.512358799015 -0.820581125254 0.241434451229 0.076449223067
65.1 -0.142343000000 0.372709000000 0.610492000000 0.510565567932 -0.820721864968 0.244291245555 0.077847341328
65.2 -0.140623000000 0.374466000000 0.612398000000 0.509059200887 -0.820830277232 0.246665107911 0.079074082421
65.3 -0.140499000000 0.376059000000 0.613086000000 0.508595646810 -0.820869409932 0.246841815427 0.081074028146
65.4 -0.136880000000 0.379366000000 0.613284000000 0.507861984311 -0.821068146028 0.247172553377 0.082637965414
65.5 -0.135120000000 0.381233000000 0.613309000000 0.507190133459 -0.821508794842 0.246364088797 0.084771482649
65.6 -0.135906000000 0.381709000000 0.614059000000 0.507063738780 -0.821544661871 0.245827078699 0.086716669353
65.7 -0.133433000000 0.383525000000 0.615763000000 0.506272909680 -0.821378317451 0.247787814845 0.087330403414
65.8 -0.132475000000 0.384640000000 0.615223000000 0.506143414139 -0.821285749757 0.247870513157 0.088706089293
65.9 -0.131327000000 0.384039000000 0.615536000000 0.508265059768 -0.820205125560 0.246681271084 0.089880651540
66.0 -0.130878000000 0.383153000000 0.616649000000 0.508899378176 -0.819083159645 0.248588879034 0.091256614544
66.1 -0.129309000000 0.383791000000 0.617493000000 0.509708221704 -0.817671669261 0.252152573446 0.089608312782
66.2 -0.128749000000 0.383722000000 0.618925000000 0.512514828265 -0.815529734446 0.254124374971 0.087524882678
66.3 -0.125630000000 0.384745000000 0.619489000000 0.508629811824 -0.817383865186 0.256043419049 0.087298906173
66.4 -0.124201000000 0.385108000000 0.620151000000 0.508688051446 -0.817075947807 0.256376745509 0.088850020782
66.5 -0.123151000000 0.385722000000 0.620438000000 0.507815526641 -0.817542413152 0.256526277817 0.089118249473
66.6 -0.122436000000 0.387217000000 0.619175000000 0.507547241175 -0.817971968368 0.255602786972 0.089358112289
