0.0 -0.561622000000 0.341771000000 0.672383000000 -0.473092895677 0.802925772649 -0.322424021499 0.165939947081
0.1 -0.562304000000 0.342447000000 0.670442000000 -0.474283273727 0.802772199047 -0.321764655298 0.164559045030
0.2 -0.562265000000 0.343086000000 0.669495000000 -0.476366939201 0.801944780609 -0.321039173610 0.163990722597
0.3 -0.560573000000 0.343806000000 0.668737000000 -0.477510462557 0.802066919468 -0.318775250218 0.164483296090
0.4 -0.563124000000 0.343187000000 0.666403000000 -0.480410167175 0.800923463156 -0.316286149838 0.166405375097
0.5 -0.562637000000 0.343463000000 0.665297000000 -0.480452633630 0.801752279018 -0.313920170843 0.166771329265
0.6 -0.561806000000 0.340811000000 0.666199000000 -0.479911536503 0.802862390611 -0.312365194208 0.165906251605
0.7 -0.562147000000 0.339664000000 0.668523000000 -0.477602492922 0.803326253017 -0.313553784108 0.168067886404
0.8 -0.563258000000 0.338673000000 0.670563000000 -0.476395353269 0.802889156303 -0.315649389157 0.169652389313
0.9 -0.563662000000 0.337488000000 0.674132000000 -0.471992470432 0.804329136613 -0.317481386841 0.171707067008
1.0 -0.566438000000 0.334226000000 0.674467000000 -0.469283397563 0.804872971920 -0.319500653248 0.172834962951
1.1 -0.565681000000 0.332585000000 0.675339000000 -0.468571978836 0.805445004872 -0.320004629823 0.171159813241
1.2 -0.565776000000 0.331734000000 0.674214000000 -0.467646537373 0.806415078639 -0.320335596041 0.168483064243
1.3 -0.566907000000 0.331403000000 0.672867000000 -0.467239658980 0.807039287538 -0.319534888953 0.168143225222
1.4 -0.568005000000 0.329532000000 0.672031000000 -0.467443410675 0.807654557320 -0.317771697040 0.167964050965
1.5 -0.568441000000 0.325714000000 0.671454000000 -0.470860940201 0.807497087191 -0.313783500531 0.166668365220
1.6 -0.567061000000 0.322205000000 0.672517000000 -0.469655152793 0.808244050612 -0.312846894735 0.168203485574
1.7 -0.567374000000 0.318055000000 0.673947000000 -0.470758631192 0.807159950816 -0.312315335374 0.171284138925
1.8 -0.569247000000 0.312447000000 0.672461000000 -0.474930872719 0.804492879634 -0.311205402417 0.174307401630
1.9 -0.567808000000 0.306465000000 0.675857000000 -0.480385193214 0.801689380866 -0.309450531317 0.175398322158
2.0 -0.570544000000 0.297752000000 0.679030000000 -0.486006691410 0.796096338081 -0.311465945482 0.181706029628
2.1 -0.572188000000 0.294001000000 0.679174000000 -0.488672836604 0.793910946710 -0.312335439451 0.182622125503
2.2 -0.572938000000 0.286807000000 0.680097000000 -0.491844232690 0.792157659420 -0.311074607844 0.183869741248
2.3 -0.571898000000 0.280417000000 0.682465000000 -0.494969512556 0.790592663641 -0.309917194062 0.184173164882
2.4 -0.572982000000 0.274769000000 0.681919000000 -0.496812098685 0.789294488543 -0.309280263987 0.185843125413
2.5 -0.572161000000 0.269264000000 0.681661000000 -0.498785154067 0.788937074395 -0.307186372963 0.185548362947
2.6 -0.571888000000 0.264038000000 0.681559000000 -0.500443490681 0.788118414855 -0.305186631372 0.187847802311
2.7 -0.570305000000 0.259985000000 0.681347000000 -0.501783082480 0.787793328945 -0.303400126163 0.188530561051
2.8 -0.570375000000 0.253782000000 0.681211000000 -0.504383325210 0.786668014617 -0.302219054060 0.188187511253
2.9 -0.569575000000 0.250242000000 0.682318000000 -0.504603058503 0.786051045286 -0.302816444837 0.189213393528
3.0 -0.570285000000 0.249283000000 0.681789000000 -0.505739086127 0.785182515251 -0.302421753080 0.190413964222
3.1 -0.569889000000 0.246072000000 0.680596000000 -0.505956122385 0.785890257095 -0.299004974255 0.192304267751
3.2 -0.570395000000 0.244021000000 0.681143000000 -0.507658803390 0.784878973272 -0.298955206784 0.192024271885
3.3 -0.570593000000 0.243034000000 0.682561000000 -0.509363925505 0.783633246105 -0.300157105857 0.190717169643
3.4 -0.571845000000 0.242602000000 0.683879000000 -0.511328402122 0.781843752762 -0.302805660610 0.188606318434
3.5 -0.574030000000 0.243784000000 0.683484000000 -0.513846277225 0.779875011702 -0.302992789951 0.189611019572
3.6 -0.574317000000 0.244871000000 0.681610000000 -0.517855122309 0.777961420493 -0.300371282007 0.190733304560
3.7 -0.572291000000 0.239326000000 0.679009000000 -0.515280637253 0.779495769210 -0.301510891647 0.189640166827
3.8 -0.572724000000 0.238343000000 0.676253000000 -0.521448296688 0.776521288765 -0.299905474123 0.187518181966
3.9 -0.573181000000 0.237144000000 0.673477000000 -0.523231561987 0.775599052967 -0.298052528230 0.189313316998
4.0 -0.571784000000 0.236647000000 0.673301000000 -0.526136103922 0.773994554051 -0.297174570922 0.189210213377
4.1 -0.571759000000 0.235769000000 0.673314000000 -0.528875557836 0.771361253087 -0.297330637840 0.192059765079
4.2 -0.573077000000 0.234170000000 0.672356000000 -0.538259996516 0.763535033739 -0.299331053486 0.194142599197
4.3 -0.575084000000 0.234034000000 0.671703000000 -0.543507718608 0.758670679121 -0.300738188758 0.196404435488
4.4 -0.577701000000 0.232638000000 0.670615000000 -0.546614965357 0.756677287390 -0.299515456053 0.197337411510
4.5 -0.578447000000 0.229079000000 0.671031000000 -0.548959435300 0.755261146301 -0.298698932076 0.197491992899
4.6 -0.578625000000 0.228049000000 0.671636000000 -0.550461711994 0.753993756510 -0.298808189223 0.197987335012
4.7 -0.580661000000 0.228446000000 0.671368000000 -0.551782999821 0.752125376257 -0.299427743306 0.200464375981
4.8 -0.582370000000 0.228959000000 0.671943000000 -0.553021519421 0.748910062906 -0.302472539886 0.204478065695
4.9 -0.584041000000 0.229645000000 0.671819000000 -0.554728107872 0.745749800528 -0.304814110124 0.207899782633
5.0 -0.586672000000 0.229277000000 0.670072000000 -0.555527659696 0.742708907169 -0.308008061503 0.211904536463
5.1 -0.589711000000 0.229672000000 0.665439000000 -0.556306662484 0.740895143611 -0.310498961792 0.212573935786
5.2 -0.593710000000 0.228049000000 0.660941000000 -0.558987339563 0.739751547191 -0.310603864234 0.209346703246
5.3 -0.594560000000 0.227375000000 0.659135000000 -0.558430605758 0.739346160492 -0.312341603954 0.209678887726
5.4 -0.598293000000 0.227172000000 0.653926000000 -0.562202800891 0.735931034079 -0.314714732335 0.208058071224
5.5 -0.599859000000 0.227109000000 0.650769000000 -0.564685477742 0.733491403971 -0.316060769909 0.207909262064
5.6 -0.601462000000 0.227593000000 0.646336000000 -0.567626289220 0.731722019297 -0.315052357483 0.207666305180
5.7 -0.600971000000 0.227039000000 0.643627000000 -0.571775831601 0.729053849859 -0.314303202063 0.206800337467
5.8 -0.600719000000 0.226633000000 0.643054000000 -0.575243464436 0.724238229863 -0.317049391357 0.209889557788
5.9 -0.602926000000 0.226220000000 0.638567000000 -0.579367645575 0.719155618039 -0.320367218953 0.210981452560
6.0 -0.602519000000 0.225401000000 0.635467000000 -0.582926270778 0.715342659590 -0.321024138490 0.213132223549
6.1 -0.602360000000 0.224863000000 0.632256000000 -0.587632724835 0.710650224349 -0.322160302496 0.214188652434
6.2 -0.603212000000 0.224003000000 0.629123000000 -0.590907817755 0.707821624137 -0.322284258657 0.214358008812
6.3 -0.604878000000 0.222883000000 0.624326000000 -0.595181976706 0.703680633277 -0.322966094492 0.215139217171
6.4 -0.607997000000 0.221107000000 0.618435000000 -0.598677951610 0.701499216542 -0.321769737281 0.214354369252
6.5 -0.609266000000 0.219106000000 0.615113000000 -0.600724827133 0.700149451594 -0.320905371658 0.214336580966
6.6 -0.609554000000 0.217855000000 0.613557000000 -0.602686976494 0.698001500603 -0.321119227806 0.215510452309
6.7 -0.609000000000 0.219381000000 0.613133000000 -0.603381914191 0.694080881073 -0.324496027848 0.221097996523
6.8 -0.612844000000 0.217590000000 0.607635000000 -0.604678977948 0.691433789703 -0.325336568549 0.224585763684
6.9 -0.614063000000 0.215553000000 0.600906000000 -0.609040869218 0.688743335827 -0.324086003924 0.222867895928
7.0 -0.610492000000 0.215806000000 0.597193000000 -0.612641739561 0.686043341660 -0.322601225171 0.223479488611
7.1 -0.608510000000 0.213949000000 0.595423000000 -0.614403534105 0.681540697678 -0.325430213129 0.228266841811
7.2 -0.608479000000 0.212101000000 0.589576000000 -0.615663611430 0.679389703509 -0.325816071622 0.230720254421
7.3 -0.607376000000 0.208601000000 0.584955000000 -0.616526646671 0.678972397869 -0.325997578033 0.229383861670
7.4 -0.606959000000 0.204313000000 0.581370000000 -0.614917886637 0.681751077103 -0.325056020620 0.226781932751
7.5 -0.607056000000 0.201655000000 0.579877000000 -0.613057517734 0.684251100987 -0.324627497003 0.224895306615
7.6 -0.607886000000 0.198736000000 0.578442000000 -0.607046980910 0.690185723201 -0.323122484822 0.225232080886
7.7 -0.606935000000 0.198598000000 0.580713000000 -0.602510705584 0.693015407451 -0.324792473791 0.226319119080
7.8 -0.607821000000 0.198061000000 0.580009000000 -0.595815472688 0.694777276719 -0.329067711727 0.232385239116
7.9 -0.608807000000 0.197146000000 0.578917000000 -0.590942106024 0.696369167223 -0.331984844557 0.235888688269
8.0 -0.611246000000 0.197341000000 0.575657000000 -0.599803719721 0.690268485855 -0.332477510331 0.230702449854
8.1 -0.611083000000 0.199286000000 0.573445000000 -0.597098914917 0.692685283010 -0.328490849850 0.236122311676
8.2 -0.613171000000 0.198248000000 0.570246000000 -0.600607206106 0.690502620484 -0.327801140714 0.234570942839
8.3 -0.613071000000 0.199155000000 0.569852000000 -0.599892078073 0.689089885299 -0.329228603597 0.238522852609
8.4 -0.615180000000 0.198111000000 0.567053000000 -0.601918307381 0.687416046602 -0.328708421891 0.238965067514
8.5 -0.616128000000 0.198420000000 0.562666000000 -0.607357692760 0.685323749139 -0.327224225210 0.233178683303
8.6 -0.614747000000 0.198811000000 0.560238000000 -0.611519645292 0.683173550018 -0.325867301927 0.230495391521
8.7 -0.612883000000 0.199931000000 0.558782000000 -0.614649756894 0.680341165870 -0.326726820798 0.229327623597
8.8 -0.610905000000 0.198576000000 0.556323000000 -0.616970842278 0.678082088998 -0.327376142233 0.228859174723
8.9 -0.609850000000 0.197860000000 0.549431000000 -0.617839861799 0.675840398720 -0.331146049121 0.227719025957
9.0 -0.609184000000 0.197645000000 0.548353000000 -0.618030753217 0.675616138702 -0.331387644755 0.227514944798
9.1 -0.610042000000 0.195842000000 0.541510000000 -0.620498406998 0.675697694142 -0.329978118443 0.222550655791
9.2 -0.607414000000 0.193651000000 0.538417000000 -0.621977781810 0.677042077751 -0.327773525428 0.217536617418
9.3 -0.606884000000 0.190869000000 0.533721000000 -0.625429118789 0.675746451371 -0.326375967256 0.213737874109
9.4 -0.606154000000 0.189707000000 0.530580000000 -0.628002433359 0.674820548842 -0.325114214043 0.211023501967
9.5 -0.605782000000 0.187321000000 0.526709000000 -0.632841102730 0.670489529036 -0.325067594580 0.210444741211
9.6 -0.604424000000 0.185801000000 0.523142000000 -0.638571951082 0.665378473773 -0.323958486960 0.211064560402
9.7 -0.603026000000 0.184809000000 0.521840000000 -0.640262391778 0.662843179007 -0.324727348324 0.212732552676
9.8 -0.602067000000 0.184333000000 0.519839000000 -0.641999656562 0.659380194709 -0.326829391699 0.215027320410
9.9 -0.602265000000 0.183304000000 0.517054000000 -0.642139935626 0.658392615830 -0.327622372814 0.216423305875
10.0 -0.601599000000 0.180838000000 0.516511000000 -0.641240671852 0.659327218196 -0.327878889474 0.215855168911
10.1 -0.601683000000 0.178644000000 0.515449000000 -0.637954728615 0.661051367636 -0.330875444775 0.215745900608
10.2 -0.601798000000 0.175938000000 0.514262000000 -0.634142414735 0.662289838085 -0.334497796030 0.217593181544
10.3 -0.602240000000 0.173082000000 0.513623000000 -0.631695964226 0.662341485520 -0.337369529986 0.220103988101
10.4 -0.603290000000 0.170236000000 0.510796000000 -0.630040038909 0.663017294603 -0.339198941341 0.220003851379
10.5 -0.602704000000 0.168987000000 0.510050000000 -0.629597993081 0.662313075726 -0.339983782783 0.222168369206
10.6 -0.603233000000 0.167583000000 0.507567000000 -0.629624746142 0.661154342933 -0.341500277689 0.223215533072
10.7 -0.603422000000 0.167113000000 0.504145000000 -0.631512872475 0.660124664481 -0.340645553711 0.222233044299
10.8 -0.601933000000 0.166863000000 0.501649000000 -0.631583146520 0.661087841724 -0.339517132782 0.220892985637
10.9 -0.601243000000 0.165934000000 0.498807000000 -0.630436854158 0.662343118515 -0.339319342035 0.220711011045
11.0 -0.600638000000 0.164150000000 0.496749000000 -0.629662934554 0.663747861708 -0.338607859300 0.219790997422
11.1 -0.597837000000 0.160668000000 0.493476000000 -0.629596435736 0.661746452554 -0.342685735319 0.219696261802
11.2 -0.596804000000 0.158987000000 0.490723000000 -0.629232902941 0.662134866847 -0.343023815507 0.219038886860
11.3 -0.596055000000 0.158501000000 0.490726000000 -0.629810302124 0.662114796948 -0.342434647933 0.218360918884
11.4 -0.594665000000 0.156715000000 0.487999000000 -0.631275286825 0.660981006655 -0.342989177458 0.216688821199
11.5 -0.593086000000 0.155696000000 0.485566000000 -0.631237386158 0.661252491762 -0.342080437861 0.217406252183
11.6 -0.592194000000 0.154801000000 0.483221000000 -0.631464737364 0.660367618166 -0.341317508941 0.220611088647
11.7 -0.590972000000 0.152175000000 0.477703000000 -0.632259811387 0.659391404565 -0.339740944731 0.223666262463
11.8 -0.589181000000 0.150816000000 0.473271000000 -0.633773723524 0.659027509729 -0.336438582852 0.225438880320
11.9 -0.587934000000 0.148144000000 0.470671000000 -0.637418231682 0.656338354754 -0.335735106851 0.224053341922
12.0 -0.586539000000 0.145197000000 0.467878000000 -0.639255272988 0.654987247072 -0.334015303771 0.225340140624
12.1 -0.585393000000 0.140108000000 0.465851000000 -0.638264915931 0.656608809962 -0.333569796885 0.224084712504
12.2 -0.584831000000 0.137392000000 0.464141000000 -0.636621867884 0.658325425190 -0.334860320914 0.221785475983
12.3 -0.583911000000 0.133917000000 0.463639000000 -0.634463755148 0.660170866375 -0.336020015677 0.220727704782
12.4 -0.584014000000 0.130221000000 0.463553000000 -0.633759018412 0.658745407669 -0.338001474914 0.223962044578
12.5 -0.583961000000 0.128220000000 0.463309000000 -0.633506691060 0.657320612123 -0.339879183152 0.226011119461
12.6 -0.584279000000 0.126517000000 0.463899000000 -0.635177799658 0.653935667986 -0.340605828978 0.230010813275
12.7 -0.584707000000 0.123459000000 0.464296000000 -0.638368387575 0.649563912873 -0.339799194802 0.234710528204
12.8 -0.585114000000 0.119717000000 0.462681000000 -0.641668082063 0.645906439620 -0.339363987368 0.236429752353
12.9 -0.582621000000 0.116493000000 0.463552000000 -0.642704874384 0.645414573694 -0.339315773957 0.235021867177
13.0 -0.580066000000 0.112082000000 0.464388000000 -0.641844838236 0.644773145946 -0.340422883027 0.237518535295
13.1 -0.577867000000 0.106875000000 0.463708000000 -0.640749888101 0.645173619386 -0.339676164374 0.240438526660
13.2 -0.573783000000 0.102639000000 0.465732000000 -0.642519103458 0.644179087976 -0.338159192000 0.240522067952
13.3 -0.569047000000 0.095191400000 0.467742000000 -0.645144308183 0.641034941808 -0.337859758078 0.242309324772
13.4 -0.565265000000 0.086848800000 0.466920000000 -0.647144315785 0.640153221507 -0.335754980951 0.242232698675
13.5 -0.561794000000 0.079691700000 0.465697000000 -0.649578179333 0.639549656771 -0.332718393135 0.241501338148
13.6 -0.556644000000 0.068673100000 0.466263000000 -0.653056037082 0.638235774355 -0.328376430878 0.241540531605
13.7 -0.553349000000 0.057957100000 0.466916000000 -0.657853558817 0.633626851673 -0.325320842983 0.244769395781
13.8 -0.550848000000 0.050016800000 0.467729000000 -0.661301593134 0.630186141844 -0.322735103347 0.247765378158
13.9 -0.547928000000 0.041741800000 0.470024000000 -0.664631857059 0.628426990384 -0.318404933160 0.248922298877
14.0 -0.544844000000 0.038079900000 0.473375000000 -0.667696967750 0.627550065508 -0.315866175017 0.246150835908
14.1 -0.543122000000 0.037954500000 0.475794000000 -0.669349870697 0.627842385846 -0.312173409325 0.245626650922
14.2 -0.540916000000 0.038729100000 0.476402000000 -0.673108749289 0.626280783637 -0.307950925442 0.244669612329
14.3 -0.539872000000 0.040205200000 0.477814000000 -0.680062694244 0.621656097988 -0.305359759545 0.240445097647
14.4 -0.540958000000 0.038955400000 0.479678000000 -0.684638835255 0.618758038195 -0.304340362262 0.236188694328
14.5 -0.543997000000 0.035993400000 0.484257000000 -0.688210551020 0.617503696896 -0.302864395838 0.230929815135
14.6 -0.549506000000 0.029898800000 0.489140000000 -0.688203716422 0.616317691113 -0.305386643296 0.230796764321
14.7 -0.556191000000 0.024741200000 0.493197000000 -0.688591587366 0.614563796218 -0.307126265366 0.232005222589
14.8 -0.561801000000 0.021742100000 0.495084000000 -0.689087135683 0.612973771704 -0.308668829669 0.232692131860
14.9 -0.569899000000 0.018486500000 0.496761000000 -0.690196754821 0.610655330465 -0.308646764842 0.235511531695
15.0 -0.577286000000 0.014301900000 0.498435000000 -0.693314025066 0.607065778329 -0.307339034383 0.237338411078
15.1 -0.581403000000 0.010683800000 0.500534000000 -0.694950520366 0.604764231081 -0.306559609590 0.239426825598
15.2 -0.586666000000 0.006122830000 0.505287000000 -0.697024172402 0.600428859143 -0.306863873185 0.243879174039
15.3 -0.591915000000 0.000823914000 0.508430000000 -0.699384554366 0.596652545412 -0.305565615240 0.247985160745
15.4 -0.595877000000 -0.002349750000 0.511304000000 -0.700546563198 0.594535053473 -0.303834827174 0.251886841220
15.5 -0.602168000000 -0.009781830000 0.514255000000 -0.700482790291 0.591765329553 -0.304079419094 0.258211855129
15.6 -0.609314000000 -0.018327500000 0.518249000000 -0.700793797171 0.590951719866 -0.302428541529 0.261153395348
15.7 -0.615191000000 -0.024734200000 0.520923000000 -0.700088260676 0.591107087692 -0.301167734003 0.264134121499
15.8 -0.624041000000 -0.032679600000 0.523238000000 -0.700146757240 0.589880030719 -0.301444002732 0.266397411589
15.9 -0.634618000000 -0.039837500000 0.523500000000 -0.702145689560 0.588735087622 -0.299228968558 0.266166210497
16.0 -0.643310000000 -0.043791300000 0.524026000000 -0.703921831778 0.587963843574 -0.297183280566 0.265470659675
16.1 -0.652021000000 -0.050136000000 0.525389000000 -0.705893390453 0.586176908945 -0.295238128798 0.266356152618
16.2 -0.656184000000 -0.054320100000 0.528213000000 -0.705949576570 0.586456929711 -0.294098099587 0.266851593126
16.3 -0.659204000000 -0.059037200000 0.529718000000 -0.704617775990 0.586459052240 -0.294210205649 0.270221991512
16.4 -0.659932000000 -0.064972700000 0.532011000000 -0.702871087586 0.587346773355 -0.295142641567 0.271821307469
16.5 -0.659737000000 -0.074853500000 0.534249000000 -0.701586876378 0.587632238544 -0.296450429756 0.273095861952
16.6 -0.658258000000 -0.085935900000 0.536198000000 -0.701115788327 0.587980675462 -0.295318763543 0.274776644825
16.7 -0.656002000000 -0.095546300000 0.535903000000 -0.703046827952 0.585235278152 -0.293161253887 0.277995154872
16.8 -0.651842000000 -0.107343000000 0.535412000000 -0.709481914782 0.576749527711 -0.288796498977 0.283887261181
16.9 -0.646934000000 -0.120051000000 0.537281000000 -0.717378596337 0.567790086925 -0.280889661137 0.289971317500
17.0 -0.643899000000 -0.127097000000 0.537782000000 -0.720693843038 0.562534991894 -0.277659645097 0.295059127950
17.1 -0.638745000000 -0.135988000000 0.536658000000 -0.726716097389 0.556341908239 -0.271782134745 0.297492632121
17.2 -0.634745000000 -0.141996000000 0.534872000000 -0.732183052217 0.551623933060 -0.265541711812 0.298507309474
17.3 -0.631799000000 -0.144537000000 0.534309000000 -0.736215129737 0.548437935594 -0.260096581520 0.299253875211
17.4 -0.627453000000 -0.149027000000 0.534243000000 -0.743196216623 0.541328487342 -0.257217878180 0.297425310847
17.5 -0.623125000000 -0.154609000000 0.534289000000 -0.749857860745 0.533293381572 -0.254340706886 0.297694747470
17.6 -0.620057000000 -0.157932000000 0.534506000000 -0.752923300656 0.529142800019 -0.252281464712 0.299112793240
17.7 -0.615953000000 -0.163618000000 0.532237000000 -0.757035516128 0.524127617271 -0.249369668297 0.300003727757
17.8 -0.609406000000 -0.168966000000 0.531460000000 -0.761004765306 0.519762627747 -0.247166363053 0.299378267338
17.9 -0.604367000000 -0.173079000000 0.531838000000 -0.763711784613 0.516824151451 -0.246330434117 0.298258987706
18.0 -0.598785000000 -0.180788000000 0.530806000000 -0.765039170088 0.517673541304 -0.244841946706 0.294587158576
18.1 -0.593700000000 -0.185808000000 0.532791000000 -0.765833138816 0.518612383791 -0.245777540185 0.290058958853
18.2 -0.588717000000 -0.190838000000 0.534764000000 -0.766652092929 0.517819878508 -0.246397002767 0.288783065394
18.3 -0.585604000000 -0.194703000000 0.536457000000 -0.768211060688 0.515891181217 -0.247373713105 0.287253026866
18.4 -0.583054000000 -0.198706000000 0.537952000000 -0.770854915497 0.513033932902 -0.245880397381 0.286568862804
18.5 -0.582063000000 -0.201422000000 0.538616000000 -0.773804562918 0.509726497080 -0.244839518572 0.285410242857
18.6 -0.579953000000 -0.204971000000 0.540595000000 -0.776764492651 0.507548487811 -0.242522799540 0.283221021785
18.7 -0.578379000000 -0.207927000000 0.542579000000 -0.778700818615 0.505912005342 -0.240842479467 0.282264021838
18.8 -0.576233000000 -0.212054000000 0.545574000000 -0.780954800465 0.501381857055 -0.240783316808 0.284164085335
18.9 -0.574681000000 -0.214817000000 0.547884000000 -0.782724932852 0.498425776422 -0.241223420848 0.284120900542
19.0 -0.573055000000 -0.219552000000 0.549167000000 -0.784702506498 0.494600357012 -0.242585038394 0.284191770267
19.1 -0.571231000000 -0.223925000000 0.550984000000 -0.786948363605 0.492566597624 -0.241819351482 0.282159212454
19.2 -0.569146000000 -0.227236000000 0.552985000000 -0.789202102525 0.490782643331 -0.240370574297 0.280204256546
19.3 -0.567070000000 -0.231307000000 0.553932000000 -0.791501255883 0.487915741306 -0.239719360944 0.279282329032
19.4 -0.564482000000 -0.235324000000 0.555506000000 -0.793698280395 0.485593325656 -0.238471262064 0.278161138455
19.5 -0.562164000000 -0.238282000000 0.556749000000 -0.795186339798 0.483924715533 -0.237824145478 0.277372007461
19.6 -0.558873000000 -0.242572000000 0.558185000000 -0.796878102240 0.480995516687 -0.237480421564 0.277905833819
19.7 -0.555343000000 -0.245069000000 0.561251000000 -0.799800699561 0.477134942617 -0.237005188598 0.276567583231
19.8 -0.553107000000 -0.248069000000 0.562754000000 -0.801489902908 0.474618395185 -0.236305765172 0.276606037236
19.9 -0.551139000000 -0.251358000000 0.564283000000 -0.803362769966 0.472314639474 -0.235346517467 0.275933248969
20.0 -0.549306000000 -0.254669000000 0.565778000000 -0.805454945999 0.470839303091 -0.233838100436 0.273628257705
20.1 -0.548567000000 -0.258210000000 0.566097000000 -0.807224184182 0.468957176478 -0.232372613539 0.272894213163
20.2 -0.547855000000 -0.260914000000 0.566580000000 -0.808756870692 0.467198818326 -0.230749504991 0.272749434848
20.3 -0.547035000000 -0.263629000000 0.567506000000 -0.811329249046 0.463863977221 -0.229248416020 0.272066580143
20.4 -0.545621000000 -0.266541000000 0.567088000000 -0.814080583890 0.459727841224 -0.227892537342 0.272007548354
20.5 -0.543811000000 -0.266890000000 0.568003000000 -0.816757554218 0.455640157630 -0.227488301131 0.271197745624
20.6 -0.541062000000 -0.267958000000 0.569503000000 -0.819599175377 0.450395223024 -0.227629381002 0.271267763847
20.7 -0.537611000000 -0.269213000000 0.570753000000 -0.821354692723 0.445582159808 -0.228391246228 0.273258936266
20.8 -0.534551000000 -0.269902000000 0.571683000000 -0.821937198809 0.443120546106 -0.229531262438 0.274552039504
20.9 -0.530603000000 -0.271277000000 0.572788000000 -0.823128553517 0.440158498577 -0.230197964800 0.275188621708
21.0 -0.527449000000 -0.272609000000 0.572213000000 -0.823046187640 0.438451367857 -0.230067058462 0.278252618400
21.1 -0.524420000000 -0.273312000000 0.572847000000 -0.823009427854 0.438171156284 -0.229043730198 0.279643503629
21.2 -0.521678000000 -0.273753000000 0.572361000000 -0.822243179176 0.437644610122 -0.229032114784 0.282714767792
21.3 -0.518033000000 -0.274302000000 0.573311000000 -0.822261484255 0.435939203006 -0.229210835665 0.285141115251
21.4 -0.516072000000 -0.275919000000 0.572363000000 -0.822715547820 0.433328674128 -0.230140897668 0.287054968213
21.5 -0.511475000000 -0.274716000000 0.571154000000 -0.823314463408 0.435133736782 -0.228163712027 0.284171156121
21.6 -0.505509000000 -0.274457000000 0.570579000000 -0.823159186825 0.436242481367 -0.226365648640 0.284359004979
21.7 -0.502430000000 -0.274872000000 0.568267000000 -0.823897500690 0.435730468034 -0.224638435164 0.284375528186
21.8 -0.496771000000 -0.275916000000 0.567139000000 -0.825799040811 0.434748115107 -0.222392909680 0.282119503632
21.9 -0.493778000000 -0.278806000000 0.567125000000 -0.826900713064 0.432870864340 -0.221300056529 0.282638126445
22.0 -0.492493000000 -0.282608000000 0.567234000000 -0.828386969626 0.429749863882 -0.220203202091 0.283902505865
22.1 -0.491311000000 -0.284755000000 0.567964000000 -0.829029558966 0.428610089396 -0.219417991483 0.284357392451
22.2 -0.490928000000 -0.287899000000 0.567548000000 -0.828573815343 0.427076680310 -0.219540750509 0.287876363268
22.3 -0.490368000000 -0.288844000000 0.566049000000 -0.828750418752 0.426749509929 -0.218773576450 0.288436685324
22.4 -0.488561000000 -0.289844000000 0.566135000000 -0.828775814555 0.427113174814 -0.217983476207 0.288423628034
22.5 -0.484597000000 -0.290932000000 0.566904000000 -0.828262240517 0.429438720228 -0.217841020759 0.286547266916
22.6 -0.480833000000 -0.291981000000 0.567149000000 -0.826629615726 0.433773488009 -0.218200812314 0.284451129387
22.7 -0.477921000000 -0.291354000000 0.568053000000 -0.825389245810 0.437238274997 -0.218786523432 0.282290171532
22.8 -0.473206000000 -0.291583000000 0.569825000000 -0.823315091016 0.441648321435 -0.218791869619 0.281476711058
22.9 -0.468692000000 -0.289913000000 0.573768000000 -0.821913861483 0.444383782654 -0.219107110239 0.281020875130
23.0 -0.466396000000 -0.288912000000 0.576707000000 -0.820548096407 0.445916792334 -0.219675610236 0.282137665096
23.1 -0.464281000000 -0.285671000000 0.583861000000 -0.820413340146 0.445754434435 -0.218992122368 0.283314994013
23.2 -0.464403000000 -0.279743000000 0.594047000000 -0.820571537013 0.444473124168 -0.217956008990 0.285659189739
23.3 -0.466114000000 -0.275738000000 0.602091000000 -0.820841604042 0.443522809807 -0.218720299081 0.285776151952
23.4 -0.469242000000 -0.272158000000 0.612624000000 -0.820780086236 0.443335184859 -0.215940907861 0.288346125720
23.5 -0.471827000000 -0.269527000000 0.621703000000 -0.820557710987 0.444166088191 -0.214635644563 0.288674676971
23.6 -0.474306000000 -0.268972000000 0.626002000000 -0.820761486766 0.444213312975 -0.215450049000 0.287413275273
23.7 -0.477070000000 -0.267477000000 0.630916000000 -0.821535956742 0.445301300068 -0.216094486886 0.282999287410
23.8 -0.480189000000 -0.265574000000 0.634286000000 -0.823188030259 0.448401750478 -0.212362719195 0.276042410696
23.9 -0.484143000000 -0.264133000000 0.637903000000 -0.826645650400 0.449181538866 -0.206899516422 0.268487437176
24.0 -0.486909000000 -0.262692000000 0.643172000000 -0.827904519598 0.449252175994 -0.203872812303 0.266800422035
24.1 -0.491855000000 -0.263880000000 0.649038000000 -0.828704369339 0.449135764581 -0.202340138874 0.265677626858
24.2 -0.497708000000 -0.265086000000 0.653234000000 -0.828743968302 0.448527168252 -0.203222418234 0.265908749517
24.3 -0.500915000000 -0.265754000000 0.656955000000 -0.829172329782 0.448016931837 -0.205531655438 0.263649037405
24.4 -0.505166000000 -0.269154000000 0.661022000000 -0.828443789659 0.448647356810 -0.207212315167 0.263551689515
24.5 -0.510390000000 -0.270648000000 0.665072000000 -0.828263641843 0.449048157537 -0.208290001704 0.262584018944
24.6 -0.514849000000 -0.272666000000 0.667591000000 -0.828489403664 0.448376828702 -0.208673412275 0.262714549482
24.7 -0.520376000000 -0.275267000000 0.671138000000 -0.828917039096 0.447653771678 -0.208653014990 0.262614855510
24.8 -0.524088000000 -0.277258000000 0.675758000000 -0.829863434311 0.446172419574 -0.209099955324 0.261790108845
24.9 -0.527755000000 -0.278350000000 0.677854000000 -0.829620826139 0.445966679961 -0.209640671385 0.262476273409
25.0 -0.530540000000 -0.282631000000 0.680243000000 -0.829594371042 0.446642880651 -0.207216047330 0.263334058618
25.1 -0.531229000000 -0.286142000000 0.683346000000 -0.831611724128 0.443820991547 -0.207598986985 0.261433602198
25.2 -0.532369000000 -0.288568000000 0.684289000000 -0.833080558778 0.441241154825 -0.208878335200 0.260101647358
25.3 -0.532552000000 -0.291034000000 0.685553000000 -0.834968074429 0.438595169979 -0.208904640345 0.258498438676
25.4 -0.532671000000 -0.291386000000 0.687618000000 -0.838234596037 0.433710983864 -0.208192656521 0.256735977716
25.5 -0.531704000000 -0.290527000000 0.688902000000 -0.842538016169 0.426068930520 -0.207421500546 0.256068894764
25.6 -0.529237000000 -0.289810000000 0.689438000000 -0.846228208820 0.420870258407 -0.207005891599 0.252813379845
25.7 -0.525418000000 -0.289358000000 0.690417000000 -0.848919885777 0.416238359672 -0.208425439354 0.250278827910
25.8 -0.520311000000 -0.289598000000 0.691984000000 -0.851722063181 0.411395298117 -0.209419577253 0.247925142817
25.9 -0.517056000000 -0.290219000000 0.691069000000 -0.854802558283 0.405399921965 -0.210345957196 0.246410364869
26.0 -0.512521000000 -0.288797000000 0.690176000000 -0.858757589061 0.399030237708 -0.208801421156 0.244360878922
26.1 -0.508556000000 -0.288420000000 0.690754000000 -0.862825237106 0.392425663595 -0.207351533201 0.241950512388
26.2 -0.506698000000 -0.289202000000 0.690626000000 -0.865377203863 0.387771361734 -0.206153703953 0.241363452907
26.3 -0.503860000000 -0.287458000000 0.692023000000 -0.869250102241 0.380424500190 -0.206299093648 0.239002391974
26.4 -0.501442000000 -0.286721000000 0.692209000000 -0.872088066769 0.373509582915 -0.207066545494 0.238906762163
26.5 -0.499905000000 -0.286880000000 0.691695000000 -0.874791181992 0.369535027445 -0.206098261885 0.236024909379
26.6 -0.498851000000 -0.285989000000 0.692883000000 -0.878406782130 0.364260694838 -0.204723672750 0.231956653535
26.7 -0.498343000000 -0.284560000000 0.692558000000 -0.880065543117 0.364023411574 -0.203087710602 0.227435655617
26.8 -0.498367000000 -0.283512000000 0.691670000000 -0.880951341621 0.364351251343 -0.201425689244 0.224945751359
26.9 -0.498785000000 -0.277494000000 0.692667000000 -0.881202113014 0.367348225618 -0.201802551380 0.218663777092
27.0 -0.500586000000 -0.271957000000 0.692156000000 -0.879829983394 0.373145688702 -0.203162783284 0.213040791430
27.1 -0.502821000000 -0.265726000000 0.692947000000 -0.877298317234 0.380306702940 -0.205456712957 0.208571362793
27.2 -0.504565000000 -0.258360000000 0.696246000000 -0.874053313199 0.389472253522 -0.204349616749 0.206357465473
27.3 -0.506935000000 -0.251814000000 0.696096000000 -0.867719552679 0.401880929570 -0.205290378543 0.208351522250
27.4 -0.508532000000 -0.244356000000 0.698175000000 -0.862452551872 0.412978311692 -0.205881185244 0.207936161849
27.5 -0.510970000000 -0.241033000000 0.698870000000 -0.858947247949 0.417001293202 -0.209351940473 0.210929636912
27.6 -0.513025000000 -0.237155000000 0.697341000000 -0.856848580269 0.422428756427 -0.210824527196 0.207165332444
27.7 -0.511555000000 -0.231703000000 0.700740000000 -0.854871717825 0.427650535050 -0.210538136008 0.204897679880
27.8 -0.512892000000 -0.232050000000 0.700124000000 -0.852865934367 0.430953401702 -0.209399795061 0.207486359520
27.9 -0.511747000000 -0.231074000000 0.699450000000 -0.853107827051 0.432496286810 -0.206196642386 0.206487147272
28.0 -0.509892000000 -0.233348000000 0.698972000000 -0.854670383110 0.428907363730 -0.204132197360 0.209540104929
28.1 -0.507689000000 -0.236629000000 0.698938000000 -0.857502319194 0.423104399037 -0.202412361091 0.211427709087
28.2 -0.504191000000 -0.244315000000 0.700116000000 -0.862689058344 0.412807473874 -0.199460658219 0.213478392231
28.3 -0.500542000000 -0.254756000000 0.702149000000 -0.866161051107 0.406138030524 -0.195930081067 0.215472357948
28.4 -0.498572000000 -0.266380000000 0.703076000000 -0.866965983472 0.402970232081 -0.195723370458 0.218351409008
28.5 -0.494830000000 -0.278855000000 0.706619000000 -0.869909877013 0.396635390503 -0.195003281553 0.218885570697
28.6 -0.491816000000 -0.291097000000 0.710310000000 -0.871752173523 0.391417096846 -0.194355466484 0.221510173363
28.7 -0.490559000000 -0.299971000000 0.712645000000 -0.872536117403 0.388524945883 -0.193061647093 0.224624777521
28.8 -0.489679000000 -0.309493000000 0.715891000000 -0.873894542262 0.384097213189 -0.191582296090 0.228197028138
28.9 -0.487973000000 -0.318602000000 0.716969000000 -0.875543970649 0.379094633824 -0.189700404321 0.231783887848
29.0 -0.485052000000 -0.323764000000 0.716597000000 -0.876357787813 0.377755266588 -0.186882598484 0.233179932002
29.1 -0.480815000000 -0.326690000000 0.717195000000 -0.878966375139 0.373192315912 -0.186131889899 0.231301807780
29.2 -0.475863000000 -0.330884000000 0.718202000000 -0.881730245607 0.366345868332 -0.186356083254 0.231546731722
29.3 -0.471080000000 -0.336221000000 0.718847000000 -0.883218922243 0.361850505147 -0.187183734344 0.232273108460
29.4 -0.466919000000 -0.340182000000 0.719990000000 -0.884043731060 0.359152965566 -0.187177944183 0.233324336729
29.5 -0.461345000000 -0.347011000000 0.720236000000 -0.884922053290 0.356569848872 -0.185829046111 0.235028653778
29.6 -0.456694000000 -0.354545000000 0.719881000000 -0.886229017524 0.353042069221 -0.183914763331 0.236927806912
29.7 -0.453513000000 -0.357707000000 0.719855000000 -0.888285632328 0.347720154674 -0.182353102446 0.238299549854
29.8 -0.448993000000 -0.362773000000 0.719368000000 -0.891119536346 0.340485478716 -0.181195264405 0.239047875715
29.9 -0.444381000000 -0.367184000000 0.718643000000 -0.894052479097 0.333045569456 -0.179338380796 0.239976162272
30.0 -0.441447000000 -0.369142000000 0.718179000000 -0.896754486274 0.325936254251 -0.178298793564 0.240429802076
30.1 -0.438052000000 -0.373410000000 0.716914000000 -0.899598748719 0.318737597796 -0.175229523674 0.241708603669
30.2 -0.434613000000 -0.375448000000 0.716177000000 -0.902209828788 0.311256950571 -0.172865262581 0.243421725718
30.3 -0.432231000000 -0.377589000000 0.716004000000 -0.904204824772 0.305362528804 -0.171414931963 0.244508245184
30.4 -0.429336000000 -0.380815000000 0.714974000000 -0.906733757497 0.298067131872 -0.168298594092 0.246303595466
30.5 -0.425065000000 -0.382001000000 0.715115000000 -0.909804177831 0.290218450231 -0.165307017621 0.246380192127
30.6 -0.421361000000 -0.383931000000 0.715853000000 -0.911267221882 0.284278819290 -0.164977121746 0.248113184910
30.7 -0.418371000000 -0.386838000000 0.715496000000 -0.913441903774 0.274499071390 -0.165269278744 0.250918739315
30.8 -0.414027000000 -0.388960000000 0.716618000000 -0.916421455402 0.266167357251 -0.162827825955 0.250626720659
30.9 -0.411395000000 -0.390446000000 0.716927000000 -0.917790073470 0.260587127522 -0.163150028003 0.251272358952
31.0 -0.407318000000 -0.393434000000 0.716055000000 -0.919641413473 0.256601433653 -0.162571587585 0.248969584052
31.1 -0.403475000000 -0.394097000000 0.716699000000 -0.921897349695 0.250689982089 -0.161894164022 0.247083162439
31.2 -0.401386000000 -0.395492000000 0.717984000000 -0.923178423563 0.246572535532 -0.159546780305 0.247968562289
31.3 -0.399350000000 -0.397333000000 0.719718000000 -0.923915323012 0.245004900599 -0.159000413839 0.247127382101
31.4 -0.398838000000 -0.399874000000 0.723098000000 -0.923614223449 0.242891219846 -0.159617810690 0.249925541061
31.5 -0.399469000000 -0.404894000000 0.724451000000 -0.924062573289 0.238675956325 -0.159906067229 0.252135277544
31.6 -0.399204000000 -0.407227000000 0.725974000000 -0.924519241721 0.235752537694 -0.158112688321 0.254333030594
31.7 -0.398829000000 -0.412418000000 0.727762000000 -0.925486129004 0.230175563186 -0.156409962434 0.256964119643
31.8 -0.399106000000 -0.414513000000 0.729542000000 -0.926595287748 0.226501637045 -0.156455508353 0.256202761587
31.9 -0.398505000000 -0.418100000000 0.729706000000 -0.926991736482 0.225703714517 -0.154558502555 0.256623894122
32.0 -0.398452000000 -0.420230000000 0.729029000000 -0.927078468427 0.225817256876 -0.153821367905 0.256653592710
32.1 -0.396721000000 -0.422251000000 0.729265000000 -0.928745627501 0.223164430924 -0.154508891917 0.252499897992
32.2 -0.395233000000 -0.424829000000 0.728926000000 -0.929261058270 0.222148349396 -0.155483005433 0.250896455666
32.3 -0.392370000000 -0.428089000000 0.728901000000 -0.929511024196 0.221418328896 -0.157568064453 0.249310017031
32.4 -0.389223000000 -0.429840000000 0.730298000000 -0.929852813747 0.220318120058 -0.157886248149 0.248808366791
32.5 -0.387443000000 -0.431905000000 0.730354000000 -0.929682301733 0.219779096204 -0.159371711201 0.248975148126
32.6 -0.385181000000 -0.431959000000 0.730103000000 -0.929791545388 0.219674234479 -0.161533754303 0.247260508474
32.7 -0.381018000000 -0.433215000000 0.729393000000 -0.930068179119 0.219491797729 -0.162541363429 0.245716987800
32.8 -0.378869000000 -0.432923000000 0.728371000000 -0.930135756044 0.219984350144 -0.162624433089 0.244964599039
32.9 -0.373982000000 -0.429889000000 0.727133000000 -0.931681643874 0.218463774913 -0.161659276715 0.241058440570
33.0 -0.368036000000 -0.427422000000 0.726095000000 -0.933227074882 0.214200169429 -0.160995356479 0.239344958827
33.1 -0.361089000000 -0.423338000000 0.724698000000 -0.934585815524 0.211604141968 -0.160677563661 0.236549701036
33.2 -0.356099000000 -0.418763000000 0.723229000000 -0.934904371380 0.211577767282 -0.159633661705 0.236020674555
33.3 -0.349646000000 -0.411404000000 0.723242000000 -0.933313649453 0.218121792032 -0.159316482052 0.236572978449
33.4 -0.348862000000 -0.407208000000 0.721320000000 -0.928737810580 0.231784970105 -0.161122972519 0.240335587375
33.5 -0.348087000000 -0.403719000000 0.721639000000 -0.927730207084 0.237377234997 -0.161119843202 0.238765800097
33.6 -0.350448000000 -0.400437000000 0.723037000000 -0.924205683989 0.248713608490 -0.162592889609 0.239893615760
33.7 -0.354819000000 -0.398759000000 0.725669000000 -0.921047399024 0.257950112733 -0.164483182025 0.240995250829
33.8 -0.360720000000 -0.397579000000 0.728568000000 -0.918538666258 0.264680229482 -0.165668890694 0.242456002951
33.9 -0.371079000000 -0.398162000000 0.732143000000 -0.915541910433 0.271096820937 -0.167618199135 0.245343969230
34.0 -0.383194000000 -0.399334000000 0.735447000000 -0.913102006633 0.276685626696 -0.168658532063 0.247475431153
34.1 -0.392186000000 -0.400936000000 0.737469000000 -0.911962249100 0.280219572396 -0.168427010799 0.247859213056
34.2 -0.407182000000 -0.402623000000 0.738299000000 -0.910175036238 0.285537151709 -0.168736496184 0.248149014221
34.3 -0.419804000000 -0.406768000000 0.739198000000 -0.909443113549 0.289941771858 -0.167330784597 0.246672658956
34.4 -0.429258000000 -0.409856000000 0.740653000000 -0.908176836982 0.293386707671 -0.168320487120 0.246591334290
34.5 -0.441869000000 -0.412355000000 0.742773000000 -0.904347281503 0.304822104155 -0.169244414552 0.246162156716
34.6 -0.453460000000 -0.411142000000 0.746504000000 -0.900133595696 0.317385434549 -0.171124381869 0.244422670317
34.7 -0.465994000000 -0.410900000000 0.749100000000 -0.894256408554 0.330212312790 -0.176663554896 0.245061813860
34.8 -0.475263000000 -0.407788000000 0.751559000000 -0.889758008978 0.339705895333 -0.181392533037 0.245004773613
34.9 -0.486915000000 -0.401056000000 0.755395000000 -0.884416159165 0.352406762672 -0.184871635172 0.243803218887
35.0 -0.499781000000 -0.391340000000 0.758670000000 -0.877349388694 0.367526841556 -0.186180334853 0.246006003601
35.1 -0.511273000000 -0.384983000000 0.759608000000 -0.870677473672 0.379583500549 -0.187787421675 0.250145931833
35.2 -0.525726000000 -0.377106000000 0.760689000000 -0.862821258020 0.393590551383 -0.189533776261 0.254367651691
35.3 -0.540234000000 -0.367469000000 0.760693000000 -0.857516718188 0.404288106581 -0.192911956970 0.252984548466
35.4 -0.550789000000 -0.360248000000 0.761249000000 -0.853998307639 0.411037172208 -0.195492569696 0.252027754040
35.5 -0.564582000000 -0.353977000000 0.760076000000 -0.848620536830 0.420477410987 -0.198900186129 0.251953660973
35.6 -0.574671000000 -0.346695000000 0.759295000000 -0.844976414082 0.427856010542 -0.200728421932 0.250324178850
35.7 -0.582510000000 -0.340990000000 0.758278000000 -0.842092612266 0.432329203364 -0.202812362243 0.250676361085
35.8 -0.590906000000 -0.335166000000 0.757208000000 -0.837297000869 0.439001187717 -0.205455973782 0.252981288550
35.9 -0.603156000000 -0.331933000000 0.750894000000 -0.829727459867 0.448010682975 -0.210347965789 0.258055233568
36.0 -0.611530000000 -0.325326000000 0.748153000000 -0.824482533406 0.456402875738 -0.211891448086 0.258895695899
36.1 -0.623128000000 -0.319671000000 0.745344000000 -0.818850902782 0.464761425770 -0.212441289399 0.261435871080
36.2 -0.637679000000 -0.313819000000 0.741099000000 -0.813676344374 0.470561709587 -0.215078700228 0.265035161412
36.3 -0.647832000000 -0.309245000000 0.738863000000 -0.810618344990 0.475315786882 -0.215503758992 0.265576601691
36.4 -0.659963000000 -0.303177000000 0.737588000000 -0.806004616820 0.480864958035 -0.219011529832 0.266757192219
36.5 -0.670018000000 -0.300944000000 0.736753000000 -0.801540564039 0.485005818681 -0.221707628750 0.270458513270
36.6 -0.679916000000 -0.297716000000 0.737777000000 -0.796044460662 0.487375250338 -0.229240672779 0.276092911809
36.7 -0.684456000000 -0.296120000000 0.740785000000 -0.791720955225 0.491827160180 -0.231088725556 0.279073421322
36.8 -0.693331000000 -0.297648000000 0.739583000000 -0.783915376659 0.496983179695 -0.236823031291 0.287052701063
36.9 -0.698938000000 -0.296379000000 0.735523000000 -0.776719364930 0.504198403875 -0.241366840250 0.290229299175
37.0 -0.701805000000 -0.293166000000 0.732715000000 -0.773198842776 0.510108244302 -0.240807424869 0.289766997348
37.1 -0.706689000000 -0.292035000000 0.727082000000 -0.768332199723 0.514445732108 -0.241973348816 0.294041014225
37.2 -0.705147000000 -0.291815000000 0.723113000000 -0.760094211442 0.523984339073 -0.244510605810 0.296499183448
37.3 -0.706649000000 -0.292359000000 0.717328000000 -0.754479447627 0.528917415084 -0.247136049304 0.299884818329
37.4 -0.708880000000 -0.288055000000 0.708906000000 -0.748326670059 0.534202531928 -0.250958207036 0.302745483997
37.5 -0.710388000000 -0.280852000000 0.699975000000 -0.742414474977 0.540249167872 -0.251082403102 0.306446097725
37.6 -0.712867000000 -0.279402000000 0.692304000000 -0.738609329775 0.544662482707 -0.248248598151 0.310115577515
37.7 -0.718625000000 -0.275173000000 0.686307000000 -0.734184464043 0.549430844389 -0.249123722530 0.311506486072
37.8 -0.724887000000 -0.269344000000 0.685448000000 -0.731687220495 0.555194230282 -0.247417333122 0.308509061935
37.9 -0.730116000000 -0.268365000000 0.684321000000 -0.727843786371 0.558093278249 -0.248616740922 0.311392086520
38.0 -0.737990000000 -0.267183000000 0.680629000000 -0.722744306456 0.562878609132 -0.251842409067 0.312063679180
38.1 -0.746425000000 -0.262613000000 0.678407000000 -0.717567256343 0.568848106815 -0.255362784834 0.310320660154
38.2 -0.753386000000 -0.260843000000 0.675184000000 -0.712822912447 0.572942823758 -0.257407348657 0.312028000430
38.3 -0.760410000000 -0.258225000000 0.672901000000 -0.708873909411 0.577437224270 -0.256065094224 0.313838652979
38.4 -0.767171000000 -0.255212000000 0.670209000000 -0.704507765340 0.579755365310 -0.260388853577 0.315832502923
38.5 -0.773771000000 -0.252369000000 0.667330000000 -0.701618980712 0.582506843068 -0.261791738982 0.316040613029
38.6 -0.778104000000 -0.249854000000 0.667303000000 -0.699076549806 0.584641857862 -0.262846784945 0.316855555721
38.7 -0.784200000000 -0.247834000000 0.666429000000 -0.691861643803 0.587593439647 -0.268875423024 0.322129511861
38.8 -0.792169000000 -0.248883000000 0.658451000000 -0.688332779406 0.590346497229 -0.271030617796 0.322848884499
38.9 -0.793135000000 -0.243951000000 0.659297000000 -0.687007601821 0.593341849843 -0.273342314133 0.318198025715
39.0 -0.796680000000 -0.243026000000 0.660433000000 -0.684311374755 0.591926075945 -0.277972292210 0.322603266816
39.1 -0.803107000000 -0.240739000000 0.656285000000 -0.680737218528 0.591143993060 -0.282477139233 0.327646584891
39.2 -0.806235000000 -0.239229000000 0.655188000000 -0.681166403628 0.590961496783 -0.280158961150 0.329071111427
39.3 -0.807455000000 -0.235704000000 0.656620000000 -0.680482831800 0.590703930278 -0.278425812237 0.332401939613
39.4 -0.811851000000 -0.230927000000 0.652903000000 -0.681769316509 0.588508732878 -0.278810682827 0.333335676962
39.5 -0.810608000000 -0.226158000000 0.653392000000 -0.682441533420 0.588578728894 -0.279029778383 0.331648935069
39.6 -0.806688000000 -0.220176000000 0.654084000000 -0.682102076396 0.588255724199 -0.280024847097 0.332081383596
39.7 -0.801681000000 -0.210731000000 0.652777000000 -0.680982178201 0.590134923212 -0.282459389515 0.328969206238
39.8 -0.798092000000 -0.201626000000 0.650755000000 -0.680112940688 0.592222458194 -0.284174691243 0.325520648772
39.9 -0.793755000000 -0.187199000000 0.649620000000 -0.676417779266 0.598249799920 -0.283470813497 0.322800964502
40.0 -0.789864000000 -0.167953000000 0.648855000000 -0.671261799490 0.606714149715 -0.284393148753 0.316900732128
40.1 -0.787456000000 -0.153098000000 0.648933000000 -0.668240935781 0.611611378965 -0.286426351809 0.312002432454
40.2 -0.782467000000 -0.134365000000 0.649752000000 -0.659437888863 0.622360922254 -0.289579752459 0.306516100962
40.3 -0.778487000000 -0.115732000000 0.648738000000 -0.653749456489 0.630449452535 -0.292808122033 0.299012607779
40.4 -0.773939000000 -0.096396800000 0.650298000000 -0.648741670219 0.637281845457 -0.295074991501 0.293149866387
40.5 -0.770879000000 -0.082775200000 0.651117000000 -0.645605990500 0.640522659261 -0.297924248707 0.290111650983
40.6 -0.768280000000 -0.068358400000 0.648635000000 -0.642520671635 0.644383466281 -0.301478523566 0.284689014071
40.7 -0.765580000000 -0.057815300000 0.647648000000 -0.641317573978 0.646279799205 -0.304934433928 0.279372835923
40.8 -0.761869000000 -0.048844000000 0.648555000000 -0.639206335948 0.649096530585 -0.308562303031 0.273638921235
40.9 -0.760536000000 -0.042157200000 0.647768000000 -0.635126433177 0.653340529632 -0.311312001065 0.269898877754
41.0 -0.759681000000 -0.036064700000 0.647333000000 -0.632729352997 0.656076184226 -0.314534007368 0.265115002512
41.1 -0.759606000000 -0.033173100000 0.647141000000 -0.630414980734 0.658252667189 -0.316559297064 0.262812841479
41.2 -0.760174000000 -0.028803700000 0.646460000000 -0.627048990048 0.661975100015 -0.318026746174 0.259725855004
41.3 -0.760895000000 -0.023673000000 0.647330000000 -0.623969381871 0.664623784646 -0.320558372131 0.257254281648
41.4 -0.762514000000 -0.019516400000 0.646511000000 -0.620860880852 0.666445892496 -0.323179306736 0.256781570017
41.5 -0.764327000000 -0.014924100000 0.646897000000 -0.617390405524 0.669065554946 -0.324242858506 0.256995990358
41.6 -0.766776000000 -0.010435600000 0.645187000000 -0.614276414961 0.672048487799 -0.324106962375 0.256846243909
41.7 -0.768014000000 -0.003281180000 0.644801000000 -0.612417920409 0.674093709749 -0.325535446015 0.254103590345
41.8 -0.770735000000 0.001411590000 0.642653000000 -0.610007618171 0.676634081758 -0.326012717085 0.252532638435
41.9 -0.772220000000 0.008622530000 0.642741000000 -0.607688588938 0.679891815003 -0.324921863067 0.250773765910
42.0 -0.772003000000 0.017086000000 0.642984000000 -0.605267177432 0.682388534652 -0.324632027903 0.250223056808
42.1 -0.772894000000 0.022665700000 0.641444000000 -0.604930199595 0.682597205119 -0.323909935157 0.251401796113
42.2 -0.773294000000 0.027264000000 0.640697000000 -0.606023692039 0.682056686940 -0.321204947562 0.253695372737
42.3 -0.773270000000 0.032444100000 0.641768000000 -0.607335766234 0.680798509334 -0.318977906894 0.256728945883
42.4 -0.774085000000 0.037790100000 0.640543000000 -0.607098359406 0.680014007259 -0.318480665997 0.259966531161
42.5 -0.773729000000 0.045602500000 0.638329000000 -0.607751905137 0.679384795868 -0.316303556856 0.262727959810
42.6 -0.772971000000 0.049383800000 0.635121000000 -0.609352233958 0.678521797864 -0.313616344339 0.264467036428
42.7 -0.772307000000 0.053305800000 0.632842000000 -0.610162359981 0.678469577772 -0.312644427768 0.263883285348
42.8 -0.770835000000 0.058013400000 0.632192000000 -0.611092394410 0.678171419297 -0.311319661524 0.264063779969
42.9 -0.769337000000 0.061849500000 0.634052000000 -0.609898533752 0.678683032731 -0.311408749248 0.265401037114
43.0 -0.768592000000 0.065943700000 0.635111000000 -0.607359854484 0.680618789267 -0.310917448391 0.266837799315
43.1 -0.770236000000 0.068009500000 0.634632000000 -0.606806246863 0.679819127911 -0.309984512131 0.271185793015
43.2 -0.772977000000 0.071289400000 0.632053000000 -0.606873085933 0.678912161450 -0.309380652602 0.273983478336
43.3 -0.774565000000 0.073632600000 0.631504000000 -0.605583243118 0.679968435618 -0.309194795448 0.274427478008
43.4 -0.778074000000 0.075768700000 0.630352000000 -0.602088753926 0.682570890377 -0.309660300631 0.275130169592
43.5 -0.781929000000 0.076267700000 0.630957000000 -0.596572184603 0.686975302636 -0.309414807727 0.276458023732
43.6 -0.786299000000 0.078870500000 0.629860000000 -0.593014856227 0.688990256162 -0.311229767359 0.277059270046
43.7 -0.792293000000 0.083631100000 0.626122000000 -0.588980097017 0.690777058242 -0.313372007237 0.278796496041
43.8 -0.796083000000 0.091774300000 0.624997000000 -0.586771502273 0.693521948661 -0.312672145366 0.277421412941
43.9 -0.801441000000 0.096086400000 0.627110000000 -0.585821193367 0.693222906405 -0.314307257686 0.278328006503
44.0 -0.807287000000 0.100486000000 0.627296000000 -0.583443446886 0.694913149866 -0.316126962876 0.277043682062
44.1 -0.815391000000 0.103696000000 0.628594000000 -0.582000077675 0.696458612537 -0.315991960641 0.276351933989
44.2 -0.821230000000 0.104970000000 0.631482000000 -0.579037433129 0.697119304690 -0.319893205414 0.276421169946
44.3 -0.824943000000 0.107791000000 0.632798000000 -0.577544352496 0.695580014799 -0.326791765811 0.275350877447
44.4 -0.831152000000 0.109341000000 0.632891000000 -0.573213690642 0.696250980709 -0.332693625462 0.275636696211
44.5 -0.836864000000 0.111806000000 0.632208000000 -0.566954807888 0.698227577550 -0.336059798285 0.279471479292
44.6 -0.839182000000 0.116579000000 0.631756000000 -0.564032970969 0.699690046755 -0.338613123581 0.278642779684
44.7 -0.840540000000 0.118715000000 0.630253000000 -0.561394611852 0.701581339402 -0.340696999854 0.276668155516
44.8 -0.837536000000 0.123398000000 0.632786000000 -0.561561654407 0.702175921137 -0.342185702165 0.272958658609
44.9 -0.835260000000 0.127561000000 0.630681000000 -0.559376767635 0.703918997516 -0.343181513411 0.271702273857
45.0 -0.823834000000 0.138405000000 0.631372000000 -0.555002453793 0.711357742310 -0.341014178816 0.263916215088
45.1 -0.819837000000 0.142839000000 0.631426000000 -0.552994105711 0.713825649147 -0.340158087272 0.262569871333
45.2 -0.811877000000 0.151184000000 0.634766000000 -0.548370790038 0.718319885936 -0.340054572297 0.260132477715
45.3 -0.805769000000 0.163631000000 0.633086000000 -0.542174673219 0.722765846841 -0.342254369156 0.257911033409
45.4 -0.799961000000 0.175674000000 0.630636000000 -0.538072148817 0.726486079774 -0.345694218076 0.251379884142
45.5 -0.794307000000 0.182133000000 0.629762000000 -0.534959164132 0.729917576708 -0.346040017932 0.247578936735
45.6 -0.788826000000 0.192108000000 0.624471000000 -0.532831794579 0.732325862354 -0.347028562452 0.243639666015
45.7 -0.779411000000 0.200914000000 0.624886000000 -0.531271883169 0.736135655917 -0.345421758758 0.237777818179
45.8 -0.771748000000 0.208662000000 0.624191000000 -0.528902434794 0.737743680680 -0.346719303324 0.236182558179
45.9 -0.766383000000 0.214656000000 0.622575000000 -0.527596918849 0.739055766063 -0.347111790130 0.234417301031
46.0 -0.757753000000 0.223104000000 0.624726000000 -0.525439285046 0.742383967960 -0.345968211463 0.230403121730
46.1 -0.752523000000 0.229981000000 0.626310000000 -0.522658511033 0.744709711589 -0.346465815109 0.228466551755
46.2 -0.749543000000 0.235102000000 0.626657000000 -0.519532718391 0.746603841394 -0.347497686440 0.227846036738
46.3 -0.745632000000 0.243673000000 0.625925000000 -0.516589525313 0.750123496052 -0.346587529402 0.224336995324
46.4 -0.740574000000 0.250826000000 0.626975000000 -0.515405420667 0.752680699026 -0.345433324982 0.220238133968
46.5 -0.738009000000 0.256529000000 0.628241000000 -0.515495841253 0.753531298964 -0.345097163349 0.217629425818
46.6 -0.733894000000 0.263559000000 0.632266000000 -0.516083829956 0.754319274492 -0.344448912826 0.214510743415
46.7 -0.732846000000 0.270221000000 0.634270000000 -0.517058720470 0.752836159197 -0.347986017088 0.211645290291
46.8 -0.731693000000 0.274044000000 0.636177000000 -0.516379136143 0.754499140927 -0.347851600160 0.207564202991
46.9 -0.728971000000 0.279691000000 0.639026000000 -0.514562981375 0.757173129318 -0.347343322644 0.203141346486
47.0 -0.725066000000 0.284570000000 0.642820000000 -0.514360508587 0.758464780922 -0.346540251917 0.200185656599
47.1 -0.722319000000 0.287339000000 0.645897000000 -0.513900476685 0.758501997948 -0.346423558382 0.201424272045
47.2 -0.720743000000 0.290107000000 0.647405000000 -0.513628774893 0.758798021845 -0.345192916525 0.203108084593
47.3 -0.719342000000 0.293557000000 0.650653000000 -0.515211589422 0.757840995851 -0.344714371313 0.203484754571
47.4 -0.719642000000 0.293735000000 0.652076000000 -0.517594975988 0.756102206358 -0.344965206741 0.203479484248
47.5 -0.718519000000 0.295438000000 0.654973000000 -0.518761124601 0.756460219407 -0.344117846791 0.200593468432
47.6 -0.717084000000 0.299428000000 0.655903000000 -0.520743776162 0.755360161546 -0.344971553445 0.198120098050
47.7 -0.714729000000 0.303618000000 0.657872000000 -0.516530905335 0.759777409174 -0.342890864420 0.195857007636
47.8 -0.713276000000 0.305455000000 0.661159000000 -0.510963928745 0.764375218700 -0.339528298228 0.198410995819
47.9 -0.715259000000 0.303976000000 0.662475000000 -0.508703779322 0.766666811205 -0.335787144034 0.201716284424
48.0 -0.713674000000 0.304895000000 0.666295000000 -0.509021417211 0.766698936062 -0.334855655579 0.202340377059
48.1 -0.715781000000 0.305471000000 0.666401000000 -0.510027548301 0.765372148527 -0.336317384258 0.202405511976
48.2 -0.714407000000 0.305378000000 0.670855000000 -0.510719325222 0.765507206423 -0.335854474088 0.200913563489
48.3 -0.714212000000 0.307952000000 0.673144000000 -0.508334319280 0.765359623248 -0.337130176038 0.205339015653
48.4 -0.714156000000 0.308531000000 0.674586000000 -0.506411705739 0.765092280504 -0.338256899746 0.209196693040
48.5 -0.713711000000 0.310996000000 0.674291000000 -0.503229532907 0.765368831743 -0.339386923659 0.213979215478
48.6 -0.711347000000 0.313269000000 0.675457000000 -0.501623141371 0.766699606639 -0.338575275900 0.214272536199
48.7 -0.709947000000 0.316828000000 0.675068000000 -0.500003308906 0.767106124774 -0.339360878012 0.215358024908
48.8 -0.707718000000 0.317201000000 0.674494000000 -0.498492776246 0.767807884637 -0.338667141447 0.217440961236
48.9 -0.705395000000 0.318725000000 0.674294000000 -0.498699330980 0.767210916261 -0.338435603709 0.219425908663
49.0 -0.702300000000 0.320250000000 0.674518000000 -0.498147309820 0.767801626166 -0.337610094304 0.219884844406
49.1 -0.699196000000 0.323953000000 0.674913000000 -0.498902775956 0.767052129899 -0.337141911351 0.221500297454
49.2 -0.696432000000 0.328028000000 0.676547000000 -0.498302999170 0.767201355778 -0.336298936357 0.223605067286
49.3 -0.695845000000 0.329055000000 0.676231000000 -0.497099113523 0.768025609271 -0.335309651987 0.224936818069
49.4 -0.695270000000 0.328371000000 0.675567000000 -0.495969718532 0.768977615809 -0.335419129575 0.224012214397
49.5 -0.694901000000 0.327596000000 0.676335000000 -0.496240812543 0.768496877624 -0.335624915266 0.224752133028
49.6 -0.691805000000 0.329497000000 0.678779000000 -0.495043167863 0.769271211361 -0.335567880094 0.224829409046
49.7 -0.693384000000 0.328000000000 0.678880000000 -0.493166456839 0.769847394902 -0.336601223237 0.225436134918
49.8 -0.693689000000 0.330583000000 0.677901000000 -0.491193037464 0.771320948438 -0.337126624127 0.223917470851
49.9 -0.692124000000 0.328013000000 0.679553000000 -0.489983097300 0.772847671690 -0.336226306666 0.222654241886
50.0 -0.692081000000 0.327160000000 0.681077000000 -0.488592359542 0.773223524257 -0.336779540060 0.223567504639
50.1 -0.691336000000 0.330480000000 0.680942000000 -0.486631954400 0.773822176773 -0.337685180964 0.224404318696
50.2 -0.687935000000 0.335000000000 0.682464000000 -0.484291119948 0.774791251308 -0.338760173812 0.224504282086
50.3 -0.688311000000 0.335073000000 0.681703000000 -0.483438110545 0.774343272216 -0.339447996422 0.226837271566
50.4 -0.687353000000 0.338751000000 0.681308000000 -0.483805955074 0.773920135197 -0.340558137626 0.225830859427
50.5 -0.687670000000 0.340617000000 0.681909000000 -0.482145729752 0.774709405291 -0.341329658655 0.225510302997
50.6 -0.687027000000 0.344156000000 0.682263000000 -0.480209249931 0.775816038522 -0.342050482828 0.224744338863
50.7 -0.685929000000 0.348611000000 0.682281000000 -0.478865626359 0.776997565618 -0.342007773527 0.223591542244
50.8 -0.683842000000 0.350982000000 0.683339000000 -0.476563811480 0.778934221689 -0.341398713879 0.222700089878
50.9 -0.685325000000 0.349646000000 0.683248000000 -0.474593052727 0.779202145281 -0.342986142675 0.223530662381
51.0 -0.682658000000 0.350591000000 0.684088000000 -0.472251608700 0.779825348562 -0.344767043175 0.223576675352
51.1 -0.683015000000 0.348992000000 0.682461000000 -0.469432208744 0.781749467995 -0.344413006165 0.223340215519
51.2 -0.679282000000 0.352037000000 0.682432000000 -0.465587809948 0.786209184765 -0.342173152999 0.219136127522
51.3 -0.678028000000 0.352437000000 0.680867000000 -0.464816383827 0.787097996590 -0.341052507387 0.219330025976
51.4 -0.675849000000 0.352789000000 0.678772000000 -0.464079369099 0.788326491873 -0.339509654385 0.218871825430
51.5 -0.672932000000 0.354958000000 0.676999000000 -0.464389703935 0.788229202058 -0.339323327733 0.218852935003
51.6 -0.669900000000 0.357472000000 0.675756000000 -0.462716467405 0.789220815735 -0.339319806418 0.218828800153
51.7 -0.668249000000 0.358457000000 0.674948000000 -0.462735337953 0.789242436155 -0.338957751537 0.219271581958
51.8 -0.666067000000 0.361516000000 0.675315000000 -0.461728795083 0.789875913051 -0.338771426399 0.219400279004
51.9 -0.665270000000 0.362725000000 0.674530000000 -0.461470162365 0.790703291049 -0.336952179025 0.219765383583
52.0 -0.663638000000 0.363115000000 0.675907000000 -0.461159941561 0.791462648475 -0.335308725136 0.220196374211
52.1 -0.661864000000 0.363571000000 0.676571000000 -0.459883077682 0.792739347254 -0.332840865612 0.222010901434
52.2 -0.659970000000 0.364008000000 0.675359000000 -0.459988298876 0.792791416043 -0.331672087223 0.223352103423
52.3 -0.655296000000 0.365540000000 0.673688000000 -0.460860665487 0.792949638249 -0.330945043762 0.222066873300
52.4 -0.648739000000 0.363758000000 0.672997000000 -0.461470526104 0.794245309068 -0.327598809989 0.221129740775
52.5 -0.642291000000 0.362370000000 0.674784000000 -0.460162789764 0.795263666045 -0.326309971251 0.222098426489
52.6 -0.633815000000 0.364264000000 0.673288000000 -0.458989320707 0.796415922400 -0.325612261756 0.221420724005
52.7 -0.626269000000 0.361519000000 0.673124000000 -0.457381407261 0.799566313699 -0.321626185016 0.219208930934
52.8 -0.621879000000 0.360272000000 0.673245000000 -0.457507508610 0.800159804660 -0.319197144024 0.220327823524
52.9 -0.614175000000 0.360914000000 0.672841000000 -0.457251626556 0.800909165092 -0.318363165998 0.219340725400
53.0 -0.607115000000 0.359974000000 0.671698000000 -0.458914501343 0.800341807532 -0.318455809015 0.217798919369
53.1 -0.599020000000 0.358912000000 0.670345000000 -0.459522045104 0.800750937045 -0.317126742660 0.216951736510
53.2 -0.593712000000 0.355948000000 0.670470000000 -0.460261614942 0.800607110242 -0.315890532015 0.217716955298
53.3 -0.584229000000 0.354684000000 0.671322000000 -0.461499077902 0.799788414094 -0.316283028440 0.217536524974
53.4 -0.575622000000 0.353532000000 0.670923000000 -0.463067176988 0.799431545141 -0.314509731818 0.218086273805
53.5 -0.569465000000 0.352408000000 0.669625000000 -0.464788746300 0.798984319379 -0.312453195913 0.219017074824
53.6 -0.563292000000 0.349647000000 0.668502000000 -0.466514251336 0.798858212005 -0.309664143311 0.219768352498
53.7 -0.557975000000 0.347006000000 0.666913000000 -0.466608378093 0.800866104197 -0.306112691498 0.217221372671
53.8 -0.552296000000 0.345675000000 0.667565000000 -0.465086910721 0.803206897369 -0.303970891089 0.214836083712
53.9 -0.548423000000 0.343932000000 0.666800000000 -0.465271809297 0.802741362691 -0.304646025251 0.215219068388
54.0 -0.544714000000 0.342375000000 0.665247000000 -0.464628958333 0.803683139180 -0.304438071446 0.213379482451
54.1 -0.542086000000 0.342170000000 0.665138000000 -0.463707467407 0.804815300450 -0.303403767892 0.212588500303
54.2 -0.539297000000 0.342804000000 0.664590000000 -0.461600354682 0.805644484800 -0.304691744308 0.212190993255
54.3 -0.539582000000 0.345547000000 0.660042000000 -0.459188369402 0.806879779651 -0.306690393074 0.209838188595
54.4 -0.536512000000 0.346524000000 0.661279000000 -0.454864799601 0.809778698945 -0.308009556235 0.206122745194
54.5 -0.533766000000 0.351290000000 0.660755000000 -0.444527537140 0.814195491667 -0.314269212029 0.201781645456
54.6 -0.531123000000 0.357329000000 0.660346000000 -0.433341483365 0.819832279570 -0.317794875489 0.197728625349
54.7 -0.528551000000 0.365296000000 0.657954000000 -0.424160044202 0.824282543278 -0.320952800640 0.193999601832
54.8 -0.526526000000 0.375942000000 0.653724000000 -0.413530212380 0.829698551392 -0.324169437506 0.188433683440
54.9 -0.525147000000 0.387205000000 0.649624000000 -0.403220563796 0.835181882054 -0.325426752057 0.184341611869
55.0 -0.526133000000 0.395851000000 0.648699000000 -0.395822284756 0.838420454132 -0.329210757465 0.178874643682
55.1 -0.528482000000 0.402220000000 0.646351000000 -0.390814777523 0.840052831240 -0.332548366205 0.176030209136
55.2 -0.529660000000 0.411771000000 0.644950000000 -0.383987890975 0.842122538119 -0.337176951392 0.172321309845
55.3 -0.531565000000 0.420151000000 0.643540000000 -0.378147952956 0.842855069952 -0.342985042495 0.170178486760
55.4 -0.533621000000 0.424210000000 0.642115000000 -0.376655080999 0.842500199125 -0.346764094818 0.167567977184
55.5 -0.536797000000 0.430779000000 0.639215000000 -0.371745856193 0.842579633864 -0.352476181604 0.166208063590
55.6 -0.538760000000 0.434606000000 0.636448000000 -0.368650599332 0.843579015426 -0.353661653751 0.165513186820
55.7 -0.537875000000 0.439245000000 0.635106000000 -0.366968293662 0.843721869451 -0.355961098620 0.163582929200
55.8 -0.537717000000 0.444233000000 0.632237000000 -0.366330089761 0.842909972255 -0.359244118592 0.162014527947
55.9 -0.535364000000 0.447623000000 0.631801000000 -0.363897298875 0.842917681229 -0.359891302209 0.165972254119
56.0 -0.535389000000 0.446780000000 0.634573000000 -0.362953021714 0.842245573192 -0.359815820561 0.171522808224
56.1 -0.537786000000 0.447827000000 0.635825000000 -0.361226885605 0.841374886433 -0.359683366954 0.179530813878
56.2 -0.541061000000 0.446451000000 0.636681000000 -0.359931287356 0.840558070551 -0.360183268869 0.184877286982
56.3 -0.545456000000 0.445955000000 0.634797000000 -0.359517319641 0.840189692910 -0.359955481178 0.187778136045
56.4 -0.552037000000 0.445604000000 0.632876000000 -0.356477919739 0.841639230979 -0.358764703472 0.189353598215
56.5 -0.555743000000 0.443846000000 0.633268000000 -0.350145809965 0.844307395854 -0.357286114479 0.192066565209
56.6 -0.559335000000 0.444457000000 0.632914000000 -0.347742507785 0.844813110774 -0.359179169917 0.190673228435
56.7 -0.565064000000 0.447125000000 0.630961000000 -0.344834184682 0.845191676487 -0.360683306370 0.191436588918
56.8 -0.566626000000 0.449533000000 0.631303000000 -0.340841556016 0.847227258505 -0.359774785867 0.191298482987
56.9 -0.568359000000 0.450776000000 0.630128000000 -0.335665864007 0.849472817292 -0.359379174083 0.191235377631
57.0 -0.569381000000 0.450893000000 0.628953000000 -0.333541467190 0.850119489825 -0.359665115768 0.191540980431
57.1 -0.574310000000 0.454413000000 0.623938000000 -0.329749617655 0.851887936084 -0.359905872011 0.189789086365
57.2 -0.573839000000 0.455826000000 0.625145000000 -0.327319207902 0.853462507761 -0.360478999558 0.185792289568
57.3 -0.575701000000 0.458219000000 0.625846000000 -0.325432858469 0.852739786757 -0.363889268087 0.185776508962
57.4 -0.582045000000 0.461950000000 0.624714000000 -0.325376778825 0.850823762356 -0.367304176394 0.187926898596
57.5 -0.587058000000 0.467520000000 0.624162000000 -0.328651576747 0.849504512262 -0.368031284918 0.186770442173
57.6 -0.588732000000 0.471013000000 0.626682000000 -0.329366618641 0.849134537343 -0.368167830610 0.186924092936
57.7 -0.591208000000 0.476037000000 0.629476000000 -0.329189245426 0.847740693400 -0.370218747684 0.189494686765
57.8 -0.591103000000 0.479994000000 0.636349000000 -0.329004063323 0.846570706402 -0.370335584594 0.194745783427
57.9 -0.591170000000 0.484677000000 0.637918000000 -0.329666528334 0.844837869181 -0.371294350018 0.199272327580
58.0 -0.593611000000 0.488666000000 0.637369000000 -0.327698339170 0.844160758077 -0.372283111560 0.203498643423
58.1 -0.593567000000 0.488410000000 0.638868000000 -0.327562905899 0.843708611851 -0.374950245685 0.200675445005
58.2 -0.592134000000 0.490772000000 0.638343000000 -0.325607711456 0.844046097945 -0.377372128049 0.197878952281
58.3 -0.588005000000 0.494072000000 0.639603000000 -0.321722908082 0.845341766454 -0.380691851625 0.192263835416
58.4 -0.584495000000 0.498874000000 0.636289000000 -0.317298466772 0.846355272376 -0.384555174210 0.187407987805
58.5 -0.573135000000 0.505269000000 0.634944000000 -0.313189305493 0.848803586286 -0.388147055111 0.175461660888
58.6 -0.569996000000 0.507097000000 0.635645000000 -0.311388798663 0.849460894969 -0.389374309705 0.172745046030
58.7 -0.564425000000 0.509318000000 0.635321000000 -0.303510706654 0.851426307223 -0.394105730686 0.166238284865
58.8 -0.562229000000 0.510550000000 0.631684000000 -0.297938381979 0.853120286688 -0.397598512226 0.159166328287
58.9 -0.558909000000 0.511794000000 0.628379000000 -0.295131732098 0.854576097953 -0.398843677274 0.153364515501
59.0 -0.555248000000 0.516143000000 0.625968000000 -0.292046896680 0.856755498924 -0.398106856633 0.148961592045
59.1 -0.553254000000 0.518898000000 0.623404000000 -0.291093997764 0.858585393944 -0.396492426690 0.144530831830
59.2 -0.551086000000 0.520828000000 0.622659000000 -0.290103404284 0.860917238786 -0.393075571248 0.141961678179
59.3 -0.545449000000 0.526360000000 0.623590000000 -0.287740404603 0.863257265328 -0.390504946848 0.139636098141
59.4 -0.545177000000 0.529983000000 0.622513000000 -0.291387408977 0.862855612362 -0.388354010399 0.140551530454
59.5 -0.542185000000 0.534626000000 0.622807000000 -0.293133926680 0.863355355163 -0.386186946053 0.139820150332
59.6 -0.539872000000 0.540518000000 0.624429000000 -0.297426367327 0.862932316636 -0.383925706288 0.139593785586
59.7 -0.537974000000 0.544085000000 0.627346000000 -0.299705240042 0.862580284617 -0.382619734218 0.140478328109
59.8 -0.534543000000 0.548485000000 0.629522000000 -0.298508420342 0.862875297493 -0.382451617742 0.141667582911
59.9 -0.532016000000 0.551529000000 0.631707000000 -0.297682457641 0.862560788291 -0.382532709199 0.145061253645
60.0 -0.524583000000 0.556916000000 0.635407000000 -0.298028049205 0.861881260345 -0.382758894276 0.147768751115
60.1 -0.524098000000 0.557496000000 0.634695000000 -0.298210860222 0.861476904768 -0.383320605815 0.148300838012
60.2 -0.517054000000 0.562509000000 0.635708000000 -0.298844024500 0.861577151120 -0.383478598193 0.146017897591
60.3 -0.512012000000 0.566671000000 0.636887000000 -0.299325759093 0.861390198217 -0.383567477781 0.145900672883
60.4 -0.505417000000 0.571114000000 0.639425000000 -0.298841424982 0.860980939828 -0.384719820588 0.146274685488
60.5 -0.502350000000 0.573905000000 0.641365000000 -0.299497725077 0.860635223895 -0.384653092054 0.147139807119
60.6 -0.495936000000 0.577110000000 0.646368000000 -0.299354989174 0.860522763033 -0.384454708429 0.148599266238
60.7 -0.492696000000 0.579179000000 0.648616000000 -0.299023638716 0.860343197635 -0.384474225392 0.150246516702
60.8 -0.486711000000 0.580290000000 0.653466000000 -0.299748625129 0.860296611853 -0.384096014323 0.150035839549
60.9 -0.482263000000 0.582574000000 0.655823000000 -0.299263945077 0.859670048414 -0.386222849094 0.149132189266
61.0 -0.477628000000 0.581988000000 0.657897000000 -0.295639040731 0.861064385533 -0.386776674320 0.146865536341
61.1 -0.475659000000 0.582379000000 0.658230000000 -0.293283435865 0.861746424404 -0.387657589441 0.145256736931
61.2 -0.471956000000 0.581183000000 0.662198000000 -0.291202317865 0.862841713259 -0.387213572442 0.144121605760
61.3 -0.467803000000 0.583700000000 0.663493000000 -0.288108199746 0.865593871117 -0.383585249720 0.143538398070
61.4 -0.464917000000 0.586903000000 0.663112000000 -0.286167150298 0.868221465809 -0.379208904176 0.143179800921
61.5 -0.461772000000 0.585493000000 0.665934000000 -0.285931167351 0.869450610907 -0.376745663877 0.142694454975
61.6 -0.458606000000 0.586943000000 0.665770000000 -0.285697370384 0.869188159397 -0.378306957491 0.140615795819
61.7 -0.456066000000 0.587028000000 0.665349000000 -0.284873530098 0.869568277343 -0.378827288936 0.138520641227
61.8 -0.451846000000 0.585924000000 0.665942000000 -0.283919490121 0.870397642924 -0.378472693070 0.136220728678
61.9 -0.448081000000 0.583582000000 0.668142000000 -0.282879397420 0.871019644320 -0.378159066327 0.135276554803
62.0 -0.445050000000 0.582787000000 0.668533000000 -0.281618274112 0.871786652715 -0.377511537380 0.134774697100
62.1 -0.440804000000 0.582385000000 0.667846000000 -0.279056294102 0.873288793900 -0.376061725508 0.134431565412
62.2 -0.435848000000 0.580285000000 0.668057000000 -0.279348183603 0.874651308654 -0.373551951569 0.131941729815
62.3 -0.430995000000 0.580733000000 0.667740000000 -0.277819740129 0.875646711486 -0.372796656204 0.130696908080
62.4 -0.427376000000 0.580719000000 0.668994000000 -0.275960258953 0.876282796385 -0.372535066145 0.131118346275
62.5 -0.422194000000 0.582466000000 0.672012000000 -0.274321709476 0.876555763065 -0.372857494122 0.131813819551
62.6 -0.415809000000 0.587091000000 0.675257000000 -0.274403592837 0.876090178890 -0.373562559369 0.132739146176
62.7 -0.415371000000 0.587192000000 0.675754000000 -0.274341941220 0.876069146952 -0.373254575999 0.133866988246
62.8 -0.412429000000 0.588584000000 0.678348000000 -0.274784035344 0.876137156309 -0.371759129187 0.136647601960
62.9 -0.409167000000 0.589916000000 0.681041000000 -0.276060341440 0.875398388124 -0.371994394210 0.138161212465
63.0 -0.407356000000 0.591949000000 0.681435000000 -0.275306563259 0.875189007140 -0.372194718545 0.140433576810
63.1 -0.402239000000 0.594379000000 0.684377000000 -0.272956149969 0.875804448961 -0.372222920742 0.141108485385
63.2 -0.402133000000 0.593835000000 0.686196000000 -0.272732274069 0.874951698573 -0.373017665903 0.144687431280
63.3 -0.401462000000 0.597626000000 0.685312000000 -0.272775434370 0.874221158309 -0.374034727489 0.146386308791
63.4 -0.399389000000 0.599608000000 0.687923000000 -0.271781073239 0.874843723416 -0.372836540407 0.147568363705
63.5 -0.411920000000 0.594493000000 0.686129000000 -0.266886474817 0.874167595710 -0.374376138041 0.156349388985
63.6 -0.408834000000 0.595718000000 0.688671000000 -0.266087769296 0.874280209449 -0.376223579699 0.152601548075
63.7 -0.397375000000 0.601305000000 0.692773000000 -0.259200974480 0.877552718546 -0.376424366545 0.144985438138
63.8 -0.397554000000 0.601954000000 0.693177000000 -0.255716354261 0.878755082817 -0.375874944006 0.145315783916
63.9 -0.397792000000 0.602466000000 0.694365000000 -0.251485744417 0.879707240638 -0.376341984229 0.145728521679
64.0 -0.391936000000 0.605141000000 0.696791000000 -0.248587387854 0.880694435427 -0.376856519303 0.143390326961
64.1 -0.388468000000 0.608083000000 0.695201000000 -0.243496539030 0.882651145966 -0.376098454802 0.142078648293
64.2 -0.385027000000 0.608186000000 0.694330000000 -0.238221891644 0.885388598866 -0.373692213621 0.140326365374
64.3 -0.381214000000 0.610267000000 0.692311000000 -0.229836437847 0.888422060861 -0.371743435496 0.140314902197
64.4 -0.378325000000 0.610732000000 0.690815000000 -0.220907865089 0.891968404854 -0.369879149309 0.137045593838
64.5 -0.371374000000 0.613488000000 0.688979000000 -0.214521026104 0.894533475756 -0.369342230953 0.131821495004
64.6 -0.368182000000 0.615172000000 0.687627000000 -0.214413205912 0.894419094446 -0.370114014177 0.130602745497
64.7 -0.364143000000 0.617130000000 0.686383000000 -0.214225106730 0.894140449640 -0.371535950981 0.128769162040
64.8 -0.361755000000 0.616975000000 0.687097000000 -0.215861487726 0.893848782520 -0.371136542632 0.129212378773
64.9 -0.360636000000 0.617882000000 0.687752000000 -0.216139649863 0.893682706286 -0.371264948126 0.129526871864
65.0 -0.358314000000 0.619359000000 0.690543000000 -0.215446198187 0.893855464214 -0.370770236490 0.130899872100
65.1 -0.357873000000 0.623165000000 0.689355000000 -0.214202288406 0.893750792524 -0.371525056556 0.131514382691
65.2 -0.355113000000 0.625171000000 0.689769000000 -0.213455247993 0.894108897555 -0.371409156925 0.130619196790
65.3 -0.352962000000 0.626315000000 0.690947000000 -0.211913987461 0.894544527493 -0.371929450647 0.128650821963
65.4 -0.351780000000 0.628172000000 0.690611000000 -0.208440097266 0.895476859430 -0.372341581207 0.126632014048
65.5 -0.350752000000 0.628650000000 0.690884000000 -0.206576311851 0.896276665700 -0.371998431043 0.125026130089
65.6 -0.344115000000 0.632759000000 0.691136000000 -0.199964463339 0.897044085951 -0.374412616888 0.123050045012
65.7 -0.344095000000 0.633469000000 0.691779000000 -0.197304380426 0.897679839229 -0.373120190334 0.126582823761
65.8 -0.340479000000 0.636653000000 0.691564000000 -0.195587958137 0.898193978656 -0.373282636359 0.125111952792
65.9 -0.338692000000 0.638168000000 0.689285000000 -0.191987108669 0.899655943090 -0.372036692075 0.123890410923
66.0 -0.335562000000 0.638542000000 0.687968000000 -0.189640059222 0.900255340549 -0.372632075644 0.121335509860
66.1 -0.331169000000 0.639008000000 0.686860000000 -0.186147562626 0.901061678087 -0.372968058653 0.119715347540
66.2 -0.327540000000 0.640260000000 0.686627000000 -0.182587097700 0.902273565178 -0.372186590023 0.118496867224
66.3 -0.322243000000 0.642405000000 0.687321000000 -0.176968471693 0.902769511272 -0.373812856705 0.118124162249
66.4 -0.319583000000 0.645539000000 0.685698000000 -0.177086374937 0.902278516679 -0.374661210928 0.119007861833
66.5 -0.318050000000 0.646978000000 0.684844000000 -0.176763057964 0.902401654282 -0.374349887677 0.119533414932
66.6 -0.316935000000 0.647742000000 0.683721000000 -0.176909089244 0.903099501541 -0.373191959128 0.117652990198
66.7 -0.313870000000 0.650116000000 0.681463000000 -0.176676298053 0.903259047627 -0.373734036117 0.115028034989
66.8 -0.311261000000 0.651783000000 0.680527000000 -0.177415470393 0.904078335835 -0.371646084949 0.114216028123
66.9 -0.310969000000 0.650575000000 0.682229000000 -0.179025235797 0.904660142206 -0.369106868520 0.115326110065
67.0 -0.309387000000 0.652340000000 0.682147000000 -0.181128164056 0.904305319203 -0.368667459580 0.116227286354
67.1 -0.308542000000 0.652567000000 0.681572000000 -0.182724736979 0.904342453318 -0.367523100526 0.117060532219
67.2 -0.305708000000 0.653993000000 0.682147000000 -0.185357098132 0.903392655095 -0.368187305730 0.118163297147
67.3 -0.304684000000 0.653679000000 0.683408000000 -0.188672406465 0.902111422796 -0.369575461688 0.118370950903
67.4 -0.303152000000 0.654402000000 0.684404000000 -0.187295871292 0.901066481499 -0.373053255532 0.117604086037
67.5 -0.303929000000 0.654995000000 0.684508000000 -0.186501890587 0.899594392233 -0.377003881090 0.117537431969
67.6 -0.299682000000 0.659167000000 0.683972000000 -0.186302717234 0.897603370365 -0.382107963002 0.116588986066
67.7 -0.298528000000 0.658518000000 0.685789000000 -0.186924082229 0.896730652912 -0.383130954555 0.118929370939
67.8 -0.295132000000 0.661216000000 0.685985000000 -0.188110598834 0.895574112574 -0.384729142282 0.120602232869
67.9 -0.293502000000 0.663973000000 0.684526000000 -0.188036178724 0.895399385316 -0.384857475005 0.121602056725
68.0 -0.292269000000 0.664117000000 0.685400000000 -0.189184313409 0.895441192802 -0.384346805073 0.121127615448
68.1 -0.296825000000 0.662728000000 0.685986000000 -0.188032712701 0.894002685511 -0.387386453667 0.123833084311
68.2 -0.297187000000 0.665447000000 0.685166000000 -0.184969883169 0.892744073048 -0.391635925229 0.124159028779
68.3 -0.292784000000 0.665248000000 0.688609000000 -0.184960415182 0.892342437742 -0.393373915072 0.121538395418
68.4 -0.296274000000 0.663774000000 0.690080000000 -0.184863034852 0.891492626636 -0.394686076512 0.123650539859
68.5 -0.306815000000 0.661130000000 0.689492000000 -0.181210071073 0.892410660385 -0.391671146514 0.131756731752
68.6 -0.313454000000 0.661677000000 0.691168000000 -0.179905806991 0.892090237195 -0.390116631721 0.140063995969
68.7 -0.320852000000 0.656960000000 0.694137000000 -0.180568526912 0.891899612839 -0.388636180245 0.144471475078
68.8 -0.329905000000 0.657341000000 0.697406000000 -0.177397127471 0.889769417477 -0.394609563354 0.145340756146
68.9 -0.330000000000 0.659608000000 0.707154000000 -0.172761136846 0.888846450689 -0.399927032564 0.141999807454
69.0 -0.280076000000 0.733149000000 0.655779000000 -0.167490093096 0.873474094018 -0.444276598879 0.107742189891
69.1 -0.282678000000 0.736437000000 0.661186000000 -0.160868476330 0.871374941271 -0.451080176596 0.106553833011
69.2 -0.289267000000 0.741579000000 0.663067000000 -0.153884625745 0.868752918850 -0.459105805311 0.103969935460
69.3 -0.293975000000 0.743944000000 0.662873000000 -0.148444473634 0.868725647870 -0.461416617776 0.101856231134
69.4 -0.307364000000 0.743738000000 0.663061000000 -0.139036651269 0.870157371566 -0.461960358767 0.100436971488
69.5 -0.317687000000 0.745468000000 0.659448000000 -0.134068877414 0.871581932063 -0.461887467851 0.095028621229
69.6 -0.323418000000 0.747776000000 0.656549000000 -0.134288913849 0.873035445140 -0.460155382556 0.089624901962
69.7 -0.325149000000 0.748370000000 0.658929000000 -0.135341827585 0.875567939202 -0.455884069147 0.085047569313
69.8 -0.328826000000 0.754064000000 0.657724000000 -0.135153807189 0.876854258454 -0.453533352122 0.084661421828
69.9 -0.323695000000 0.753150000000 0.664117000000 -0.132849373430 0.879695555302 -0.449039195555 0.082768199301
70.0 -0.331989000000 0.752196000000 0.662509000000 -0.134661941138 0.879446719593 -0.448608451782 0.084794374786
70.1 -0.327086000000 0.754871000000 0.662288000000 -0.131058001056 0.882020014090 -0.444930497880 0.083074347188
70.2 -0.320954000000 0.753534000000 0.664976000000 -0.129005826442 0.884307125999 -0.441615843295 0.079585492413
70.3 -0.325980000000 0.753389000000 0.664436000000 -0.130804273832 0.884585030324 -0.440946496245 0.077238290529
70.4 -0.315634000000 0.754761000000 0.664813000000 -0.125397169557 0.887613964661 -0.437091524804 0.073266626441
70.5 -0.330354000000 0.748745000000 0.668367000000 -0.130539695744 0.889486338512 -0.431422967009 0.075150947910
70.6 -0.334122000000 0.748101000000 0.670492000000 -0.128317607677 0.890672800237 -0.429644042271 0.075116918325
70.7 -0.335965000000 0.748810000000 0.678081000000 -0.125245731856 0.892457929202 -0.427453001202 0.071528197382
70.8 -0.343185000000 0.749074000000 0.685786000000 -0.122723370824 0.892841587442 -0.427388586096 0.071497345849
70.9 -0.353556000000 0.748994000000 0.691791000000 -0.127778527240 0.892884528800 -0.425898827145 0.070993346462
71.0 -0.350594000000 0.750951000000 0.694571000000 -0.131606318269 0.894263737962 -0.422452535681 0.067126738748
71.1 -0.392392000000 0.694499000000 0.740115000000 -0.130489972903 0.909487888577 -0.384006776715 0.091339711733
71.2 -0.396926000000 0.692643000000 0.742722000000 -0.130800494998 0.911091741022 -0.380282660590 0.090488496535
71.3 -0.399633000000 0.686530000000 0.750391000000 -0.137019055129 0.911674433933 -0.377614538410 0.086502979289
71.4 -0.405561000000 0.686784000000 0.753724000000 -0.140663290974 0.910307000665 -0.379607402206 0.086332052582
71.5 -0.408038000000 0.689847000000 0.758540000000 -0.141589854663 0.909401148757 -0.381248649063 0.087128246184
71.6 -0.417834000000 0.688004000000 0.760803000000 -0.145021052028 0.908561323333 -0.380595896631 0.092908447842
71.7 -0.420975000000 0.688299000000 0.763899000000 -0.152191544475 0.907670137923 -0.379423564768 0.094923195330
71.8 -0.426349000000 0.688113000000 0.765441000000 -0.162993336346 0.904851703616 -0.382013738547 0.093499039205
71.9 -0.426950000000 0.690388000000 0.765470000000 -0.168151296350 0.903885407054 -0.382192214783 0.092980769034
72.0 -0.430918000000 0.687992000000 0.768740000000 -0.175756238885 0.902491374520 -0.381636865234 0.094722576531
72.1 -0.435804000000 0.686087000000 0.769094000000 -0.184323540995 0.900194648524 -0.383284137698 0.093635980224
72.2 -0.438756000000 0.682890000000 0.770663000000 -0.191502796208 0.899564929867 -0.381667728293 0.091865995765
72.3 -0.440948000000 0.681888000000 0.771083000000 -0.195421088079 0.899595881224 -0.379157021525 0.093689923943
72.4 -0.443841000000 0.676607000000 0.775288000000 -0.203509039774 0.898521433726 -0.377362766735 0.094024710297
72.5 -0.448536000000 0.674656000000 0.774471000000 -0.211273632575 0.896905490145 -0.376909800287 0.094143488215
72.6 -0.454447000000 0.670492000000 0.773502000000 -0.219370529110 0.894911792031 -0.376684344690 0.095490103718
72.7 -0.456967000000 0.666321000000 0.774810000000 -0.226540876070 0.892766037085 -0.377987841974 0.093665499614
72.8 -0.460104000000 0.663969000000 0.772566000000 -0.232149157130 0.890937790205 -0.378918623595 0.093580444118
72.9 -0.463437000000 0.655285000000 0.772217000000 -0.246419907671 0.887424265063 -0.378433777031 0.092429861423
73.0 -0.466382000000 0.649330000000 0.769494000000 -0.259888660627 0.884156275699 -0.375641383620 0.098077087696
73.1 -0.469559000000 0.638244000000 0.767526000000 -0.272353600032 0.881885718277 -0.371728978032 0.099592486365
73.2 -0.472682000000 0.631990000000 0.763875000000 -0.278768161053 0.880444082841 -0.370196784484 0.100303888915
73.3 -0.477825000000 0.622696000000 0.758430000000 -0.285184298749 0.880182314732 -0.364860361521 0.104047706220
73.4 -0.483067000000 0.612984000000 0.754722000000 -0.293931482752 0.879232235557 -0.358914633722 0.108329336312
73.5 -0.488230000000 0.603394000000 0.753197000000 -0.300333390620 0.878083582744 -0.355882438114 0.110076184694
73.6 -0.492681000000 0.595900000000 0.752901000000 -0.308007911673 0.875187603611 -0.355915019123 0.111813612743
73.7 -0.496376000000 0.591300000000 0.755154000000 -0.313225213507 0.871726835482 -0.358573466890 0.115790149696
73.8 -0.496707000000 0.587764000000 0.758588000000 -0.320226775639 0.868005805341 -0.360623382114 0.118201143525
73.9 -0.496263000000 0.585428000000 0.761288000000 -0.327381994105 0.864491735033 -0.361116482395 0.122759749664
74.0 -0.495895000000 0.584355000000 0.765341000000 -0.334735327177 0.860590208523 -0.361720735643 0.128432329031
74.1 -0.496405000000 0.581451000000 0.766018000000 -0.339727263964 0.857953301065 -0.362343046868 0.131183214238
74.2 -0.497648000000 0.574906000000 0.765715000000 -0.346607443908 0.855749807660 -0.360886120204 0.131593141015
74.3 -0.497606000000 0.568640000000 0.766518000000 -0.350486974869 0.853815166883 -0.360468228484 0.134985915939
74.4 -0.507029000000 0.563342000000 0.761806000000 -0.355106018129 0.851163437423 -0.360459619177 0.139604375382
74.5 -0.513265000000 0.555054000000 0.765806000000 -0.364753847264 0.847232099517 -0.358386402292 0.143915208042
74.6 -0.523936000000 0.548842000000 0.761815000000 -0.374377889780 0.842971641972 -0.357206819886 0.147116601042
74.7 -0.531682000000 0.543122000000 0.759689000000 -0.381259752229 0.839901862262 -0.355574072562 0.150907064184
74.8 -0.543538000000 0.530956000000 0.759582000000 -0.393380644696 0.834685116930 -0.352760841700 0.155281075848
74.9 -0.549782000000 0.524156000000 0.761753000000 -0.403243979632 0.829636251498 -0.351808681695 0.159149723766
75.0 -0.552885000000 0.518537000000 0.765458000000 -0.409748811283 0.825831308600 -0.351905173250 0.162084269528
75.1 -0.560318000000 0.512100000000 0.765404000000 -0.417943062662 0.819727656494 -0.354280417924 0.166899823328
75.2 -0.562031000000 0.508471000000 0.764878000000 -0.427071710362 0.814787507682 -0.353887928313 0.168802860543
75.3 -0.562598000000 0.501793000000 0.765890000000 -0.433363538478 0.811883691470 -0.352274225863 0.170128730187
75.4 -0.565930000000 0.493887000000 0.767952000000 -0.438937951740 0.808741308436 -0.352322904463 0.170703080061
75.5 -0.566366000000 0.487297000000 0.771253000000 -0.441345290878 0.807779814480 -0.351844934720 0.170033077516
75.6 -0.571882000000 0.480985000000 0.769632000000 -0.444226946620 0.805744027433 -0.352904897012 0.169991516899
75.7 -0.574092000000 0.475454000000 0.771205000000 -0.446203749609 0.805135552272 -0.352190446116 0.169176966418
75.8 -0.581471000000 0.466272000000 0.771014000000 -0.452009170711 0.800925547106 -0.354157742999 0.169641594720
75.9 -0.586876000000 0.461767000000 0.770084000000 -0.454648384567 0.799249157112 -0.354146700435 0.170516116063
76.0 -0.588792000000 0.459121000000 0.772319000000 -0.459011078480 0.797015212916 -0.353596367963 0.170426490829
76.1 -0.593449000000 0.453717000000 0.775106000000 -0.465976399487 0.792373967487 -0.353339164646 0.173669011334
76.2 -0.596739000000 0.452132000000 0.774528000000 -0.474294364095 0.787922933629 -0.351979933045 0.174162089969
76.3 -0.598552000000 0.449091000000 0.775010000000 -0.478148205313 0.785760613250 -0.350775984998 0.175814563589
76.4 -0.607350000000 0.441421000000 0.771513000000 -0.485412863218 0.782286207350 -0.347925641728 0.177060412965
76.5 -0.611126000000 0.434005000000 0.768972000000 -0.484836876374 0.783618684608 -0.344400358845 0.179620024687
76.6 -0.610734000000 0.425904000000 0.770338000000 -0.487401221818 0.783493747215 -0.341310681959 0.179121789366
76.7 -0.608937000000 0.416543000000 0.770168000000 -0.487861211197 0.784366945777 -0.339512938937 0.177456747618
76.8 -0.606775000000 0.408972000000 0.769917000000 -0.487175034541 0.785690505453 -0.338537470993 0.175337663083
76.9 -0.602249000000 0.404412000000 0.769762000000 -0.488791565281 0.785690948303 -0.338255486956 0.171335241585
77.0 -0.601295000000 0.396681000000 0.768083000000 -0.490858860907 0.785944931915 -0.334761974520 0.171121486325
77.1 -0.597773000000 0.395629000000 0.764597000000 -0.492247447932 0.785758275106 -0.333447961957 0.170554506752
77.2 -0.594839000000 0.393053000000 0.760767000000 -0.502947068009 0.783267084670 -0.325559846082 0.165975020630
77.3 -0.592112000000 0.391233000000 0.760240000000 -0.512043298695 0.779753269138 -0.320936274726 0.163696081491
77.4 -0.586260000000 0.390174000000 0.759628000000 -0.518126611493 0.778603709255 -0.315639383892 0.160289917752
77.5 -0.582018000000 0.382677000000 0.759785000000 -0.525012145472 0.777503603782 -0.309866480489 0.154379912819
77.6 -0.578638000000 0.382533000000 0.760532000000 -0.525167976658 0.777121861939 -0.309571454631 0.156351279073
77.7 -0.572361000000 0.380459000000 0.764766000000 -0.529495029989 0.774966051888 -0.306999907371 0.157523612555
77.8 -0.567489000000 0.379704000000 0.767725000000 -0.531603143882 0.771832114988 -0.310618134395 0.158712501944
77.9 -0.565259000000 0.376240000000 0.766287000000 -0.533804292871 0.770163311333 -0.312051294601 0.156606003481
78.0 -0.559406000000 0.379000000000 0.764421000000 -0.539743121967 0.765518932801 -0.315539870903 0.151962876001
78.1 -0.557318000000 0.385574000000 0.756518000000 -0.543981641833 0.762347014658 -0.315234817359 0.153421030225
78.2 -0.550593000000 0.387766000000 0.756069000000 -0.546191783487 0.763243715564 -0.310624438753 0.150485960648
78.3 -0.550039000000 0.386338000000 0.754924000000 -0.546628501023 0.764210802648 -0.307821032228 0.149750936905
78.4 -0.551807000000 0.379582000000 0.754265000000 -0.541178024025 0.770349921093 -0.304746640659 0.144280388108
78.5 -0.551045000000 0.376637000000 0.755957000000 -0.540139654347 0.772119661797 -0.303677948023 0.140925815779
78.6 -0.551977000000 0.373346000000 0.755778000000 -0.537655494216 0.773371126673 -0.304495466727 0.141796264798
78.7 -0.555039000000 0.368435000000 0.753035000000 -0.542802048921 0.770386316532 -0.303590006175 0.140370820110
78.8 -0.552351000000 0.363004000000 0.758235000000 -0.548825775525 0.766943402522 -0.302492760352 0.138152869611
78.9 -0.553655000000 0.361779000000 0.761147000000 -0.554380065784 0.759937976120 -0.308604468471 0.141139282806
79.0 -0.557663000000 0.354365000000 0.763591000000 -0.561812136729 0.752709751969 -0.308966891339 0.149447691086
79.1 -0.560211000000 0.349919000000 0.763600000000 -0.567188175451 0.746193646973 -0.312574001704 0.154240423704
79.2 -0.564255000000 0.344089000000 0.760812000000 -0.573684837063 0.741918641114 -0.309100907291 0.157794381405
79.3 -0.568921000000 0.336551000000 0.758140000000 -0.579734167751 0.737713546479 -0.307040414229 0.159415187836
79.4 -0.571971000000 0.330782000000 0.757065000000 -0.586851962080 0.733430522424 -0.305680474276 0.155704499055
79.5 -0.574134000000 0.326731000000 0.757677000000 -0.592407211763 0.729748758135 -0.303850524289 0.155548398709
79.6 -0.575716000000 0.322941000000 0.760608000000 -0.598219275050 0.725525253883 -0.301531432050 0.157561417940
79.7 -0.578280000000 0.316717000000 0.761607000000 -0.604626198977 0.719678497178 -0.302340572014 0.158367290577
79.8 -0.581342000000 0.313521000000 0.759790000000 -0.607308041571 0.717508459517 -0.301444138493 0.159655831501
79.9 -0.581803000000 0.309764000000 0.756677000000 -0.610730969041 0.716287726904 -0.297188201541 0.160058578670
80.0 -0.583522000000 0.305071000000 0.754439000000 -0.615303220691 0.713310866336 -0.295044147090 0.159807715218
80.1 -0.584581000000 0.301911000000 0.751883000000 -0.618346069891 0.711698843239 -0.293397841997 0.158273815567
80.2 -0.585363000000 0.298518000000 0.750919000000 -0.622051292882 0.709610946743 -0.292294655435 0.155139703781
80.3 -0.584580000000 0.298931000000 0.751969000000 -0.624232743892 0.706938711931 -0.293733300450 0.155858548799
80.4 -0.583591000000 0.299673000000 0.752666000000 -0.628457342461 0.703305031923 -0.291838906009 0.158850413026
80.5 -0.582348000000 0.301611000000 0.753521000000 -0.629602862641 0.701760206898 -0.290878232917 0.162857916552
80.6 -0.583063000000 0.295241000000 0.752177000000 -0.630516754700 0.701174533188 -0.290324417539 0.162833131247
80.7 -0.582020000000 0.287403000000 0.753433000000 -0.629505172804 0.701631614340 -0.291591461085 0.162513799392
80.8 -0.582590000000 0.287224000000 0.754242000000 -0.627770167725 0.701813135132 -0.294860590348 0.162542831678
80.9 -0.583962000000 0.283218000000 0.756506000000 -0.626688956461 0.702361998999 -0.296485556940 0.161384289004
81.0 -0.585920000000 0.281268000000 0.755210000000 -0.625902576295 0.703379258766 -0.296710455576 0.159582232331
81.1 -0.587107000000 0.279126000000 0.754648000000 -0.625512789663 0.704241831853 -0.295474014814 0.159600434855
81.2 -0.588732000000 0.275837000000 0.754577000000 -0.625202523720 0.704383568290 -0.296572716327 0.158146188660
81.3 -0.588498000000 0.270832000000 0.756154000000 -0.625384161972 0.704675857277 -0.296258881369 0.156707566297
81.4 -0.588026000000 0.269943000000 0.756364000000 -0.624844657801 0.704711888612 -0.296966689791 0.157356578578
81.5 -0.591250000000 0.259842000000 0.753590000000 -0.626961633646 0.702915524675 -0.295814926493 0.159130149157
81.6 -0.589019000000 0.249698000000 0.752739000000 -0.631189406076 0.701047304047 -0.293950970282 0.154030640509
81.7 -0.589362000000 0.244404000000 0.751599000000 -0.633585476263 0.698661836929 -0.294605179656 0.153781891027
81.8 -0.588692000000 0.239472000000 0.751442000000 -0.640621746726 0.692088414030 -0.295224395989 0.153166448022
81.9 -0.587788000000 0.235703000000 0.749266000000 -0.644498293816 0.688577530728 -0.294448607259 0.154217220599
82.0 -0.585781000000 0.234966000000 0.747570000000 -0.645627782765 0.687786402757 -0.292800967146 0.156148083378
82.1 -0.582489000000 0.232645000000 0.748070000000 -0.648264899913 0.686495574961 -0.289156184645 0.157686860523
82.2 -0.580888000000 0.230047000000 0.750192000000 -0.650359601848 0.684732415596 -0.287485910600 0.159767826933
82.3 -0.584169000000 0.225623000000 0.748104000000 -0.653090561008 0.682690140837 -0.284656171087 0.162412299375
82.4 -0.584773000000 0.224315000000 0.746149000000 -0.654434863211 0.683061076526 -0.281321404039 0.161247769528
82.5 -0.583535000000 0.223667000000 0.746696000000 -0.656881439129 0.682160125331 -0.279667830307 0.157956459275
82.6 -0.586486000000 0.218544000000 0.747095000000 -0.659835842800 0.680281354063 -0.276768522139 0.158849378417
82.7 -0.587887000000 0.215975000000 0.748832000000 -0.662333339353 0.679433506703 -0.273650023769 0.157481179964
82.8 -0.590455000000 0.213059000000 0.752737000000 -0.665475290729 0.677109354842 -0.271521973655 0.157928391485
82.9 -0.594328000000 0.211299000000 0.756088000000 -0.665059324349 0.676923719430 -0.272379922353 0.158995443547
83.0 -0.597772000000 0.209844000000 0.760018000000 -0.666034205683 0.674904385012 -0.273751766793 0.161128762575
83.1 -0.605808000000 0.204934000000 0.763519000000 -0.665879869116 0.673302717545 -0.276570040732 0.163635152158
83.2 -0.612667000000 0.201795000000 0.766327000000 -0.663493303929 0.673624399829 -0.280704787872 0.164959466723
83.3 -0.617326000000 0.199731000000 0.767317000000 -0.663379877609 0.672690758827 -0.282908981703 0.165459327461
83.4 -0.619539000000 0.200199000000 0.768729000000 -0.661790470973 0.673604879620 -0.284186691732 0.165914926770
83.5 -0.622238000000 0.196644000000 0.769204000000 -0.661637416482 0.673121336851 -0.284776943779 0.167468466521
83.6 -0.624992000000 0.195284000000 0.769239000000 -0.662482344454 0.672091683660 -0.284865917792 0.168111037478
83.7 -0.626145000000 0.194904000000 0.770347000000 -0.663458586981 0.672513700521 -0.282571328641 0.166437586511
83.8 -0.630892000000 0.194172000000 0.768901000000 -0.666938923458 0.671745453538 -0.278007840223 0.163285513144
83.9 -0.632602000000 0.193952000000 0.768063000000 -0.667458509232 0.672661636225 -0.276716822671 0.159540783674
84.0 -0.635582000000 0.192652000000 0.768105000000 -0.669677136089 0.671416799761 -0.276277438893 0.156213927536
84.1 -0.638673000000 0.192517000000 0.768829000000 -0.669952163103 0.671491350893 -0.275544732631 0.156008221416
84.2 -0.639934000000 0.189967000000 0.769311000000 -0.669107167444 0.673343571584 -0.273428848003 0.155372771621
84.3 -0.639524000000 0.189900000000 0.769616000000 -0.670083083925 0.672824981581 -0.272827650115 0.154467725207
84.4 -0.639792000000 0.186843000000 0.769766000000 -0.670563175447 0.672312064286 -0.272542420034 0.155119777052
84.5 -0.640062000000 0.185057000000 0.769011000000 -0.670278027155 0.672471209408 -0.272783801874 0.155237998780
84.6 -0.638549000000 0.182379000000 0.770036000000 -0.670370956504 0.672568315387 -0.272853708781 0.154290295926
84.7 -0.638822000000 0.180009000000 0.767918000000 -0.669490368674 0.673638470180 -0.272513709173 0.154045889459
