0.0 0.443248000000 0.026260600000 0.533599000000 -0.540746980101 -0.782143043979 0.211029737977 0.226520224165
0.1 0.443682000000 0.024781500000 0.532484000000 -0.540218712933 -0.782996313528 0.210494195993 0.225328002369
0.2 0.443934000000 0.023259500000 0.533370000000 -0.539657014119 -0.783246896768 0.212288263029 0.224116708872
0.3 0.444851000000 0.021220000000 0.534430000000 -0.539834416673 -0.782474479896 0.214912255365 0.223886608310
0.4 0.447340000000 0.020793600000 0.535470000000 -0.538595201706 -0.782400715939 0.219036722191 0.223130550867
0.5 0.451060000000 0.020101700000 0.536100000000 -0.537367633641 -0.782600150824 0.223194025124 0.221263321394
0.6 0.454238000000 0.019947400000 0.537558000000 -0.537453918969 -0.781675649838 0.226569343570 0.220890914231
0.7 0.458289000000 0.019786800000 0.538614000000 -0.537909734685 -0.780506863400 0.229767379679 0.220610753937
0.8 0.463544000000 0.019531700000 0.538197000000 -0.537560425574 -0.780050754532 0.233187630419 0.219483799470
0.9 0.467439000000 0.019213300000 0.538901000000 -0.539365039556 -0.777932073209 0.236516820955 0.219013326038
1.0 0.471636000000 0.018286400000 0.537729000000 -0.540995415517 -0.776555557747 0.238036512768 0.218229339713
1.1 0.477104000000 0.016540600000 0.536163000000 -0.542137670305 -0.776043695485 0.237909947407 0.217351756514
1.2 0.481109000000 0.016404400000 0.536676000000 -0.544300675403 -0.773982765947 0.239799282032 0.217218224628
1.3 0.483603000000 0.017455300000 0.536395000000 -0.545574149261 -0.772364861835 0.241741307686 0.217629290353
1.4 0.485717000000 0.018568400000 0.535541000000 -0.548476781200 -0.770259267272 0.241581698284 0.217972853176
1.5 0.487129000000 0.019127000000 0.534834000000 -0.551497033706 -0.767663271713 0.241917572883 0.219134686910
1.6 0.487100000000 0.020138200000 0.534330000000 -0.553129726529 -0.766495938029 0.241647652884 0.219403496943
1.7 0.485894000000 0.022435800000 0.535337000000 -0.555879656847 -0.764478056016 0.240954181386 0.220254832967
1.8 0.484847000000 0.025809800000 0.536409000000 -0.558139879476 -0.762032541002 0.242069777616 0.221784814985
1.9 0.482005000000 0.028077800000 0.538149000000 -0.559336842101 -0.761108844249 0.241277513915 0.222802121967
2.0 0.479717000000 0.031210500000 0.539388000000 -0.559395305563 -0.760133039675 0.242809378304 0.224317319699
2.1 0.476694000000 0.035517100000 0.540263000000 -0.557362369493 -0.761267253765 0.244266343219 0.223949349159
2.2 0.474841000000 0.038305800000 0.540538000000 -0.556029720801 -0.761517600184 0.246689307204 0.223754955046
2.3 0.472736000000 0.043374400000 0.539810000000 -0.553064661792 -0.763948914277 0.248671697355 0.220599009941
2.4 0.469181000000 0.048504300000 0.539748000000 -0.549788634000 -0.767460756297 0.247498319144 0.217901416905
2.5 0.467009000000 0.052210800000 0.539900000000 -0.547972703122 -0.768976583964 0.247767697403 0.216822734211
2.6 0.463541000000 0.056821400000 0.540871000000 -0.545958055793 -0.770647316061 0.248259229761 0.215406291460
2.7 0.461182000000 0.061526400000 0.540917000000 -0.543157817474 -0.772359336927 0.249960039214 0.214384278285
2.8 0.459401000000 0.064553400000 0.540766000000 -0.540277855576 -0.774533817916 0.251448324549 0.212063537083
2.9 0.458002000000 0.066983400000 0.540996000000 -0.538449339717 -0.775896074708 0.252786000849 0.210135260217
3.0 0.456602000000 0.070671700000 0.540905000000 -0.536870604006 -0.777087471448 0.254101363761 0.208176639438
3.1 0.455280000000 0.074344000000 0.540903000000 -0.535867275687 -0.777958069853 0.255978833073 0.205188550892
3.2 0.453795000000 0.077013600000 0.541351000000 -0.534402533482 -0.779163971698 0.256606489607 0.203643185271
3.3 0.453184000000 0.080923200000 0.541679000000 -0.531990046854 -0.780370378584 0.258723912316 0.202658825301
3.4 0.451477000000 0.085043500000 0.541922000000 -0.529893224035 -0.782063483288 0.259020866165 0.201241323094
3.5 0.449949000000 0.088425200000 0.542179000000 -0.528077789396 -0.783381437585 0.260040271432 0.199565600310
3.6 0.448203000000 0.093908400000 0.541542000000 -0.524949880898 -0.785535135962 0.261322751410 0.197667883859
3.7 0.445140000000 0.098790000000 0.540650000000 -0.523589920138 -0.786645907553 0.262621928027 0.195119282952
3.8 0.442404000000 0.102381000000 0.539559000000 -0.521551727537 -0.788346483033 0.263419068796 0.192624018199
3.9 0.438408000000 0.106831000000 0.538609000000 -0.516750708544 -0.791746096251 0.264811344753 0.189688629025
4.0 0.434934000000 0.111257000000 0.535977000000 -0.511498487007 -0.795691990263 0.265434326197 0.186515878407
4.1 0.431539000000 0.114504000000 0.534038000000 -0.508963213847 -0.798301633672 0.264519105245 0.183577208795
4.2 0.426256000000 0.119448000000 0.532997000000 -0.506110611277 -0.800678690634 0.264973895389 0.180428706917
4.3 0.421274000000 0.123833000000 0.532574000000 -0.503585620219 -0.801996299906 0.267008426727 0.178633586155
4.4 0.416443000000 0.127167000000 0.533326000000 -0.501141014735 -0.803583968645 0.267826710076 0.177142152119
4.5 0.411839000000 0.131428000000 0.533894000000 -0.497311214240 -0.805264546296 0.270503378520 0.176234187602
4.6 0.407293000000 0.135678000000 0.533750000000 -0.492790384729 -0.807811205752 0.272159184096 0.174722840788
4.7 0.402267000000 0.140327000000 0.533572000000 -0.489247312511 -0.809891708905 0.273686020281 0.172651236170
4.8 0.399107000000 0.144556000000 0.532938000000 -0.485462438039 -0.811810474428 0.275656760234 0.171182141007
4.9 0.395029000000 0.150372000000 0.531581000000 -0.480333441566 -0.814703414845 0.277823210675 0.168381692486
5.0 0.390974000000 0.155572000000 0.530214000000 -0.475633828086 -0.817594563355 0.279070047621 0.165624575693
5.1 0.388417000000 0.159113000000 0.529419000000 -0.471225203943 -0.820260164095 0.279815485615 0.163778400218
5.2 0.385905000000 0.163298000000 0.528214000000 -0.465123127203 -0.823736342203 0.280750673726 0.162166501711
5.3 0.383653000000 0.169080000000 0.526348000000 -0.460153914685 -0.826243111084 0.282830117737 0.159961935116
5.4 0.382716000000 0.172029000000 0.524573000000 -0.457285882459 -0.828018613219 0.283199880690 0.158343378276
5.5 0.381766000000 0.176773000000 0.521004000000 -0.452274645070 -0.831272178605 0.283161968759 0.155735384394
5.6 0.378093000000 0.180531000000 0.520447000000 -0.450241534410 -0.832744914256 0.283261466370 0.153562398207
5.7 0.376054000000 0.184721000000 0.519263000000 -0.448137625909 -0.833879374543 0.283777322825 0.152605006494
5.8 0.371750000000 0.191605000000 0.518360000000 -0.449113773549 -0.833293309071 0.284028443756 0.152469415306
5.9 0.367784000000 0.198749000000 0.517644000000 -0.449628527580 -0.832454351459 0.285985399625 0.151875906992
6.0 0.365322000000 0.202298000000 0.517138000000 -0.448473230380 -0.833172432742 0.285746726362 0.151803383774
6.1 0.363116000000 0.206378000000 0.516948000000 -0.448024442812 -0.833018946792 0.287482342287 0.150689866290
6.2 0.361396000000 0.207986000000 0.516740000000 -0.445339279088 -0.834540036097 0.287677028403 0.149859207200
6.3 0.359300000000 0.206773000000 0.516982000000 -0.440182588764 -0.837409211156 0.287908689422 0.148639456996
6.4 0.358934000000 0.204893000000 0.516919000000 -0.437831480983 -0.837646281177 0.291624931674 0.146993881219
6.5 0.358749000000 0.201501000000 0.516107000000 -0.435128430844 -0.839103820184 0.292700899313 0.144548300458
6.6 0.359556000000 0.196937000000 0.516153000000 -0.431427799508 -0.840897435747 0.293463835335 0.143668137445
6.7 0.360897000000 0.192991000000 0.516449000000 -0.429573336908 -0.841803826295 0.294388926110 0.142014881042
6.8 0.363485000000 0.188834000000 0.516093000000 -0.426819045733 -0.843244892651 0.294503989483 0.141530750706
6.9 0.366028000000 0.186198000000 0.516274000000 -0.426283209141 -0.843729984942 0.293687921469 0.141949790059
7.0 0.367932000000 0.184443000000 0.516216000000 -0.427245027054 -0.843302267180 0.292937099570 0.143146179560
7.1 0.372261000000 0.181649000000 0.517142000000 -0.428591330834 -0.842089346830 0.293673369123 0.144744448452
7.2 0.377674000000 0.178686000000 0.518675000000 -0.430831606796 -0.840453165329 0.294302729893 0.146316460631
7.3 0.382420000000 0.176422000000 0.520034000000 -0.433014859226 -0.838493283598 0.295411046988 0.148860533277
7.4 0.389101000000 0.174231000000 0.522685000000 -0.437636430745 -0.835641227218 0.295879857709 0.150443356982
7.5 0.398447000000 0.172063000000 0.523922000000 -0.440537513044 -0.833200929928 0.297024126201 0.153230474850
7.6 0.405334000000 0.170837000000 0.524673000000 -0.442883431399 -0.831383636744 0.297741926663 0.154936309025
7.7 0.411675000000 0.169047000000 0.526831000000 -0.441525758465 -0.831332746338 0.296436336357 0.161450822124
7.8 0.418582000000 0.167548000000 0.528391000000 -0.440782654053 -0.830709822354 0.297075913449 0.165462214962
7.9 0.424231000000 0.165363000000 0.528003000000 -0.442058241950 -0.829866877432 0.296667218954 0.167015082141
8.0 0.431117000000 0.163950000000 0.525805000000 -0.440913892308 -0.830640172545 0.295188015785 0.168807223369
8.1 0.438065000000 0.162593000000 0.524620000000 -0.439915320071 -0.830993967945 0.294380613795 0.171066041714
8.2 0.445205000000 0.160563000000 0.523873000000 -0.439338519651 -0.830199279284 0.296073164581 0.173469026176
8.3 0.450924000000 0.158129000000 0.523371000000 -0.438808825877 -0.829856450266 0.297772671303 0.173541126278
8.4 0.458474000000 0.155777000000 0.523376000000 -0.438736122834 -0.828547177734 0.301926357448 0.172802382702
8.5 0.464204000000 0.155489000000 0.523412000000 -0.439167080967 -0.826998907453 0.305478015371 0.172882226362
8.6 0.465791000000 0.156244000000 0.524014000000 -0.439965654294 -0.826294017194 0.306172607524 0.172993510264
8.7 0.465792000000 0.156925000000 0.525259000000 -0.442281770048 -0.824648530020 0.306831896242 0.173769460113
8.8 0.465344000000 0.157611000000 0.525815000000 -0.441617080577 -0.825182435710 0.306536139270 0.173447102195
8.9 0.462798000000 0.158726000000 0.527013000000 -0.440114545872 -0.825896997017 0.306975078727 0.173088526108
9.0 0.458780000000 0.158979000000 0.525465000000 -0.434855994231 -0.829169306459 0.306185091808 0.172131388952
9.1 0.453121000000 0.160761000000 0.523182000000 -0.429029825623 -0.834309715116 0.303149935250 0.167214905875
9.2 0.446135000000 0.162662000000 0.524238000000 -0.424453628283 -0.837644093854 0.301608611786 0.164996165914
9.3 0.434582000000 0.170422000000 0.525402000000 -0.417264007437 -0.840461310702 0.303936995518 0.164735655114
9.4 0.423031000000 0.178923000000 0.524643000000 -0.412327043826 -0.843134671796 0.304971160047 0.161563998728
9.5 0.414775000000 0.185424000000 0.522703000000 -0.408326958228 -0.845808142000 0.304601529699 0.158415877408
9.6 0.404831000000 0.191902000000 0.521682000000 -0.401337137592 -0.849939926816 0.304475912193 0.154353625446
9.7 0.395921000000 0.199380000000 0.520841000000 -0.395668468032 -0.853090595606 0.305103960174 0.150314578734
9.8 0.389135000000 0.205601000000 0.520049000000 -0.393435532671 -0.854385691714 0.304978714316 0.149068961360
9.9 0.382817000000 0.211908000000 0.519297000000 -0.391485613322 -0.855870083538 0.304758687908 0.146108031301
10.0 0.378684000000 0.217432000000 0.518311000000 -0.389367270129 -0.856953373109 0.305587230138 0.143667985459
10.1 0.376280000000 0.220374000000 0.517982000000 -0.388411803177 -0.857477213635 0.305734713843 0.142812408425
10.2 0.373143000000 0.224796000000 0.517987000000 -0.385473100755 -0.858791206450 0.306313627287 0.141633732061
10.3 0.369939000000 0.227999000000 0.518518000000 -0.381902721162 -0.860054812165 0.307430094539 0.141218867762
10.4 0.365923000000 0.230438000000 0.518959000000 -0.377084546888 -0.861690005043 0.309404751165 0.139879518385
10.5 0.363162000000 0.232452000000 0.517714000000 -0.372466579672 -0.863487121443 0.310802289637 0.138060040877
10.6 0.358490000000 0.234937000000 0.515092000000 -0.365941939090 -0.866580053912 0.311083501775 0.135471629137
10.7 0.353585000000 0.236771000000 0.513402000000 -0.359855102553 -0.869561832975 0.311303330539 0.132124033378
10.8 0.349771000000 0.239217000000 0.512572000000 -0.355407482936 -0.871445260781 0.312153153633 0.129726971799
10.9 0.345109000000 0.242735000000 0.511184000000 -0.350247336590 -0.873377309875 0.313721557226 0.126955355690
11.0 0.339840000000 0.246749000000 0.510069000000 -0.345577390372 -0.874680891013 0.316069452107 0.124938815450
11.1 0.335516000000 0.249620000000 0.509129000000 -0.342983646873 -0.875443988976 0.317382401743 0.123403610996
11.2 0.330228000000 0.256419000000 0.507153000000 -0.337316004869 -0.876718159404 0.321499258731 0.119253546975
11.3 0.328285000000 0.261267000000 0.504523000000 -0.331272593851 -0.879331046208 0.321589082892 0.116686938007
11.4 0.326116000000 0.265367000000 0.503204000000 -0.329447586511 -0.880386692504 0.321111145841 0.115200657203
11.5 0.323946000000 0.271980000000 0.501576000000 -0.325965336387 -0.881830279939 0.321268524838 0.113615543851
11.6 0.321785000000 0.279502000000 0.498817000000 -0.321065934925 -0.883885761617 0.320919031271 0.112577090071
11.7 0.320523000000 0.284328000000 0.496491000000 -0.318602941204 -0.885588125970 0.318919516654 0.111875729691
11.8 0.320236000000 0.289975000000 0.495059000000 -0.316219205396 -0.886864120717 0.318532465844 0.109610737277
11.9 0.320816000000 0.293828000000 0.493240000000 -0.312319525365 -0.888554663561 0.317909535243 0.108906617530
12.0 0.319453000000 0.297858000000 0.492288000000 -0.306764414004 -0.890387342404 0.318203899718 0.108868053126
12.1 0.318254000000 0.299567000000 0.491659000000 -0.303004242516 -0.891185481409 0.319675000452 0.108557638281
12.2 0.315723000000 0.301073000000 0.489558000000 -0.297366004917 -0.892823852034 0.320643253807 0.107828253006
12.3 0.312866000000 0.301301000000 0.487422000000 -0.292339594866 -0.894419733854 0.321133108357 0.106885114409
12.4 0.311612000000 0.301334000000 0.486080000000 -0.286661220895 -0.895339167566 0.323642153613 0.106999419920
12.5 0.310527000000 0.301680000000 0.484303000000 -0.280913699997 -0.896503277368 0.326014293081 0.105280803235
12.6 0.308825000000 0.302101000000 0.482053000000 -0.279007089517 -0.896792564209 0.326913609688 0.105098204455
12.7 0.307126000000 0.302103000000 0.481198000000 -0.277688194878 -0.897288786607 0.326665412984 0.105127578753
12.8 0.305566000000 0.301971000000 0.480989000000 -0.277096331644 -0.897275643300 0.327362316769 0.104632482957
12.9 0.305022000000 0.302746000000 0.479649000000 -0.276719102712 -0.896964524488 0.328653998756 0.104248400972
13.0 0.304106000000 0.303017000000 0.479002000000 -0.275540387265 -0.897464837267 0.328469199543 0.103645288395
13.1 0.304501000000 0.304348000000 0.476166000000 -0.270565354604 -0.897984540687 0.330967220059 0.104301739305
13.2 0.302501000000 0.306480000000 0.474233000000 -0.265685942454 -0.899037470741 0.332129958674 0.104078320206
13.3 0.302145000000 0.307695000000 0.472329000000 -0.261217789404 -0.900355839543 0.331614062099 0.105625482329
13.4 0.300469000000 0.308719000000 0.471168000000 -0.258364391335 -0.900997478043 0.332053383177 0.105791949459
13.5 0.298802000000 0.311125000000 0.468590000000 -0.258624266324 -0.900250600502 0.334301037170 0.104427782272
13.6 0.296619000000 0.312375000000 0.466259000000 -0.258376566235 -0.900224548600 0.335015072573 0.102967049423
13.7 0.295109000000 0.314136000000 0.464022000000 -0.257316574440 -0.899777559777 0.337310281566 0.102030864891
13.8 0.292806000000 0.316017000000 0.461255000000 -0.256535524196 -0.899364807675 0.339325057563 0.100950348448
13.9 0.291285000000 0.317449000000 0.459105000000 -0.254439234317 -0.899183067680 0.341663985695 0.099981036787
14.0 0.290149000000 0.318923000000 0.457115000000 -0.251462402519 -0.899514196521 0.343271820561 0.099021854079
14.1 0.288906000000 0.319711000000 0.454667000000 -0.247356041374 -0.899701807985 0.345833091888 0.098747749639
14.2 0.287208000000 0.320072000000 0.452667000000 -0.244200074937 -0.899791012648 0.348243927781 0.097306853426
14.3 0.285893000000 0.320042000000 0.451280000000 -0.242649565682 -0.899847230363 0.349496012812 0.096170095725
14.4 0.284283000000 0.319300000000 0.449589000000 -0.241772883468 -0.899960432067 0.350234579112 0.094619412002
14.5 0.282335000000 0.319097000000 0.448603000000 -0.241082943222 -0.899784605494 0.351577927667 0.093057181239
14.6 0.281561000000 0.318683000000 0.448179000000 -0.240842191682 -0.899325118224 0.353106447539 0.092332048302
14.7 0.280059000000 0.319228000000 0.447051000000 -0.240170384287 -0.898864336787 0.354819720654 0.092000306513
14.8 0.278566000000 0.319259000000 0.446784000000 -0.239655091973 -0.898511448118 0.356452366529 0.090467258651
14.9 0.278188000000 0.319359000000 0.446351000000 -0.239426997744 -0.897816443086 0.358508422919 0.089844632402
15.0 0.277134000000 0.320802000000 0.444386000000 -0.239022540048 -0.897443791027 0.359620332444 0.090200242737
15.1 0.275251000000 0.321287000000 0.443421000000 -0.239945166732 -0.897202541432 0.359424397401 0.090928648748
15.2 0.274430000000 0.321798000000 0.442976000000 -0.239997237977 -0.896981157772 0.359935870796 0.090952170282
15.3 0.273887000000 0.322699000000 0.442218000000 -0.240825885889 -0.896225114356 0.361120457892 0.091517495458
15.4 0.273414000000 0.323562000000 0.442209000000 -0.241268849571 -0.895099007457 0.363864220544 0.090498276687
15.5 0.272918000000 0.325258000000 0.441011000000 -0.240583409182 -0.894555640899 0.365669377721 0.090419769742
15.6 0.272268000000 0.326460000000 0.440385000000 -0.241350519828 -0.894015140917 0.366681154756 0.089620227280
15.7 0.272024000000 0.328257000000 0.439152000000 -0.240889929697 -0.893735180304 0.367813929156 0.089007768072
15.8 0.271117000000 0.329564000000 0.438886000000 -0.240440792450 -0.893367811686 0.369007565189 0.088969630795
15.9 0.270625000000 0.331626000000 0.437996000000 -0.238557898206 -0.893140821116 0.371091198121 0.087640889644
16.0 0.269565000000 0.332794000000 0.438043000000 -0.238422472749 -0.892392676564 0.373506549648 0.085339865675
16.1 0.270099000000 0.335549000000 0.435756000000 -0.236283270598 -0.891946276276 0.376436099591 0.083053712721
16.2 0.269395000000 0.335522000000 0.434943000000 -0.236760331862 -0.892504861292 0.375365729170 0.080499609883
16.3 0.270945000000 0.334833000000 0.433597000000 -0.234643270205 -0.892661536049 0.376891228622 0.077787657073
16.4 0.270751000000 0.333004000000 0.432748000000 -0.231855936820 -0.893030983447 0.377934272146 0.076838617265
16.5 0.270069000000 0.332483000000 0.431194000000 -0.232287264854 -0.892036695822 0.379733705970 0.078201486199
16.6 0.267853000000 0.331506000000 0.430212000000 -0.236915196014 -0.889912200914 0.381515520514 0.079833402589
16.7 0.266610000000 0.330514000000 0.429348000000 -0.241210222678 -0.888128246273 0.382074518636 0.084053012183
16.8 0.265916000000 0.330125000000 0.428885000000 -0.241827903922 -0.887007750290 0.382360981178 0.092393700448
16.9 0.265472000000 0.329052000000 0.431488000000 -0.249178264521 -0.883907389154 0.384196745025 0.094925133668
17.0 0.267028000000 0.327850000000 0.434206000000 -0.260399638477 -0.879541354927 0.387174463213 0.093246813835
17.1 0.269195000000 0.325827000000 0.433835000000 -0.266963132950 -0.876932821154 0.388058839585 0.095550247764
17.2 0.275075000000 0.322206000000 0.431886000000 -0.275629783263 -0.875147610402 0.385719597707 0.096774348521
17.3 0.280779000000 0.317744000000 0.432137000000 -0.279304493592 -0.875590063317 0.382056313811 0.096767835344
17.4 0.286947000000 0.313195000000 0.433202000000 -0.281586767261 -0.874870563393 0.381343014288 0.099437896526
17.5 0.291164000000 0.309771000000 0.434037000000 -0.282792133749 -0.874902078052 0.379797607890 0.101630408592
17.6 0.297489000000 0.306432000000 0.435610000000 -0.284905269883 -0.873675615379 0.380318857456 0.104295124282
17.7 0.302178000000 0.304566000000 0.435786000000 -0.288695938559 -0.872253199219 0.379645488572 0.108158746842
17.8 0.305791000000 0.303116000000 0.435265000000 -0.292567351378 -0.871220049952 0.378168297884 0.111214693025
17.9 0.312355000000 0.301520000000 0.432676000000 -0.296801930949 -0.869897660422 0.376709305217 0.115224882473
18.0 0.319305000000 0.298714000000 0.430049000000 -0.300795415683 -0.868804405013 0.375128931315 0.118234126311
18.1 0.325297000000 0.295148000000 0.428308000000 -0.303888282698 -0.867549669581 0.374557555309 0.121310016938
18.2 0.333586000000 0.288583000000 0.426646000000 -0.308193690734 -0.865470311224 0.374821662069 0.124444811166
18.3 0.342503000000 0.281689000000 0.424750000000 -0.312268716399 -0.863103543565 0.377008522823 0.124117265369
18.4 0.347453000000 0.277976000000 0.423125000000 -0.312277290816 -0.862163398540 0.378099669931 0.127270607195
18.5 0.352452000000 0.274842000000 0.420287000000 -0.318840946216 -0.859489631853 0.378515377007 0.127844175164
18.6 0.355228000000 0.270664000000 0.418328000000 -0.322765522221 -0.858545837513 0.376811595416 0.129361834070
18.7 0.356832000000 0.267233000000 0.418130000000 -0.325318524505 -0.857313713727 0.377003772033 0.130572622484
18.8 0.357647000000 0.262804000000 0.418813000000 -0.326747743945 -0.856638492275 0.376665403974 0.132399315817
18.9 0.357791000000 0.258263000000 0.419762000000 -0.326006722348 -0.856541563534 0.377040980430 0.133776926259
19.0 0.357442000000 0.255287000000 0.420074000000 -0.324613034205 -0.856759894642 0.377737972140 0.133801664264
19.1 0.355950000000 0.251923000000 0.420013000000 -0.322179655352 -0.857118870006 0.378803655491 0.134370022485
19.2 0.352120000000 0.249278000000 0.421724000000 -0.319839994590 -0.857281323784 0.380331920933 0.134605867891
19.3 0.348010000000 0.248621000000 0.423583000000 -0.315096219875 -0.858273175141 0.381998648154 0.134753708157
19.4 0.344557000000 0.250186000000 0.424260000000 -0.311586446593 -0.859351725195 0.382730094893 0.133963327696
19.5 0.339267000000 0.253941000000 0.424186000000 -0.308538300443 -0.860824322383 0.382276845222 0.132853365638
19.6 0.333934000000 0.258536000000 0.424505000000 -0.305772035123 -0.862342415150 0.381565075636 0.131442438445
19.7 0.328261000000 0.263399000000 0.424530000000 -0.302788822426 -0.862978548972 0.382664253996 0.130977180234
19.8 0.321537000000 0.269155000000 0.424285000000 -0.297813428015 -0.864728547933 0.383750088140 0.127622765742
19.9 0.316508000000 0.273318000000 0.422965000000 -0.293649937152 -0.866490811468 0.384222442808 0.123840633459
20.0 0.312897000000 0.276422000000 0.421801000000 -0.289663196669 -0.868284954031 0.384307326417 0.120350944998
20.1 0.307856000000 0.280648000000 0.421005000000 -0.284986125903 -0.870438643648 0.384175179120 0.116313831655
20.2 0.300812000000 0.286606000000 0.419680000000 -0.279307880975 -0.872805383683 0.383978207830 0.112953998383
20.3 0.295525000000 0.290263000000 0.418495000000 -0.276635068575 -0.873833376012 0.384428337347 0.110014195661
20.4 0.289074000000 0.292896000000 0.417251000000 -0.271025125725 -0.876192584176 0.384149608699 0.106117928722
20.5 0.281655000000 0.294269000000 0.417909000000 -0.265164607033 -0.877909300933 0.385655088033 0.101159001512
20.6 0.275091000000 0.295576000000 0.418258000000 -0.261472284028 -0.878695576013 0.387128799757 0.098273199699
20.7 0.267140000000 0.297152000000 0.417007000000 -0.257032967624 -0.879154659729 0.389911653338 0.094815823694
20.8 0.260428000000 0.298253000000 0.414332000000 -0.251938185351 -0.880349919453 0.391723960114 0.089797044236
20.9 0.255039000000 0.299071000000 0.412579000000 -0.249028619584 -0.881087560925 0.392545283008 0.087049740954
21.0 0.247344000000 0.302023000000 0.410417000000 -0.245561637229 -0.882021833139 0.393259697154 0.084165187473
21.1 0.239753000000 0.304351000000 0.409719000000 -0.242863877300 -0.883003960031 0.393200568124 0.081941789698
21.2 0.234388000000 0.307061000000 0.408491000000 -0.239248313658 -0.884230925858 0.393071555066 0.079941646011
21.3 0.230014000000 0.308572000000 0.408235000000 -0.237261179450 -0.884884297284 0.393015505817 0.078903265671
21.4 0.225068000000 0.311249000000 0.407249000000 -0.231917270618 -0.885777302687 0.394313075353 0.078295263204
21.5 0.221636000000 0.313114000000 0.406732000000 -0.226484456096 -0.887087530006 0.395030091590 0.075708202946
21.6 0.220002000000 0.314063000000 0.406836000000 -0.222746890319 -0.887997959582 0.395472826913 0.073788141350
21.7 0.218505000000 0.315859000000 0.407312000000 -0.217125564846 -0.888665604294 0.397529223016 0.071417432629
21.8 0.216207000000 0.318556000000 0.407866000000 -0.211015569064 -0.889072850591 0.400221913159 0.069601121984
21.9 0.213706000000 0.321492000000 0.407388000000 -0.207997196860 -0.889302955953 0.401423985434 0.068820073748
22.0 0.211683000000 0.326600000000 0.405101000000 -0.202966240753 -0.890760196443 0.400939825830 0.067810276590
22.1 0.207866000000 0.331772000000 0.402830000000 -0.200263094536 -0.892099129003 0.399591909127 0.066182649986
22.2 0.206152000000 0.335689000000 0.401241000000 -0.197980980246 -0.892776582617 0.399455427668 0.064721451601
22.3 0.202239000000 0.340708000000 0.400049000000 -0.192119403117 -0.894437153282 0.398800309130 0.063487220858
22.4 0.197446000000 0.345180000000 0.400177000000 -0.183799544788 -0.896025214820 0.399483139039 0.061398398728
22.5 0.192727000000 0.348422000000 0.400429000000 -0.179219802233 -0.896769982056 0.400120644427 0.059894337586
22.6 0.185722000000 0.351957000000 0.400390000000 -0.172888757579 -0.897535215876 0.401628713231 0.056871701865
22.7 0.179600000000 0.354369000000 0.399727000000 -0.165823990504 -0.898464811221 0.402883748394 0.054296155036
22.8 0.175681000000 0.355772000000 0.398703000000 -0.159664084068 -0.899552383329 0.403383901680 0.050934445824
22.9 0.171900000000 0.357097000000 0.397260000000 -0.153722964725 -0.900760103928 0.403555052428 0.046301241325
23.0 0.164318000000 0.360912000000 0.394660000000 -0.144926433568 -0.902233504929 0.404142226756 0.040498049214
23.1 0.162116000000 0.362443000000 0.393114000000 -0.142293458513 -0.903001673045 0.403488091958 0.039216192975
23.2 0.159187000000 0.364899000000 0.390855000000 -0.139075235360 -0.904452757461 0.401644324915 0.036126509582
23.3 0.155190000000 0.368242000000 0.389604000000 -0.133745936102 -0.906220208352 0.399714187125 0.033249468582
23.4 0.151399000000 0.373490000000 0.386321000000 -0.129835004724 -0.907032090453 0.399360432849 0.030771790823
23.5 0.148987000000 0.375397000000 0.384340000000 -0.128403029838 -0.907634092006 0.398481243416 0.030425574820
23.6 0.146527000000 0.377954000000 0.383678000000 -0.127787004950 -0.907263518765 0.399713780617 0.027789970648
23.7 0.145272000000 0.379739000000 0.384353000000 -0.125991179931 -0.906983744852 0.401141260549 0.024339232513
23.8 0.144341000000 0.380136000000 0.385013000000 -0.121774749549 -0.907105056656 0.402216393306 0.023522319554
23.9 0.141341000000 0.381167000000 0.384135000000 -0.117002398194 -0.906502809680 0.405059877986 0.022126683121
24.0 0.144474000000 0.381875000000 0.381546000000 -0.114780501726 -0.906645717476 0.405417519024 0.021345132350
24.1 0.146867000000 0.381196000000 0.380383000000 -0.113633297698 -0.907354942596 0.404214719771 0.020123173756
24.2 0.149110000000 0.380403000000 0.380667000000 -0.111471339136 -0.907677118322 0.404118980678 0.019602012163
24.3 0.152018000000 0.381275000000 0.380243000000 -0.109261701844 -0.908246166952 0.403466916259 0.019110944794
24.4 0.151843000000 0.382846000000 0.379628000000 -0.106516379910 -0.908306201980 0.404143910372 0.017372505978
24.5 0.148976000000 0.384830000000 0.376136000000 -0.104229633439 -0.908561247261 0.404108957226 0.018670676986
24.6 0.146955000000 0.386674000000 0.372382000000 -0.104510825309 -0.909276927619 0.402475555281 0.017503819421
24.7 0.147789000000 0.387448000000 0.371373000000 -0.100930727896 -0.910513104399 0.400641249050 0.016293079602
24.8 0.148721000000 0.388822000000 0.372148000000 -0.096076391469 -0.910658469916 0.401489466224 0.016633901621
24.9 0.148937000000 0.391991000000 0.374287000000 -0.094415477793 -0.909564639886 0.404409924632 0.015182103960
25.0 0.150711000000 0.396174000000 0.376811000000 -0.089976526699 -0.909142550252 0.406317951674 0.016424679974
25.1 0.151943000000 0.399513000000 0.378826000000 -0.085148989885 -0.908971169113 0.407712789888 0.017068807934
25.2 0.154161000000 0.403882000000 0.382023000000 -0.081742084653 -0.907846165505 0.410868285825 0.017911534761
25.3 0.155248000000 0.409191000000 0.380489000000 -0.077165940283 -0.907952708700 0.411378853344 0.020850310447
25.4 0.155240000000 0.412145000000 0.380514000000 -0.077123910348 -0.908100154594 0.411029206428 0.021470983743
25.5 0.156917000000 0.415961000000 0.381768000000 -0.076235159323 -0.907556932162 0.412389143776 0.021536236060
25.6 0.162039000000 0.421756000000 0.381268000000 -0.073155402776 -0.907044771428 0.413948382669 0.023765650741
25.7 0.166855000000 0.425754000000 0.381390000000 -0.072379574562 -0.907807654882 0.412408236621 0.023788763950
25.8 0.172151000000 0.431687000000 0.381924000000 -0.071247363546 -0.908212683417 0.411808552571 0.022073760394
25.9 0.176709000000 0.435842000000 0.383026000000 -0.072388876075 -0.908067880491 0.411938573951 0.021890325099
26.0 0.178322000000 0.439857000000 0.383513000000 -0.073832376317 -0.908060453835 0.411730845175 0.021276830586
26.1 0.180080000000 0.443589000000 0.384312000000 -0.071700570542 -0.909169600434 0.409527750669 0.023594220973
26.2 0.179708000000 0.443291000000 0.384855000000 -0.073946399959 -0.908759548590 0.409892539342 0.026002287820
26.3 0.180086000000 0.442362000000 0.386788000000 -0.074138433693 -0.908702438070 0.409920051962 0.026998568390
26.4 0.176085000000 0.443527000000 0.387803000000 -0.075428337875 -0.907427487199 0.412401020835 0.028483667863
26.5 0.167125000000 0.447666000000 0.386156000000 -0.078247076481 -0.907605319873 0.411406740751 0.029571473181
26.6 0.165493000000 0.448944000000 0.386315000000 -0.079501894301 -0.907516080073 0.411399905076 0.029053938033
26.7 0.163414000000 0.450967000000 0.385669000000 -0.082338848761 -0.907423983473 0.410992332594 0.029788097482
26.8 0.161790000000 0.451963000000 0.386346000000 -0.084681052364 -0.906894170012 0.411679514819 0.029867387691
26.9 0.159061000000 0.452954000000 0.387336000000 -0.087003824283 -0.905879358706 0.413423985652 0.029891974134
27.0 0.155806000000 0.453516000000 0.387375000000 -0.087392827683 -0.904994146103 0.415233596487 0.030481954280
27.1 0.154031000000 0.453842000000 0.386935000000 -0.087205002290 -0.904712769827 0.415935508465 0.029795041290
27.2 0.150240000000 0.453523000000 0.385394000000 -0.084306342990 -0.905489555048 0.414888297609 0.029134288009
27.3 0.143806000000 0.452588000000 0.386478000000 -0.080490551879 -0.905879103648 0.414936701385 0.027052809008
27.4 0.139261000000 0.452031000000 0.387923000000 -0.078032821061 -0.905340421256 0.416654870879 0.025851867450
27.5 0.131239000000 0.452013000000 0.388740000000 -0.073054450587 -0.905211842821 0.417986164399 0.023283754792
27.6 0.123571000000 0.452677000000 0.388908000000 -0.066896274925 -0.905599485929 0.418337019444 0.020213798476
27.7 0.116558000000 0.453958000000 0.388424000000 -0.061560820255 -0.905958443177 0.418514245499 0.017186941571
27.8 0.107382000000 0.454181000000 0.388983000000 -0.055303230338 -0.906667957433 0.417984282065 0.013561254585
27.9 0.099725800000 0.454447000000 0.389020000000 -0.048091407631 -0.907038757209 0.418165419710 0.010275757481
28.0 0.091421200000 0.453568000000 0.388865000000 -0.039984360604 -0.908247575741 0.416448921884 0.007608385472
28.1 0.085311800000 0.452220000000 0.388904000000 -0.033965482336 -0.908993535836 0.415400278216 0.004439220120
28.2 0.077397600000 0.449357000000 0.389271000000 0.026387096128 0.909491134448 -0.414885039749 0.000036221176
28.3 0.072004900000 0.447220000000 0.388884000000 0.021379385780 0.909775177517 -0.414543994875 0.002307498878
28.4 0.064197200000 0.444364000000 0.388114000000 0.015202239011 0.910721579696 -0.412706014621 0.005370446960
28.5 0.058032100000 0.442109000000 0.387453000000 0.008082992023 0.910695414904 -0.412898471499 0.009131196348
28.6 0.050179000000 0.439063000000 0.386808000000 0.004188127324 0.911643270768 -0.410814259317 0.010984115587
28.7 0.046004000000 0.436884000000 0.386725000000 0.002929806049 0.911815533557 -0.410401599288 0.012424826078
28.8 0.040182000000 0.434229000000 0.386139000000 0.000679668185 0.911816921890 -0.410356557865 0.014033332568
28.9 0.036461400000 0.431495000000 0.384955000000 -0.001844738861 0.912313833071 -0.409212015014 0.015019776771
29.0 0.034733600000 0.428503000000 0.384428000000 -0.004170596041 0.912796313010 -0.408031534755 0.017197782713
29.1 0.031826700000 0.424294000000 0.384550000000 -0.008269822222 0.912632252543 -0.408178392387 0.020600525386
29.2 0.030843600000 0.420090000000 0.385325000000 -0.013341708478 0.912795994220 -0.407545265136 0.023072247735
29.3 0.028709900000 0.417137000000 0.386192000000 -0.017518058339 0.912579404170 -0.407723151171 0.025569136016
29.4 0.024690400000 0.413351000000 0.387422000000 -0.022562267788 0.911972542926 -0.408669277406 0.028043657492
29.5 0.019393900000 0.409861000000 0.388482000000 -0.027267459735 0.911229944927 -0.409901778395 0.029950044666
29.6 0.014510300000 0.408051000000 0.388633000000 -0.031088967280 0.910892119238 -0.410260753493 0.031545797916
29.7 0.007108140000 0.407557000000 0.387439000000 -0.034395918707 0.910610660016 -0.410428518105 0.033964366148
29.8 0.000207396000 0.407045000000 0.387152000000 -0.037574586475 0.911124467693 -0.408822167614 0.036121878279
29.9 -0.007612200000 0.407238000000 0.388084000000 -0.042616040875 0.911019940999 -0.408414082814 0.037742245850
30.0 -0.014193800000 0.407505000000 0.389384000000 -0.045936721023 0.911050289040 -0.407882132801 0.038850408533
30.1 -0.023606100000 0.410227000000 0.389298000000 -0.052592314616 0.910682118390 -0.407914799679 0.038699404254
30.2 -0.032414000000 0.412635000000 0.388752000000 -0.057512681324 0.911083226284 -0.406377507892 0.038431332918
30.3 -0.039158300000 0.414266000000 0.388312000000 -0.061561198071 0.911152917771 -0.405589378059 0.038830860602
30.4 -0.045019100000 0.414551000000 0.389358000000 -0.065651662489 0.910817786158 -0.405637145666 0.039488298109
30.5 -0.048825000000 0.415573000000 0.390307000000 -0.065900415123 0.909778335168 -0.407724500659 0.041487922432
30.6 -0.050277200000 0.416309000000 0.390562000000 -0.066844072264 0.909407198061 -0.408314278534 0.042306832350
30.7 -0.051319800000 0.416909000000 0.390613000000 -0.066868977847 0.909277997116 -0.408472151344 0.043503624429
30.8 -0.052764900000 0.416462000000 0.390562000000 -0.067190980359 0.909210242534 -0.408525889438 0.043917020492
30.9 -0.052824600000 0.415978000000 0.389518000000 -0.067647109257 0.909670237859 -0.407421774102 0.043947980041
31.0 -0.052284700000 0.414539000000 0.388292000000 -0.069212192689 0.910409662754 -0.405392185680 0.044956580576
31.1 -0.049672300000 0.412611000000 0.388344000000 -0.072505668705 0.911169200574 -0.402983619095 0.046019763932
31.2 -0.047787200000 0.411910000000 0.388300000000 -0.073848527290 0.911227034073 -0.402292628131 0.048706557489
31.3 -0.044272100000 0.410490000000 0.388678000000 -0.078191462137 0.912008500398 -0.399719564057 0.048485673759
31.4 -0.040367500000 0.409181000000 0.389084000000 -0.079726703251 0.912717788305 -0.397780791133 0.048583267753
31.5 -0.035096000000 0.408902000000 0.388377000000 -0.081249463388 0.912984611708 -0.396853850329 0.048627615215
31.6 -0.025209000000 0.408503000000 0.390160000000 -0.081607828639 0.913396057627 -0.395753361767 0.049265412483
31.7 -0.016367800000 0.408973000000 0.392447000000 -0.079753371076 0.913023769856 -0.396926150000 0.049765720402
31.8 -0.008554890000 0.411238000000 0.394989000000 -0.077922761083 0.913093127502 -0.397299021615 0.048399083027
31.9 -0.004035450000 0.414641000000 0.396101000000 -0.075963285064 0.913355690905 -0.397263716693 0.046824145620
32.0 0.002536790000 0.417931000000 0.398954000000 -0.069734607120 0.914570926613 -0.395950712251 0.043819381917
32.1 0.007865040000 0.422112000000 0.401614000000 -0.066572516588 0.914674670542 -0.396428114669 0.042226733289
32.2 0.010981700000 0.424298000000 0.404136000000 -0.064547737614 0.915822314965 -0.394387026275 0.039521519288
32.3 0.015961400000 0.427424000000 0.407419000000 -0.065501183176 0.917302381031 -0.391049949788 0.036686149001
32.4 0.021703500000 0.429827000000 0.411133000000 -0.065804140461 0.919016201913 -0.387280114512 0.033062798181
32.5 0.025301200000 0.432393000000 0.415866000000 -0.064066641709 0.921105109373 -0.382763073902 0.030875105886
32.6 0.025771800000 0.434224000000 0.417069000000 -0.063774914840 0.921900951412 -0.381018549253 0.029261940265
32.7 0.025230400000 0.437373000000 0.419639000000 -0.062490616740 0.923153554709 -0.378507487734 0.024789493271
32.8 0.025069700000 0.439818000000 0.422314000000 -0.060662279272 0.923665059873 -0.377751393598 0.021606241645
32.9 0.025392100000 0.443160000000 0.425761000000 -0.057461665707 0.923930296714 -0.377803313038 0.017765709817
33.0 0.026055900000 0.446560000000 0.429096000000 -0.055231876334 0.923776900555 -0.378680402687 0.013668593858
33.1 0.025855300000 0.448596000000 0.432228000000 -0.053483566960 0.923365693537 -0.380006435346 0.011419858108
33.2 0.025440300000 0.452104000000 0.434082000000 -0.049348693641 0.923052429200 -0.381404383619 0.008343592725
33.3 0.026942500000 0.455995000000 0.435829000000 -0.045889330738 0.923748113469 -0.380193661949 0.006030887147
33.4 0.027362600000 0.458797000000 0.437222000000 -0.044001942998 0.924056521029 -0.379685940023 0.004686353056
33.5 0.027702100000 0.461560000000 0.439467000000 -0.040416271252 0.924008378902 -0.380205931817 0.004300017319
33.6 0.027202800000 0.462042000000 0.440783000000 -0.040855247455 0.924327274782 -0.379373160320 0.005093434833
33.7 0.027371900000 0.459196000000 0.442133000000 -0.042971785294 0.924779459924 -0.378051533478 0.003662540877
33.8 0.024864900000 0.452318000000 0.446161000000 -0.045470007116 0.925130435744 -0.376893046076 0.004217479476
33.9 0.019976700000 0.444571000000 0.448746000000 -0.048724430372 0.924780709027 -0.377330163070 0.005340237255
34.0 0.012879500000 0.436205000000 0.453329000000 -0.054701468194 0.924897946356 -0.376201752337 0.006616626188
34.1 0.005577210000 0.431033000000 0.455332000000 -0.058021694995 0.924904126877 -0.375676045165 0.007303977384
34.2 -0.004638990000 0.425268000000 0.455858000000 -0.067889516707 0.926089037852 -0.371082432131 0.006923586931
34.3 -0.016162100000 0.417002000000 0.459313000000 -0.073094075873 0.927178397108 -0.367333309717 0.007982204048
34.4 -0.024356900000 0.412163000000 0.461392000000 -0.079309308648 0.927643251667 -0.364860526887 0.008051528947
34.5 -0.033208800000 0.405199000000 0.463496000000 -0.086703055497 0.929422441261 -0.358564613484 0.009376769424
34.6 -0.039044900000 0.397222000000 0.465145000000 -0.095880117572 0.930594923711 -0.353090323496 0.011283371448
34.7 -0.041941300000 0.392543000000 0.464895000000 -0.102733817715 0.932334385687 -0.346435844978 0.013437309186
34.8 -0.046245800000 0.385629000000 0.465622000000 -0.112148597672 0.933669462777 -0.339706889357 0.016830200275
34.9 -0.052349900000 0.378775000000 0.465871000000 -0.119088665307 0.934519938692 -0.334855900281 0.019023670218
35.0 -0.056662800000 0.372864000000 0.466854000000 -0.123441055099 0.935754475289 -0.329766885723 0.019485096190
35.1 -0.061845500000 0.365047000000 0.469149000000 -0.129749551763 0.937051406066 -0.323599520947 0.019572078347
35.2 -0.067047600000 0.358086000000 0.471652000000 -0.135584055038 0.937516067571 -0.319827482802 0.019772918615
35.3 -0.071219700000 0.351054000000 0.475653000000 -0.139650774247 0.938433669125 -0.315360151447 0.019694790792
35.4 -0.073162500000 0.347275000000 0.480459000000 -0.143888487611 0.937960782829 -0.314810300636 0.020497502795
35.5 -0.076481600000 0.344997000000 0.486203000000 -0.146202954185 0.936927004282 -0.316503061092 0.024865581721
35.6 -0.080496100000 0.344280000000 0.491114000000 -0.151271290102 0.936362832318 -0.315701346863 0.025967337833
35.7 -0.082683900000 0.343030000000 0.496148000000 -0.150218581484 0.936859760632 -0.314742003637 0.025799958000
35.8 -0.083269800000 0.342800000000 0.503025000000 -0.153650302837 0.935609928914 -0.316625019288 0.027825213695
35.9 -0.082932500000 0.344338000000 0.508909000000 -0.158448049863 0.934279246873 -0.318193089579 0.027742784675
36.0 -0.082882800000 0.345936000000 0.513106000000 -0.160255691820 0.933709588736 -0.318797179830 0.029544462661
36.1 -0.081839600000 0.348112000000 0.519631000000 -0.161134799823 0.933110097160 -0.319691923902 0.033737170227
36.2 -0.079962100000 0.349645000000 0.524848000000 -0.161767438931 0.932102158697 -0.321841139300 0.037883274777
36.3 -0.079049700000 0.350403000000 0.526834000000 -0.162858152166 0.931179692013 -0.323807246313 0.039121230692
36.4 -0.079962900000 0.350641000000 0.526957000000 -0.165546742810 0.932079814478 -0.319832352161 0.039099384901
36.5 -0.079119300000 0.350298000000 0.527512000000 -0.168685442442 0.932709331821 -0.316511778507 0.037667199377
36.6 -0.077519500000 0.350266000000 0.529380000000 -0.169944429945 0.933519781752 -0.313256004269 0.039120117561
36.7 -0.076642900000 0.350723000000 0.532284000000 -0.172541358365 0.934341180946 -0.309066986686 0.041396074490
36.8 -0.077806200000 0.353666000000 0.531981000000 -0.172828311835 0.935211229863 -0.306184583575 0.041968213539
36.9 -0.080140200000 0.351654000000 0.533647000000 -0.173785276421 0.936244174137 -0.302466766060 0.041944958260
37.0 -0.083775000000 0.349813000000 0.534991000000 -0.172870475161 0.936913773913 -0.300965814692 0.041568707666
37.1 -0.088403600000 0.346194000000 0.536287000000 -0.173453928023 0.937218620485 -0.299687221155 0.041503755798
37.2 -0.092191600000 0.341694000000 0.538162000000 -0.174352990648 0.937470260215 -0.298260099066 0.042325632535
37.3 -0.094642800000 0.338260000000 0.540106000000 -0.175243657778 0.937143678893 -0.298719989541 0.042635118955
37.4 -0.097156000000 0.334895000000 0.541947000000 -0.179620756496 0.936472812729 -0.298347915122 0.041756154016
37.5 -0.098354600000 0.331683000000 0.542328000000 -0.184219918047 0.936492994684 -0.295457591703 0.041817510784
37.6 -0.091251500000 0.331537000000 0.542811000000 -0.185634413938 0.936628679823 -0.294930339526 0.035814456894
37.7 -0.091805700000 0.328410000000 0.544265000000 -0.189662693387 0.936150054561 -0.293909837596 0.035611029849
37.8 -0.092703800000 0.326718000000 0.545148000000 -0.192779683294 0.935871558649 -0.292828421220 0.035098933691
37.9 -0.094341400000 0.325028000000 0.545850000000 -0.195487210250 0.936310810806 -0.289809592398 0.033424786472
38.0 -0.094947300000 0.323758000000 0.546822000000 -0.199095033810 0.937097487391 -0.284795283843 0.033183021847
38.1 -0.095581000000 0.323891000000 0.547661000000 -0.202607024999 0.938160604971 -0.278438414230 0.035736846295
38.2 -0.094769200000 0.324619000000 0.549225000000 -0.205839088769 0.939157273733 -0.271772401138 0.041876565157
38.3 -0.094627900000 0.323814000000 0.551799000000 -0.211342011794 0.938687161135 -0.268529332715 0.045748934882
38.4 -0.095843600000 0.322602000000 0.554818000000 -0.214021988418 0.937679251934 -0.270179725112 0.044216796638
38.5 -0.097063300000 0.322176000000 0.556302000000 -0.217385426772 0.936675280072 -0.271208477332 0.042766315634
38.6 -0.098458200000 0.321121000000 0.557531000000 -0.221396907723 0.936017290494 -0.270308623602 0.042288168016
38.7 -0.100869000000 0.318222000000 0.560281000000 -0.227305678988 0.934916271504 -0.269071063754 0.043179349536
38.8 -0.101255000000 0.316478000000 0.563060000000 -0.230663345691 0.934576514912 -0.266634362990 0.047615913326
38.9 -0.100084000000 0.313945000000 0.565142000000 -0.236448092395 0.933106438327 -0.266350042474 0.049621862422
39.0 -0.098410400000 0.312091000000 0.566222000000 -0.246151554365 0.930853025982 -0.265134958713 0.051239730400
39.1 -0.097684400000 0.307121000000 0.568636000000 -0.255780706906 0.928159380330 -0.265546844635 0.050806180577
39.2 -0.096891800000 0.304470000000 0.569613000000 -0.261339027050 0.926603082593 -0.265857616624 0.049278473530
39.3 -0.097365400000 0.299579000000 0.572004000000 -0.269465926919 0.924295168467 -0.265334629190 0.051614826655
39.4 -0.099551400000 0.293295000000 0.575055000000 -0.275204614172 0.922239052736 -0.265811768065 0.055512646358
39.5 -0.100012000000 0.289460000000 0.575767000000 -0.274892630302 0.921982606840 -0.266765225429 0.056731199462
39.6 -0.099525700000 0.286851000000 0.574277000000 -0.276731395135 0.921399970411 -0.266818522039 0.057006190624
39.7 -0.099131200000 0.284275000000 0.574453000000 -0.280025549221 0.920834186348 -0.264861478289 0.059148037619
39.8 -0.100063000000 0.283145000000 0.576315000000 -0.278723321816 0.920097980726 -0.268657047733 0.059635613875
39.9 -0.105206000000 0.282409000000 0.579537000000 -0.278734560012 0.918060683449 -0.276340826019 0.055743828681
40.0 -0.106176000000 0.285830000000 0.581878000000 -0.274106250473 0.918893409871 -0.278629335942 0.053538377813
40.1 -0.106511000000 0.287869000000 0.583800000000 -0.274483587508 0.918956661785 -0.278269380125 0.052379061035
40.2 -0.102034000000 0.293028000000 0.586694000000 -0.271372464791 0.919750453783 -0.278816338087 0.051744929553
40.3 -0.096742700000 0.301759000000 0.587966000000 -0.268268154138 0.920770714665 -0.278662461571 0.050603567096
40.4 -0.094890700000 0.306766000000 0.589517000000 -0.264103083413 0.922635834646 -0.276321316638 0.051373221918
40.5 -0.092690500000 0.311255000000 0.592837000000 -0.257273784670 0.926330952635 -0.269810610848 0.054068476827
40.6 -0.088402800000 0.317664000000 0.596315000000 -0.252228504590 0.928439566065 -0.266539719235 0.057769643472
40.7 -0.084613200000 0.320688000000 0.597808000000 -0.249872610191 0.929502734565 -0.265399207197 0.056139165762
40.8 -0.078018400000 0.322379000000 0.601100000000 -0.250707839686 0.929860175753 -0.263432288708 0.055758962821
40.9 -0.069951400000 0.323466000000 0.604119000000 -0.251917893291 0.929900446496 -0.262461152521 0.054191125322
41.0 -0.065451700000 0.320886000000 0.609345000000 -0.251308136667 0.929845550721 -0.263899804100 0.050875982999
41.1 -0.064724000000 0.321740000000 0.610556000000 -0.251937992625 0.929710790718 -0.264638152296 0.046170789953
41.2 -0.062527500000 0.322243000000 0.611281000000 -0.250723063138 0.932494089218 -0.256771831473 0.040754702136
41.3 -0.060213100000 0.322734000000 0.613650000000 -0.247201834852 0.935131752889 -0.251107976868 0.036941054905
41.4 -0.057916300000 0.323997000000 0.615174000000 -0.244589576575 0.937265973824 -0.245703780657 0.036579851207
41.5 -0.053571400000 0.323782000000 0.617224000000 -0.244952579028 0.938438756788 -0.241352749892 0.032860065521
41.6 -0.048345000000 0.325200000000 0.619573000000 -0.244042115511 0.938756927120 -0.241323145262 0.030692298751
41.7 -0.043705400000 0.327351000000 0.622739000000 -0.241783087573 0.939509451253 -0.240790541724 0.029712700741
41.8 -0.041387800000 0.331505000000 0.622176000000 -0.236558943305 0.941244087376 -0.239642399625 0.025902791820
41.9 -0.039986700000 0.333082000000 0.621471000000 -0.234568268935 0.943239192332 -0.234262974860 0.019960257223
42.0 -0.038245200000 0.335351000000 0.622308000000 -0.232881660055 0.944943648989 -0.229299356997 0.016414552288
42.1 -0.036217700000 0.335966000000 0.623348000000 -0.231586032645 0.946468030536 -0.224628251988 0.010407932887
42.2 -0.033918100000 0.335980000000 0.626058000000 -0.227637484433 0.947911879875 -0.222470286826 0.012296957067
42.3 -0.034379500000 0.334308000000 0.626855000000 -0.229384645394 0.947447765934 -0.222936557926 0.004970555757
42.4 -0.033327600000 0.335591000000 0.624487000000 0.232192754128 -0.947028639527 0.221848365562 0.002565841851
42.5 -0.031112600000 0.334980000000 0.623081000000 0.233100566834 -0.948185975669 0.215815234278 0.005591595474
42.6 -0.029262400000 0.332977000000 0.623956000000 0.237714234603 -0.948092493156 0.211107323270 0.006801849080
42.7 -0.031454900000 0.329766000000 0.626456000000 0.246028017280 -0.946277243112 0.209762488515 0.005412235591
42.8 -0.033326600000 0.325362000000 0.628335000000 0.253365540922 -0.944574036677 0.208749699852 0.003058548806
42.9 -0.036015600000 0.322531000000 0.628623000000 -0.258877529126 0.943107190252 -0.208641410350 0.000120400744
43.0 -0.040883700000 0.317144000000 0.629574000000 -0.264983409461 0.941576695619 -0.207872004638 0.002519655585
43.1 -0.045890800000 0.311450000000 0.630412000000 -0.271932270953 0.939615436204 -0.207760239058 0.003369737051
43.2 -0.048561700000 0.306518000000 0.632959000000 -0.276982101772 0.937851431815 -0.209046162455 0.003912684903
43.3 -0.054255500000 0.300882000000 0.635066000000 -0.285112547184 0.934888389062 -0.211366935396 0.004307442047
43.4 -0.059510700000 0.294174000000 0.635819000000 -0.294299813416 0.932091104528 -0.211124790002 0.004485056202
43.5 -0.062628200000 0.288568000000 0.636542000000 -0.300061147555 0.930531554867 -0.209887137039 0.004660775663
43.6 -0.067030700000 0.280831000000 0.637348000000 -0.307333558432 0.928278643362 -0.209333716235 0.004923351116
43.7 -0.071947000000 0.274105000000 0.637258000000 -0.315075438727 0.925929754210 -0.208172931360 0.006751949999
43.8 -0.075987200000 0.267877000000 0.636782000000 -0.319445122996 0.924856076577 -0.206267229235 0.007062659360
43.9 -0.080978500000 0.260903000000 0.636087000000 -0.326299979689 0.922734653166 -0.205028044692 0.007251481982
44.0 -0.084642300000 0.254234000000 0.635590000000 -0.333687838890 0.920300235868 -0.204072289505 0.007375818183
44.1 -0.087372600000 0.249930000000 0.635273000000 -0.337140168964 0.918912481382 -0.204626428675 0.008023884293
44.2 -0.088730600000 0.245533000000 0.635012000000 -0.339307867060 0.918170717537 -0.204376410921 0.007936464404
44.3 -0.092933100000 0.239914000000 0.635968000000 -0.344366351174 0.916389063074 -0.203881469820 0.008674532898
44.4 -0.096119900000 0.237542000000 0.636126000000 -0.349728122254 0.914497086617 -0.203136903693 0.010987148450
44.5 -0.100900000000 0.234550000000 0.635308000000 -0.356115042890 0.911885072029 -0.203685414266 0.012646883172
44.6 -0.106369000000 0.231035000000 0.633361000000 -0.362501139286 0.909274990042 -0.204030425187 0.013546294663
44.7 -0.108470000000 0.227601000000 0.631744000000 -0.365070031764 0.908531787106 -0.202781391510 0.013174634065
44.8 -0.111229000000 0.224213000000 0.630797000000 -0.370730486476 0.906770359973 -0.200359411029 0.013510258440
44.9 -0.115118000000 0.221278000000 0.629822000000 -0.381058361080 0.903206784751 -0.196992255236 0.014355514903
45.0 -0.117004000000 0.220361000000 0.628602000000 -0.386319157442 0.901561726237 -0.193964299138 0.017939148202
45.1 -0.118774000000 0.218241000000 0.626494000000 -0.393831868081 0.898417368565 -0.193508599331 0.017236981451
45.2 -0.118029000000 0.216502000000 0.625065000000 -0.396036967832 0.897635077363 -0.192742504220 0.016009842742
45.3 -0.122073000000 0.212207000000 0.623404000000 -0.402768898833 0.894719201232 -0.192355615563 0.015939957353
45.4 -0.125131000000 0.208484000000 0.621329000000 -0.410231329465 0.891523286158 -0.191344971418 0.016840085428
45.5 -0.125621000000 0.204609000000 0.619542000000 -0.414537335186 0.889824472036 -0.189950676171 0.017027839706
45.6 -0.129146000000 0.201786000000 0.617151000000 -0.419308747465 0.887397053160 -0.190611663018 0.019334897581
45.7 -0.132611000000 0.198936000000 0.615227000000 -0.424728264980 0.885017600754 -0.189553270413 0.020476937224
45.8 -0.136206000000 0.197814000000 0.612739000000 -0.424930715699 0.884619983551 -0.190567448562 0.023778542982
45.9 -0.142348000000 0.196339000000 0.609487000000 -0.428206237176 0.882701761436 -0.191592146144 0.027739292299
46.0 -0.146320000000 0.194743000000 0.606987000000 -0.428305563120 0.882524023344 -0.191724420387 0.030780504349
46.1 -0.151876000000 0.194653000000 0.603381000000 -0.427657739733 0.882381551826 -0.193123939878 0.034853959451
46.2 -0.156573000000 0.194976000000 0.599214000000 -0.429618539241 0.881317799372 -0.193339131762 0.036425641788
46.3 -0.160658000000 0.195499000000 0.595170000000 -0.431940300030 0.880074084924 -0.193472834992 0.038281122960
46.4 -0.166228000000 0.194570000000 0.589207000000 -0.440486147343 0.875755699996 -0.193032171556 0.041982004099
46.5 -0.170173000000 0.193426000000 0.585071000000 -0.444037135987 0.873517590546 -0.193296054130 0.049342439430
46.6 -0.174893000000 0.193989000000 0.579397000000 -0.444145861316 0.872311867225 -0.197149910261 0.054206762103
46.7 -0.178951000000 0.192949000000 0.575564000000 -0.447858758738 0.869846220260 -0.198229334876 0.059120352802
46.8 -0.184605000000 0.193462000000 0.570616000000 -0.450434164436 0.867782167818 -0.200335957027 0.062679159596
46.9 -0.189637000000 0.192841000000 0.565448000000 -0.450521265624 0.867032787950 -0.202051371590 0.066783059814
47.0 -0.192608000000 0.192833000000 0.562140000000 -0.450841574635 0.866213427484 -0.203830497885 0.069780375174
47.1 -0.194943000000 0.195877000000 0.556413000000 -0.451323690234 0.865460917115 -0.205910229282 0.069894957306
47.2 -0.196734000000 0.196221000000 0.551916000000 -0.450153382399 0.866170361576 -0.206827102583 0.065828464047
47.3 -0.197539000000 0.196782000000 0.548910000000 -0.446953686199 0.867601649566 -0.207471408745 0.066748742442
47.4 -0.200806000000 0.194185000000 0.544951000000 -0.449222931548 0.865554578050 -0.209335393967 0.072060551068
47.5 -0.203535000000 0.194224000000 0.539411000000 -0.450903031922 0.863470697586 -0.212409969372 0.077374512125
47.6 -0.205051000000 0.194259000000 0.535345000000 -0.451552891334 0.862963278845 -0.212733335009 0.078351093603
47.7 -0.207783000000 0.193906000000 0.532334000000 -0.447228639398 0.865297378818 -0.213377463258 0.075611166410
47.8 -0.210384000000 0.194821000000 0.531582000000 -0.446141599244 0.865938138083 -0.213781779948 0.073526627826
47.9 -0.211691000000 0.197069000000 0.530458000000 -0.445446267122 0.865890428951 -0.215563893299 0.073099904678
48.0 -0.214400000000 0.199064000000 0.527187000000 -0.446099248171 0.865022294783 -0.217056314555 0.074956298074
48.1 -0.217681000000 0.200069000000 0.523503000000 -0.438554107562 0.868053124563 -0.218704907582 0.079512458623
48.2 -0.220603000000 0.202237000000 0.520338000000 -0.435311237224 0.868811241241 -0.221555887523 0.081142729453
48.3 -0.223719000000 0.204183000000 0.518084000000 -0.432974125005 0.868939327725 -0.225086767958 0.082545737017
48.4 -0.229672000000 0.206824000000 0.513165000000 -0.429580076111 0.869399937526 -0.228296802255 0.086517494874
48.5 -0.233355000000 0.209082000000 0.508549000000 -0.429332284468 0.869800690342 -0.227411885810 0.086048723325
48.6 -0.237159000000 0.210519000000 0.504857000000 -0.428011097704 0.870014571889 -0.227796982128 0.089385009238
48.7 -0.240297000000 0.211778000000 0.498448000000 -0.426035851390 0.870248676433 -0.230118392779 0.090588187985
48.8 -0.241713000000 0.212275000000 0.495169000000 -0.420918491447 0.871984782835 -0.232178882963 0.092537172900
48.9 -0.242104000000 0.213498000000 0.493854000000 -0.418739117248 0.871929381297 -0.235404259021 0.094770990042
49.0 -0.242638000000 0.212731000000 0.492619000000 -0.418942986066 0.870542856265 -0.238803896477 0.098054111900
49.1 -0.244254000000 0.213827000000 0.490230000000 -0.416008441082 0.869545663211 -0.245283349055 0.103263716840
49.2 -0.245344000000 0.214854000000 0.487710000000 -0.413346429923 0.870228883827 -0.247031367815 0.104028466961
49.3 -0.246871000000 0.216315000000 0.484151000000 -0.410551932073 0.871221815092 -0.247502654243 0.105650821682
49.4 -0.246611000000 0.218052000000 0.480362000000 -0.407536411830 0.872562535377 -0.247722865980 0.105745338239
49.5 -0.247930000000 0.217186000000 0.478092000000 -0.405853122427 0.872523238620 -0.249281648378 0.108835200497
49.6 -0.247128000000 0.219985000000 0.473418000000 -0.404598119370 0.872372927541 -0.250998789159 0.110749469239
49.7 -0.247597000000 0.221792000000 0.470041000000 -0.409435867894 0.869297238167 -0.251159728760 0.116633496241
49.8 -0.250111000000 0.221678000000 0.465488000000 -0.408916792998 0.868440968858 -0.253209764820 0.120341825702
49.9 -0.250246000000 0.221003000000 0.462139000000 -0.407267107028 0.868764655046 -0.253307119221 0.123357128000
50.0 -0.250968000000 0.220631000000 0.458474000000 -0.407094101069 0.866853459678 -0.257706166531 0.128167874489
50.1 -0.253254000000 0.219588000000 0.452400000000 -0.403521697189 0.867617645150 -0.259116480705 0.131409707214
50.2 -0.254487000000 0.219495000000 0.447794000000 -0.402548408302 0.867898232986 -0.258807175326 0.133140084698
50.3 -0.262274000000 0.206528000000 0.443875000000 -0.418579844440 0.860551120192 -0.255317178180 0.138042826294
50.4 -0.257970000000 0.218036000000 0.442372000000 -0.404646572069 0.866893474409 -0.259073459497 0.132807373003
50.5 -0.258177000000 0.217501000000 0.442542000000 -0.405486320671 0.865862014691 -0.260717088997 0.133755055116
50.6 -0.257710000000 0.219407000000 0.443291000000 -0.401565410653 0.866082406020 -0.265782436402 0.134187121025
50.7 -0.259836000000 0.218977000000 0.443150000000 -0.399785469426 0.865470135814 -0.271309203123 0.132379525425
50.8 -0.258878000000 0.219666000000 0.442798000000 -0.394230035941 0.867734078987 -0.273299819285 0.130105556011
50.9 -0.261296000000 0.216996000000 0.441002000000 -0.392671564838 0.867406121606 -0.276216335160 0.130844176632
51.0 -0.260875000000 0.216097000000 0.438777000000 -0.390190594183 0.868474902780 -0.276651033869 0.130256857444
51.1 -0.263612000000 0.211188000000 0.437694000000 -0.393443057120 0.867101520096 -0.275556796466 0.131931673879
51.2 -0.260604000000 0.212959000000 0.436294000000 -0.388334320243 0.869202934884 -0.276915751133 0.130385507189
51.3 -0.261398000000 0.208509000000 0.435033000000 -0.391421474037 0.867557602004 -0.276317981119 0.133346954137
51.4 -0.259045000000 0.209265000000 0.433895000000 -0.387988887440 0.868693871604 -0.277241831975 0.134061729303
51.5 -0.264619000000 0.195076000000 0.430730000000 -0.399172847279 0.862772221758 -0.276175072899 0.141465403783
51.6 -0.262496000000 0.196415000000 0.429002000000 -0.393549900973 0.865008365180 -0.279916307069 0.136109752222
51.7 -0.263324000000 0.191878000000 0.429704000000 -0.398768594167 0.861956336306 -0.280413548300 0.139223290213
51.8 -0.265126000000 0.192008000000 0.427297000000 -0.397089488699 0.862220230009 -0.281553598412 0.140084917633
51.9 -0.264131000000 0.194122000000 0.423161000000 -0.389868285774 0.866390622175 -0.279039621904 0.139667100498
52.0 -0.257219000000 0.206176000000 0.420937000000 -0.374009800408 0.874112877762 -0.279488237759 0.133901721736
52.1 -0.264838000000 0.187919000000 0.416352000000 -0.392874283095 0.865857205093 -0.274985871868 0.142561805344
52.2 -0.261859000000 0.189557000000 0.413373000000 -0.384577038918 0.870245606051 -0.273900503696 0.140540386941
52.3 -0.260407000000 0.186598000000 0.412114000000 -0.385471655033 0.870086724603 -0.272947986718 0.140925836464
52.4 -0.259364000000 0.186364000000 0.411026000000 -0.384396543749 0.870591345082 -0.273387507373 0.139890234950
52.5 -0.244507000000 0.203755000000 0.408242000000 -0.362235753740 0.880575859949 -0.275577103651 0.132017701580
52.6 -0.257000000000 0.174285000000 0.406892000000 -0.396914838757 0.865981800196 -0.268524025409 0.142929983846
52.7 -0.253511000000 0.176863000000 0.407220000000 -0.391406786913 0.868266825529 -0.270857211643 0.139820662801
52.8 -0.248526000000 0.181429000000 0.409610000000 -0.378956826639 0.873803822986 -0.273663745945 0.134040130684
52.9 -0.249794000000 0.171084000000 0.410866000000 -0.390458169265 0.867946079873 -0.273768162859 0.138791258703
53.0 -0.247116000000 0.172478000000 0.411737000000 -0.386706767977 0.869072071194 -0.276198650669 0.137426038436
53.1 -0.245276000000 0.168220000000 0.413679000000 -0.392147378114 0.865694258833 -0.278353426236 0.138972134488
53.2 -0.243495000000 0.168507000000 0.416195000000 -0.390276094241 0.866037965447 -0.280374052197 0.138033342069
53.3 -0.241812000000 0.167608000000 0.419049000000 -0.391049403154 0.865069743295 -0.282410700457 0.137763927771
53.4 -0.239394000000 0.165495000000 0.423018000000 -0.396195015540 0.860807708435 -0.287119496744 0.140007118922
53.5 -0.235855000000 0.170663000000 0.425446000000 -0.393897430851 0.859957400069 -0.293186338286 0.139139696270
53.6 -0.235385000000 0.168628000000 0.425842000000 -0.404388334805 0.853781106565 -0.296273592684 0.140534177426
53.7 -0.232938000000 0.175487000000 0.424955000000 -0.402584558715 0.853976486642 -0.299861095389 0.136869122956
53.8 -0.235992000000 0.170960000000 0.423699000000 -0.414058631110 0.847385450260 -0.302159518138 0.138538710433
53.9 -0.237594000000 0.168676000000 0.421629000000 -0.414180686877 0.846657652205 -0.301542187930 0.143866213825
54.0 -0.236176000000 0.173921000000 0.417297000000 -0.410278926575 0.846781629132 -0.304979093170 0.147036824306
54.1 -0.238631000000 0.169893000000 0.413225000000 -0.419648388515 0.840110621360 -0.307539016446 0.153392070393
54.2 -0.240592000000 0.172642000000 0.402153000000 -0.421076140173 0.835644868861 -0.314744044517 0.159150003970
54.3 -0.241917000000 0.171505000000 0.399720000000 -0.421747715817 0.834782476879 -0.314816172462 0.161733911269
54.4 -0.242231000000 0.173647000000 0.391531000000 -0.422969338649 0.833057898039 -0.315746638043 0.165576380086
54.5 -0.241925000000 0.183520000000 0.387516000000 -0.411986813140 0.837874346550 -0.320713970591 0.159298443998
54.6 -0.243906000000 0.185241000000 0.384766000000 -0.410732415789 0.836926293763 -0.323975755102 0.160912931533
54.7 -0.246181000000 0.186030000000 0.378141000000 -0.416537268396 0.832224032024 -0.325580629152 0.167024305054
54.8 -0.235055000000 0.208750000000 0.374511000000 -0.390344471757 0.843815767874 -0.331358074376 0.160648591036
54.9 -0.247772000000 0.198616000000 0.372516000000 -0.400624966812 0.837389495377 -0.331441256531 0.168597634825
55.0 -0.248621000000 0.202010000000 0.367415000000 -0.401951229589 0.836196061899 -0.330804847810 0.172567400635
55.1 -0.247769000000 0.207430000000 0.363443000000 -0.397125228141 0.838539771462 -0.331155450857 0.171693541576
55.2 -0.237186000000 0.221199000000 0.361681000000 -0.382392588813 0.845775932122 -0.331804191182 0.168359613265
55.3 -0.235900000000 0.225924000000 0.359597000000 -0.380159753877 0.847975833458 -0.328952153432 0.167946503851
55.4 -0.236817000000 0.228979000000 0.357997000000 -0.377448970567 0.848548129208 -0.330535778031 0.168060841595
55.5 -0.249040000000 0.218065000000 0.355076000000 -0.388671818819 0.842604146345 -0.328931822859 0.175374814976
55.6 -0.230497000000 0.241565000000 0.354020000000 -0.366542377653 0.853869959638 -0.331067719708 0.164155238661
55.7 -0.230037000000 0.246300000000 0.355008000000 -0.361758785376 0.855233623181 -0.332870975707 0.164021170938
55.8 -0.234611000000 0.243483000000 0.356975000000 -0.360023793688 0.853318666813 -0.338141789645 0.167003745294
55.9 -0.243423000000 0.235687000000 0.356411000000 -0.372036509198 0.846390594449 -0.340463700243 0.171161520997
56.0 -0.229917000000 0.254138000000 0.354676000000 -0.349985184106 0.855174137689 -0.346422956120 0.161798333141
56.1 -0.225149000000 0.260988000000 0.351135000000 -0.347023411787 0.856163330741 -0.347951391796 0.159652534314
56.2 -0.220609000000 0.266611000000 0.348090000000 -0.343391709091 0.857581100952 -0.350238895672 0.154820881587
56.3 -0.219607000000 0.266717000000 0.345318000000 -0.347889638409 0.854735570740 -0.352605660934 0.155142358746
56.4 -0.221307000000 0.266755000000 0.343258000000 -0.350270293645 0.852645725068 -0.355537786499 0.154592597768
56.5 -0.222219000000 0.266480000000 0.340229000000 -0.348485826019 0.850948138625 -0.360924721712 0.155493535853
56.6 -0.215178000000 0.275074000000 0.330188000000 -0.341344141002 0.851758315038 -0.366875514856 0.152951975360
56.7 -0.212491000000 0.278043000000 0.324313000000 -0.337654857142 0.853197359055 -0.367622631106 0.151317761839
56.8 -0.209151000000 0.282264000000 0.321271000000 -0.332318791392 0.854248412207 -0.370349543477 0.150549283545
56.9 -0.212561000000 0.278565000000 0.317658000000 -0.337985186674 0.849609015219 -0.374320916469 0.154319105565
57.0 -0.206163000000 0.284154000000 0.313763000000 -0.330302004926 0.850663248303 -0.378869580467 0.154046955585
57.1 -0.205763000000 0.284434000000 0.312906000000 -0.325680049321 0.850249334891 -0.382818540343 0.156392260552
57.2 -0.203267000000 0.289538000000 0.309649000000 -0.318837639790 0.849724098368 -0.390254988932 0.154959864865
57.3 -0.201677000000 0.293325000000 0.307340000000 -0.311791177152 0.850362358764 -0.395509357963 0.152454807763
57.4 -0.201061000000 0.298894000000 0.303913000000 -0.302666305051 0.850124221679 -0.403114327797 0.152252271664
57.5 -0.196058000000 0.308645000000 0.298930000000 -0.292996056605 0.852711170318 -0.406897768981 0.146530462453
57.6 -0.196445000000 0.310813000000 0.296603000000 -0.290657504957 0.853364342913 -0.407271170047 0.146347897508
57.7 -0.200273000000 0.311555000000 0.298486000000 -0.287890888617 0.851361726708 -0.412281837794 0.149417980084
57.8 -0.200277000000 0.316257000000 0.301501000000 -0.282820554457 0.850581852127 -0.417083524053 0.150214449277
57.9 -0.197759000000 0.325448000000 0.306312000000 -0.270582004079 0.853257851758 -0.420963055523 0.146719199042
58.0 -0.201342000000 0.327641000000 0.310619000000 -0.268944652667 0.852699659496 -0.421570127871 0.151164452781
58.1 -0.202264000000 0.332287000000 0.311092000000 -0.264076420723 0.852173981191 -0.424859502415 0.153484699587
58.2 -0.203703000000 0.337430000000 0.311228000000 -0.255539820764 0.855730864848 -0.422903808248 0.153546266381
58.3 -0.206675000000 0.342574000000 0.312036000000 -0.245155103606 0.860025896056 -0.419700291643 0.155261387613
58.4 -0.206638000000 0.344151000000 0.312183000000 -0.241858629018 0.861232247525 -0.418975502559 0.155701469642
58.5 -0.206575000000 0.346263000000 0.313917000000 -0.237573405005 0.862821492735 -0.417210271165 0.158219905648
58.6 -0.203201000000 0.349400000000 0.315852000000 -0.234985861601 0.865012816118 -0.414040468454 0.158445458380
58.7 -0.201610000000 0.350065000000 0.318884000000 -0.233557336494 0.866438116335 -0.411703893162 0.158858004162
58.8 -0.200117000000 0.351081000000 0.323407000000 -0.227445461508 0.868243141224 -0.410332379848 0.161399342641
58.9 -0.197551000000 0.352852000000 0.328577000000 -0.224482254829 0.870595343559 -0.407077127099 0.161120072098
59.0 -0.214537000000 0.340629000000 0.331751000000 -0.242983084645 0.866015965847 -0.402894908179 0.169266832068
59.1 -0.195466000000 0.358027000000 0.334319000000 -0.223066330033 0.872086137641 -0.405385374338 0.159279249157
59.2 -0.195101000000 0.360295000000 0.335047000000 -0.217955046375 0.874669131611 -0.402891509225 0.158517947760
59.3 -0.200706000000 0.358831000000 0.337057000000 -0.215405606462 0.877380750858 -0.397601004101 0.160364847350
59.4 -0.194676000000 0.363581000000 0.336570000000 -0.204418709254 0.881461934815 -0.394635756970 0.159688659897
59.5 -0.197583000000 0.363534000000 0.334970000000 -0.201097366601 0.885447561887 -0.387928972144 0.158283217260
59.6 -0.196013000000 0.365243000000 0.334552000000 -0.195160935731 0.888147611869 -0.385712432141 0.155987013525
59.7 -0.195010000000 0.366570000000 0.335618000000 -0.190676129181 0.889884671491 -0.383985442268 0.155894404431
59.8 -0.193097000000 0.370974000000 0.334922000000 -0.187587141897 0.890805869564 -0.383965328133 0.154423423538
59.9 -0.192708000000 0.372638000000 0.335342000000 -0.185625701072 0.892566189100 -0.380496970375 0.155211960598
60.0 -0.192014000000 0.373691000000 0.337727000000 -0.184421048768 0.894011070101 -0.377348093134 0.156017626941
60.1 -0.191209000000 0.377213000000 0.339251000000 -0.182977506651 0.894327168977 -0.376503702943 0.157933874009
60.2 -0.192922000000 0.377093000000 0.340928000000 -0.184914378023 0.895172386124 -0.373539822107 0.157927430239
60.3 -0.192396000000 0.377464000000 0.344235000000 -0.182984698266 0.894882741184 -0.375479114226 0.157216139471
60.4 -0.196346000000 0.375250000000 0.347694000000 -0.179879034587 0.893426623615 -0.380021147747 0.158165509504
60.5 -0.193729000000 0.372589000000 0.351939000000 -0.172328252877 0.894890543430 -0.380672525674 0.156723695516
60.6 -0.187514000000 0.371819000000 0.354300000000 -0.163617947732 0.896457186495 -0.380890451956 0.156576318676
60.7 -0.182489000000 0.367302000000 0.358851000000 -0.156830589950 0.898468184751 -0.379280303655 0.155902335795
60.8 -0.179524000000 0.364000000000 0.361619000000 -0.151655093886 0.899881002636 -0.377315020135 0.157633401198
60.9 -0.175024000000 0.362842000000 0.363892000000 -0.147234015213 0.902598893320 -0.371785106310 0.159415235368
61.0 -0.173599000000 0.362471000000 0.366386000000 -0.144571588751 0.904273440610 -0.367927167987 0.161301579005
61.1 -0.172697000000 0.364486000000 0.371343000000 -0.142234219708 0.906111350635 -0.363980640486 0.162017716150
61.2 -0.171535000000 0.367865000000 0.375432000000 -0.141217712880 0.908267498571 -0.359270151838 0.161346418018
61.3 -0.173425000000 0.369401000000 0.379340000000 -0.139451943022 0.909465312206 -0.356323879384 0.162663131850
61.4 -0.168481000000 0.374450000000 0.386043000000 -0.133743459087 0.911823819876 -0.353569329232 0.160245867607
61.5 -0.170123000000 0.378017000000 0.393873000000 -0.131208803987 0.912581708629 -0.353347094556 0.158507746185
61.6 -0.167707000000 0.382550000000 0.397051000000 -0.126951224941 0.912904039893 -0.356415869001 0.153157855680
61.7 -0.164015000000 0.386533000000 0.400159000000 -0.118946612723 0.913901671436 -0.358973996586 0.147557134845
61.8 -0.157620000000 0.391737000000 0.404622000000 -0.108953275219 0.914841085137 -0.360828717546 0.144905518730
61.9 -0.152735000000 0.395467000000 0.408608000000 -0.105191183834 0.915192105873 -0.361793088710 0.143052386047
62.0 -0.145309000000 0.400757000000 0.413612000000 -0.097510223044 0.916631488182 -0.362033676414 0.138600463266
62.1 -0.138281000000 0.406946000000 0.418449000000 -0.089426168725 0.917977280848 -0.362378932453 0.134172208403
62.2 -0.131490000000 0.410881000000 0.422410000000 -0.082765151107 0.918843575720 -0.363891403419 0.128294425588
62.3 -0.125393000000 0.414562000000 0.428303000000 -0.071745584476 0.919680382007 -0.365829836689 0.123325166322
62.4 -0.118109000000 0.419404000000 0.432250000000 -0.061991813695 0.920783602807 -0.366581483749 0.118036382561
62.5 -0.112631000000 0.422299000000 0.434606000000 -0.055483357473 0.921231485434 -0.367630389781 0.114464159450
62.6 -0.105427000000 0.426756000000 0.436317000000 -0.047619263543 0.920883744795 -0.370252269177 0.112333394326
62.7 -0.096877000000 0.431520000000 0.437221000000 -0.038474785686 0.920605116715 -0.372296284806 0.111361511597
62.8 -0.091176200000 0.434936000000 0.438129000000 -0.032234189504 0.920376323851 -0.373992492597 0.109535359595
62.9 -0.084660300000 0.438789000000 0.438515000000 -0.023970771013 0.920645117996 -0.374956046071 0.106046840418
63.0 -0.076638200000 0.441686000000 0.438850000000 -0.017589946901 0.920037469871 -0.377310175063 0.104204988340
63.1 -0.068852800000 0.444625000000 0.437970000000 -0.015049515986 0.919115901451 -0.379811961510 0.103645287696
63.2 -0.063336900000 0.446656000000 0.438332000000 -0.015291873388 0.918610995357 -0.381033690428 0.103601759526
63.3 -0.055745500000 0.450051000000 0.439919000000 -0.017372915449 0.917914143796 -0.382772312969 0.103039617878
63.4 -0.048557500000 0.455742000000 0.440800000000 -0.020177875517 0.916470544554 -0.386092895628 0.102989660894
63.5 -0.044276600000 0.460069000000 0.441154000000 -0.021423086957 0.915422083061 -0.388713527092 0.102202030537
63.6 -0.040741100000 0.465006000000 0.441032000000 -0.020715946226 0.915359101923 -0.389270178677 0.100783391945
63.7 -0.036603400000 0.468414000000 0.441945000000 -0.019688272021 0.915231000118 -0.389713659889 0.100438297791
63.8 -0.033922200000 0.469429000000 0.442787000000 -0.017471333236 0.915248468888 -0.389496146357 0.101527063813
63.9 -0.028673900000 0.471074000000 0.445200000000 -0.016683025250 0.915388886211 -0.389040155690 0.102140202323
64.0 -0.025536700000 0.471598000000 0.447735000000 -0.018435590442 0.915060561747 -0.389927237490 0.101395496963
64.1 -0.025570600000 0.470499000000 0.449021000000 -0.015761359422 0.914792283604 -0.390672519070 0.101398423320
64.2 -0.025094500000 0.468872000000 0.449441000000 -0.014066532231 0.914947608409 -0.390785422858 0.099798596276
64.3 -0.026329700000 0.468148000000 0.448691000000 -0.012864693487 0.915507019855 -0.390303730662 0.096666406204
64.4 -0.025925600000 0.468392000000 0.447289000000 -0.011709005908 0.916121871876 -0.389193825916 0.095455648971
64.5 -0.022807400000 0.468346000000 0.446681000000 -0.008113764512 0.916607968668 -0.388469743079 0.094102376756
64.6 -0.020116900000 0.467095000000 0.446891000000 -0.004615406151 0.915769412098 -0.390859546038 0.092595340932
64.7 -0.017763300000 0.463918000000 0.446665000000 -0.000052066996 0.915242073285 -0.392585746105 0.090600091246
64.8 -0.013619900000 0.460661000000 0.445969000000 0.003636611485 0.915292406405 -0.392923703784 0.088529931881
64.9 -0.006320530000 0.456369000000 0.445335000000 0.007519720496 0.915927884309 -0.391896559633 0.086236019714
65.0 -0.000471885000 0.451423000000 0.445393000000 0.013687038268 0.916576316805 -0.390471042610 0.085046371700
65.1 0.005227640000 0.447051000000 0.446971000000 0.018851673666 0.916957642281 -0.389570631759 0.084071514399
65.2 0.013336700000 0.441540000000 0.448205000000 0.023636899411 0.916427942240 -0.391064829825 0.081666532569
65.3 0.019246700000 0.437290000000 0.447260000000 0.028988258037 0.916922471850 -0.390097665996 0.078972605989
65.4 0.020828000000 0.434900000000 0.445636000000 0.034734459391 0.917363594837 -0.389053422696 0.076648460435
65.5 0.024248700000 0.430816000000 0.443266000000 0.042546317110 0.918234645626 -0.386893980791 0.073129980852
65.6 0.029518100000 0.427490000000 0.441157000000 0.050465169930 0.918593070698 -0.385534592536 0.070732701395
65.7 0.033383200000 0.424883000000 0.440761000000 0.055325743433 0.918748152651 -0.384512309758 0.070648267918
65.8 0.039796000000 0.422096000000 0.438892000000 0.061518490273 0.918247290760 -0.385070656193 0.068978098739
65.9 0.046406400000 0.418841000000 0.437774000000 0.065414620619 0.917452051986 -0.386463795158 0.068179137196
66.0 0.050211700000 0.416401000000 0.437233000000 0.071268768286 0.916488531401 -0.387942554435 0.066858873280
66.1 0.056574000000 0.415002000000 0.436912000000 0.076759150933 0.915363126797 -0.389810162612 0.065317807479
66.2 0.061288000000 0.413924000000 0.436123000000 0.082531698770 0.914781970533 -0.390202357172 0.064067039454
66.3 0.064727300000 0.412228000000 0.434417000000 0.086663626386 0.915075561571 -0.388946507781 0.062022145732
66.4 0.071624500000 0.410589000000 0.433228000000 0.089527197273 0.915383993735 -0.387852241409 0.060230090449
66.5 0.074853100000 0.409387000000 0.432475000000 0.092827300904 0.914825154401 -0.388511201396 0.059473317314
66.6 0.076773500000 0.410297000000 0.431690000000 0.095862942235 0.914949546880 -0.387496179637 0.059366099224
66.7 0.075840000000 0.410416000000 0.432092000000 0.095059110815 0.915759307441 -0.386113662093 0.057139270494
66.8 0.075090500000 0.411852000000 0.432809000000 0.097400427712 0.915114243698 -0.387124085481 0.056692328438
66.9 0.076125700000 0.412976000000 0.434320000000 0.098529173680 0.915327798922 -0.386271961257 0.057105117125
67.0 0.076106500000 0.414514000000 0.436027000000 0.098807731381 0.915398860882 -0.386220181225 0.055820509933
67.1 0.074346500000 0.416736000000 0.437740000000 0.101158743077 0.915244661088 -0.386587336853 0.051423244104
67.2 0.072757100000 0.419236000000 0.436452000000 0.104257623983 0.914640524106 -0.387614863752 0.048143295526
67.3 0.073789200000 0.420242000000 0.435809000000 0.106847885514 0.914767643669 -0.386879083023 0.045915820552
67.4 0.075969700000 0.419599000000 0.436956000000 0.111757125151 0.914807291085 -0.385557945001 0.044531294644
67.5 0.078080200000 0.418244000000 0.439872000000 0.119224967361 0.912895515319 -0.388137306648 0.041912008498
67.6 0.081282000000 0.419293000000 0.438949000000 0.123973355558 0.910992369643 -0.391608377182 0.036964692402
67.7 0.088238500000 0.418997000000 0.438320000000 0.135978713605 0.909879348776 -0.390582244303 0.032785218491
67.8 0.098183500000 0.419414000000 0.436969000000 0.145636022997 0.909026594871 -0.389330145545 0.029712562883
67.9 0.105660000000 0.418363000000 0.437255000000 0.152530166401 0.908164663657 -0.388841928648 0.027810906990
68.0 0.115163000000 0.416720000000 0.438437000000 0.163285131852 0.905461964284 -0.390983262759 0.024671546208
68.1 0.126422000000 0.415293000000 0.438766000000 0.169895972000 0.902930690768 -0.394250358475 0.020449479441
68.2 0.138890000000 0.413143000000 0.438357000000 0.176007639587 0.900764482385 -0.396685215513 0.016896682331
68.3 0.148870000000 0.412904000000 0.437555000000 0.179475487123 0.899125387835 -0.398964316533 0.013768101001
68.4 0.168327000000 0.412894000000 0.434794000000 0.186346607386 0.896881229538 -0.401033034040 0.007176881392
68.5 0.173318000000 0.413621000000 0.433204000000 0.188103396221 0.896400305086 -0.401325363601 0.004643048829
68.6 0.180463000000 0.413298000000 0.431958000000 0.194006077101 0.894457860024 -0.402870064769 0.001577847214
68.7 0.191067000000 0.413908000000 0.428171000000 -0.199335303559 -0.891319788182 0.407187988660 0.003523328037
68.8 0.203684000000 0.412786000000 0.423701000000 -0.202093727349 -0.889452225774 0.409808723670 0.009469605884
68.9 0.212005000000 0.411323000000 0.420833000000 -0.204414415264 -0.887815548936 0.412095572829 0.013249028434
69.0 0.219181000000 0.409317000000 0.417269000000 -0.208473586513 -0.884986380837 0.415895745976 0.019198904610
69.1 0.228499000000 0.408858000000 0.412613000000 -0.209146596190 -0.882946421553 0.419553000858 0.025270485545
69.2 0.235347000000 0.409472000000 0.411145000000 -0.209675739412 -0.881833601085 0.421474931506 0.027648985721
69.3 0.241483000000 0.411986000000 0.409368000000 -0.209303292122 -0.880273116501 0.424493395754 0.033417498912
69.4 0.246080000000 0.415491000000 0.407425000000 -0.210967091641 -0.878391677946 0.427101864156 0.038793607643
69.5 0.249845000000 0.417687000000 0.405503000000 -0.210342397704 -0.877749768672 0.428445035960 0.041788401326
69.6 0.255855000000 0.419837000000 0.403951000000 -0.208665752656 -0.876735577627 0.431019766074 0.044892002018
69.7 0.261975000000 0.421212000000 0.401101000000 -0.207855808453 -0.874703926805 0.435188259085 0.047960217666
69.8 0.265987000000 0.422337000000 0.397210000000 -0.205437834626 -0.874103984881 0.437187787878 0.051032909486
69.9 0.271957000000 0.422426000000 0.392742000000 -0.204004960510 -0.873743406158 0.438272245022 0.053589882687
70.0 0.277847000000 0.422936000000 0.389157000000 -0.202551190098 -0.872330205663 0.441459134184 0.055918337996
70.1 0.284388000000 0.423480000000 0.384713000000 -0.200767130871 -0.871302567131 0.443838595158 0.059428083611
70.2 0.288747000000 0.424266000000 0.381971000000 -0.199753027846 -0.870544752633 0.445419658799 0.062063589040
70.3 0.295147000000 0.425169000000 0.379583000000 -0.199155969145 -0.868575732572 0.449271423800 0.063783105110
70.4 0.304207000000 0.425886000000 0.380384000000 -0.198287464275 -0.865552944624 0.455288950291 0.064901104055
70.5 0.309746000000 0.427301000000 0.381156000000 -0.198806170186 -0.863774868200 0.458165400436 0.066734920427
70.6 0.311949000000 0.431524000000 0.380010000000 -0.202052673997 -0.860096115058 0.462562796386 0.073790576576
70.7 0.311524000000 0.435433000000 0.377499000000 -0.210544448010 -0.856819073095 0.464207381087 0.077740714792
70.8 0.310315000000 0.437243000000 0.376542000000 -0.216309344705 -0.855834539120 0.463023089204 0.079794284921
70.9 0.308282000000 0.439209000000 0.377533000000 -0.223115204816 -0.853392089426 0.463718064551 0.083108986840
71.0 0.308749000000 0.440915000000 0.377516000000 -0.228767847531 -0.851116849850 0.464705795927 0.085521360303
71.1 0.309779000000 0.441500000000 0.377856000000 -0.234014781113 -0.849574180329 0.464880452337 0.085714405871
71.2 0.311818000000 0.441277000000 0.378135000000 -0.242202430300 -0.847665903479 0.464351036481 0.084726700367
71.3 0.313324000000 0.440940000000 0.379523000000 -0.250096495874 -0.845457736989 0.464111284375 0.085168500236
71.4 0.313678000000 0.440601000000 0.379768000000 -0.256507981695 -0.842124843055 0.466590563190 0.085572486104
71.5 0.313168000000 0.440880000000 0.378656000000 -0.266234097949 -0.835481956248 0.472705072676 0.087402632337
71.6 0.313565000000 0.440257000000 0.377493000000 -0.275185314404 -0.831027321973 0.475222181569 0.088490174688
71.7 0.313867000000 0.439562000000 0.376566000000 -0.278364463253 -0.829370131752 0.476117345060 0.089278686644
71.8 0.315983000000 0.439126000000 0.373051000000 -0.280228953526 -0.827818352491 0.477657950615 0.089618028871
71.9 0.317389000000 0.436951000000 0.373846000000 -0.284092019522 -0.828528099272 0.474217331103 0.089167460663
72.0 0.318366000000 0.434053000000 0.377072000000 -0.288214618253 -0.828413146930 0.472066702659 0.088413913268
72.1 0.320957000000 0.431780000000 0.378544000000 -0.291049962310 -0.828130145519 0.470830626150 0.088367997607
72.2 0.323806000000 0.428126000000 0.380653000000 -0.294576842714 -0.827990095858 0.468794061607 0.088820114272
72.3 0.328406000000 0.426842000000 0.377937000000 -0.293167057102 -0.828541207468 0.468052400973 0.092192700909
72.4 0.330523000000 0.424545000000 0.375879000000 -0.295153768758 -0.829345156988 0.464676455842 0.095638144871
72.5 0.333604000000 0.422869000000 0.370294000000 -0.298590707933 -0.829277921522 0.462435913456 0.096409252452
72.6 0.337679000000 0.421825000000 0.361530000000 -0.294933255898 -0.832528956897 0.458334886138 0.099191948471
72.7 0.338915000000 0.420282000000 0.355841000000 -0.292449442915 -0.835688194853 0.454039912147 0.099731251370
72.8 0.340320000000 0.418575000000 0.349178000000 -0.289643002747 -0.837002614450 0.453617664001 0.098815835114
72.9 0.341219000000 0.417239000000 0.344384000000 -0.286268011642 -0.838609309434 0.453069100578 0.097536873756
73.0 0.340214000000 0.416819000000 0.339105000000 -0.288482481100 -0.839164619881 0.450803586415 0.096730167545
73.1 0.341678000000 0.413344000000 0.338054000000 -0.290419968015 -0.839163764592 0.450342329798 0.093017226184
73.2 0.342939000000 0.409376000000 0.339091000000 -0.289751078951 -0.838780216335 0.451811464684 0.091424620930
73.3 0.343936000000 0.404680000000 0.340896000000 -0.289174078478 -0.837696417681 0.454315247984 0.090778409274
73.4 0.344911000000 0.401037000000 0.343520000000 -0.290948329394 -0.836324741608 0.455579346920 0.091419116471
73.5 0.343954000000 0.399910000000 0.345201000000 -0.291639469855 -0.835807705258 0.455971360271 0.091989227997
73.6 0.339603000000 0.398861000000 0.346268000000 -0.295351984566 -0.833706853432 0.456901229145 0.094558736024
73.7 0.336120000000 0.395133000000 0.346408000000 -0.299436491383 -0.831798154848 0.457450196472 0.095858932637
73.8 0.333724000000 0.390798000000 0.345670000000 -0.303769034621 -0.830200479873 0.457506021831 0.095811151818
73.9 0.331761000000 0.387136000000 0.344965000000 -0.305574871759 -0.829956334072 0.456691484453 0.096069606601
74.0 0.330141000000 0.381120000000 0.345108000000 -0.308120528119 -0.829249444922 0.456149858649 0.096614723008
74.1 0.329651000000 0.376362000000 0.343831000000 -0.309807483575 -0.828206143817 0.456941458980 0.096428261051
74.2 0.329160000000 0.372906000000 0.343067000000 -0.310179710042 -0.828833867615 0.455456794070 0.096861117623
74.3 0.326881000000 0.369714000000 0.342058000000 -0.311217375214 -0.828538301699 0.454955170670 0.098406405597
74.4 0.324892000000 0.366561000000 0.341573000000 -0.311933807271 -0.828411555801 0.454665044258 0.098545885901
74.5 0.323323000000 0.364371000000 0.341407000000 -0.313530525972 -0.827609344093 0.455033308336 0.098519394838
74.6 0.321266000000 0.361740000000 0.341732000000 -0.314877945627 -0.826511319216 0.455967086173 0.099120809582
74.7 0.320751000000 0.361014000000 0.342379000000 -0.315055380363 -0.825831434837 0.457106706944 0.098974779648
74.8 0.320853000000 0.359527000000 0.343179000000 -0.314672339005 -0.825347817272 0.458164130688 0.099337449843
74.9 0.321730000000 0.357975000000 0.343812000000 -0.313273096956 -0.824477113374 0.460393158357 0.100675697085
75.0 0.323940000000 0.356749000000 0.342463000000 -0.312740579557 -0.823550744379 0.462081408986 0.102167865796
75.1 0.326579000000 0.355669000000 0.340430000000 -0.313010816702 -0.823279269598 0.462133938510 0.103284537829
75.2 0.330264000000 0.354034000000 0.338147000000 -0.315596297750 -0.822842443134 0.461156719174 0.103265536283
75.3 0.333720000000 0.350883000000 0.338049000000 -0.319816765574 -0.821930154704 0.459697320184 0.104050137256
75.4 0.336996000000 0.347872000000 0.338869000000 -0.324107366092 -0.820420274911 0.458963352884 0.105913306384
75.5 0.338985000000 0.345960000000 0.338419000000 -0.326625491809 -0.819701986008 0.458110486104 0.107420783634
75.6 0.342750000000 0.342335000000 0.339045000000 -0.330516999538 -0.818876755963 0.456585188989 0.108302062561
75.7 0.346092000000 0.337212000000 0.339458000000 -0.335727677544 -0.817334926631 0.455486459619 0.108547820541
75.8 0.348339000000 0.333372000000 0.339108000000 -0.337965768391 -0.816097208634 0.455673917325 0.110117058284
75.9 0.349743000000 0.327443000000 0.339235000000 -0.340156256903 -0.815890439593 0.453869185186 0.112335542947
76.0 0.350299000000 0.321387000000 0.339001000000 -0.343105229960 -0.814954416751 0.452925340438 0.113959360222
76.1 0.350812000000 0.317127000000 0.337065000000 -0.345743675694 -0.814451159392 0.451428743569 0.115510645232
76.2 0.350672000000 0.311977000000 0.334889000000 -0.351122325485 -0.813799545123 0.447990985937 0.117249688370
76.3 0.347438000000 0.307970000000 0.332598000000 -0.356195315010 -0.812497994512 0.445867035639 0.119056679823
76.4 0.345223000000 0.304214000000 0.330325000000 -0.360182105611 -0.811235002874 0.444572730662 0.120506049897
76.5 0.343289000000 0.298907000000 0.327699000000 -0.363152196028 -0.810688946149 0.442740942419 0.122001528747
76.6 0.341682000000 0.294164000000 0.326087000000 -0.365771613712 -0.810316423218 0.441426184972 0.121413936958
76.7 0.341000000000 0.290385000000 0.324631000000 -0.366697278227 -0.810211558144 0.440135559811 0.123979942655
76.8 0.338953000000 0.286669000000 0.323776000000 -0.370266050650 -0.808907646467 0.439263475864 0.124976277728
76.9 0.338405000000 0.284821000000 0.321381000000 -0.374029062179 -0.808444241692 0.437350304272 0.123470158640
77.0 0.338545000000 0.283108000000 0.319223000000 -0.375735987905 -0.809203233930 0.434514137372 0.123329063951
77.1 0.337468000000 0.279973000000 0.318752000000 -0.379712246194 -0.808977740758 0.431744171420 0.122354384858
77.2 0.339140000000 0.275347000000 0.318879000000 -0.380935313757 -0.809038406037 0.431065773646 0.120529843114
77.3 0.341871000000 0.270667000000 0.318169000000 -0.379936232527 -0.810468014960 0.429776621465 0.118668073132
77.4 0.341932000000 0.267444000000 0.319972000000 -0.380179064941 -0.810681543289 0.429278948177 0.118232392360
77.5 0.343393000000 0.265113000000 0.323359000000 -0.382422244657 -0.808803640589 0.430735245757 0.118562413202
77.6 0.343556000000 0.266954000000 0.326260000000 -0.382541448047 -0.809642938036 0.429199129484 0.118018899612
77.7 0.343145000000 0.267495000000 0.329510000000 -0.384998639008 -0.809335905443 0.427416114562 0.118603984485
77.8 0.342311000000 0.268165000000 0.334846000000 -0.386145956504 -0.808047481408 0.428629493177 0.119278353628
77.9 0.341296000000 0.268186000000 0.337171000000 -0.386702122667 -0.806428262098 0.430708787351 0.120933315973
78.0 0.340831000000 0.268273000000 0.338410000000 -0.387623194156 -0.805216926548 0.432088426345 0.121134439247
78.1 0.341757000000 0.268733000000 0.339948000000 -0.388987591299 -0.804144909069 0.433101099933 0.120262447465
78.2 0.343021000000 0.272046000000 0.342343000000 -0.392034905403 -0.802363866582 0.434455007389 0.117344386759
78.3 0.343516000000 0.272163000000 0.342977000000 -0.393247619008 -0.802121194619 0.433985615491 0.116680696070
78.4 0.345279000000 0.274173000000 0.343381000000 -0.394699840959 -0.801705426320 0.433689302381 0.115732596778
78.5 0.346959000000 0.275215000000 0.343457000000 -0.394107250825 -0.802558749932 0.432748923873 0.115357256559
78.6 0.347526000000 0.275472000000 0.344220000000 -0.395522974341 -0.801965619146 0.432823979301 0.114350887263
78.7 0.348825000000 0.275596000000 0.345761000000 -0.396518128175 -0.801299126773 0.433272740067 0.113876319649
78.8 0.351026000000 0.275614000000 0.346920000000 -0.396280184104 -0.801183486586 0.433613963495 0.114218944011
78.9 0.351691000000 0.275655000000 0.348687000000 -0.397352106260 -0.800785331661 0.433327636365 0.114373580031
79.0 0.351930000000 0.276117000000 0.352145000000 -0.399167563422 -0.799886060829 0.433117432918 0.115138331172
79.1 0.351713000000 0.276036000000 0.355110000000 -0.402167778832 -0.797575018581 0.434025895769 0.117288913404
79.2 0.354344000000 0.275881000000 0.356119000000 -0.404974163318 -0.797231834130 0.431518265549 0.119202836344
79.3 0.357744000000 0.274461000000 0.357454000000 -0.405910678503 -0.797878723684 0.429290770530 0.119730938804
79.4 0.363208000000 0.271430000000 0.360355000000 -0.408172037723 -0.798228411896 0.426245177794 0.120590374703
79.5 0.369960000000 0.268620000000 0.363234000000 -0.409752015671 -0.797996123613 0.424939532660 0.121374898289
79.6 0.373676000000 0.267202000000 0.365579000000 -0.411146273550 -0.797215397497 0.424407475817 0.123631089174
79.7 0.378030000000 0.267145000000 0.369621000000 -0.415171161194 -0.794119408055 0.425844392721 0.125155207051
79.8 0.383424000000 0.266068000000 0.374359000000 -0.418834798005 -0.791621752933 0.426418082128 0.126807064069
79.9 0.385997000000 0.266275000000 0.377489000000 -0.422436440110 -0.789166049642 0.426806230040 0.128844255440
80.0 0.388696000000 0.266499000000 0.381202000000 -0.427349627822 -0.786776799081 0.425333780494 0.132082319779
80.1 0.391833000000 0.265774000000 0.385287000000 -0.432243195951 -0.784576454974 0.423522499355 0.135034434108
80.2 0.393999000000 0.265284000000 0.388229000000 -0.436626997755 -0.782647350919 0.422037638482 0.136763374611
80.3 0.395867000000 0.264102000000 0.392559000000 -0.443894401658 -0.780055351869 0.418971566853 0.137601723704
80.4 0.398251000000 0.262306000000 0.396279000000 -0.453661324534 -0.775886917151 0.416861565058 0.135710463831
80.5 0.400969000000 0.260453000000 0.398118000000 -0.459199938125 -0.773283913608 0.415739849279 0.135380144414
80.6 0.402596000000 0.256954000000 0.401918000000 -0.467419632937 -0.770767188884 0.411621110750 0.134182295664
80.7 0.405036000000 0.252053000000 0.406795000000 -0.477479299528 -0.767413907624 0.407784605708 0.129619166235
80.8 0.407562000000 0.248102000000 0.410006000000 -0.484175822622 -0.764354124743 0.405792050661 0.129109861738
80.9 0.410810000000 0.241933000000 0.414406000000 -0.490667191243 -0.761752072358 0.402931346378 0.128941140846
81.0 0.412649000000 0.235166000000 0.420665000000 -0.497836838702 -0.758015150057 0.400814113060 0.130075213193
81.1 0.415803000000 0.229839000000 0.425049000000 -0.503761613563 -0.754966706868 0.398427887411 0.132305429798
81.2 0.417221000000 0.224224000000 0.429201000000 -0.509559332811 -0.753620021502 0.392935713966 0.134192675757
81.3 0.418209000000 0.217587000000 0.436428000000 -0.518517556105 -0.749438532897 0.389251295632 0.134033049165
81.4 0.421548000000 0.211219000000 0.439707000000 -0.523029386734 -0.747408287926 0.385645955865 0.138196629758
81.5 0.424014000000 0.205762000000 0.441394000000 -0.527049298049 -0.746055000328 0.381952112884 0.140476180809
81.6 0.426415000000 0.199911000000 0.444616000000 -0.531505766141 -0.744749442001 0.377209784880 0.143396887652
81.7 0.427924000000 0.194612000000 0.449021000000 -0.537560936610 -0.741686704010 0.373145833052 0.147279529472
81.8 0.428265000000 0.192179000000 0.450489000000 -0.540864102896 -0.740238749925 0.369385522235 0.151878080285
81.9 0.429621000000 0.188468000000 0.453022000000 -0.546563659251 -0.738203428536 0.363279234605 0.156051472886
82.0 0.431173000000 0.184602000000 0.457187000000 -0.553089796433 -0.735942121863 0.357063515605 0.158071237657
82.1 0.432983000000 0.181415000000 0.460984000000 -0.558622714803 -0.732982556230 0.353839880006 0.159607562745
82.2 0.436252000000 0.177336000000 0.463839000000 -0.563408961197 -0.729713492901 0.352097488077 0.161604206660
82.3 0.439185000000 0.174107000000 0.462713000000 -0.567540282309 -0.728233531294 0.347805061246 0.163112204411
82.4 0.441425000000 0.169675000000 0.463642000000 -0.570621475672 -0.727208926497 0.344655835850 0.163617430427
82.5 0.444723000000 0.164630000000 0.464631000000 -0.574037078523 -0.725589832603 0.342822858722 0.162706222506
82.6 0.448388000000 0.158941000000 0.463845000000 -0.574886082843 -0.726190435684 0.339755952353 0.163460502005
82.7 0.452139000000 0.152728000000 0.462051000000 -0.576572929143 -0.726966841265 0.334702337886 0.164490772063
82.8 0.453885000000 0.148737000000 0.462271000000 -0.578185577864 -0.726670232259 0.332380506624 0.164848445293
82.9 0.454772000000 0.143835000000 0.464074000000 -0.583812297099 -0.722807578933 0.330801659647 0.165174657765
83.0 0.454931000000 0.140129000000 0.465673000000 -0.589085443097 -0.718590845607 0.330557326577 0.165340228578
83.1 0.454278000000 0.137595000000 0.466503000000 -0.594104945270 -0.715503557095 0.328709823332 0.164450070950
83.2 0.453985000000 0.134441000000 0.467377000000 -0.599128571900 -0.712611097796 0.325992094799 0.164193580142
83.3 0.454809000000 0.131232000000 0.468562000000 -0.602440837755 -0.711676104009 0.321774941934 0.164447702113
83.4 0.455764000000 0.129344000000 0.469600000000 -0.605104701552 -0.710410635317 0.319012243412 0.165518029054
83.5 0.456384000000 0.125913000000 0.472454000000 -0.609851669283 -0.706878880157 0.316463577850 0.168089244615
83.6 0.457040000000 0.121405000000 0.476293000000 -0.614030528133 -0.702211505396 0.317230272757 0.170969196806
83.7 0.458275000000 0.118647000000 0.479263000000 -0.614881371851 -0.699722610862 0.319323002198 0.174189513653
83.8 0.460512000000 0.115043000000 0.483206000000 -0.617225701170 -0.696423511546 0.319818298343 0.178165603936
83.9 0.462792000000 0.112083000000 0.487028000000 -0.617614220878 -0.694789560723 0.319728805131 0.183285655871
84.0 0.464892000000 0.108846000000 0.489325000000 -0.617723604213 -0.693949142705 0.318734351807 0.187777924993
84.1 0.466714000000 0.103409000000 0.492516000000 -0.617393891333 -0.694241042002 0.315874640380 0.192554849612
84.2 0.465572000000 0.096567300000 0.496590000000 -0.619393277920 -0.691182852383 0.316856603252 0.195499679830
84.3 0.465613000000 0.090553300000 0.498035000000 -0.619238231073 -0.690031965157 0.318579391842 0.197248754961
84.4 0.465791000000 0.085794700000 0.498691000000 -0.618689967582 -0.689444823415 0.317528453243 0.202643136725
84.5 0.465940000000 0.079093700000 0.501307000000 -0.618803509258 -0.687867236516 0.317165592614 0.208151071869
84.6 0.465483000000 0.071834200000 0.504295000000 -0.615356633372 -0.688974878838 0.319098769763 0.211721055240
84.7 0.465770000000 0.066508400000 0.505602000000 -0.612454764034 -0.690513179511 0.320338939037 0.213245574561
84.8 0.466405000000 0.062012400000 0.507817000000 -0.611517090396 -0.690282412426 0.321334377207 0.215177269417
84.9 0.467138000000 0.059597300000 0.510133000000 -0.611504722107 -0.689461825136 0.322049768067 0.216767879097
85.0 0.467452000000 0.060557600000 0.511467000000 -0.612150582046 -0.688306830336 0.322648626472 0.217722842275
85.1 0.467470000000 0.061027400000 0.512519000000 -0.613079014950 -0.687679143002 0.321003605158 0.219518115844
85.2 0.468326000000 0.062258800000 0.511903000000 -0.613561927460 -0.688099681907 0.319466406660 0.219093139888
85.3 0.469589000000 0.062237100000 0.510605000000 -0.613217280594 -0.689806235545 0.316790059636 0.218577176990
85.4 0.470002000000 0.061910900000 0.510482000000 -0.612952921177 -0.691372744988 0.314477981195 0.217706323408
85.5 0.470218000000 0.062065200000 0.510444000000 -0.613067433414 -0.692941518640 0.311778783510 0.216273817151
85.6 0.469986000000 0.061358500000 0.511235000000 -0.613340286404 -0.693194528715 0.310475888206 0.216563527115
85.7 0.470219000000 0.062081600000 0.511017000000 -0.612925933886 -0.693928096552 0.310234492403 0.215731676185
85.8 0.470001000000 0.060699800000 0.511236000000 -0.613145818329 -0.694512680976 0.309057519633 0.214913449991
85.9 0.470476000000 0.059705400000 0.511348000000 -0.612403708771 -0.695435236869 0.308204137176 0.215271314002
86.0 0.470415000000 0.059469600000 0.511233000000 -0.611508709491 -0.697235342612 0.306396590950 0.214571909351
86.1 0.471757000000 0.056975900000 0.511626000000 -0.610732772517 -0.697807653017 0.306570550043 0.214672908890
86.2 0.472214000000 0.055592200000 0.510889000000 -0.609600983105 -0.699495449975 0.304342203736 0.215565720577
