0.0 0.440926000000 -0.141519000000 0.488044000000 -0.684626785845 -0.636185868918 0.176371468366 0.308944670514
0.1 0.441071000000 -0.141663000000 0.487412000000 -0.685055530875 -0.635848260108 0.176217223765 0.308777265653
0.2 0.441436000000 -0.141278000000 0.486221000000 -0.685392958630 -0.636119977491 0.176549717330 0.307275224851
0.3 0.441801000000 -0.140574000000 0.485326000000 -0.685620493987 -0.636277821517 0.176466612817 0.306487530956
0.4 0.441183000000 -0.137516000000 0.485807000000 -0.687732188208 -0.634506818663 0.176559188621 0.305372538527
0.5 0.442061000000 -0.136409000000 0.485768000000 -0.689652393774 -0.633013394547 0.178134706029 0.303218806464
0.6 0.442285000000 -0.134808000000 0.486762000000 -0.688325891658 -0.634435844963 0.180620162741 0.301786318959
0.7 0.442375000000 -0.132104000000 0.487840000000 -0.688261634661 -0.633666600975 0.181502125276 0.303017391553
0.8 0.442486000000 -0.129459000000 0.487975000000 -0.687924704647 -0.633269181931 0.182225550534 0.304176910179
0.9 0.442742000000 -0.126961000000 0.485923000000 -0.687597268222 -0.634183703826 0.181532155713 0.303425613581
1.0 0.442154000000 -0.125906000000 0.484663000000 -0.687177855895 -0.636021515437 0.179848857911 0.301525479151
1.1 0.441402000000 -0.126152000000 0.483709000000 -0.684484692388 -0.639038810298 0.181394757462 0.300343214980
1.2 0.441815000000 -0.125489000000 0.481689000000 -0.682318808483 -0.642478860733 0.181690401404 0.297742430868
1.3 0.440862000000 -0.124204000000 0.481071000000 -0.682009372162 -0.643609427337 0.180579631396 0.296683531817
1.4 0.439969000000 -0.122409000000 0.481109000000 -0.681601438856 -0.644126064863 0.180705488983 0.296423037845
1.5 0.440812000000 -0.121897000000 0.479029000000 -0.680410801196 -0.645428271629 0.180157620394 0.296659265171
1.6 0.439630000000 -0.121623000000 0.478708000000 -0.680546099503 -0.646052164038 0.178654865947 0.295898710147
1.7 0.438672000000 -0.120196000000 0.479315000000 -0.677574889445 -0.647153108584 0.179537916550 0.299751997100
1.8 0.437958000000 -0.119307000000 0.477783000000 -0.679239389829 -0.645393583809 0.178541242667 0.300373097912
1.9 0.436666000000 -0.119252000000 0.477052000000 -0.680943323653 -0.644586378517 0.176727199872 0.299319373627
2.0 0.439018000000 -0.120859000000 0.472705000000 -0.678369314927 -0.646079732002 0.176133620820 0.302279671959
2.1 0.436916000000 -0.120295000000 0.474887000000 -0.680698511619 -0.646156325994 0.175765675314 0.297048760374
2.2 0.436689000000 -0.121382000000 0.474640000000 -0.680485882269 -0.646550107197 0.175981252152 0.296551044184
2.3 0.436253000000 -0.121865000000 0.475247000000 -0.680709551100 -0.646228742248 0.176901231504 0.296190604216
2.4 0.436083000000 -0.122015000000 0.474824000000 -0.679838505363 -0.646502189988 0.177489604398 0.297240584877
2.5 0.436366000000 -0.122578000000 0.475071000000 -0.678813230435 -0.647204405035 0.178879921320 0.297222189679
2.6 0.435749000000 -0.123269000000 0.475708000000 -0.677991511443 -0.648294777868 0.178861810986 0.296731939586
2.7 0.435993000000 -0.124550000000 0.475790000000 -0.676327231263 -0.649939264209 0.179464356530 0.296568666292
2.8 0.436321000000 -0.125232000000 0.475226000000 -0.675485382805 -0.651159257106 0.180160149288 0.295386932870
2.9 0.435978000000 -0.125023000000 0.474366000000 -0.675736162785 -0.651522117777 0.178747442502 0.294871022910
3.0 0.435573000000 -0.124294000000 0.475016000000 -0.676710546303 -0.650972169410 0.178879151205 0.293769161827
3.1 0.435851000000 -0.124482000000 0.476801000000 -0.677587970459 -0.649909610574 0.180029848727 0.293396138249
3.2 0.436430000000 -0.124601000000 0.478704000000 -0.677432964744 -0.650040726551 0.181343897826 0.292653417586
3.3 0.436750000000 -0.125611000000 0.481428000000 -0.678298157279 -0.648609272454 0.184900174514 0.291598262998
3.4 0.437639000000 -0.127502000000 0.483011000000 -0.679909776169 -0.646033379664 0.188102553000 0.291515005078
3.5 0.438314000000 -0.127861000000 0.484107000000 -0.681038803582 -0.644320291634 0.189721469982 0.291621798968
3.6 0.439029000000 -0.129093000000 0.485595000000 -0.683498499914 -0.641144102445 0.191214948630 0.291891904540
3.7 0.440553000000 -0.130064000000 0.487235000000 -0.686841960907 -0.637997700057 0.192947946208 0.289789829900
3.8 0.442480000000 -0.131326000000 0.488525000000 -0.689533583131 -0.634145016573 0.195815447178 0.289930761281
3.9 0.443939000000 -0.132400000000 0.488536000000 -0.693028180890 -0.629763015431 0.196791744337 0.290488371969
4.0 0.445540000000 -0.133221000000 0.488676000000 -0.696639147056 -0.626086827403 0.196771920731 0.289810273375
4.1 0.447485000000 -0.133637000000 0.488770000000 -0.698201845817 -0.624099273211 0.196215898886 0.290712230048
4.2 0.448749000000 -0.133506000000 0.488789000000 -0.699595230545 -0.622666218434 0.195526848844 0.290899544863
4.3 0.450384000000 -0.133613000000 0.488382000000 -0.701109422646 -0.621144165552 0.194391438871 0.291268727416
4.4 0.451170000000 -0.133941000000 0.488378000000 -0.702395190335 -0.620079518710 0.193408674068 0.291093579226
4.5 0.452304000000 -0.133776000000 0.488233000000 -0.703260120131 -0.619248490886 0.193448489168 0.290747643167
4.6 0.453206000000 -0.134032000000 0.489549000000 -0.705422119232 -0.617052775132 0.193123654386 0.290394146836
4.7 0.455812000000 -0.135478000000 0.489940000000 -0.705966065506 -0.614360167637 0.195590515479 0.293117466265
4.8 0.458891000000 -0.136785000000 0.491622000000 -0.706056287721 -0.612694834810 0.199032491789 0.294067382040
4.9 0.460232000000 -0.136420000000 0.492172000000 -0.706925152107 -0.611230374576 0.200235873590 0.294210559703
5.0 0.463222000000 -0.136164000000 0.492486000000 -0.708334788962 -0.608542021478 0.200812384620 0.295994630062
5.1 0.463729000000 -0.135160000000 0.493237000000 -0.712403824583 -0.603900395055 0.201536391676 0.295242589071
5.2 0.464820000000 -0.132496000000 0.494154000000 -0.718549964265 -0.595529636244 0.205703613564 0.294476526358
5.3 0.465958000000 -0.130887000000 0.494397000000 -0.720904168268 -0.592008815592 0.207565668699 0.294515255313
5.4 0.466052000000 -0.131282000000 0.494478000000 -0.722061364945 -0.590260157742 0.207863569815 0.294979775204
5.5 0.465686000000 -0.131016000000 0.494630000000 -0.721411447921 -0.590948350116 0.208436692135 0.294787577207
5.6 0.466060000000 -0.131055000000 0.494423000000 -0.721095781512 -0.590874381400 0.208868156113 0.295402154109
5.7 0.465901000000 -0.130076000000 0.494741000000 -0.720351244266 -0.590960658879 0.208426211727 0.297351809826
5.8 0.466917000000 -0.130413000000 0.495105000000 -0.720421204436 -0.589801326513 0.210026879218 0.298356152021
5.9 0.469277000000 -0.130064000000 0.495621000000 -0.720064427985 -0.588878492110 0.212328236865 0.299409520407
6.0 0.472469000000 -0.130819000000 0.495756000000 -0.721287063387 -0.586773327450 0.213422263902 0.299821566360
6.1 0.474888000000 -0.132380000000 0.496350000000 -0.721039985605 -0.586252656784 0.213514240731 0.301364945835
6.2 0.478789000000 -0.134692000000 0.496209000000 -0.720038912103 -0.585618442100 0.214294125428 0.304422458333
6.3 0.483200000000 -0.137945000000 0.493759000000 -0.721162719753 -0.583503453755 0.214615635690 0.305594797096
6.4 0.484614000000 -0.139765000000 0.492843000000 -0.722075137670 -0.582751256417 0.214096822130 0.305239282297
6.5 0.484884000000 -0.142136000000 0.492994000000 -0.723113230835 -0.581977950068 0.213396973171 0.304746866871
6.6 0.483108000000 -0.142931000000 0.495177000000 -0.724832553075 -0.579822077265 0.214650489306 0.303890269932
6.7 0.481725000000 -0.143958000000 0.495409000000 -0.725345645123 -0.578702603049 0.216548614447 0.303452945129
6.8 0.479529000000 -0.145076000000 0.495883000000 -0.727026139007 -0.577021304287 0.219534591703 0.300472911665
6.9 0.477436000000 -0.144986000000 0.496711000000 -0.730033234734 -0.574676886671 0.221035119774 0.296549199858
7.0 0.474992000000 -0.145117000000 0.497633000000 -0.731495898079 -0.573825138328 0.221723408986 0.294070045438
7.1 0.471649000000 -0.145104000000 0.498957000000 -0.731392439141 -0.575128549170 0.222505027223 0.291176518211
7.2 0.468478000000 -0.146080000000 0.499293000000 -0.731028990376 -0.576334059391 0.224525206841 0.288139026704
7.3 0.464683000000 -0.147261000000 0.500386000000 -0.733167719977 -0.574122353803 0.227928835722 0.284424090213
7.4 0.461915000000 -0.148349000000 0.500430000000 -0.736353955399 -0.570934415223 0.229000604520 0.281736524098
7.5 0.458029000000 -0.147952000000 0.500199000000 -0.738972872874 -0.569071594436 0.227331846076 0.279994366589
7.6 0.454049000000 -0.146090000000 0.500919000000 -0.741337903015 -0.566089039493 0.225870597425 0.280969368682
7.7 0.452532000000 -0.145779000000 0.499868000000 -0.743436917664 -0.563427016045 0.224575250089 0.281811114211
7.8 0.449442000000 -0.146719000000 0.498695000000 -0.747166079966 -0.560029140544 0.222152783428 0.280639183837
7.9 0.446056000000 -0.146071000000 0.497041000000 -0.750036631526 -0.557548181699 0.218863126197 0.280506699465
8.0 0.443297000000 -0.146206000000 0.495886000000 -0.754369255381 -0.552674367446 0.218113698087 0.279113748876
8.1 0.440907000000 -0.147348000000 0.494994000000 -0.760045415670 -0.546981591346 0.218468551571 0.274615361592
8.2 0.438324000000 -0.148828000000 0.493830000000 -0.765773936666 -0.541194663626 0.215098497547 0.272820912576
8.3 0.435394000000 -0.150595000000 0.492797000000 -0.768550082752 -0.538377519699 0.212322669939 0.272762718154
8.4 0.431129000000 -0.153096000000 0.490444000000 -0.768264307978 -0.539649462876 0.211320967953 0.271830570041
8.5 0.425861000000 -0.154369000000 0.489500000000 -0.767821738938 -0.540410640630 0.211193828804 0.271667597226
8.6 0.422592000000 -0.155386000000 0.488612000000 -0.767751631482 -0.540552500997 0.211264869754 0.271528232105
8.7 0.416632000000 -0.157351000000 0.487836000000 -0.768827336078 -0.539291749649 0.209833399626 0.272100864498
8.8 0.410837000000 -0.158696000000 0.487611000000 -0.769793064321 -0.537071196287 0.211699408635 0.272316963530
8.9 0.407764000000 -0.159300000000 0.486323000000 -0.770185890007 -0.535035812426 0.213191259454 0.274043538783
9.0 0.405136000000 -0.160205000000 0.485240000000 -0.771532013779 -0.532442234296 0.214258533443 0.274475681435
9.1 0.403815000000 -0.162222000000 0.484729000000 -0.772480674705 -0.530944372424 0.217728403498 0.271966951870
9.2 0.403387000000 -0.162201000000 0.483841000000 -0.773452009049 -0.529130055567 0.218421219908 0.272186599024
9.3 0.403472000000 -0.162692000000 0.480025000000 -0.772604982782 -0.530499719185 0.215652731151 0.274126773723
9.4 0.401939000000 -0.164627000000 0.475546000000 -0.773590441764 -0.531543336445 0.211359449776 0.272665899742
9.5 0.400766000000 -0.165913000000 0.473458000000 -0.775964362968 -0.529769018015 0.209069931223 0.271134392533
9.6 0.399222000000 -0.166910000000 0.472234000000 -0.778940472406 -0.527203125406 0.205350585921 0.270443602018
9.7 0.396062000000 -0.169050000000 0.473272000000 -0.781642307565 -0.525064441789 0.200813084006 0.270216099234
9.8 0.394179000000 -0.173423000000 0.474371000000 -0.786924796212 -0.518007286442 0.197962696153 0.270607810737
9.9 0.392953000000 -0.177799000000 0.475871000000 -0.791487793903 -0.512060959587 0.195965437763 0.270070718465
10.0 0.393214000000 -0.184306000000 0.476568000000 -0.797668153449 -0.503627900991 0.192015518793 0.270581771113
10.1 0.394523000000 -0.189946000000 0.477362000000 -0.803155024541 -0.495967172174 0.188095382983 0.271253935604
10.2 0.395330000000 -0.193407000000 0.477078000000 -0.806280963069 -0.491239568672 0.184293479263 0.273186032339
10.3 0.397185000000 -0.198195000000 0.475459000000 -0.810739178364 -0.485089542113 0.179619365409 0.274093057861
10.4 0.395732000000 -0.201463000000 0.474395000000 -0.815272918291 -0.480995882177 0.174252882448 0.271309717830
10.5 0.392828000000 -0.202794000000 0.475486000000 -0.816953905618 -0.478714556588 0.171171936663 0.272247786960
10.6 0.390853000000 -0.205330000000 0.477013000000 -0.817288718603 -0.478147321095 0.171233007650 0.272201298428
10.7 0.392388000000 -0.208980000000 0.477953000000 -0.817398067891 -0.479888343199 0.173204343489 0.267521647847
10.8 0.394825000000 -0.210574000000 0.476897000000 -0.817759828533 -0.481096910532 0.172669837016 0.264574664131
10.9 0.398179000000 -0.211698000000 0.476494000000 -0.817425661869 -0.483866778881 0.170948641526 0.261657771858
11.0 0.400933000000 -0.214636000000 0.479611000000 -0.816528570677 -0.486167949831 0.172828298208 0.258944390099
11.1 0.403129000000 -0.217077000000 0.483229000000 -0.816238547621 -0.486148570484 0.177020089614 0.257056586508
11.2 0.406216000000 -0.220333000000 0.487327000000 -0.816018050997 -0.485153928419 0.182856602885 0.255545825573
11.3 0.408189000000 -0.220848000000 0.491769000000 -0.816469997190 -0.481722367157 0.189225097084 0.255957354461
11.4 0.409245000000 -0.220209000000 0.496251000000 -0.817652979440 -0.475899413026 0.194975784596 0.258742724179
11.5 0.409418000000 -0.221165000000 0.498897000000 -0.819141144835 -0.471201205222 0.198761984389 0.259751578623
11.6 0.408929000000 -0.222099000000 0.501972000000 -0.821328419221 -0.466523436669 0.202029378410 0.258765610306
11.7 0.406823000000 -0.225514000000 0.505429000000 -0.824412194444 -0.460361893645 0.205049046025 0.257616671151
11.8 0.405405000000 -0.228747000000 0.507247000000 -0.825843715614 -0.456629737174 0.208544019471 0.256867344074
11.9 0.403746000000 -0.232973000000 0.509000000000 -0.827873930894 -0.452250124552 0.211018255609 0.256058343330
12.0 0.400943000000 -0.237252000000 0.508790000000 -0.829829493837 -0.448772272128 0.210545453157 0.256236357848
12.1 0.398862000000 -0.240822000000 0.508072000000 -0.832904192300 -0.443829608496 0.209825426049 0.255458755290
12.2 0.395944000000 -0.243709000000 0.508999000000 -0.836151190412 -0.439285065548 0.208694242226 0.253626755729
12.3 0.393590000000 -0.246731000000 0.510940000000 -0.839691891477 -0.430699001646 0.210905944915 0.254822643750
12.4 0.392500000000 -0.249628000000 0.511054000000 -0.841007754192 -0.426635321775 0.211621946340 0.256718545162
12.5 0.390622000000 -0.253836000000 0.510388000000 -0.842081261953 -0.424310682906 0.210385486529 0.258064991229
12.6 0.388786000000 -0.257327000000 0.510105000000 -0.843702781897 -0.421374167002 0.209605417581 0.258215019166
12.7 0.388699000000 -0.258616000000 0.510514000000 -0.844349547784 -0.419863394574 0.210095924566 0.258163269142
12.8 0.387539000000 -0.259564000000 0.512508000000 -0.845585848000 -0.416006587980 0.211527039923 0.259189899111
12.9 0.386459000000 -0.261489000000 0.513915000000 -0.846313767607 -0.413365684429 0.211157494409 0.261331839334
13.0 0.385559000000 -0.262504000000 0.515846000000 -0.847790614745 -0.407259504023 0.215235156569 0.262801440845
13.1 0.385644000000 -0.264428000000 0.516127000000 -0.847947604290 -0.405954145964 0.216668668649 0.263136428073
13.2 0.387265000000 -0.266870000000 0.514632000000 -0.849203380825 -0.406555814045 0.214161894631 0.260193525957
13.3 0.386485000000 -0.269132000000 0.514297000000 -0.852402603451 -0.404285838067 0.211395059944 0.255489513286
13.4 0.385801000000 -0.270686000000 0.514597000000 -0.853796305879 -0.401802471998 0.211205372079 0.254909655307
13.5 0.383540000000 -0.272301000000 0.515772000000 -0.854554712925 -0.400064702990 0.210207417318 0.255924437568
13.6 0.382845000000 -0.273849000000 0.515704000000 -0.853829036296 -0.398669229858 0.211817884316 0.259175627377
13.7 0.383110000000 -0.274177000000 0.515395000000 -0.852594388660 -0.400792998703 0.211741359275 0.260025724475
13.8 0.384132000000 -0.274726000000 0.514215000000 -0.851274960431 -0.403430852819 0.210775115668 0.261052368985
13.9 0.384322000000 -0.273585000000 0.515953000000 -0.850377261056 -0.404526698412 0.210606719875 0.262414697938
14.0 0.383991000000 -0.272375000000 0.518566000000 -0.849792338089 -0.403853198585 0.212308009861 0.263971371678
14.1 0.384532000000 -0.270999000000 0.522005000000 -0.848372160977 -0.403495691174 0.215771733521 0.266267652367
14.2 0.384723000000 -0.271388000000 0.525488000000 -0.848182444045 -0.401272938556 0.219844398798 0.266898877320
14.3 0.384755000000 -0.272538000000 0.527334000000 -0.847838743618 -0.400399878051 0.222292822736 0.267273836049
14.4 0.385623000000 -0.273703000000 0.528362000000 -0.847323904049 -0.399621208265 0.224369893777 0.268334198897
14.5 0.386236000000 -0.275333000000 0.528243000000 -0.847219312374 -0.399534059257 0.224418217434 0.268753485407
14.6 0.387367000000 -0.276248000000 0.528613000000 -0.846996499271 -0.399510278116 0.224880104746 0.269104824171
14.7 0.387931000000 -0.277366000000 0.528509000000 -0.847137958982 -0.399169987015 0.223958453492 0.269931863678
14.8 0.387852000000 -0.277310000000 0.529900000000 -0.848314555188 -0.396037805032 0.224123650438 0.270712138176
14.9 0.387399000000 -0.278004000000 0.530713000000 -0.848545459155 -0.393944679835 0.225227908542 0.272122366209
15.0 0.386131000000 -0.278390000000 0.531573000000 -0.849330999273 -0.391202882760 0.225749710114 0.273192654691
15.1 0.384428000000 -0.278354000000 0.531845000000 -0.850324096346 -0.387939458792 0.225633334160 0.274848150806
15.2 0.383809000000 -0.280110000000 0.529172000000 -0.850718343175 -0.386037699465 0.223075857501 0.278370898221
15.3 0.383569000000 -0.280910000000 0.526815000000 -0.851941440882 -0.384069856591 0.220558030684 0.279356907320
15.4 0.382446000000 -0.281469000000 0.525575000000 -0.853422291462 -0.381499841929 0.217403966835 0.280826954278
15.5 0.380995000000 -0.282481000000 0.525550000000 -0.854246692140 -0.379366407941 0.215778021698 0.282459842889
15.6 0.380257000000 -0.283713000000 0.525490000000 -0.854639846811 -0.378072445175 0.215137520209 0.283492161868
15.7 0.379371000000 -0.285377000000 0.524700000000 -0.854267567041 -0.378807263499 0.212788950325 0.285399445762
15.8 0.378415000000 -0.287735000000 0.523376000000 -0.854455142000 -0.378787603367 0.211428575843 0.285874656383
15.9 0.377646000000 -0.289926000000 0.522857000000 -0.855306995965 -0.377402265035 0.211083262813 0.285414311414
16.0 0.376857000000 -0.293264000000 0.522139000000 -0.856092933067 -0.375200814011 0.210509784929 0.286382383480
16.1 0.376533000000 -0.295367000000 0.520215000000 -0.856256935126 -0.375473870100 0.207119476609 0.288001660290
16.2 0.375977000000 -0.296687000000 0.519730000000 -0.857078883187 -0.373651805969 0.205354195629 0.289188122558
16.3 0.376014000000 -0.298545000000 0.519228000000 -0.857238242851 -0.372152453643 0.203910420281 0.291660224821
16.4 0.376955000000 -0.300789000000 0.517435000000 -0.858150237774 -0.370757001748 0.201693426525 0.292296385129
16.5 0.377523000000 -0.302184000000 0.515346000000 -0.859328248057 -0.368043387190 0.199305129779 0.293898779311
16.6 0.377741000000 -0.303736000000 0.513011000000 -0.859718825687 -0.367578354563 0.196250680259 0.295390190280
16.7 0.377967000000 -0.304492000000 0.511607000000 -0.860568718160 -0.366587096126 0.193020771878 0.296274136402
16.8 0.378457000000 -0.305799000000 0.510693000000 -0.860933930909 -0.366245926127 0.192245096736 0.296139343866
16.9 0.378651000000 -0.309556000000 0.508793000000 -0.861482312783 -0.365484060363 0.191242030275 0.296135293807
17.0 0.378087000000 -0.312693000000 0.506279000000 -0.862116774175 -0.364784668195 0.189521904742 0.296257086258
17.1 0.376357000000 -0.314061000000 0.504143000000 -0.863211564745 -0.363095314010 0.186803923300 0.296870142780
17.2 0.374828000000 -0.314217000000 0.502229000000 -0.863365687685 -0.362958139432 0.184826935231 0.297825590508
17.3 0.371981000000 -0.314523000000 0.500404000000 -0.864412454563 -0.360959609959 0.182679591781 0.298542183153
17.4 0.368989000000 -0.315093000000 0.498357000000 -0.865425381599 -0.359099935509 0.179735917003 0.299635020217
17.5 0.365636000000 -0.315477000000 0.497290000000 -0.866694915786 -0.356541402455 0.177991869072 0.300061736699
17.6 0.360063000000 -0.316298000000 0.495560000000 -0.868129023037 -0.352489918437 0.176029331179 0.301855149576
17.7 0.354382000000 -0.317272000000 0.491295000000 -0.869644740417 -0.349471764160 0.171452937430 0.303630370297
17.8 0.349821000000 -0.317988000000 0.489160000000 -0.871459849368 -0.346353397873 0.169024427930 0.303360837096
17.9 0.343818000000 -0.318482000000 0.487525000000 -0.873464890103 -0.342195132562 0.166158019901 0.303896511054
18.0 0.338988000000 -0.319764000000 0.486813000000 -0.874720379812 -0.338136397563 0.164468371917 0.305742029208
18.1 0.336870000000 -0.321454000000 0.487100000000 -0.875548244485 -0.337080283444 0.164157954707 0.304703659315
18.2 0.336899000000 -0.324300000000 0.487948000000 -0.876893012572 -0.337248493331 0.165594760350 0.299834076771
18.3 0.337905000000 -0.327159000000 0.489846000000 -0.876584809402 -0.339831447295 0.169097824563 0.295837092137
18.4 0.342374000000 -0.329346000000 0.490048000000 -0.873272031350 -0.346057926426 0.172214359169 0.296617742752
18.5 0.347767000000 -0.331005000000 0.489099000000 -0.870707277238 -0.351624463542 0.173540405751 0.296838005610
18.6 0.355242000000 -0.333011000000 0.489495000000 -0.868659789687 -0.357000444940 0.175407307769 0.295318689681
18.7 0.362853000000 -0.335457000000 0.488839000000 -0.866287637546 -0.361275872277 0.177543592282 0.295810320957
18.8 0.368327000000 -0.336128000000 0.489405000000 -0.865563289687 -0.362686914607 0.178709503494 0.295501788285
18.9 0.374642000000 -0.336855000000 0.490864000000 -0.865229449483 -0.360778712137 0.181991624812 0.296809314400
19.0 0.379350000000 -0.337362000000 0.493017000000 -0.865900562231 -0.357075113446 0.185209099274 0.297340157449
19.1 0.381699000000 -0.337154000000 0.495590000000 -0.866513225959 -0.353807637864 0.188062006006 0.297670399140
19.2 0.384236000000 -0.337513000000 0.497946000000 -0.866879731873 -0.350485396498 0.191897377290 0.298085413763
19.3 0.384918000000 -0.340940000000 0.499402000000 -0.866962301015 -0.349843078530 0.193576196091 0.297513773345
19.4 0.384240000000 -0.343177000000 0.500994000000 -0.866788393370 -0.350631482362 0.195778033311 0.295645744714
19.5 0.384456000000 -0.348749000000 0.499325000000 -0.865494680455 -0.356480259739 0.193686244726 0.293813582268
19.6 0.382197000000 -0.352201000000 0.499388000000 -0.866345180195 -0.361313931852 0.186926439848 0.289752959413
19.7 0.380210000000 -0.354062000000 0.499726000000 -0.865764652782 -0.364280793157 0.184147057284 0.289552984829
19.8 0.376589000000 -0.356249000000 0.500977000000 -0.865031214786 -0.365323839494 0.184385439628 0.290278313685
19.9 0.374150000000 -0.358743000000 0.501620000000 -0.864350787302 -0.362759869455 0.187624076501 0.293428355002
20.0 0.373488000000 -0.359323000000 0.501261000000 -0.864333245641 -0.361307209186 0.188430525293 0.294752571164
20.1 0.372298000000 -0.359115000000 0.502398000000 -0.864244460969 -0.360346255568 0.189055601981 0.295787199085
20.2 0.372014000000 -0.358593000000 0.503846000000 -0.864193230983 -0.359386027698 0.189721062036 0.296677706001
20.3 0.372105000000 -0.358098000000 0.505251000000 -0.864306088616 -0.357628473051 0.190858621467 0.297741241780
20.4 0.372189000000 -0.358060000000 0.505386000000 -0.864038560631 -0.356539873577 0.191926593456 0.299133527068
20.5 0.372479000000 -0.357869000000 0.505947000000 -0.863835596548 -0.354739588338 0.193281854923 0.300981745561
20.6 0.372427000000 -0.357837000000 0.507233000000 -0.863930075513 -0.352127854147 0.195423626546 0.302391145944
20.7 0.372264000000 -0.358818000000 0.507816000000 -0.864023922717 -0.350485126528 0.195912178904 0.303712454820
20.8 0.370820000000 -0.362319000000 0.507511000000 -0.864085014096 -0.348953036264 0.196327090682 0.305032031696
20.9 0.369053000000 -0.366636000000 0.506583000000 -0.863453880063 -0.348455989471 0.197069596808 0.306902907155
21.0 0.368003000000 -0.369420000000 0.505184000000 -0.862529138423 -0.350079209830 0.196309878643 0.308140331284
21.1 0.368169000000 -0.371852000000 0.503392000000 -0.861192599876 -0.352360808383 0.195927258166 0.309518458483
21.2 0.368333000000 -0.372646000000 0.502438000000 -0.860845319996 -0.353440225975 0.195080670920 0.309788433510
21.3 0.367647000000 -0.372661000000 0.501993000000 -0.861712948463 -0.351750821949 0.194409301670 0.309721128006
21.4 0.366291000000 -0.372642000000 0.500474000000 -0.861940195774 -0.351346129435 0.193532844295 0.310096814590
21.5 0.364085000000 -0.372097000000 0.499820000000 -0.862847201582 -0.350191648511 0.191648462783 0.310050613203
21.6 0.362161000000 -0.371324000000 0.499583000000 -0.863644627612 -0.347850101777 0.190383271341 0.311243431874
21.7 0.359780000000 -0.371755000000 0.498316000000 -0.863922505827 -0.345574438734 0.189741804380 0.313391542468
21.8 0.357183000000 -0.373623000000 0.496405000000 -0.864287254843 -0.345316117845 0.188263287881 0.313562201657
21.9 0.356151000000 -0.375846000000 0.495995000000 -0.863772795245 -0.346152933185 0.188666768786 0.313814523881
22.0 0.355776000000 -0.377437000000 0.496502000000 -0.863381337463 -0.346361423960 0.189738610742 0.314015429090
22.1 0.355520000000 -0.379278000000 0.497306000000 -0.862805726730 -0.344153662913 0.190333100092 0.317644211714
22.2 0.355704000000 -0.380273000000 0.497876000000 -0.863243109679 -0.338878695705 0.190467723646 0.322016473861
22.3 0.355729000000 -0.380839000000 0.498131000000 -0.863383807519 -0.335503112362 0.190319157371 0.325245570066
22.4 0.355234000000 -0.381233000000 0.498589000000 -0.863924007793 -0.331130602456 0.189501137372 0.328750896288
22.5 0.355541000000 -0.381149000000 0.498725000000 -0.864480963239 -0.327023602070 0.188332650850 0.332052767659
22.6 0.355437000000 -0.381247000000 0.498657000000 -0.865780539271 -0.322348660137 0.187184396958 0.333882315587
22.7 0.354360000000 -0.380772000000 0.499580000000 -0.866542917849 -0.316436718167 0.185764533523 0.338323385249
22.8 0.353670000000 -0.381404000000 0.500558000000 -0.867167086925 -0.313589260696 0.183599803193 0.340549748491
22.9 0.353464000000 -0.381394000000 0.500534000000 -0.866583658203 -0.312979867460 0.180996557007 0.343971818978
23.0 0.353317000000 -0.381169000000 0.499286000000 -0.866706717481 -0.309822560825 0.174992780157 0.349581140179
23.1 0.352674000000 -0.382051000000 0.496922000000 -0.866989779704 -0.303588376626 0.174518791007 0.354550435131
23.2 0.352917000000 -0.382710000000 0.494503000000 -0.867803157351 -0.302644424229 0.170460579069 0.355340996170
23.3 0.352285000000 -0.384275000000 0.492589000000 -0.869292414060 -0.299014522413 0.167733198168 0.356071044143
23.4 0.350313000000 -0.385705000000 0.493185000000 -0.871282841853 -0.294687428381 0.166013103573 0.355619429289
23.5 0.349953000000 -0.387893000000 0.491228000000 -0.871899760101 -0.291698723768 0.165791762753 0.356673175739
23.6 0.349805000000 -0.389818000000 0.486407000000 -0.872195527004 -0.288704583211 0.164671227086 0.358898332786
23.7 0.349673000000 -0.390544000000 0.480391000000 -0.870794443091 -0.288596518800 0.161836463162 0.363645495517
23.8 0.351204000000 -0.393286000000 0.470840000000 -0.865281844597 -0.292460864226 0.158626739719 0.374955370349
23.9 0.353845000000 -0.395505000000 0.461675000000 -0.861726732044 -0.297395580822 0.155351078578 0.380590265473
24.0 0.356510000000 -0.397041000000 0.455404000000 -0.859035169401 -0.303156850429 0.153008382171 0.383070407047
24.1 0.360148000000 -0.399480000000 0.451383000000 -0.856035530271 -0.307477153786 0.151268550258 0.387012656791
24.2 0.362290000000 -0.401110000000 0.449443000000 -0.854572460998 -0.309298331034 0.149238077240 0.389574700955
24.3 0.366180000000 -0.403130000000 0.447420000000 -0.852909558156 -0.311395527647 0.147959052845 0.392028353118
24.4 0.369175000000 -0.405877000000 0.445701000000 -0.851019244737 -0.314391233688 0.147043272645 0.394084601623
24.5 0.371052000000 -0.407373000000 0.445162000000 -0.850106125185 -0.315611674673 0.146810779753 0.395165081556
24.6 0.373442000000 -0.408369000000 0.444891000000 -0.848260146616 -0.315920515506 0.148069607525 0.398402237534
24.7 0.375336000000 -0.409624000000 0.442200000000 -0.846287914806 -0.315892955686 0.149201376548 0.402178262761
24.8 0.376813000000 -0.409268000000 0.439795000000 -0.845984313349 -0.316497261289 0.148318608863 0.402668120700
24.9 0.377895000000 -0.408783000000 0.437788000000 -0.844969822049 -0.317959902170 0.146604749895 0.404270389401
25.0 0.378236000000 -0.409176000000 0.435506000000 -0.842891899420 -0.319275270413 0.145902851639 0.407809888893
25.1 0.379612000000 -0.408295000000 0.432905000000 -0.841925980796 -0.320815531346 0.144665058308 0.409035522432
25.2 0.381114000000 -0.407990000000 0.429385000000 -0.840855962694 -0.323484459139 0.142780203950 0.409796129872
25.3 0.381728000000 -0.408605000000 0.426446000000 -0.841633162601 -0.323966664427 0.141847373364 0.408140346719
25.4 0.381581000000 -0.409111000000 0.423267000000 -0.840386268538 -0.325661609065 0.141236424231 0.409570150896
25.5 0.382092000000 -0.409717000000 0.416431000000 -0.838996844486 -0.328037624356 0.139630302553 0.411070542070
25.6 0.381293000000 -0.410084000000 0.412158000000 -0.838171082043 -0.332714905785 0.135662144069 0.410324032153
25.7 0.380900000000 -0.411631000000 0.410086000000 -0.837338802673 -0.335418782579 0.133810419416 0.410429947112
25.8 0.381324000000 -0.412439000000 0.408609000000 -0.836981272588 -0.337617526110 0.132544036955 0.409766804009
25.9 0.381446000000 -0.413364000000 0.408058000000 -0.836765767412 -0.339430593721 0.131190881545 0.409144076254
26.0 0.382327000000 -0.413428000000 0.408953000000 -0.835529931450 -0.341482893913 0.131839409283 0.409753019484
26.1 0.383651000000 -0.413408000000 0.408618000000 -0.834047685315 -0.343042388015 0.132892765126 0.411127585578
26.2 0.385310000000 -0.412974000000 0.407667000000 -0.833577224037 -0.343123099712 0.133482491462 0.411822746438
26.3 0.386202000000 -0.413122000000 0.406631000000 -0.833436468763 -0.343190772168 0.132983082145 0.412212622681
26.4 0.386560000000 -0.412561000000 0.406562000000 -0.833082243595 -0.343479048450 0.132793290669 0.412749392048
26.5 0.386782000000 -0.411859000000 0.405405000000 -0.832218713040 -0.343709811229 0.133259753903 0.414146613316
26.6 0.388063000000 -0.411466000000 0.402092000000 -0.830654428393 -0.345869517007 0.133252257349 0.415489270268
26.7 0.389426000000 -0.411760000000 0.399289000000 -0.829314463790 -0.349281087851 0.132680746345 0.415494959497
26.8 0.390431000000 -0.412550000000 0.395898000000 -0.828442819735 -0.352904494912 0.131310206447 0.414606490041
26.9 0.390952000000 -0.412267000000 0.393127000000 -0.827465952743 -0.355454238572 0.129917851528 0.414817710791
27.0 0.391615000000 -0.411967000000 0.389731000000 -0.825911039289 -0.358055270412 0.128846545241 0.416011954503
27.1 0.392387000000 -0.412699000000 0.385519000000 -0.824725527192 -0.360988514143 0.128121760676 0.416052775373
27.2 0.393332000000 -0.414445000000 0.383754000000 -0.823482302622 -0.364551041374 0.127279070562 0.415667503780
27.3 0.393960000000 -0.414923000000 0.382388000000 -0.823071041786 -0.366110812696 0.126643593619 0.415305108560
27.4 0.394261000000 -0.415469000000 0.380536000000 -0.821904904687 -0.368355277605 0.126215580993 0.415759959865
27.5 0.394836000000 -0.417115000000 0.377894000000 -0.820887379938 -0.370501799485 0.127119384043 0.415587521754
27.6 0.396296000000 -0.417824000000 0.374797000000 -0.819512699572 -0.373688276567 0.127880785882 0.415213814557
27.7 0.397225000000 -0.418563000000 0.371900000000 -0.818597271391 -0.375858287761 0.126988686030 0.415334718527
27.8 0.397596000000 -0.419231000000 0.369265000000 -0.817407239251 -0.379120772931 0.126241032924 0.414941015517
27.9 0.397218000000 -0.419662000000 0.367453000000 -0.815541203947 -0.381564575845 0.127589108066 0.415959179040
28.0 0.397243000000 -0.419418000000 0.365694000000 -0.814617394571 -0.383384269446 0.127657184262 0.416075288512
28.1 0.397045000000 -0.418732000000 0.364011000000 -0.814183233553 -0.383907161235 0.127768169669 0.416408751797
28.2 0.396432000000 -0.419343000000 0.364799000000 -0.812904725221 -0.385786729934 0.129930716231 0.416500318967
28.3 0.396683000000 -0.420017000000 0.365574000000 -0.811398935383 -0.388104517259 0.132660941481 0.416422532950
28.4 0.397326000000 -0.421825000000 0.366472000000 -0.808319519593 -0.393059239285 0.137767715418 0.416105810157
28.5 0.397994000000 -0.423491000000 0.368182000000 -0.806569851990 -0.396747456564 0.141274820692 0.414822799047
28.6 0.398305000000 -0.423774000000 0.369974000000 -0.804187115352 -0.400477425910 0.144217333836 0.414852112757
28.7 0.398314000000 -0.424767000000 0.370190000000 -0.801521426309 -0.403875894015 0.146889049925 0.415777912370
28.8 0.397383000000 -0.425369000000 0.370539000000 -0.799530985637 -0.407379345071 0.148147220555 0.415745923920
28.9 0.397263000000 -0.425148000000 0.370532000000 -0.796954535702 -0.410994372867 0.149539512000 0.416635365574
29.0 0.396088000000 -0.425120000000 0.370204000000 -0.794292632060 -0.414342562808 0.150985437325 0.417878993271
29.1 0.394740000000 -0.425042000000 0.369976000000 -0.791894161194 -0.418260914340 0.152855412982 0.417847660906
29.2 0.392724000000 -0.425407000000 0.370770000000 -0.789806325806 -0.421650942818 0.154854607846 0.417655959572
29.3 0.389281000000 -0.427067000000 0.371821000000 -0.786465808934 -0.424988875483 0.158344388272 0.419264882617
29.4 0.387331000000 -0.429305000000 0.371827000000 -0.783431245149 -0.427719435587 0.161011255161 0.421149550940
29.5 0.386326000000 -0.430602000000 0.372482000000 -0.781504119474 -0.430189321318 0.162367682574 0.421693247188
29.6 0.384174000000 -0.432609000000 0.373594000000 -0.777481241994 -0.433917397460 0.164738349441 0.424381770053
29.7 0.382705000000 -0.433606000000 0.373564000000 -0.775346990081 -0.434621551560 0.166027825776 0.427054929675
29.8 0.382220000000 -0.432616000000 0.373603000000 -0.775123275997 -0.434031152709 0.166413845636 0.427910384855
29.9 0.381173000000 -0.432156000000 0.373992000000 -0.774400308027 -0.434120158385 0.165887475354 0.429331103615
30.0 0.379983000000 -0.429697000000 0.375290000000 -0.773927673931 -0.432617605230 0.165689801816 0.431769443966
30.1 0.379189000000 -0.426109000000 0.376835000000 -0.773446356944 -0.430400596648 0.166566371302 0.434501672362
30.2 0.378668000000 -0.423274000000 0.377949000000 -0.772596571245 -0.430062806829 0.166554993060 0.436348432527
30.3 0.377151000000 -0.418966000000 0.380265000000 -0.772154516868 -0.428435982862 0.167711282149 0.438284081972
30.4 0.375357000000 -0.414753000000 0.382326000000 -0.771215605470 -0.428201048456 0.168556921687 0.439839648204
30.5 0.374464000000 -0.411780000000 0.382771000000 -0.770039375932 -0.428598293123 0.169050802187 0.441321525564
30.6 0.373588000000 -0.407960000000 0.383839000000 -0.768506117704 -0.430845573653 0.170106599806 0.441400253078
30.7 0.372640000000 -0.405895000000 0.385491000000 -0.766845819753 -0.433263645504 0.172303841012 0.441068575829
30.8 0.373242000000 -0.404482000000 0.385547000000 -0.764617862919 -0.437703201907 0.174762575085 0.439583294832
30.9 0.374811000000 -0.402544000000 0.384331000000 -0.761382287087 -0.444451427871 0.176162150444 0.437866232913
31.0 0.376222000000 -0.399847000000 0.383338000000 -0.757874196866 -0.450741811882 0.177536561302 0.436966005710
31.1 0.376611000000 -0.397005000000 0.383235000000 -0.754725965638 -0.455919774601 0.179102732831 0.436403582722
31.2 0.376913000000 -0.394349000000 0.384439000000 -0.752268241593 -0.459606951484 0.181675160749 0.435715593943
31.3 0.376050000000 -0.390862000000 0.386883000000 -0.749215970244 -0.463177235771 0.185470300596 0.435595047942
31.4 0.374105000000 -0.386190000000 0.389306000000 -0.745962167881 -0.466443217889 0.189124010829 0.436123006850
31.5 0.372063000000 -0.381992000000 0.390384000000 -0.743844170631 -0.469279143434 0.191521017576 0.435651965659
31.6 0.370410000000 -0.376030000000 0.391077000000 -0.741909056646 -0.473988396222 0.193632337081 0.432911619099
31.7 0.368398000000 -0.370439000000 0.393126000000 -0.739400913647 -0.478193261422 0.194627190051 0.432131635641
31.8 0.367104000000 -0.365062000000 0.394293000000 -0.738788822774 -0.478657064577 0.195181751935 0.432414816567
31.9 0.366341000000 -0.356770000000 0.395634000000 -0.737838394691 -0.478326748852 0.195842016223 0.434101289257
32.0 0.366108000000 -0.348858000000 0.396473000000 -0.737817119856 -0.478354781668 0.196091437148 0.433993950165
32.1 0.367431000000 -0.343037000000 0.396717000000 -0.737769451181 -0.478665966568 0.195627931324 0.433941058025
32.2 0.368589000000 -0.335650000000 0.398332000000 -0.737808387481 -0.479424941404 0.195133053238 0.433259276249
32.3 0.370419000000 -0.329644000000 0.400245000000 -0.738795945348 -0.478762982962 0.195625216586 0.432084866569
32.4 0.372122000000 -0.326069000000 0.401959000000 -0.738909890920 -0.478612379220 0.196732322079 0.431553886563
32.5 0.374257000000 -0.321688000000 0.403718000000 -0.739271843624 -0.478531088292 0.197221121028 0.430800380901
32.6 0.375974000000 -0.316507000000 0.405271000000 -0.739642146141 -0.478287096966 0.197553133551 0.430283288023
32.7 0.376927000000 -0.312936000000 0.405860000000 -0.739491826261 -0.478954179269 0.197370904824 0.429883075942
32.8 0.378663000000 -0.307093000000 0.406861000000 -0.739036817536 -0.482036820402 0.196716598926 0.427513351616
32.9 0.380796000000 -0.301018000000 0.406462000000 -0.738566471208 -0.484383463259 0.197218905737 0.425437341273
33.0 0.382035000000 -0.293465000000 0.407374000000 -0.737066367063 -0.487662722035 0.196269091972 0.424731307557
33.1 0.382447000000 -0.287936000000 0.408689000000 -0.735609954689 -0.489731458958 0.196479160716 0.424778803702
33.2 0.384684000000 -0.281095000000 0.410221000000 -0.733701600373 -0.492658727773 0.197448554558 0.424244514240
33.3 0.385750000000 -0.277322000000 0.411512000000 -0.732113070488 -0.495478250716 0.197749530017 0.423564491507
33.4 0.388146000000 -0.272934000000 0.411022000000 -0.729281412159 -0.500623903499 0.196474217271 0.422991975187
33.5 0.389456000000 -0.269058000000 0.411977000000 -0.727409588989 -0.506308412015 0.194506947794 0.420350007766
33.6 0.389996000000 -0.264162000000 0.412444000000 -0.727938322240 -0.508299909014 0.193205427810 0.417622633696
33.7 0.389964000000 -0.259293000000 0.413271000000 -0.729488489768 -0.507525043687 0.191374969105 0.416701925274
33.8 0.389897000000 -0.253211000000 0.414540000000 -0.729038275751 -0.509009982109 0.189265019745 0.416642272104
33.9 0.389040000000 -0.247952000000 0.416578000000 -0.729728243049 -0.510502941341 0.185784510106 0.415171716261
34.0 0.388504000000 -0.244388000000 0.418689000000 -0.729985622316 -0.512559782235 0.183515654501 0.413189382003
34.1 0.388094000000 -0.240334000000 0.421125000000 -0.731181898635 -0.514250803621 0.181010217869 0.410066388663
34.2 0.389535000000 -0.236154000000 0.423217000000 -0.732552706854 -0.516942540608 0.176932617299 0.405994815639
34.3 0.390663000000 -0.233310000000 0.424756000000 -0.733797451729 -0.518279437140 0.174372620409 0.403140067626
34.4 0.391968000000 -0.230864000000 0.427114000000 -0.734573168076 -0.520819622335 0.172350810114 0.399304870977
34.5 0.394268000000 -0.228104000000 0.429330000000 -0.734789339101 -0.524424395346 0.170969715028 0.394756934395
34.6 0.395593000000 -0.226177000000 0.431313000000 -0.734141643666 -0.527641968530 0.169691003031 0.392218005159
34.7 0.397050000000 -0.223726000000 0.432996000000 -0.733775220436 -0.529862696873 0.169109537551 0.390155626187
34.8 0.398042000000 -0.221079000000 0.434646000000 -0.733356103484 -0.532427271335 0.168421418362 0.387742507418
34.9 0.398950000000 -0.218759000000 0.435989000000 -0.731595147646 -0.536278748042 0.167470780687 0.386169887428
35.0 0.399145000000 -0.217273000000 0.436306000000 -0.730428284199 -0.539724061941 0.166929826441 0.383805799394
35.1 0.399271000000 -0.215841000000 0.436623000000 -0.728501542994 -0.544975708767 0.165553576117 0.380629731030
35.2 0.398861000000 -0.212793000000 0.437721000000 -0.726969975622 -0.549281253338 0.163939689455 0.378058907444
35.3 0.398425000000 -0.209909000000 0.438420000000 -0.725721269021 -0.551830052320 0.163793398990 0.376807584179
35.4 0.397916000000 -0.206419000000 0.437757000000 -0.723498550773 -0.555717561184 0.162103037852 0.376098982105
35.5 0.396877000000 -0.203399000000 0.437164000000 -0.718428049092 -0.564557094121 0.160899791182 0.373159058517
35.6 0.396802000000 -0.200912000000 0.437466000000 -0.714708441547 -0.569625657452 0.161728556220 0.372239611079
35.7 0.398354000000 -0.198532000000 0.437224000000 -0.710633774723 -0.574364615488 0.165065833666 0.371292603285
35.8 0.401186000000 -0.195503000000 0.436277000000 -0.708225267960 -0.579168916991 0.167456901620 0.367339790269
35.9 0.403015000000 -0.193411000000 0.434796000000 -0.706810494609 -0.582377809270 0.167059516424 0.365165893743
36.0 0.404575000000 -0.189073000000 0.432485000000 -0.704968522246 -0.585214333202 0.164645306087 0.365288228718
36.1 0.403884000000 -0.183505000000 0.432107000000 -0.705087158695 -0.585802562338 0.165511186139 0.363721739610
36.2 0.402975000000 -0.179985000000 0.433864000000 -0.706346576071 -0.583891353407 0.169453639751 0.362533951326
36.3 0.402803000000 -0.176241000000 0.435451000000 -0.706946373172 -0.583128793864 0.171692648232 0.361537369809
36.4 0.405229000000 -0.173782000000 0.435271000000 -0.704751992116 -0.588489707357 0.170330109265 0.357759902479
36.5 0.405455000000 -0.173403000000 0.435932000000 -0.703121758087 -0.593938833129 0.170041943361 0.352054247673
36.6 0.407016000000 -0.171975000000 0.437240000000 -0.701308680122 -0.595711949738 0.173871555705 0.350802067044
36.7 0.410895000000 -0.169717000000 0.437595000000 -0.699572001561 -0.598079403299 0.170713255338 0.351791168784
36.8 0.414302000000 -0.166742000000 0.438899000000 -0.700285960122 -0.595101763806 0.171212899523 0.355161382765
36.9 0.417673000000 -0.164270000000 0.438023000000 -0.699625726482 -0.596668611786 0.171736710963 0.353577307898
37.0 0.421180000000 -0.161733000000 0.439287000000 -0.697511346537 -0.600575289460 0.171091051925 0.351447144095
37.1 0.425036000000 -0.157808000000 0.440683000000 -0.695945708874 -0.601392176043 0.175385143267 0.351037138227
37.2 0.427069000000 -0.153704000000 0.441797000000 -0.694722263213 -0.602653124117 0.177609491634 0.350178607956
37.3 0.429186000000 -0.146068000000 0.444219000000 -0.691924281636 -0.604519891251 0.183482268729 0.349472097064
37.4 0.431406000000 -0.138326000000 0.446566000000 -0.688565998245 -0.606684839036 0.189586253770 0.349095151106
37.5 0.433020000000 -0.134398000000 0.447858000000 -0.685631977588 -0.607727608412 0.195227071793 0.349946189753
37.6 0.435909000000 -0.130532000000 0.447675000000 -0.679907664332 -0.611572151043 0.202263439824 0.350420565837
37.7 0.439848000000 -0.126869000000 0.447071000000 -0.675839920433 -0.615871932389 0.207066693117 0.347944750566
37.8 0.443138000000 -0.123817000000 0.445952000000 -0.674628998267 -0.617992915353 0.210434693854 0.344496314774
37.9 0.447781000000 -0.119430000000 0.443452000000 -0.671942720825 -0.623081170219 0.209935356763 0.340866515267
38.0 0.448861000000 -0.115654000000 0.443209000000 -0.667535294541 -0.629929216598 0.209104841352 0.337432923618
38.1 0.448295000000 -0.112624000000 0.443624000000 -0.663473008911 -0.634881877766 0.208955757480 0.336252968979
38.2 0.446770000000 -0.109938000000 0.444776000000 -0.656884318913 -0.641223038020 0.208121587236 0.337670567277
38.3 0.444887000000 -0.109241000000 0.446277000000 -0.649823755664 -0.647685778699 0.208727576957 0.338622233858
38.4 0.443949000000 -0.109306000000 0.447618000000 -0.644611466347 -0.653208238114 0.209022481627 0.337793808837
38.5 0.443777000000 -0.109079000000 0.448682000000 -0.641287327649 -0.656655615821 0.208866137592 0.337533557108
38.6 0.443849000000 -0.107570000000 0.448903000000 -0.636227601989 -0.662087014533 0.208871387412 0.336493636157
38.7 0.444442000000 -0.104760000000 0.448775000000 -0.631185241711 -0.667482329996 0.208887962464 0.335318280036
38.8 0.445372000000 -0.102749000000 0.449307000000 -0.628191007347 -0.670072868604 0.209715310557 0.335257956755
38.9 0.447573000000 -0.097598600000 0.449789000000 -0.625334154644 -0.672031777876 0.212056223995 0.335205373503
39.0 0.449889000000 -0.090725700000 0.450322000000 -0.622808920678 -0.674122735905 0.212901493937 0.335172402114
39.1 0.451697000000 -0.084441500000 0.451345000000 -0.621019894642 -0.674660952016 0.213564557802 0.336982299141
39.2 0.454435000000 -0.076232200000 0.450696000000 -0.617683107933 -0.676271040232 0.214381650282 0.339360525606
39.3 0.457508000000 -0.067423600000 0.449516000000 -0.613987648640 -0.678841807748 0.214957236001 0.340567693803
39.4 0.460290000000 -0.060955500000 0.449042000000 -0.611405998688 -0.681152431931 0.214594201351 0.340827519413
39.5 0.463265000000 -0.052373800000 0.450109000000 -0.610169549974 -0.682362923525 0.215097683006 0.340304198693
39.6 0.466189000000 -0.046360200000 0.450476000000 -0.608525379333 -0.684042890302 0.216271466517 0.339129532340
39.7 0.468523000000 -0.043786700000 0.450566000000 -0.605038824729 -0.686923293336 0.217153906824 0.338981696252
39.8 0.471479000000 -0.040877200000 0.449721000000 -0.603486631657 -0.689306235295 0.218484495187 0.336043635198
39.9 0.471678000000 -0.037849200000 0.451347000000 -0.601729504044 -0.691490580250 0.218947418628 0.334401568874
40.0 0.470813000000 -0.036591900000 0.452717000000 -0.599072748855 -0.693432622241 0.220711648875 0.333990131653
40.1 0.470328000000 -0.034926800000 0.454526000000 -0.594494952432 -0.697138178078 0.222727267933 0.333116610690
40.2 0.471973000000 -0.033871200000 0.456456000000 -0.592064472612 -0.698818306366 0.226264347850 0.331537448640
40.3 0.474689000000 -0.032823900000 0.456770000000 -0.588899522907 -0.701979934553 0.227959250966 0.329326742468
40.4 0.478765000000 -0.031761000000 0.456723000000 -0.587361683977 -0.704179146047 0.228360007028 0.327092784479
40.5 0.482269000000 -0.030018200000 0.457837000000 -0.584233241294 -0.707751725568 0.229733632621 0.324008445515
40.6 0.485428000000 -0.028994300000 0.459472000000 -0.582566953036 -0.709117334014 0.231590536360 0.322698272848
40.7 0.486976000000 -0.027300100000 0.461100000000 -0.581737060073 -0.709208765021 0.233539057178 0.322590187898
40.8 0.489742000000 -0.025565700000 0.462641000000 -0.580614624294 -0.708343286479 0.237210261407 0.323832886593
40.9 0.491611000000 -0.024302100000 0.464066000000 -0.580983438925 -0.707989594876 0.237005472489 0.324094713397
41.0 0.491946000000 -0.023224400000 0.464639000000 -0.581259084344 -0.707884197481 0.237185431421 0.323698796640
41.1 0.491447000000 -0.022180300000 0.465987000000 -0.580508724102 -0.708239303370 0.238528761241 0.323281209576
41.2 0.490876000000 -0.021489300000 0.467520000000 -0.580533957363 -0.707473437189 0.240595187984 0.323381532464
41.3 0.490275000000 -0.021223900000 0.468794000000 -0.578880113428 -0.708193240646 0.241384422592 0.324181598352
41.4 0.490027000000 -0.019659600000 0.469558000000 -0.575484481633 -0.710690118005 0.242180848975 0.324169097787
41.5 0.489347000000 -0.016887600000 0.470247000000 -0.574156668394 -0.712129059944 0.241651895179 0.323760225596
41.6 0.489208000000 -0.012966500000 0.471649000000 -0.572799249355 -0.713248871428 0.241754272879 0.323623143315
41.7 0.488216000000 -0.007615610000 0.474244000000 -0.571497347752 -0.714360740403 0.242699698587 0.322763644777
41.8 0.486995000000 -0.002803720000 0.476886000000 -0.567629534355 -0.717298603607 0.247145974531 0.319684676305
41.9 0.487511000000 -0.000023848400 0.476563000000 -0.563893389309 -0.721225819873 0.248385512691 0.316484121763
42.0 0.486494000000 0.004533560000 0.477480000000 -0.559558124731 -0.726812457379 0.248384403443 0.311357583773
42.1 0.484472000000 0.010635400000 0.478889000000 -0.555315294722 -0.731225404935 0.249374774969 0.307809278995
42.2 0.481352000000 0.017332500000 0.480652000000 -0.548909771254 -0.736629840138 0.249418050064 0.306374244909
42.3 0.479336000000 0.021505400000 0.482414000000 -0.545175296301 -0.739358709155 0.250850127968 0.305297901727
42.4 0.477201000000 0.025833500000 0.482416000000 -0.540577204826 -0.743705082324 0.251117998063 0.302685954740
42.5 0.474717000000 0.030687800000 0.482615000000 -0.534512180298 -0.748413160823 0.252417659483 0.300765348736
42.6 0.472553000000 0.033420000000 0.483570000000 -0.530270861856 -0.751686524485 0.253475616592 0.299216132198
42.7 0.470437000000 0.036377900000 0.485314000000 -0.524470084410 -0.756121239852 0.255468499560 0.296559685283
42.8 0.468332000000 0.040238400000 0.487266000000 -0.519569888877 -0.759498124515 0.258454391267 0.293957576983
42.9 0.466498000000 0.042868100000 0.489066000000 -0.515956485841 -0.762167948282 0.259864534904 0.292163219501
43.0 0.463608000000 0.047285200000 0.492217000000 -0.509757031532 -0.766440645171 0.261891553195 0.290050548351
43.1 0.461829000000 0.052419500000 0.492937000000 -0.504210182763 -0.770057778523 0.262942270490 0.289213540008
43.2 0.460746000000 0.057287200000 0.492474000000 -0.500157177090 -0.772960972862 0.262897096235 0.288546788976
43.3 0.459944000000 0.063957400000 0.492079000000 -0.494565996284 -0.777335138427 0.262031483267 0.287217791342
43.4 0.460043000000 0.068388200000 0.491775000000 -0.489701319891 -0.781468636587 0.260934435790 0.285328946212
43.5 0.460151000000 0.072034000000 0.492194000000 -0.486119485253 -0.784296697137 0.260187018773 0.284375196141
43.6 0.461184000000 0.075383500000 0.493312000000 -0.481328761002 -0.787523024180 0.260694143264 0.283140731593
43.7 0.461551000000 0.079818400000 0.495514000000 -0.476937788734 -0.790283917338 0.262151093316 0.281528826140
43.8 0.461334000000 0.082647900000 0.498314000000 -0.472701628684 -0.792800306799 0.263198929957 0.280619256375
43.9 0.462326000000 0.086661500000 0.500660000000 -0.467095669860 -0.795828563647 0.265684085045 0.279088694568
44.0 0.463598000000 0.090966000000 0.501457000000 -0.461249063629 -0.800308643540 0.265669899556 0.275997972541
44.1 0.464120000000 0.097452200000 0.502567000000 -0.454797398279 -0.805011521707 0.266022956577 0.272667495333
44.2 0.464550000000 0.101834000000 0.503972000000 -0.449960239612 -0.807850755927 0.266974132541 0.271362767289
44.3 0.464174000000 0.109188000000 0.505582000000 -0.444118261964 -0.811050869422 0.268427761987 0.270003691075
44.4 0.463724000000 0.115963000000 0.506416000000 -0.437415496284 -0.813993116694 0.271632547988 0.268884079964
44.5 0.462914000000 0.120514000000 0.507356000000 -0.434821183680 -0.814738877255 0.274251732330 0.268173614337
44.6 0.461744000000 0.127590000000 0.507714000000 -0.431612868648 -0.814931853039 0.278785950986 0.268094759466
44.7 0.459683000000 0.132831000000 0.508408000000 -0.428814095773 -0.814221154568 0.282934524354 0.270389418523
44.8 0.458431000000 0.136644000000 0.508259000000 -0.426279120454 -0.814261330522 0.285703712238 0.271363199225
44.9 0.455915000000 0.140323000000 0.509447000000 -0.423925830201 -0.814477517568 0.288631848748 0.271302266398
45.0 0.454492000000 0.143554000000 0.508882000000 -0.422738436146 -0.814534996710 0.290308899504 0.271193098378
45.1 0.452787000000 0.146180000000 0.508219000000 -0.422534131144 -0.815072210866 0.290142924420 0.270072735576
45.2 0.450779000000 0.150416000000 0.507605000000 -0.422917217912 -0.814987229315 0.290089821922 0.269786467533
45.3 0.447727000000 0.155895000000 0.508225000000 -0.422163399124 -0.816262213805 0.287191496623 0.270213077074
45.4 0.446358000000 0.159083000000 0.508000000000 -0.422885311707 -0.815787335806 0.285647373756 0.272148146690
45.5 0.444239000000 0.164453000000 0.507459000000 -0.423288682348 -0.815592252074 0.283685211991 0.274150816615
45.6 0.442258000000 0.169542000000 0.507288000000 -0.423255621008 -0.816012251078 0.282370842662 0.274308936402
45.7 0.440911000000 0.174472000000 0.506629000000 -0.423753746743 -0.816741094868 0.279952376367 0.273849252403
45.8 0.439898000000 0.177889000000 0.506413000000 -0.423741155848 -0.817538380191 0.277968258029 0.273510652962
45.9 0.439094000000 0.181935000000 0.505903000000 -0.423738800450 -0.818562422738 0.275469709035 0.272978805916
46.0 0.438827000000 0.184450000000 0.504830000000 -0.424410675553 -0.818963627166 0.273398472495 0.272813912940
46.1 0.438710000000 0.185647000000 0.504489000000 -0.423524283874 -0.819939213590 0.271853955412 0.272804497606
46.2 0.439010000000 0.187132000000 0.503830000000 -0.421732598796 -0.821834618001 0.270286906238 0.271430403759
46.3 0.438676000000 0.188456000000 0.504005000000 -0.418349478295 -0.824462366294 0.268823044431 0.270147536278
46.4 0.438758000000 0.189822000000 0.504363000000 -0.416117596429 -0.826694352780 0.267498768768 0.268080215106
46.5 0.439460000000 0.190512000000 0.503701000000 -0.414890023813 -0.829751638300 0.265284365116 0.262683635777
46.6 0.439207000000 0.188656000000 0.502673000000 -0.416029277006 -0.831092376768 0.262182056204 0.259741547229
46.7 0.440024000000 0.186812000000 0.501901000000 -0.416346060907 -0.831562939819 0.259992603660 0.259928606984
46.8 0.441938000000 0.185763000000 0.501251000000 -0.415983395663 -0.832839733891 0.256653346894 0.259739969417
46.9 0.444108000000 0.183679000000 0.502725000000 -0.417100252873 -0.832477952019 0.256534424573 0.259225630417
47.0 0.446650000000 0.181689000000 0.503219000000 -0.418594805754 -0.831771751526 0.256324506836 0.259291128182
47.1 0.450196000000 0.177348000000 0.503733000000 -0.420499406046 -0.830586766792 0.257890616185 0.258453675595
47.2 0.453334000000 0.173374000000 0.504374000000 -0.422625428283 -0.829701307319 0.257430976996 0.258288172561
47.3 0.455860000000 0.170763000000 0.504659000000 -0.425129617581 -0.828904378673 0.255425454270 0.258727997293
47.4 0.459740000000 0.168075000000 0.504785000000 -0.429642095772 -0.827740112987 0.252675150294 0.257699909423
47.5 0.462998000000 0.163976000000 0.505981000000 -0.435363063534 -0.825919470077 0.250352170381 0.256202698353
47.6 0.465957000000 0.160178000000 0.505928000000 -0.439314039962 -0.824784726230 0.248527301574 0.254887249665
47.7 0.467630000000 0.157175000000 0.506482000000 -0.440927798332 -0.824739866399 0.247154540222 0.253577330766
47.8 0.470374000000 0.152777000000 0.506904000000 -0.439709883085 -0.824836222062 0.248195645145 0.254360663671
47.9 0.472513000000 0.150016000000 0.507108000000 -0.437746991503 -0.824877065389 0.251363955167 0.254502574580
48.0 0.475741000000 0.148646000000 0.505928000000 -0.438009099761 -0.824738409588 0.252023129674 0.253848234948
48.1 0.477085000000 0.150344000000 0.505020000000 -0.436903676724 -0.826523663603 0.250949230684 0.250994610279
48.2 0.477433000000 0.153058000000 0.502846000000 -0.439587470893 -0.825011130577 0.254754438927 0.247426081295
48.3 0.476712000000 0.157775000000 0.502242000000 -0.439917868964 -0.824792584139 0.257309575033 0.244910686399
48.4 0.475296000000 0.165364000000 0.502248000000 -0.435650952011 -0.825984219709 0.262373113997 0.243143303127
48.5 0.473522000000 0.175688000000 0.502477000000 -0.430060700932 -0.829045904272 0.265112708725 0.239678813824
48.6 0.470814000000 0.183937000000 0.503136000000 -0.423948477210 -0.832322772119 0.266741092145 0.237393516013
48.7 0.467345000000 0.194959000000 0.503906000000 -0.413073965553 -0.837588989724 0.268774120150 0.235743622635
48.8 0.464285000000 0.204087000000 0.504130000000 -0.403716845860 -0.842172079931 0.271062887928 0.232988855831
48.9 0.462702000000 0.209656000000 0.503589000000 -0.396945936786 -0.845297393445 0.273015154481 0.231017240325
49.0 0.459722000000 0.216443000000 0.504204000000 -0.388310204296 -0.849502665726 0.275239084654 0.227604596707
49.1 0.456455000000 0.222169000000 0.504298000000 -0.378560717072 -0.853175131707 0.278783415829 0.225972974459
49.2 0.452861000000 0.226210000000 0.504612000000 -0.371521873561 -0.856070021040 0.280583385774 0.224474007782
49.3 0.447932000000 0.229473000000 0.506026000000 -0.364435387939 -0.858862207713 0.283206336647 0.222118722901
49.4 0.442251000000 0.232735000000 0.508494000000 -0.358676358590 -0.860939542836 0.285700740754 0.220248632464
49.5 0.436381000000 0.236129000000 0.509662000000 -0.355190627409 -0.861946270415 0.287550522729 0.219551684112
49.6 0.430896000000 0.238591000000 0.510684000000 -0.351919988643 -0.863021315396 0.288300930771 0.219611256731
49.7 0.424147000000 0.241322000000 0.510977000000 -0.347180540213 -0.864435859213 0.289105710049 0.220531644490
49.8 0.417773000000 0.244270000000 0.509875000000 -0.342874726144 -0.866355073265 0.289165276616 0.219657123714
49.9 0.413143000000 0.245646000000 0.508976000000 -0.338855902596 -0.868416257993 0.288507463563 0.218616841983
50.0 0.406742000000 0.247048000000 0.508507000000 -0.332237614421 -0.871736588689 0.287564487401 0.216795186965
50.1 0.400639000000 0.250536000000 0.508605000000 -0.326432765801 -0.873751984612 0.288047982477 0.216858199268
50.2 0.396473000000 0.254868000000 0.508434000000 -0.321009893405 -0.875835783500 0.287368640070 0.217447909584
50.3 0.391397000000 0.260951000000 0.508892000000 -0.315209861375 -0.878560563517 0.285215357031 0.217775755397
50.4 0.386255000000 0.267001000000 0.509581000000 -0.309923124584 -0.880224570315 0.284942349914 0.218998218915
50.5 0.383452000000 0.271130000000 0.508822000000 -0.309424418526 -0.880483951751 0.285257005194 0.218249813098
50.6 0.379206000000 0.276265000000 0.506853000000 -0.308823931894 -0.880773197221 0.285927377704 0.217052732821
50.7 0.374386000000 0.281189000000 0.505365000000 -0.307710357921 -0.881900062261 0.284060533345 0.216509189664
50.8 0.370261000000 0.285824000000 0.505381000000 -0.308698434067 -0.881725292286 0.283985617026 0.215911915071
50.9 0.365387000000 0.292284000000 0.506004000000 -0.311151001964 -0.880337625339 0.286229912466 0.215088717971
51.0 0.362474000000 0.298537000000 0.505382000000 -0.310518006480 -0.879347910870 0.290360274178 0.214515105482
51.1 0.362659000000 0.301093000000 0.504030000000 -0.310730245348 -0.878869264037 0.292129004172 0.213766639771
51.2 0.363139000000 0.303074000000 0.502842000000 -0.307738193703 -0.879865921337 0.293658085411 0.211891702241
51.3 0.364616000000 0.302455000000 0.502791000000 -0.303510982378 -0.881180150492 0.294644696600 0.211156644981
51.4 0.366701000000 0.301961000000 0.502526000000 -0.298814725846 -0.882546778425 0.295946557069 0.210324936391
51.5 0.368132000000 0.301539000000 0.502724000000 -0.296140053664 -0.883156541211 0.297084278398 0.209944096988
51.6 0.369084000000 0.300829000000 0.503896000000 -0.292599440102 -0.883944278089 0.298496287281 0.209590189096
51.7 0.370290000000 0.301132000000 0.503682000000 -0.289787577253 -0.884467815715 0.299638451326 0.209658392442
51.8 0.370307000000 0.302015000000 0.503540000000 -0.287243101623 -0.885445114389 0.299667957736 0.208991543086
51.9 0.370073000000 0.303701000000 0.503327000000 -0.284298701369 -0.886069514834 0.300873604382 0.208638772687
52.0 0.368770000000 0.306394000000 0.503701000000 -0.280921532939 -0.886626585602 0.302420709814 0.208609933396
52.1 0.367973000000 0.308346000000 0.503473000000 -0.277695349930 -0.887227776072 0.303172110450 0.209281717879
52.2 0.366993000000 0.312555000000 0.501888000000 -0.273389284657 -0.888040154835 0.305138499211 0.208646779831
52.3 0.365449000000 0.315062000000 0.501368000000 -0.270119583428 -0.889109098579 0.305763179082 0.207435049570
52.4 0.364463000000 0.316250000000 0.500963000000 -0.267311772431 -0.889765027505 0.306642124700 0.206961879362
52.5 0.363221000000 0.318491000000 0.499663000000 -0.263262811975 -0.890828577621 0.307772675957 0.205895888883
52.6 0.362575000000 0.319956000000 0.498667000000 -0.258213738212 -0.892509653355 0.308042528086 0.204602016015
52.7 0.361508000000 0.321748000000 0.497740000000 -0.253210448814 -0.893839080637 0.308752485341 0.203980561166
52.8 0.360669000000 0.322604000000 0.496145000000 -0.248018208706 -0.894806405230 0.310276374802 0.203806370240
52.9 0.361091000000 0.324376000000 0.491822000000 -0.246074151589 -0.894992092482 0.311661821612 0.203232810500
53.0 0.361230000000 0.325853000000 0.488201000000 -0.247319899873 -0.894702500846 0.312288683902 0.202029898811
53.1 0.360515000000 0.328763000000 0.483690000000 -0.250488304844 -0.894449200878 0.311839317623 0.199931178581
53.2 0.361338000000 0.331549000000 0.479912000000 -0.253726527293 -0.893436995103 0.312859081210 0.198777213065
53.3 0.362643000000 0.334480000000 0.477542000000 -0.261760695889 -0.890218655769 0.315908619354 0.197974309511
53.4 0.366938000000 0.337211000000 0.474255000000 -0.270659921393 -0.886366917884 0.319417510173 0.197659677291
53.5 0.372830000000 0.339521000000 0.470591000000 -0.282779113179 -0.882118786484 0.320199600836 0.198430429388
53.6 0.379554000000 0.340618000000 0.469354000000 -0.289510338837 -0.878851141546 0.322750963925 0.199088548126
53.7 0.385243000000 0.341168000000 0.468931000000 -0.293642412182 -0.876060270001 0.326411256497 0.199369578233
53.8 0.392916000000 0.340536000000 0.467284000000 -0.296504645039 -0.874047252734 0.329723344951 0.198516778264
53.9 0.399363000000 0.337671000000 0.467127000000 -0.301570704443 -0.871280076678 0.331261763545 0.200478882227
54.0 0.405004000000 0.334768000000 0.466443000000 -0.306377529360 -0.868679613766 0.332242669313 0.202838228196
54.1 0.413399000000 0.330401000000 0.465106000000 -0.310092322049 -0.865891351091 0.333035696291 0.207755011752
54.2 0.422589000000 0.326047000000 0.463022000000 -0.317883534209 -0.861993699901 0.332712390145 0.212648502120
54.3 0.428935000000 0.323493000000 0.462862000000 -0.325323373320 -0.858701812971 0.332959597752 0.214321733467
54.4 0.438406000000 0.318802000000 0.461174000000 -0.338595950782 -0.851703655285 0.334663098394 0.218984648461
54.5 0.449251000000 0.312979000000 0.456805000000 -0.349048936830 -0.847159610974 0.333132857785 0.222503780410
54.6 0.456494000000 0.307420000000 0.454387000000 -0.355141579602 -0.844299763762 0.332597815789 0.224524075061
54.7 0.466478000000 0.298992000000 0.450310000000 -0.366534549771 -0.838087491458 0.334043798828 0.227324703782
54.8 0.474852000000 0.289178000000 0.446600000000 -0.381226724994 -0.828967262085 0.336485219275 0.232931663264
54.9 0.483185000000 0.281977000000 0.442002000000 -0.391613588634 -0.821121524874 0.339407902548 0.239166290002
55.0 0.489298000000 0.276724000000 0.439117000000 -0.398189568556 -0.816680179350 0.340102878339 0.242504812933
55.1 0.495761000000 0.271444000000 0.437003000000 -0.406709754721 -0.810411312675 0.341593099013 0.247254594315
55.2 0.502215000000 0.267864000000 0.433426000000 -0.416427758049 -0.803573315814 0.341524350993 0.253414613068
55.3 0.506437000000 0.264734000000 0.431955000000 -0.422071696254 -0.799650229822 0.341768603515 0.256142957777
55.4 0.512040000000 0.260132000000 0.430382000000 -0.427456573524 -0.794414068289 0.344025786500 0.260448505618
55.5 0.517724000000 0.256169000000 0.429175000000 -0.434856929761 -0.786820802439 0.349576075348 0.263835257371
55.6 0.522326000000 0.253362000000 0.427810000000 -0.440354195106 -0.779932655260 0.355297965754 0.267500638582
55.7 0.530023000000 0.250137000000 0.423320000000 -0.447863233535 -0.769802473850 0.363211992438 0.273678139154
55.8 0.537022000000 0.247142000000 0.417886000000 -0.453871674562 -0.763100616009 0.365445666860 0.279512821620
55.9 0.542748000000 0.246105000000 0.412776000000 -0.457406286387 -0.759544632702 0.364982101064 0.284006172484
56.0 0.549560000000 0.245882000000 0.407604000000 -0.461222860354 -0.755315164124 0.363899594516 0.290429958926
56.1 0.556159000000 0.243927000000 0.403437000000 -0.465260422905 -0.751533179210 0.362669070897 0.295299448764
56.2 0.559702000000 0.244034000000 0.400837000000 -0.468592022344 -0.748818069976 0.362901505853 0.296640374396
56.3 0.564445000000 0.243321000000 0.397282000000 -0.472224835633 -0.745579128527 0.362829671951 0.299115524285
56.4 0.568612000000 0.242192000000 0.393953000000 -0.475589778971 -0.742370264535 0.362929027179 0.301634337741
56.5 0.571542000000 0.240116000000 0.391377000000 -0.479534318395 -0.739117183283 0.362604873507 0.303760320920
56.6 0.574603000000 0.235691000000 0.388178000000 -0.488117037310 -0.732298612662 0.362633756045 0.306557105214
56.7 0.578690000000 0.230773000000 0.382692000000 -0.495947246756 -0.725348121259 0.362730138602 0.310376026734
56.8 0.582271000000 0.224557000000 0.378737000000 -0.504134388159 -0.719130119234 0.360950821723 0.313711483029
56.9 0.584390000000 0.222214000000 0.376547000000 -0.509011451655 -0.714767993767 0.361702630943 0.314936920572
57.0 0.590177000000 0.218336000000 0.372876000000 -0.514763244676 -0.709584750760 0.362186280111 0.316748136410
57.1 0.597770000000 0.213188000000 0.369858000000 -0.518505141774 -0.707937830636 0.359863849826 0.316977058313
57.2 0.602818000000 0.210580000000 0.369255000000 -0.518601432296 -0.709180513242 0.359544418210 0.314393647189
57.3 0.609336000000 0.206843000000 0.368434000000 -0.517982689696 -0.710293885908 0.361273405230 0.310898786571
57.4 0.616351000000 0.200765000000 0.367700000000 -0.517644398858 -0.710825473303 0.362702661649 0.308574467620
57.5 0.620101000000 0.197884000000 0.368313000000 -0.517933282232 -0.710962319372 0.364358295319 0.305811589417
57.6 0.624535000000 0.193116000000 0.367709000000 -0.519140851950 -0.709548660097 0.367254923308 0.303574201964
57.7 0.627355000000 0.191368000000 0.364339000000 -0.518657797649 -0.709617478896 0.369569275528 0.301422748261
57.8 0.627811000000 0.190733000000 0.362490000000 -0.519157230977 -0.710381066591 0.369026122816 0.299423162819
57.9 0.628103000000 0.189122000000 0.361280000000 -0.517507489596 -0.711687761964 0.369562359582 0.298513299640
58.0 0.628018000000 0.186997000000 0.360333000000 -0.513965545650 -0.712945960967 0.371069440813 0.299758143710
58.1 0.627621000000 0.185467000000 0.360990000000 -0.514383604716 -0.712384395031 0.369968885539 0.301730019470
58.2 0.626358000000 0.186482000000 0.361900000000 -0.516556534851 -0.709093257794 0.369873919543 0.305858434076
58.3 0.624201000000 0.187101000000 0.361965000000 -0.518094721943 -0.706864802764 0.368328967591 0.310247935274
58.4 0.621866000000 0.188476000000 0.361045000000 -0.520593856310 -0.704883388034 0.366802351757 0.312373943844
58.5 0.616929000000 0.190448000000 0.358724000000 -0.525572418123 -0.701491619922 0.366304001270 0.312257136253
58.6 0.611108000000 0.191141000000 0.357204000000 -0.528854965014 -0.700781018086 0.363435665724 0.311661527222
58.7 0.605701000000 0.190466000000 0.355734000000 -0.530115680415 -0.700265542855 0.363504920705 0.310595729995
58.8 0.602423000000 0.189575000000 0.354083000000 -0.530748064031 -0.699519839185 0.364146991036 0.310443966013
58.9 0.598438000000 0.188803000000 0.352053000000 -0.531736853409 -0.699221655783 0.363428185937 0.310265931865
59.0 0.594424000000 0.189826000000 0.349548000000 -0.532070781048 -0.699068891242 0.363609251401 0.309825243561
59.1 0.592139000000 0.188676000000 0.348514000000 -0.533512160054 -0.698374008591 0.364502012102 0.307858412868
59.2 0.588389000000 0.188273000000 0.349481000000 -0.533426714211 -0.697448663453 0.367116241147 0.306996690374
59.3 0.587372000000 0.186064000000 0.348947000000 -0.529103141536 -0.698630072725 0.372198841420 0.305669608475
59.4 0.586280000000 0.185319000000 0.349409000000 -0.524852654538 -0.701135539366 0.376274573137 0.302251703177
59.5 0.586709000000 0.184666000000 0.348011000000 -0.519438476251 -0.704557893407 0.380654301634 0.298134444296
59.6 0.589156000000 0.184473000000 0.344701000000 -0.515194530814 -0.708453899048 0.381215277185 0.295537782329
59.7 0.591446000000 0.184040000000 0.343291000000 -0.516685766368 -0.709528158278 0.377513207908 0.295109114224
59.8 0.595203000000 0.181920000000 0.341624000000 -0.520866900934 -0.708625304067 0.372172102210 0.296708234272
59.9 0.597221000000 0.177972000000 0.343307000000 -0.526491459770 -0.705020401833 0.368062825659 0.300470850760
60.0 0.598303000000 0.175140000000 0.345231000000 -0.531087705520 -0.701093555805 0.367808752304 0.301878115774
60.1 0.603447000000 0.168687000000 0.346931000000 -0.537154363579 -0.696311554825 0.367610129081 0.302453634964
60.2 0.608308000000 0.163178000000 0.347117000000 -0.543910800797 -0.691416876355 0.365983546524 0.303578305453
60.3 0.610648000000 0.160813000000 0.347915000000 -0.547815064472 -0.688813728581 0.364212229523 0.304604258543
60.4 0.612004000000 0.157043000000 0.349994000000 -0.552356553923 -0.685317682988 0.362293783073 0.306569935689
60.5 0.611946000000 0.154209000000 0.352392000000 -0.557612859962 -0.680480447681 0.360824012002 0.309548527848
60.6 0.611453000000 0.151888000000 0.352959000000 -0.562830575087 -0.675514101276 0.358960188394 0.313129407551
60.7 0.611306000000 0.148981000000 0.353122000000 -0.566890022054 -0.672809639271 0.356794914058 0.314102342403
60.8 0.612712000000 0.141863000000 0.353087000000 -0.573832375465 -0.667676177236 0.353958492229 0.315655370615
60.9 0.614853000000 0.135104000000 0.352381000000 -0.579830739195 -0.663658919647 0.350470888509 0.317054109837
61.0 0.616404000000 0.130148000000 0.352600000000 -0.583705803571 -0.660746179130 0.348150874477 0.318579645056
61.1 0.618491000000 0.123295000000 0.353353000000 -0.588555317849 -0.657301336485 0.345994216854 0.319132563035
61.2 0.621587000000 0.115348000000 0.352864000000 -0.593271229670 -0.653483938351 0.344463423164 0.319895202316
61.3 0.624319000000 0.111519000000 0.351053000000 -0.596375918438 -0.651483679123 0.342721848937 0.320072669882
61.4 0.627728000000 0.106410000000 0.349591000000 -0.600929700356 -0.649067393202 0.339363741254 0.320042599405
61.5 0.630537000000 0.100239000000 0.349846000000 -0.604493070770 -0.647184455528 0.337273296896 0.319354240797
61.6 0.632996000000 0.095798600000 0.350050000000 -0.607044206680 -0.645254539075 0.336825672728 0.318892422502
61.7 0.636481000000 0.088953500000 0.350001000000 -0.611048351366 -0.641600438147 0.335514461939 0.319998181075
61.8 0.639236000000 0.082218900000 0.350191000000 -0.614694018547 -0.638217975432 0.333405024734 0.321978522390
61.9 0.640993000000 0.077014700000 0.350330000000 -0.617556951199 -0.635012746700 0.332333816920 0.323938972162
62.0 0.644620000000 0.068887200000 0.348822000000 -0.620245440602 -0.632020566472 0.330607841547 0.326410863908
62.1 0.648480000000 0.059460400000 0.348569000000 -0.622108904710 -0.630207061783 0.329943206166 0.327042888111
62.2 0.651298000000 0.051093500000 0.349767000000 -0.623005154891 -0.629297802413 0.329231249277 0.327804266837
62.3 0.654772000000 0.041962400000 0.354046000000 -0.623925490688 -0.627753149980 0.330321664005 0.327918531115
62.4 0.656751000000 0.034277900000 0.360015000000 -0.623031219117 -0.626336514223 0.333438958878 0.329170368745
62.5 0.659165000000 0.027904600000 0.363486000000 -0.621750164225 -0.624410708143 0.337587689297 0.331017451015
62.6 0.661754000000 0.023578900000 0.363765000000 -0.621456852086 -0.623557554537 0.338838427053 0.331897390059
62.7 0.665140000000 0.018522500000 0.363178000000 -0.620762378290 -0.623718148055 0.338442712341 0.333296072509
62.8 0.667888000000 0.015183200000 0.364033000000 -0.619802960811 -0.624602222363 0.337437120234 0.334443632735
62.9 0.668605000000 0.013328300000 0.366073000000 -0.619293687838 -0.623876959875 0.337510302003 0.336659565710
63.0 0.669332000000 0.014313700000 0.368135000000 -0.618231215440 -0.622069000273 0.339490483266 0.339950783094
63.1 0.669923000000 0.013756300000 0.370123000000 -0.618456123904 -0.619710989788 0.340691110102 0.342636658048
63.2 0.670129000000 0.014264000000 0.372085000000 -0.618300504232 -0.618116847189 0.342564275702 0.343926978732
63.3 0.669561000000 0.013004800000 0.375574000000 -0.618463848701 -0.615453176254 0.344404236503 0.346562516103
63.4 0.670127000000 0.011237200000 0.377179000000 -0.618734051842 -0.612715382838 0.345572436735 0.349753804402
63.5 0.671523000000 0.010122500000 0.377830000000 -0.619841969681 -0.611581972658 0.345382962778 0.349962901411
63.6 0.672254000000 0.006891650000 0.379199000000 -0.622007249501 -0.609700321491 0.344865951786 0.349914239266
63.7 0.673006000000 0.003773660000 0.379572000000 -0.622033257201 -0.609739393873 0.344291987804 0.350364846451
63.8 0.672973000000 0.001935810000 0.380685000000 -0.622111759608 -0.609688879846 0.344333438422 0.350272624585
63.9 0.672331000000 -0.000944711000 0.382398000000 -0.621729746369 -0.609914626932 0.343640090755 0.351237467193
64.0 0.671471000000 -0.003583560000 0.384277000000 -0.622395778027 -0.610265612051 0.343005156031 0.350066909574
64.1 0.670472000000 -0.007141340000 0.386357000000 -0.622640586016 -0.610637843861 0.342168712937 0.349800937932
64.2 0.669777000000 -0.009487970000 0.387784000000 -0.622736170399 -0.611440453044 0.341337911842 0.349039631556
64.3 0.667875000000 -0.014093400000 0.391657000000 -0.625113907709 -0.610420014460 0.340032284400 0.347847745286
64.4 0.665146000000 -0.016189100000 0.395363000000 -0.626574537853 -0.609776024567 0.339640899719 0.346729877016
64.5 0.661238000000 -0.019800000000 0.401073000000 -0.627631756856 -0.611160759286 0.336304944736 0.345629698146
64.6 0.657174000000 -0.022141700000 0.408266000000 -0.629120524421 -0.609987530011 0.337080504235 0.344237291193
64.7 0.654885000000 -0.025181400000 0.412198000000 -0.630223117161 -0.608651594851 0.336334828989 0.345312816864
64.8 0.653743000000 -0.026462600000 0.414696000000 -0.630343085510 -0.609210719891 0.334287148454 0.346095356365
64.9 0.653554000000 -0.027579300000 0.416414000000 -0.631237193056 -0.609710261175 0.330247423060 0.347461714558
65.0 0.653644000000 -0.025517900000 0.418278000000 -0.633342532117 -0.610418024432 0.326600742636 0.345830923098
65.1 0.652840000000 -0.025282800000 0.420694000000 -0.634192637769 -0.611070060816 0.324162379911 0.345415446129
65.2 0.651973000000 -0.023917400000 0.423117000000 -0.634429155283 -0.613225272340 0.321215032847 0.343911783694
65.3 0.650791000000 -0.022979600000 0.427556000000 -0.631977381213 -0.616298414565 0.321081627605 0.343056033696
65.4 0.651160000000 -0.024571200000 0.429525000000 -0.631278126219 -0.617709736211 0.320848375346 0.342021825597
65.5 0.651528000000 -0.025940200000 0.432248000000 -0.630048811522 -0.620249986313 0.320062158436 0.340424241670
65.6 0.652410000000 -0.026927000000 0.433704000000 -0.629243228514 -0.621881882632 0.319012186579 0.339922209098
65.7 0.653466000000 -0.027702300000 0.433951000000 -0.629620493112 -0.623252205587 0.317426031622 0.338194378033
65.8 0.653922000000 -0.026599500000 0.434644000000 -0.628906038447 -0.625428761605 0.316175841811 0.336673277848
65.9 0.654131000000 -0.025953100000 0.434805000000 -0.628366856032 -0.626475264123 0.315020814137 0.336817048771
66.0 0.653144000000 -0.023799800000 0.435287000000 -0.629508552100 -0.626475466104 0.313924869821 0.335706194924
66.1 0.651750000000 -0.022126400000 0.436088000000 -0.630709330348 -0.626539121119 0.312348716230 0.334802553437
66.2 0.650091000000 -0.021632600000 0.436432000000 -0.631578817889 -0.626775128076 0.310974446553 0.334000043729
66.3 0.648255000000 -0.022060800000 0.437754000000 -0.631574364965 -0.627822658553 0.309723456805 0.333202507840
66.4 0.646643000000 -0.022623400000 0.438385000000 -0.630458902024 -0.629361727548 0.310781612989 0.331421450399
66.5 0.644812000000 -0.025525000000 0.439692000000 -0.629883386076 -0.632060096171 0.309501555279 0.328566191283
66.6 0.641621000000 -0.026321400000 0.443809000000 -0.628888755143 -0.634942443593 0.308308325768 0.326026077547
66.7 0.639124000000 -0.028173100000 0.445820000000 -0.627465589980 -0.635836088331 0.308387708944 0.326950184490
66.8 0.634666000000 -0.029719100000 0.446644000000 -0.627368011114 -0.636754874456 0.306262901313 0.327346366663
66.9 0.629199000000 -0.030031600000 0.446642000000 -0.627884836915 -0.637495029985 0.301742737406 0.329107943903
67.0 0.624412000000 -0.028424000000 0.447102000000 -0.629515404057 -0.637350690488 0.298466512466 0.329260070956
67.1 0.616925000000 -0.028037600000 0.448372000000 -0.631313294757 -0.637472261314 0.292497672172 0.330934663782
67.2 0.610278000000 -0.028252500000 0.448438000000 -0.634146832021 -0.636558163234 0.288345465103 0.330920523710
67.3 0.604958000000 -0.028025100000 0.449263000000 -0.635731576385 -0.637010169922 0.285145581455 0.329780841741
67.4 0.598581000000 -0.027975600000 0.450191000000 -0.638097540841 -0.637075674695 0.281223456042 0.328450119281
67.5 0.591439000000 -0.027278900000 0.453271000000 -0.639674819509 -0.637547114264 0.278391421676 0.326876151955
67.6 0.586416000000 -0.027750900000 0.455551000000 -0.639868528573 -0.638366766876 0.276174260153 0.326778082373
67.7 0.581067000000 -0.027680000000 0.457581000000 -0.640185155442 -0.639736190131 0.273740587068 0.325525213740
67.8 0.574600000000 -0.029911600000 0.459876000000 -0.641281528260 -0.640362519554 0.270712394462 0.324666974835
67.9 0.568858000000 -0.030299700000 0.461433000000 -0.642933037793 -0.640254944281 0.268533873825 0.323419655937
68.0 0.563688000000 -0.030430300000 0.463639000000 -0.643110480705 -0.642049796962 0.266003098230 0.321594961964
68.1 0.556768000000 -0.031662400000 0.467100000000 -0.643432779409 -0.643775893615 0.263342952925 0.319683196815
68.2 0.549552000000 -0.031406000000 0.471116000000 -0.645625017414 -0.643943973558 0.259222541666 0.318289443273
68.3 0.545707000000 -0.032593600000 0.473071000000 -0.646491060685 -0.644316898851 0.255549028810 0.318747135178
68.4 0.541399000000 -0.034028100000 0.475821000000 -0.645632178340 -0.648362850331 0.249243233939 0.317273564827
68.5 0.537634000000 -0.034438200000 0.479579000000 -0.646442062026 -0.650712708870 0.245452257798 0.313749613706
68.6 0.535415000000 -0.033526000000 0.481940000000 -0.645717715165 -0.653496562213 0.243683460432 0.310820280243
68.7 0.532093000000 -0.034382700000 0.485395000000 -0.646327201656 -0.656874765225 0.239668964019 0.305508557810
68.8 0.527833000000 -0.033828200000 0.489776000000 -0.646066235225 -0.660479922033 0.235535801463 0.301475668211
68.9 0.523659000000 -0.033932800000 0.493622000000 -0.646148113802 -0.662146135725 0.233305906913 0.299371781860
69.0 0.518476000000 -0.032256100000 0.496899000000 -0.645869422354 -0.664366125591 0.228841565625 0.298499377347
69.1 0.513781000000 -0.029848400000 0.498273000000 -0.646252128249 -0.665420936971 0.224935639210 0.298290331034
69.2 0.509284000000 -0.028144200000 0.500397000000 -0.646340325514 -0.667286716603 0.220624027532 0.297149221663
69.3 0.504880000000 -0.026479700000 0.502489000000 -0.643901404786 -0.671061985467 0.217698337182 0.296098339346
69.4 0.501615000000 -0.027426900000 0.504147000000 -0.641310261209 -0.676013723651 0.214677471495 0.292643430708
69.5 0.499649000000 -0.029093300000 0.505047000000 -0.639451757599 -0.680732341840 0.211518285760 0.288036357541
69.6 0.496326000000 -0.032509100000 0.507467000000 -0.635585988347 -0.688792658913 0.205998482933 0.281353424493
69.7 0.493326000000 -0.036305700000 0.509132000000 -0.629070197739 -0.697890833927 0.199804176381 0.278024030145
69.8 0.488634000000 -0.037631700000 0.513268000000 -0.623413593295 -0.705103977036 0.194372850813 0.276411049219
69.9 0.485183000000 -0.038976400000 0.515735000000 -0.620535644693 -0.706983378764 0.194404296724 0.278059319629
70.0 0.481512000000 -0.039527300000 0.518053000000 -0.619308662647 -0.706787984000 0.196103893674 0.280090679832
70.1 0.478375000000 -0.039249300000 0.519632000000 -0.618506328323 -0.707004229823 0.195578340434 0.281680765388
70.2 0.475322000000 -0.038096800000 0.521721000000 -0.618605809668 -0.706531497130 0.195321286587 0.282824487648
70.3 0.471930000000 -0.036574100000 0.523480000000 -0.617913729745 -0.706674332226 0.196181381198 0.283384679254
70.4 0.468572000000 -0.035165400000 0.525647000000 -0.617877355282 -0.706699323483 0.196392856199 0.283255160682
70.5 0.465686000000 -0.035302500000 0.528339000000 -0.617433456770 -0.707658006544 0.195618250811 0.282364254438
70.6 0.461894000000 -0.035303300000 0.532092000000 -0.617069276952 -0.708932662116 0.195275227738 0.280192029615
70.7 0.458790000000 -0.034930700000 0.534828000000 -0.616559714624 -0.709850394693 0.193619871459 0.280139038395
70.8 0.456357000000 -0.033952800000 0.536098000000 -0.616344147474 -0.710682282645 0.191972656158 0.279637415767
70.9 0.451039000000 -0.032853400000 0.539283000000 -0.616157570221 -0.712409906808 0.186766895192 0.279177542439
71.0 0.447209000000 -0.030999700000 0.541679000000 -0.614718073896 -0.714778597382 0.185702988040 0.276997556998
71.1 0.442757000000 -0.028894300000 0.545104000000 -0.614149045667 -0.716450479835 0.184419312531 0.274789331700
71.2 0.437604000000 -0.025896600000 0.549896000000 -0.613586566803 -0.717419055321 0.186014899254 0.272433260373
71.3 0.433163000000 -0.023937300000 0.554358000000 -0.612693004480 -0.718589764646 0.187532340000 0.270310291818
71.4 0.428327000000 -0.021643500000 0.557200000000 -0.611645240965 -0.719944727115 0.188727712854 0.268237841298
71.5 0.425030000000 -0.020854400000 0.557788000000 -0.610191959130 -0.721472294699 0.187692672874 0.268169650675
71.6 0.420742000000 -0.018986200000 0.558011000000 -0.608717946761 -0.723763725833 0.185937386906 0.266562973067
71.7 0.415365000000 -0.018033700000 0.558764000000 -0.608407113109 -0.725235627015 0.183123473425 0.265216635050
71.8 0.411008000000 -0.016771100000 0.560100000000 -0.607436051324 -0.726107801928 0.184249887166 0.264274256426
71.9 0.406510000000 -0.015955400000 0.560760000000 -0.607522593647 -0.726211161504 0.184880955996 0.263348968529
72.0 0.401963000000 -0.014496700000 0.560969000000 -0.605694074630 -0.728415239617 0.183640181557 0.262339875675
72.1 0.399087000000 -0.012487800000 0.560584000000 -0.604665580357 -0.730217035373 0.182621325520 0.260407504976
72.2 0.394581000000 -0.010981900000 0.561239000000 -0.602890322738 -0.732690466251 0.180487447617 0.259060264545
72.3 0.390135000000 -0.009117860000 0.561900000000 -0.599807260864 -0.735407261942 0.180541799686 0.258480303823
72.4 0.386647000000 -0.007609230000 0.562522000000 -0.598015685179 -0.737513542237 0.179953790711 0.257036278578
72.5 0.383339000000 -0.005613740000 0.563783000000 -0.596363955058 -0.739856026873 0.179474634079 0.254464041329
72.6 0.380843000000 -0.004120320000 0.565359000000 -0.594144359614 -0.742857043133 0.177531255730 0.252266816380
72.7 0.379845000000 -0.002556320000 0.565619000000 -0.592575676980 -0.745207007975 0.175114292556 0.250710125162
72.8 0.377708000000 -0.001449710000 0.565568000000 -0.588757356358 -0.750780799502 0.169609306340 0.246831216900
72.9 0.376800000000 -0.000079789200 0.564080000000 -0.585517391132 -0.756077745618 0.162428422335 0.243172438570
73.0 0.374842000000 0.000547690000 0.563687000000 -0.584532942750 -0.758000811486 0.160506071209 0.240819039387
73.1 0.370984000000 0.001448710000 0.564042000000 -0.585452509214 -0.757844010644 0.161622323453 0.238319196768
73.2 0.368009000000 0.003726130000 0.565455000000 -0.584799737493 -0.757953981728 0.164136415815 0.237853454073
73.3 0.366557000000 0.003345980000 0.564469000000 -0.582085116089 -0.760718779776 0.161638326407 0.237396097609
73.4 0.366709000000 0.002331360000 0.562098000000 -0.580750768601 -0.762689564226 0.159204365872 0.235981235013
73.5 0.367251000000 0.001898920000 0.557932000000 -0.577367828932 -0.769582553769 0.144403180839 0.231380216122
73.6 0.365131000000 0.000273160000 0.558391000000 -0.574332401506 -0.774961440054 0.137041025935 0.225381490411
73.7 0.363230000000 -0.001141740000 0.561173000000 -0.573440457753 -0.776127541177 0.137325608992 0.223458627837
73.8 0.361596000000 -0.002629270000 0.563631000000 -0.569603029358 -0.777959185630 0.141270576501 0.224442684565
73.9 0.361074000000 -0.004886040000 0.564195000000 -0.568492830266 -0.778322695766 0.141867213453 0.225617767339
74.0 0.360580000000 -0.006403560000 0.564201000000 -0.567290402957 -0.779385604888 0.139666203040 0.226347143419
74.1 0.359745000000 -0.008831010000 0.565408000000 -0.566676448439 -0.780016464612 0.138920454207 0.226170787506
74.2 0.358168000000 -0.010047500000 0.566197000000 -0.566558899558 -0.780740906731 0.136673049906 0.225333369294
74.3 0.355845000000 -0.011037700000 0.567479000000 -0.566472434756 -0.780881868635 0.137117860255 0.224791415089
74.4 0.352051000000 -0.011343500000 0.570289000000 -0.566605508562 -0.780335961233 0.138707688384 0.225375603065
74.5 0.348432000000 -0.011774300000 0.572258000000 -0.569026893597 -0.779167857695 0.137200685215 0.224236071753
74.6 0.344785000000 -0.012875800000 0.574724000000 -0.573267961429 -0.777330129497 0.134130053914 0.221654782967
74.7 0.341236000000 -0.014987000000 0.576325000000 -0.574735430992 -0.776469416017 0.133166278986 0.221452415869
74.8 0.339940000000 -0.018995900000 0.576530000000 -0.573927870739 -0.777471296255 0.132824922331 0.220233336932
74.9 0.337594000000 -0.021463400000 0.574973000000 -0.571887850922 -0.780113026641 0.128088991120 0.219000369829
75.0 0.334988000000 -0.024820500000 0.575269000000 -0.571666498672 -0.780438696417 0.127186160940 0.218944138758
75.1 0.334901000000 -0.028202800000 0.575326000000 -0.571048627483 -0.780734326857 0.127640171433 0.219238141191
75.2 0.336250000000 -0.030584100000 0.573852000000 -0.566640808991 -0.785083993146 0.120440996543 0.219215153774
75.3 0.334527000000 -0.031424000000 0.571951000000 -0.568801238841 -0.783367350786 0.117083070751 0.221567820224
75.4 0.331784000000 -0.032936700000 0.570636000000 -0.571082767208 -0.781983652627 0.114208106806 0.222086803667
75.5 0.330841000000 -0.036497100000 0.570151000000 -0.572662114754 -0.781122215629 0.113392320187 0.221468662115
75.6 0.330470000000 -0.040084000000 0.569923000000 -0.573840582935 -0.780387362211 0.112016640366 0.221708868923
75.7 0.329536000000 -0.044570200000 0.571512000000 -0.572721590909 -0.780749993791 0.109607983771 0.224511728862
75.8 0.331631000000 -0.047231700000 0.571036000000 -0.574054807848 -0.779250844111 0.108563185966 0.226811009856
75.9 0.332376000000 -0.050971900000 0.569647000000 -0.576216620070 -0.777488954606 0.107598580815 0.227833003814
76.0 0.333767000000 -0.055823500000 0.567149000000 -0.579885672242 -0.774641488085 0.103511032764 0.230105710842
76.1 0.335428000000 -0.063548000000 0.567060000000 -0.582910874399 -0.772211156472 0.100092097727 0.232134474606
76.2 0.337901000000 -0.070101400000 0.568949000000 -0.587547774397 -0.768801271264 0.099892979723 0.231848249306
76.3 0.342498000000 -0.076709000000 0.570331000000 -0.593322354692 -0.764182823646 0.099197444375 0.232708105783
76.4 0.345525000000 -0.081367700000 0.569646000000 -0.596593761558 -0.761067064437 0.095246557558 0.236179805177
76.5 0.347809000000 -0.085801200000 0.570486000000 -0.597037830538 -0.759744153536 0.094758611175 0.239489990778
76.6 0.351856000000 -0.090804100000 0.572138000000 -0.599978973540 -0.756209489119 0.092311304972 0.244235670715
76.7 0.356202000000 -0.094419600000 0.573288000000 -0.603615092395 -0.752442478806 0.091393982637 0.247237287354
76.8 0.359663000000 -0.096904500000 0.573287000000 -0.605152228868 -0.750659518240 0.090490229619 0.249223967379
76.9 0.362762000000 -0.100996000000 0.574535000000 -0.608144540364 -0.747485579651 0.090236453740 0.251560944216
77.0 0.365807000000 -0.103564000000 0.578216000000 -0.608584008084 -0.745933594222 0.092232996872 0.254365194953
77.1 0.369618000000 -0.106369000000 0.581561000000 -0.610116746553 -0.742969058454 0.094995789314 0.258322151135
77.2 0.371916000000 -0.107973000000 0.582616000000 -0.610904464005 -0.741155054831 0.095418655719 0.261496081610
77.3 0.374702000000 -0.111330000000 0.582268000000 -0.611607316538 -0.739596886172 0.094106055320 0.264720582265
77.4 0.377071000000 -0.115861000000 0.582615000000 -0.611866485650 -0.739417040891 0.092032327801 0.265352395917
77.5 0.377578000000 -0.120291000000 0.584322000000 -0.610983991883 -0.739884782013 0.092612082949 0.265879809501
77.6 0.379114000000 -0.124513000000 0.584573000000 -0.609889130734 -0.740490168555 0.095644257812 0.265634588171
77.7 0.378899000000 -0.127794000000 0.584041000000 -0.607365210409 -0.742678239389 0.095961193965 0.265194236694
