0.0 0.377072000000 0.001593370000 0.482610000000 -0.499413391759 -0.807630626025 0.171199385171 0.262697176528
0.1 0.377036000000 0.001227470000 0.482457000000 -0.500755973544 -0.806881035323 0.172300782837 0.261722926068
0.2 0.377156000000 0.001110190000 0.481539000000 -0.500281808112 -0.807459104134 0.171633848628 0.261284767310
0.3 0.378627000000 -0.001507380000 0.481506000000 -0.498782777873 -0.808606951760 0.173321532696 0.259480604991
0.4 0.381088000000 -0.004311440000 0.482988000000 -0.496471028862 -0.810071880971 0.176822896981 0.256970286734
0.5 0.382181000000 -0.005126570000 0.484502000000 -0.494272797406 -0.811041898649 0.177998540505 0.257336277967
0.6 0.383141000000 -0.004456940000 0.486165000000 -0.494574544627 -0.810175527801 0.179865579811 0.258185993344
0.7 0.384025000000 -0.002851930000 0.485619000000 -0.494450355358 -0.810080937911 0.180519876554 0.258264001147
0.8 0.384877000000 -0.002023900000 0.486124000000 -0.491878497669 -0.811437277903 0.180201032832 0.259138332415
0.9 0.386022000000 0.001969850000 0.486653000000 -0.493068973299 -0.810491512383 0.182100189801 0.258507285776
1.0 0.385917000000 0.006804020000 0.485589000000 -0.494492676881 -0.810056417036 0.181616653978 0.257489775967
1.1 0.386185000000 0.010194000000 0.485893000000 -0.495520663076 -0.809536399032 0.182076610561 0.256823283587
1.2 0.387692000000 0.014678800000 0.485546000000 -0.494214432957 -0.810100030641 0.182747632498 0.257086245117
1.3 0.389104000000 0.017163900000 0.485578000000 -0.493095084036 -0.810325413035 0.183336469617 0.258104052656
1.4 0.389927000000 0.019478400000 0.487089000000 -0.493675804128 -0.809974611358 0.185258528804 0.256718925831
1.5 0.390400000000 0.021282900000 0.488188000000 -0.492500984369 -0.810196424716 0.187219913460 0.256852560384
1.6 0.391622000000 0.023790200000 0.489522000000 -0.491528577640 -0.810100726203 0.189780466921 0.257137794080
1.7 0.392740000000 0.025240700000 0.489385000000 -0.491267043326 -0.809702509675 0.191262546988 0.257792893790
1.8 0.392398000000 0.026689900000 0.489239000000 -0.490476966858 -0.810141222724 0.191614970179 0.257657228559
1.9 0.393036000000 0.026806500000 0.489978000000 -0.488383574112 -0.811235778179 0.193580952937 0.256718545104
2.0 0.394461000000 0.026031900000 0.490684000000 -0.485428507464 -0.812945124484 0.197141167065 0.254194313404
2.1 0.395532000000 0.025635300000 0.490646000000 -0.483305595630 -0.813801122571 0.198228383954 0.254654554112
2.2 0.396670000000 0.024726200000 0.491025000000 -0.479623733629 -0.815404821708 0.199811117032 0.255248052658
2.3 0.398296000000 0.022325200000 0.492548000000 -0.478186712321 -0.815561153064 0.202828497751 0.255064843272
2.4 0.400151000000 0.022793300000 0.493106000000 -0.477286353780 -0.815764573578 0.204922566765 0.254426096582
2.5 0.401148000000 0.024670600000 0.493546000000 -0.477030403706 -0.815690210455 0.205276665945 0.254858715618
2.6 0.401514000000 0.028370100000 0.492653000000 -0.477247929005 -0.814964738245 0.204233412440 0.257595813087
2.7 0.401310000000 0.028923300000 0.493987000000 -0.478470070993 -0.814468838368 0.204156728836 0.256957063656
2.8 0.403576000000 0.031663000000 0.494499000000 -0.475060692059 -0.815520194991 0.205700792451 0.258710908945
2.9 0.403086000000 0.034173200000 0.492169000000 -0.475847279029 -0.815976446721 0.203851533130 0.257286528754
3.0 0.402266000000 0.034861200000 0.491597000000 -0.476337859827 -0.816238503678 0.203367291881 0.255927124396
3.1 0.400850000000 0.039236100000 0.488762000000 -0.473769376254 -0.818237441074 0.200926733427 0.256239177223
3.2 0.398025000000 0.041535100000 0.486902000000 -0.475159406513 -0.818023077015 0.198550384839 0.256202124413
3.3 0.396090000000 0.043211600000 0.486760000000 -0.475687843701 -0.818338248960 0.198128843423 0.254535944512
3.4 0.393696000000 0.044726300000 0.487612000000 -0.477219506644 -0.818074330237 0.199006299097 0.251818239223
3.5 0.392246000000 0.046360500000 0.486949000000 -0.476344786153 -0.818513229520 0.200687393468 0.250711603059
3.6 0.391059000000 0.046885100000 0.485579000000 -0.474542232514 -0.820181883125 0.200552001779 0.248777496442
3.7 0.389192000000 0.046922000000 0.485936000000 -0.474503246985 -0.820808728478 0.200193922865 0.247066981005
3.8 0.388127000000 0.046806600000 0.487894000000 -0.473249732307 -0.821291586047 0.202550290297 0.245943492413
3.9 0.387628000000 0.046028500000 0.490830000000 -0.473657914394 -0.821020320396 0.205392598066 0.243695905359
4.0 0.387208000000 0.046764300000 0.493363000000 -0.471757358302 -0.822343966230 0.207258162571 0.241328510834
4.1 0.387562000000 0.049904200000 0.495201000000 -0.467172236594 -0.824866622438 0.209544997689 0.239658195116
4.2 0.387060000000 0.052717100000 0.498173000000 -0.463008709077 -0.827324678873 0.212090630693 0.237011340276
4.3 0.386631000000 0.056124000000 0.499738000000 -0.458868425294 -0.829588010641 0.214724915863 0.234769485616
4.4 0.385024000000 0.059827200000 0.501284000000 -0.453668130218 -0.832263549673 0.217930961735 0.232440761113
4.5 0.381782000000 0.065021500000 0.501844000000 -0.448148009644 -0.834989962252 0.220573354794 0.230873384230
4.6 0.379315000000 0.068728800000 0.501658000000 -0.444901146567 -0.836566148943 0.222256284276 0.229830790640
4.7 0.376282000000 0.071906300000 0.501561000000 -0.440039861896 -0.838961584939 0.223866050506 0.228893797141
4.8 0.375028000000 0.075130400000 0.500033000000 -0.435434116090 -0.841507681352 0.224556493965 0.227675940292
4.9 0.374117000000 0.077168800000 0.499713000000 -0.431727551385 -0.843889346280 0.223411852353 0.227044570158
5.0 0.372576000000 0.079579900000 0.501511000000 -0.429705613100 -0.845368574997 0.222806070945 0.225970160038
5.1 0.374610000000 0.083183500000 0.502565000000 -0.428102939134 -0.845670099121 0.224102722157 0.226600809526
5.2 0.378063000000 0.085917700000 0.504010000000 -0.430114491437 -0.844186271905 0.224693193596 0.227736758857
5.3 0.381580000000 0.089794400000 0.505072000000 -0.433016753799 -0.842486515234 0.225078775471 0.228150186085
5.4 0.388552000000 0.093777900000 0.505646000000 -0.437825946055 -0.839819332362 0.223375149950 0.230467942103
5.5 0.397087000000 0.096962100000 0.503816000000 -0.443434814188 -0.837577444438 0.218446967438 0.232616664390
5.6 0.403474000000 0.099683400000 0.502698000000 -0.446806830956 -0.836490367896 0.214610294258 0.233644905415
5.7 0.411007000000 0.101729000000 0.502840000000 -0.451995707014 -0.833649227112 0.211259154154 0.236851043406
5.8 0.418768000000 0.104827000000 0.502727000000 -0.455331360953 -0.831074149573 0.213217748979 0.237754707973
5.9 0.423716000000 0.106465000000 0.502301000000 -0.455123428904 -0.830874974054 0.213485857327 0.238606853789
6.0 0.427413000000 0.106712000000 0.503195000000 -0.454658196872 -0.830830377615 0.214192375743 0.239015551424
6.1 0.430292000000 0.106006000000 0.504182000000 -0.455282299751 -0.828827459106 0.217226932639 0.242023821765
6.2 0.430409000000 0.106439000000 0.504528000000 -0.454470667774 -0.829017224989 0.217624273851 0.242541807190
6.3 0.432109000000 0.106939000000 0.506075000000 -0.455483172788 -0.827281973420 0.220913114250 0.243591895829
6.4 0.435165000000 0.108460000000 0.508052000000 -0.455645957900 -0.826166547297 0.224882849344 0.243440549722
6.5 0.438389000000 0.111072000000 0.510109000000 -0.455128415949 -0.825482025346 0.229281715459 0.242626144063
6.6 0.442712000000 0.113361000000 0.514429000000 -0.454394523890 -0.824600215072 0.233528680384 0.242949495576
6.7 0.445583000000 0.114722000000 0.520391000000 -0.455931678122 -0.822053023537 0.238136042881 0.244226035588
6.8 0.448594000000 0.116149000000 0.524132000000 -0.456603828681 -0.819796060572 0.242471345000 0.246282377684
6.9 0.455540000000 0.120260000000 0.525324000000 -0.451124742097 -0.820504671743 0.247491578019 0.249010982740
7.0 0.463375000000 0.126047000000 0.525070000000 -0.440960492130 -0.823755252637 0.249562306889 0.254361520505
7.1 0.471103000000 0.130804000000 0.524332000000 -0.432084473484 -0.827566066050 0.248984591323 0.257767506446
7.2 0.474982000000 0.134480000000 0.523757000000 -0.422333366039 -0.832303960979 0.247544834705 0.260050378349
7.3 0.477294000000 0.134946000000 0.525498000000 -0.412406666707 -0.835754035714 0.247295927229 0.265104993199
7.4 0.479273000000 0.134812000000 0.525114000000 -0.401797648770 -0.839821795151 0.246392452385 0.269348772486
7.5 0.478790000000 0.134751000000 0.524573000000 -0.393451307155 -0.844158478162 0.242727197482 0.271433307182
7.6 0.474538000000 0.135672000000 0.524390000000 -0.381143988953 -0.851024835253 0.237914108684 0.271814028994
7.7 0.468444000000 0.134719000000 0.525345000000 -0.370997965016 -0.857104991611 0.235994889320 0.268398873924
7.8 0.462462000000 0.133990000000 0.526335000000 -0.362978166632 -0.861807150115 0.234076732925 0.265976257703
7.9 0.454768000000 0.131401000000 0.527959000000 -0.352403624244 -0.867473194402 0.230429275766 0.264960924446
8.0 0.448965000000 0.129600000000 0.528724000000 -0.342557383822 -0.872140769250 0.228533149047 0.264192197439
8.1 0.444380000000 0.128349000000 0.529978000000 -0.336636182681 -0.874851093540 0.227989956250 0.263310129866
8.2 0.439324000000 0.126989000000 0.530790000000 -0.329371702041 -0.878289388458 0.225854606643 0.262891096606
8.3 0.434943000000 0.127416000000 0.530135000000 -0.323140971741 -0.882517480773 0.222830166765 0.259016457570
8.4 0.432309000000 0.127439000000 0.528494000000 -0.317831589190 -0.886284035488 0.218734931973 0.256200544274
8.5 0.428457000000 0.128950000000 0.525748000000 -0.308369121010 -0.892376868483 0.211640784442 0.252547397859
8.6 0.424173000000 0.126620000000 0.526010000000 -0.303430443007 -0.895692161929 0.207580521942 0.250151642462
8.7 0.421067000000 0.125326000000 0.526402000000 -0.297724616542 -0.898531808462 0.205816829843 0.248274192054
8.8 0.417418000000 0.122034000000 0.526731000000 -0.290253110863 -0.901689815747 0.203770680809 0.247358277516
8.9 0.410985000000 0.117080000000 0.527992000000 -0.278851333035 -0.906364677631 0.200849399271 0.245773318365
9.0 0.409023000000 0.115990000000 0.528164000000 -0.275454420376 -0.907894669727 0.199308374967 0.245210731097
9.1 0.405776000000 0.115240000000 0.529098000000 -0.272124147408 -0.910087493965 0.195975108133 0.243480920645
9.2 0.401531000000 0.115931000000 0.530244000000 -0.269430353816 -0.911619685908 0.193692158085 0.242569949918
9.3 0.398244000000 0.117118000000 0.529835000000 -0.267755706102 -0.912618932905 0.191548943880 0.242368659798
9.4 0.395997000000 0.117850000000 0.529098000000 -0.266364827170 -0.913962726322 0.188579667402 0.241163062645
9.5 0.393921000000 0.117722000000 0.529181000000 -0.266042193038 -0.914728056608 0.187627540059 0.239353379315
9.6 0.391400000000 0.119823000000 0.529397000000 -0.264531673255 -0.915680724396 0.187223046504 0.237695889051
9.7 0.389704000000 0.121695000000 0.528654000000 -0.264645961340 -0.915874483461 0.187281907389 0.236774012205
9.8 0.386950000000 0.125133000000 0.527096000000 -0.265068864178 -0.916114527959 0.185806370096 0.236534694574
9.9 0.383370000000 0.130428000000 0.526359000000 -0.266289090029 -0.915764812324 0.187746292790 0.234981400507
10.0 0.380260000000 0.135209000000 0.525774000000 -0.267385071997 -0.915294931008 0.190382924094 0.233441116255
10.1 0.376873000000 0.141226000000 0.523854000000 -0.269640707942 -0.914526893716 0.194006337420 0.230859243547
10.2 0.373744000000 0.145398000000 0.522230000000 -0.270249969809 -0.914654022054 0.196361945953 0.227628996262
10.3 0.371033000000 0.148906000000 0.520864000000 -0.270073002118 -0.915125537583 0.197189605040 0.225215638123
10.4 0.368652000000 0.152754000000 0.519264000000 -0.269711293185 -0.915699613107 0.197540230362 0.222997520775
10.5 0.366722000000 0.154978000000 0.518887000000 -0.268744870311 -0.916111461896 0.198626226571 0.221503061341
10.6 0.365412000000 0.158591000000 0.519698000000 -0.265829945101 -0.916432776703 0.202509386427 0.220171193575
10.7 0.365574000000 0.160876000000 0.519833000000 -0.265935109972 -0.915951754119 0.205617285021 0.219163029528
10.8 0.365499000000 0.164465000000 0.519840000000 -0.264597950472 -0.915968830148 0.209047990696 0.217457960051
10.9 0.364007000000 0.169268000000 0.519755000000 -0.263967442551 -0.915605602838 0.212355910749 0.216546845958
11.0 0.363827000000 0.173136000000 0.518019000000 -0.266029413536 -0.914308968794 0.215060435400 0.216832815417
11.1 0.361437000000 0.179332000000 0.514544000000 -0.269269479829 -0.913452010183 0.216207291507 0.215299278735
11.2 0.357828000000 0.184700000000 0.512573000000 -0.268960636889 -0.913671802724 0.217828730836 0.213107148482
11.3 0.355350000000 0.188078000000 0.512296000000 -0.269463051745 -0.912996271141 0.220163250775 0.212968578984
11.4 0.352078000000 0.193919000000 0.511920000000 -0.269377087153 -0.912166257722 0.224168526979 0.212455112207
11.5 0.349703000000 0.199101000000 0.509386000000 -0.271194863372 -0.911022465456 0.226420376072 0.212662236456
11.6 0.347334000000 0.203436000000 0.506911000000 -0.272034206306 -0.910797932719 0.226238942662 0.212745052062
11.7 0.344493000000 0.209864000000 0.504019000000 -0.274743777330 -0.909865277096 0.226577234825 0.212893849165
11.8 0.342740000000 0.215396000000 0.500885000000 -0.277546299084 -0.908680935117 0.228030785891 0.212765059879
11.9 0.340623000000 0.219984000000 0.498533000000 -0.278175587116 -0.908493654286 0.229376907904 0.211290929705
12.0 0.338520000000 0.225830000000 0.493882000000 -0.277326840662 -0.908550084875 0.230557488043 0.210878665185
12.1 0.337033000000 0.228635000000 0.490407000000 -0.277713344361 -0.909498174228 0.227972753528 0.209085611864
12.2 0.336796000000 0.230316000000 0.488966000000 -0.274868366549 -0.910486684651 0.228721551203 0.207720557863
12.3 0.337406000000 0.230936000000 0.488455000000 -0.272348147439 -0.910479802999 0.230773632855 0.208797857501
12.4 0.339123000000 0.232625000000 0.487256000000 -0.269779043495 -0.910525881007 0.234693600750 0.207559151750
12.5 0.341467000000 0.232884000000 0.487930000000 -0.269253508344 -0.909823907540 0.237858159747 0.207717359302
12.6 0.343007000000 0.235018000000 0.488575000000 -0.269397005808 -0.908548354173 0.242861595836 0.207324351340
12.7 0.347423000000 0.237818000000 0.487992000000 -0.274165163022 -0.905624942168 0.248740962884 0.206893356324
12.8 0.352292000000 0.242575000000 0.485757000000 -0.275446232643 -0.904106624285 0.253390709279 0.206188586728
12.9 0.355844000000 0.246341000000 0.484215000000 -0.276880585807 -0.902439744875 0.256890023760 0.207236974900
13.0 0.358862000000 0.251802000000 0.484398000000 -0.275631556474 -0.899931210399 0.265780264192 0.208595092924
13.1 0.362468000000 0.259130000000 0.482557000000 -0.274081702153 -0.897355882374 0.275726445671 0.208821857266
13.2 0.363744000000 0.263287000000 0.481059000000 -0.271320992267 -0.897004951317 0.279215561628 0.209298128547
13.3 0.366674000000 0.266976000000 0.478406000000 -0.270197654837 -0.895269820980 0.287167358633 0.207412832532
13.4 0.368569000000 0.271089000000 0.478088000000 -0.268467699696 -0.892165170556 0.298276315801 0.207358728051
13.5 0.370942000000 0.275699000000 0.477069000000 -0.270637261013 -0.889228942388 0.303920094019 0.208949604982
13.6 0.373066000000 0.283554000000 0.474420000000 -0.273098259076 -0.888193100716 0.304307215538 0.209588824371
13.7 0.375740000000 0.290061000000 0.472263000000 -0.275423623552 -0.888080129022 0.302479999554 0.209669649437
13.8 0.377429000000 0.293967000000 0.470965000000 -0.275525580600 -0.888262448486 0.301263751125 0.210512777054
13.9 0.380914000000 0.296865000000 0.468919000000 -0.276280515473 -0.888436628679 0.300124635962 0.210415390314
14.0 0.384247000000 0.297251000000 0.467050000000 -0.277121759648 -0.888627661990 0.299300048215 0.209675677688
14.1 0.387263000000 0.297182000000 0.465433000000 -0.276806131503 -0.887951760538 0.301365067657 0.209997934552
14.2 0.390840000000 0.296668000000 0.462769000000 -0.277460356557 -0.886511058909 0.304586464166 0.210572977417
14.3 0.393043000000 0.297928000000 0.458435000000 -0.279652930565 -0.885528873857 0.307047636353 0.208217676969
14.4 0.394478000000 0.298850000000 0.454192000000 -0.281116213236 -0.884855476540 0.308871080185 0.206405223090
14.5 0.394432000000 0.299061000000 0.451625000000 -0.282181149280 -0.883126944909 0.313055742609 0.206050237045
14.6 0.394617000000 0.298879000000 0.450066000000 -0.282032772092 -0.880973962869 0.319891201620 0.204968317892
14.7 0.396120000000 0.299687000000 0.448451000000 -0.279743966804 -0.880229099959 0.323555602777 0.205552466621
14.8 0.395989000000 0.301219000000 0.447325000000 -0.279165068772 -0.879847668416 0.325425702166 0.205019650594
14.9 0.397272000000 0.304053000000 0.443144000000 -0.279484750076 -0.878886173808 0.328853588524 0.203230620919
15.0 0.399139000000 0.306817000000 0.438360000000 -0.281098944019 -0.878818698538 0.329406617706 0.200380535438
15.1 0.400530000000 0.308199000000 0.434580000000 -0.283681924514 -0.878998611414 0.328149497865 0.197999782545
15.2 0.401502000000 0.309982000000 0.430134000000 -0.284634428268 -0.879498571852 0.326910135107 0.196456783846
15.3 0.401866000000 0.311866000000 0.424801000000 -0.284417482620 -0.880413598095 0.325375357072 0.195216466721
15.4 0.401310000000 0.312332000000 0.420123000000 -0.284683375942 -0.881236949493 0.324180426073 0.193090304422
15.5 0.400365000000 0.312521000000 0.413177000000 -0.286728711429 -0.882140610925 0.322958398788 0.187916101629
15.6 0.398837000000 0.310259000000 0.408247000000 -0.289388946429 -0.883417588559 0.319503570688 0.183697768702
15.7 0.396277000000 0.308447000000 0.406975000000 -0.288279765570 -0.883904177478 0.320282575885 0.181734018236
15.8 0.393601000000 0.305480000000 0.406937000000 -0.287291121176 -0.882658885682 0.325254029347 0.180518474438
15.9 0.391952000000 0.302856000000 0.405439000000 -0.289212043907 -0.879705809405 0.331669693307 0.180192389129
16.0 0.390739000000 0.300539000000 0.402269000000 -0.293063688504 -0.875975069254 0.338183520455 0.180036826841
16.1 0.390320000000 0.299482000000 0.399484000000 -0.296577432638 -0.873797285790 0.341332971908 0.178918786280
16.2 0.388939000000 0.296876000000 0.397547000000 -0.302028223443 -0.871720701910 0.342289991865 0.178099779824
16.3 0.387903000000 0.294143000000 0.395279000000 -0.306543143064 -0.869594591839 0.343724397411 0.178017094431
16.4 0.386547000000 0.292410000000 0.393535000000 -0.308627979886 -0.868502916542 0.345061948487 0.177154468459
16.5 0.382999000000 0.289987000000 0.392826000000 -0.308081770457 -0.866747462058 0.349703431102 0.177600591227
16.6 0.380405000000 0.286239000000 0.393089000000 -0.305308358227 -0.863516082351 0.358731019064 0.180107850687
16.7 0.379513000000 0.284741000000 0.391523000000 -0.304144026148 -0.860566623187 0.365896946005 0.181771624074
16.8 0.378976000000 0.283089000000 0.388208000000 -0.305546151515 -0.859023200357 0.368196892304 0.182076190204
16.9 0.377940000000 0.282814000000 0.384609000000 -0.307067214094 -0.859170044915 0.366658157520 0.181929534364
17.0 0.377177000000 0.282738000000 0.381579000000 -0.308163380026 -0.859363301080 0.365028641747 0.182439410963
17.1 0.376513000000 0.282667000000 0.377742000000 -0.311237590395 -0.859546545925 0.362058131197 0.182276732877
17.2 0.375502000000 0.282281000000 0.374983000000 -0.315397081281 -0.859264387849 0.359207615651 0.182096902094
17.3 0.374319000000 0.281890000000 0.373926000000 -0.318928036654 -0.857964422874 0.358638151127 0.183195614236
17.4 0.373848000000 0.280767000000 0.372234000000 -0.326194276900 -0.854562897189 0.359352637433 0.184892483450
17.5 0.373130000000 0.279922000000 0.369080000000 -0.332103477447 -0.851918284530 0.360057791893 0.185205030300
17.6 0.372206000000 0.278498000000 0.366142000000 -0.337084977426 -0.850382167589 0.359295351979 0.184745059707
17.7 0.371792000000 0.274400000000 0.363422000000 -0.342931648005 -0.848717975777 0.358420549076 0.183331373171
17.8 0.371229000000 0.271008000000 0.361636000000 -0.347150853582 -0.846871780493 0.359641779235 0.181527581623
17.9 0.370091000000 0.267889000000 0.361335000000 -0.349323259275 -0.845840503917 0.360021183016 0.181416234783
18.0 0.368563000000 0.264014000000 0.362092000000 -0.353964809570 -0.842325898571 0.363474202955 0.181885947697
18.1 0.367182000000 0.259961000000 0.363891000000 -0.359119462375 -0.838098626057 0.367838614699 0.182533992128
18.2 0.367202000000 0.256958000000 0.364133000000 -0.362439654513 -0.834153047825 0.373177557630 0.183206714183
18.3 0.368163000000 0.254766000000 0.363207000000 -0.364165759335 -0.832040662153 0.375875423397 0.183873060391
18.4 0.369146000000 0.251913000000 0.362136000000 -0.366936178747 -0.830500937068 0.376817848814 0.183396682278
18.5 0.370765000000 0.248480000000 0.360875000000 -0.370577894057 -0.829220412042 0.375645535950 0.184271441112
18.6 0.371496000000 0.246154000000 0.360351000000 -0.372785663848 -0.828773807399 0.374209007568 0.184749678357
18.7 0.370954000000 0.243988000000 0.360015000000 -0.376910768489 -0.827700512324 0.372226102814 0.185196822000
18.8 0.370771000000 0.239805000000 0.358790000000 -0.384654329828 -0.823605293145 0.372813656486 0.186347377725
18.9 0.369865000000 0.236807000000 0.357948000000 -0.392156490896 -0.820168711666 0.373210695469 0.185068494996
19.0 0.369789000000 0.231963000000 0.356205000000 -0.398474359629 -0.817336685264 0.372950894529 0.184625453039
19.1 0.369734000000 0.226391000000 0.355279000000 -0.402378864620 -0.816411976416 0.370411746102 0.185358766777
19.2 0.369109000000 0.223402000000 0.354043000000 -0.404821671827 -0.815546335063 0.369200947125 0.186263925728
19.3 0.368331000000 0.219208000000 0.352375000000 -0.408928261933 -0.813835821076 0.367113394838 0.188882736788
19.4 0.367466000000 0.215136000000 0.351331000000 -0.414670924827 -0.811786589892 0.365379274540 0.188543210729
19.5 0.366804000000 0.211411000000 0.350893000000 -0.419826121415 -0.809355955403 0.364179748995 0.189900172864
19.6 0.366758000000 0.207559000000 0.349695000000 -0.426661181278 -0.805736394278 0.363765981312 0.190849181727
19.7 0.366791000000 0.203566000000 0.349189000000 -0.432042866020 -0.803650401357 0.361658517593 0.191541407987
19.8 0.366399000000 0.200049000000 0.348523000000 -0.434680323588 -0.802604133001 0.359683390114 0.193668481822
19.9 0.366150000000 0.198127000000 0.347859000000 -0.436441703963 -0.802142665829 0.357935447649 0.194853786246
20.0 0.366458000000 0.195433000000 0.348426000000 -0.440185684094 -0.800683154036 0.356419718455 0.195212793276
20.1 0.367199000000 0.193311000000 0.348495000000 -0.443139383894 -0.799022870689 0.355988827556 0.196117039578
20.2 0.368164000000 0.191317000000 0.347932000000 -0.445200239933 -0.798215093431 0.355000252350 0.196530485711
20.3 0.369561000000 0.188925000000 0.346648000000 -0.449002302794 -0.796972326548 0.352956698007 0.196605218992
20.4 0.369424000000 0.187908000000 0.346672000000 -0.453708160412 -0.795596674898 0.351378097176 0.194186170700
20.5 0.369617000000 0.185652000000 0.347849000000 -0.457697701213 -0.794073813002 0.349645777151 0.194183996070
20.6 0.369526000000 0.184967000000 0.347808000000 -0.462046905176 -0.791607734899 0.349132157268 0.194875827712
20.7 0.369469000000 0.183650000000 0.346248000000 -0.469595202399 -0.787917915840 0.347656321303 0.194424242420
20.8 0.368066000000 0.183747000000 0.346549000000 -0.472024191403 -0.786747289048 0.347626371861 0.193333317078
20.9 0.367926000000 0.184406000000 0.346048000000 -0.470491285664 -0.786559361576 0.349746170456 0.194010146857
21.0 0.369267000000 0.184416000000 0.346778000000 -0.469658672527 -0.786898513058 0.350867916548 0.192621822764
21.1 0.369674000000 0.184485000000 0.346735000000 -0.469545123213 -0.786667696280 0.351926024234 0.191909839151
21.2 0.368891000000 0.186164000000 0.346123000000 -0.468373443259 -0.786938588055 0.353714384475 0.190368354760
21.3 0.369023000000 0.185024000000 0.344760000000 -0.469511217909 -0.786100330168 0.353595439685 0.191247881560
21.4 0.367408000000 0.186320000000 0.342991000000 -0.468933187628 -0.786240627587 0.354326475514 0.190735654302
21.5 0.367241000000 0.186227000000 0.341069000000 -0.469235447892 -0.785809456914 0.354506115035 0.191434078129
21.6 0.367384000000 0.185898000000 0.338818000000 -0.468768458213 -0.786106072384 0.354324337813 0.191696737527
21.7 0.368498000000 0.185048000000 0.337920000000 -0.470112371292 -0.785818396046 0.353863611890 0.190432011422
21.8 0.370810000000 0.181956000000 0.338116000000 -0.471245466060 -0.785350757966 0.353897257410 0.189495722585
21.9 0.372507000000 0.180831000000 0.339210000000 -0.469437878318 -0.785826022152 0.355230279593 0.189517782198
22.0 0.375396000000 0.179842000000 0.339662000000 -0.469514314038 -0.784691158011 0.356702031365 0.191258349552
22.1 0.377019000000 0.180975000000 0.338764000000 -0.469270655162 -0.785146372404 0.355543563213 0.192143177766
22.2 0.382346000000 0.178125000000 0.339118000000 -0.473514470871 -0.783592354280 0.351901450603 0.194762515011
22.3 0.385398000000 0.177987000000 0.341133000000 -0.474374899590 -0.783098947702 0.351032651923 0.196215621273
22.4 0.388037000000 0.176664000000 0.343495000000 -0.478559581778 -0.779895042024 0.351112925711 0.198655892220
22.5 0.391918000000 0.175576000000 0.347163000000 -0.485491798367 -0.774778870233 0.351294859220 0.201512624529
22.6 0.396576000000 0.176051000000 0.348644000000 -0.490799582972 -0.770341942565 0.352246122719 0.203989533821
22.7 0.400654000000 0.176484000000 0.348711000000 -0.497527227362 -0.765701222403 0.351625072194 0.206223433801
22.8 0.404432000000 0.178199000000 0.350577000000 -0.506326448913 -0.759796311266 0.350412018425 0.208697172622
22.9 0.407860000000 0.179596000000 0.352949000000 -0.513320067793 -0.754276122841 0.351029301557 0.210590759441
23.0 0.411147000000 0.178981000000 0.354174000000 -0.519267319567 -0.749686588121 0.351295473825 0.211950372710
23.1 0.416579000000 0.176970000000 0.354975000000 -0.524370555922 -0.745171039401 0.352284648807 0.213661340291
23.2 0.422131000000 0.174506000000 0.356375000000 -0.529514275585 -0.741682885562 0.351413713840 0.214544939212
23.3 0.427705000000 0.172223000000 0.358616000000 -0.533603554570 -0.738461082489 0.351591009544 0.215235308921
23.4 0.432487000000 0.169536000000 0.360096000000 -0.537328301131 -0.735165402874 0.352561050211 0.215663703700
23.5 0.439004000000 0.164104000000 0.361977000000 -0.543093326344 -0.729974588285 0.353641330303 0.217081894318
23.6 0.444595000000 0.158779000000 0.363795000000 -0.549792451070 -0.725024259017 0.353447671170 0.217123992980
23.7 0.448914000000 0.154270000000 0.365325000000 -0.554980852939 -0.721027218423 0.352893892672 0.218132766174
23.8 0.454053000000 0.148435000000 0.367702000000 -0.560065911653 -0.716782577067 0.352024244438 0.220517217346
23.9 0.459203000000 0.144217000000 0.370052000000 -0.564639182952 -0.712490702753 0.351800436527 0.223105455838
24.0 0.463175000000 0.139812000000 0.371710000000 -0.568746190489 -0.709087536177 0.350988192932 0.224788623520
24.1 0.468424000000 0.134621000000 0.372490000000 -0.570818676482 -0.706915845559 0.350772883569 0.226703352489
24.2 0.474394000000 0.127596000000 0.372525000000 -0.573363757402 -0.705466972930 0.348755281023 0.227903720377
24.3 0.478645000000 0.122696000000 0.372489000000 -0.575780410886 -0.704006550965 0.347047883137 0.228931128180
24.4 0.482907000000 0.116807000000 0.372893000000 -0.581563834737 -0.700664338243 0.343040047911 0.230600339917
24.5 0.484428000000 0.112998000000 0.374372000000 -0.589512613650 -0.694091755345 0.341075858420 0.233192564876
24.6 0.484930000000 0.111293000000 0.376338000000 -0.596864818184 -0.686879200327 0.341296159379 0.235512811893
24.7 0.486190000000 0.110575000000 0.377359000000 -0.599941552983 -0.683492960852 0.339982973509 0.239414041347
24.8 0.487572000000 0.109343000000 0.378178000000 -0.601357957229 -0.681032745189 0.339345363611 0.243737012894
24.9 0.489041000000 0.108522000000 0.378959000000 -0.603152982155 -0.678805151240 0.338970644412 0.246026317687
25.0 0.491101000000 0.106706000000 0.380786000000 -0.607352956854 -0.675033242662 0.337901011815 0.247538710742
25.1 0.493414000000 0.104426000000 0.381818000000 -0.612527771490 -0.670041567207 0.337379076041 0.249056994316
25.2 0.496984000000 0.101366000000 0.382545000000 -0.617528578116 -0.665766376775 0.336166245465 0.249811613373
25.3 0.500340000000 0.098005900000 0.382937000000 -0.622955678568 -0.661895139689 0.333929811095 0.249623572320
25.4 0.505670000000 0.094528700000 0.382429000000 -0.624493074344 -0.661744566709 0.331377473447 0.249582648875
25.5 0.510329000000 0.091076300000 0.382604000000 -0.626828667288 -0.660009990642 0.330160932909 0.249932775963
25.6 0.512670000000 0.090014600000 0.382745000000 -0.629103941252 -0.658423211520 0.329208529579 0.249657464711
25.7 0.514023000000 0.090112600000 0.382531000000 -0.630099049478 -0.658183940086 0.327729886066 0.249724269225
25.8 0.513205000000 0.088160000000 0.382107000000 -0.631148630599 -0.657774689438 0.326873395924 0.249274240676
25.9 0.512190000000 0.085813600000 0.381540000000 -0.629923946812 -0.659109730734 0.326989182841 0.248693100806
26.0 0.510732000000 0.081375600000 0.380274000000 -0.627973875778 -0.661908439374 0.326350624659 0.247024895528
26.1 0.508137000000 0.075492000000 0.380326000000 -0.628299516171 -0.663621603285 0.324852637931 0.243550506593
26.2 0.505657000000 0.070460000000 0.381913000000 -0.628635825183 -0.664304877351 0.324031771251 0.241907917281
26.3 0.502055000000 0.063913600000 0.385703000000 -0.628053034659 -0.664871075087 0.324788486100 0.240849078191
26.4 0.500698000000 0.058046500000 0.388563000000 -0.624284416328 -0.667814808676 0.325558691961 0.241461978232
26.5 0.499552000000 0.053910200000 0.392641000000 -0.625391192678 -0.667255450503 0.325728647513 0.239910125013
26.6 0.500957000000 0.048784300000 0.395486000000 -0.623014235678 -0.670422808206 0.324913330136 0.238364947676
26.7 0.501643000000 0.043586700000 0.399391000000 -0.624367490124 -0.672284480031 0.319593580243 0.236767309090
26.8 0.501850000000 0.041811600000 0.401107000000 -0.624381287200 -0.672042160380 0.319191558405 0.237958172602
26.9 0.501554000000 0.038588400000 0.401706000000 -0.627624980290 -0.670775224333 0.314628804689 0.239073624218
27.0 0.498196000000 0.035708000000 0.403442000000 -0.636109514787 -0.665617233248 0.310179455991 0.236869350237
27.1 0.492846000000 0.033693900000 0.407335000000 -0.640923229510 -0.663106209639 0.306490440829 0.235735398896
27.2 0.487704000000 0.030819900000 0.411047000000 -0.644648342755 -0.659790907771 0.305211360766 0.236538575004
27.3 0.481578000000 0.027960100000 0.413636000000 -0.648568710950 -0.657464272528 0.302629113543 0.235616164898
27.4 0.475536000000 0.022914200000 0.414809000000 -0.652652014102 -0.655139882545 0.301660454949 0.232030284030
27.5 0.471614000000 0.018030300000 0.414392000000 -0.653855405290 -0.655515552326 0.299408979514 0.230492369979
27.6 0.465275000000 0.012022300000 0.415012000000 -0.656644250317 -0.654604412715 0.295822332420 0.229783678751
27.7 0.458111000000 0.007062080000 0.416065000000 -0.659526865373 -0.653368781393 0.293252156993 0.228334670542
27.8 0.453020000000 0.002044950000 0.416781000000 -0.661032293908 -0.653137974730 0.291563105759 0.226799576138
27.9 0.446699000000 -0.005479660000 0.416929000000 -0.663225312909 -0.653501788358 0.286450365149 0.225862314776
28.0 0.440118000000 -0.012742400000 0.418242000000 -0.667507141722 -0.651844883656 0.281854975592 0.223808480926
28.1 0.435946000000 -0.018458500000 0.418205000000 -0.669939305511 -0.652002521536 0.276652911194 0.222569552206
28.2 0.428968000000 -0.026841100000 0.419266000000 -0.674268122769 -0.650111503169 0.271766007747 0.221044721943
28.3 0.423699000000 -0.034288400000 0.418785000000 -0.674734633345 -0.649974678256 0.269739630390 0.222500840420
28.4 0.420042000000 -0.037178600000 0.418790000000 -0.674572779259 -0.650610861371 0.268293945818 0.222879858188
28.5 0.415839000000 -0.044100500000 0.419329000000 -0.677176845883 -0.648958078187 0.265623711082 0.222999946788
28.6 0.412248000000 -0.048863700000 0.421696000000 -0.676514136010 -0.648879740312 0.265542115362 0.225324413593
28.7 0.410156000000 -0.051091200000 0.423755000000 -0.676042564220 -0.648404072409 0.265277022483 0.228400331848
28.8 0.408528000000 -0.052388600000 0.426614000000 -0.675413679096 -0.648168518164 0.263716390043 0.232696368200
28.9 0.408505000000 -0.053021600000 0.430885000000 -0.678089751923 -0.645673387252 0.262461580455 0.233268266415
29.0 0.406568000000 -0.050544200000 0.437111000000 -0.684825092302 -0.638547625691 0.264491650791 0.230901904150
29.1 0.404529000000 -0.047104700000 0.441580000000 -0.689128921662 -0.633329407966 0.266480716482 0.230180837773
29.2 0.402067000000 -0.040338000000 0.447632000000 -0.690788691281 -0.630434394127 0.268909609492 0.230328201968
29.3 0.400425000000 -0.035803900000 0.452599000000 -0.692181528561 -0.627534635717 0.271339487406 0.231213959503
29.4 0.400311000000 -0.033944600000 0.454128000000 -0.693519754620 -0.625854547196 0.271795484953 0.231222079536
29.5 0.400784000000 -0.031587900000 0.455164000000 -0.696498369185 -0.624132908627 0.270112753088 0.228882578435
29.6 0.401346000000 -0.030787300000 0.454465000000 -0.700623492816 -0.622103471141 0.266555452243 0.225969430207
29.7 0.400762000000 -0.029508400000 0.454039000000 -0.703015870805 -0.621184788852 0.262976680010 0.225258538721
29.8 0.397643000000 -0.027827600000 0.453995000000 -0.707577404466 -0.617878086994 0.260192398999 0.223295324190
29.9 0.394079000000 -0.027266600000 0.454860000000 -0.712131330890 -0.614258102065 0.256999058805 0.222502663773
30.0 0.391130000000 -0.027899800000 0.455322000000 -0.715502556688 -0.612187809608 0.254770461507 0.219941331005
30.1 0.388090000000 -0.030214200000 0.454608000000 -0.720187850602 -0.609227832158 0.250818396438 0.217396044991
30.2 0.384807000000 -0.032914600000 0.453364000000 -0.722675274883 -0.608960682524 0.246001568140 0.215384685355
30.3 0.381475000000 -0.034865600000 0.452930000000 -0.725904245127 -0.606427191759 0.243378573151 0.214653111167
30.4 0.378633000000 -0.036267800000 0.450778000000 -0.729905494618 -0.603030732496 0.240746762588 0.213618587427
30.5 0.376524000000 -0.037602800000 0.449613000000 -0.736503266036 -0.598052677459 0.237492459855 0.208550391067
30.6 0.372853000000 -0.038796300000 0.450271000000 -0.741357736723 -0.593860895686 0.235561953443 0.205495763623
30.7 0.370512000000 -0.038149600000 0.450987000000 -0.744585660493 -0.590260420384 0.234662788430 0.205227205903
30.8 0.367871000000 -0.034847700000 0.452485000000 -0.744073053106 -0.590125964530 0.234143020186 0.208047311270
30.9 0.365890000000 -0.033634100000 0.453004000000 -0.743319361379 -0.591121095814 0.231071139968 0.211325117664
31.0 0.365386000000 -0.033278700000 0.454682000000 -0.742435571924 -0.591391250927 0.232161440293 0.212477941232
31.1 0.366956000000 -0.032699200000 0.455069000000 -0.741522086695 -0.591884274511 0.231957828723 0.214507729986
31.2 0.368031000000 -0.031995500000 0.455257000000 -0.739575276669 -0.594790781698 0.230478318969 0.214783799744
31.3 0.369979000000 -0.032096800000 0.455403000000 -0.738739299850 -0.595530595580 0.228712279185 0.217481608271
31.4 0.372294000000 -0.031355800000 0.457580000000 -0.740519903716 -0.592882515328 0.228620692640 0.218753683661
31.5 0.374967000000 -0.029758900000 0.460048000000 -0.744476513533 -0.587034311071 0.230681040648 0.218933085461
31.6 0.377082000000 -0.029858900000 0.461512000000 -0.746796282341 -0.583302390327 0.232121131325 0.219484428862
31.7 0.381573000000 -0.029825200000 0.461516000000 -0.748171113337 -0.580959494474 0.232024764183 0.221112097713
31.8 0.385803000000 -0.029852300000 0.459764000000 -0.750598713188 -0.577972258885 0.229261150908 0.223582120046
31.9 0.387542000000 -0.029307600000 0.460310000000 -0.753087738072 -0.574686201757 0.228016082615 0.224951760039
32.0 0.390172000000 -0.030275300000 0.460898000000 -0.755328428906 -0.570741686174 0.227949253087 0.227534679044
32.1 0.391834000000 -0.032534400000 0.461238000000 -0.756896253390 -0.568483447154 0.228807975662 0.227115702209
32.2 0.391869000000 -0.035700000000 0.460319000000 -0.756914085429 -0.568829420595 0.228196094683 0.226805423031
32.3 0.389674000000 -0.040753700000 0.461065000000 -0.757027588122 -0.569207666865 0.226676156251 0.227001724644
32.4 0.389059000000 -0.044450900000 0.461355000000 -0.755407559735 -0.570109231525 0.226955704904 0.229839054200
32.5 0.388195000000 -0.047993100000 0.461597000000 -0.755144942675 -0.569932870324 0.226190307790 0.231884849740
32.6 0.388012000000 -0.051067600000 0.461847000000 -0.755905433572 -0.568500259212 0.226815850497 0.232312291399
32.7 0.387910000000 -0.055398600000 0.462246000000 -0.755842795188 -0.568473296295 0.227660178061 0.231755525688
32.8 0.387383000000 -0.060283800000 0.463658000000 -0.756032555809 -0.567429126169 0.229582669357 0.231798963033
32.9 0.387573000000 -0.064875400000 0.464615000000 -0.755796497272 -0.567112712727 0.230878921589 0.232055487634
33.0 0.387713000000 -0.071924000000 0.466177000000 -0.756481771608 -0.565295183722 0.231925552725 0.233210682600
33.1 0.388667000000 -0.078632300000 0.466485000000 -0.756326216086 -0.564433173881 0.230722948588 0.236965752965
33.2 0.389851000000 -0.082442000000 0.466470000000 -0.755686404756 -0.564962805839 0.230775969575 0.237692106627
33.3 0.390590000000 -0.087777300000 0.466002000000 -0.755142438149 -0.565199973335 0.229290254207 0.240280809835
33.4 0.392566000000 -0.089991800000 0.466007000000 -0.754039089500 -0.565784385685 0.229415531960 0.242242841209
33.5 0.394114000000 -0.089894900000 0.465996000000 -0.752212266962 -0.567328235128 0.230792685689 0.243002294828
33.6 0.394756000000 -0.089411300000 0.467746000000 -0.752622889698 -0.567420199157 0.229561053098 0.242682563016
33.7 0.395738000000 -0.088661800000 0.470803000000 -0.754231073969 -0.565051750175 0.229818325229 0.242972311330
33.8 0.396600000000 -0.089080600000 0.472764000000 -0.754541278190 -0.563855458058 0.229152823740 0.245404696976
33.9 0.399890000000 -0.089931200000 0.472118000000 -0.753408959160 -0.565406125159 0.227994415202 0.246392776939
34.0 0.402855000000 -0.093003900000 0.469131000000 -0.754424295887 -0.566797139085 0.226170358423 0.241727023461
34.1 0.403197000000 -0.096361200000 0.469484000000 -0.756317145110 -0.565967843378 0.225804938676 0.238069120099
34.2 0.404446000000 -0.100050000000 0.471427000000 -0.756960075926 -0.565622284732 0.227059174788 0.235641689038
34.3 0.405549000000 -0.104363000000 0.473506000000 -0.757259354678 -0.565013081878 0.229599142311 0.233672251046
34.4 0.406190000000 -0.108533000000 0.475430000000 -0.758566041440 -0.563470533580 0.232395157544 0.230371459413
34.5 0.406424000000 -0.111016000000 0.476951000000 -0.760249986963 -0.560841306942 0.233754110735 0.229860830643
34.6 0.406337000000 -0.110995000000 0.479744000000 -0.763194242337 -0.555824106044 0.236334893141 0.229651757858
34.7 0.405682000000 -0.111327000000 0.481791000000 -0.765815427032 -0.551744668273 0.236956240889 0.230122342800
34.8 0.405032000000 -0.110084000000 0.484180000000 -0.769117469499 -0.546413940867 0.239679528226 0.229006216264
34.9 0.404636000000 -0.109479000000 0.486208000000 -0.772736728239 -0.540544709919 0.242935005389 0.227314646615
35.0 0.406642000000 -0.109610000000 0.486947000000 -0.773921344604 -0.537099832396 0.247074263696 0.226988613427
35.1 0.408801000000 -0.111409000000 0.485820000000 -0.775024231926 -0.535258792543 0.248389903201 0.226136951692
35.2 0.410914000000 -0.113200000000 0.484871000000 -0.776452527859 -0.533679188519 0.248254089929 0.225117530542
35.3 0.411783000000 -0.114853000000 0.485274000000 -0.776203528999 -0.532873752175 0.249035219920 0.227013446853
35.4 0.412413000000 -0.116823000000 0.485370000000 -0.776318835661 -0.531241890083 0.249051615507 0.230400547813
35.5 0.413477000000 -0.121867000000 0.484998000000 -0.779746222072 -0.524796274542 0.247949348440 0.234746288576
35.6 0.415212000000 -0.124637000000 0.484590000000 -0.780797270437 -0.522294433809 0.249699120177 0.234977650582
35.7 0.416242000000 -0.127337000000 0.484291000000 -0.781447679626 -0.521384602035 0.249927044062 0.234593464135
35.8 0.417355000000 -0.130935000000 0.485127000000 -0.782598484764 -0.519493971188 0.250336650243 0.234514790768
35.9 0.418869000000 -0.134397000000 0.485670000000 -0.783658904420 -0.517310245622 0.250383945523 0.235747133860
36.0 0.419477000000 -0.137523000000 0.485969000000 -0.785141886042 -0.514651160311 0.250791272032 0.236199364615
36.1 0.421353000000 -0.141890000000 0.484989000000 -0.787107308066 -0.511012250967 0.251123747279 0.237203348424
36.2 0.422782000000 -0.145090000000 0.483900000000 -0.789040383328 -0.508689700390 0.250298205600 0.236645030515
36.3 0.423433000000 -0.148549000000 0.482487000000 -0.791647158091 -0.505301577348 0.248101570580 0.237509376008
36.4 0.422725000000 -0.150912000000 0.482371000000 -0.794277928604 -0.500947642074 0.248085027357 0.237966071602
36.5 0.422058000000 -0.155028000000 0.481675000000 -0.797923434417 -0.494486958442 0.248433368064 0.238917773244
36.6 0.421137000000 -0.159653000000 0.479853000000 -0.799471921135 -0.493413484723 0.247724792927 0.236685883354
36.7 0.420152000000 -0.163623000000 0.478773000000 -0.803175788714 -0.489107310950 0.246841286982 0.233991602073
36.8 0.418917000000 -0.169200000000 0.478353000000 -0.806377480658 -0.485862375149 0.247161281606 0.229356517189
36.9 0.418591000000 -0.174526000000 0.477162000000 -0.808992427408 -0.482160045743 0.247896691862 0.227156714297
37.0 0.418189000000 -0.178093000000 0.476653000000 -0.811977135936 -0.478942971166 0.247537748320 0.223677947606
37.1 0.419294000000 -0.181539000000 0.474867000000 -0.814434395152 -0.476807098822 0.247757366582 0.219015738726
37.2 0.419564000000 -0.184927000000 0.473544000000 -0.814670679940 -0.477670249029 0.247935775442 0.216033950330
37.3 0.420355000000 -0.186326000000 0.472925000000 -0.813323108920 -0.479177807280 0.249599475260 0.215857016234
37.4 0.421444000000 -0.187307000000 0.474055000000 -0.809687243501 -0.481819366962 0.254093529703 0.218387599223
37.5 0.422600000000 -0.188327000000 0.476289000000 -0.806611188414 -0.484488080196 0.257338962117 0.220059876966
37.6 0.423820000000 -0.189656000000 0.477963000000 -0.804491190961 -0.486553227278 0.259325308507 0.220930452990
37.7 0.425641000000 -0.191857000000 0.479846000000 -0.802487492639 -0.487975729292 0.262081618537 0.221825915989
37.8 0.426749000000 -0.193625000000 0.482026000000 -0.800888551025 -0.488621966990 0.265345921595 0.222300796456
37.9 0.427667000000 -0.194866000000 0.483426000000 -0.799488909058 -0.489144671699 0.267988001969 0.223018845038
38.0 0.428502000000 -0.197594000000 0.485001000000 -0.797266304809 -0.490586466870 0.271108702751 0.224034437157
38.1 0.428835000000 -0.200518000000 0.486273000000 -0.794885462217 -0.492406313585 0.273529912387 0.225553788102
38.2 0.429256000000 -0.202507000000 0.487379000000 -0.791499499945 -0.494633265681 0.276039937958 0.229496027679
38.3 0.428718000000 -0.203278000000 0.488958000000 -0.789813280410 -0.494555688744 0.277839967065 0.233269384018
38.4 0.429261000000 -0.204387000000 0.488984000000 -0.785788613673 -0.497767756606 0.278465856590 0.239207612376
38.5 0.428209000000 -0.204538000000 0.489642000000 -0.783756090843 -0.499066627635 0.277788588013 0.243910622191
38.6 0.426867000000 -0.203681000000 0.490218000000 -0.782911189330 -0.498894158934 0.277658346402 0.247104290690
38.7 0.423549000000 -0.203375000000 0.491677000000 -0.781901778986 -0.498299403741 0.276728461410 0.252484991427
38.8 0.421043000000 -0.200156000000 0.492912000000 -0.781494936623 -0.497589499742 0.275362660902 0.256604284376
38.9 0.418581000000 -0.196995000000 0.494233000000 -0.781994988116 -0.496455161634 0.273758763650 0.258983108280
39.0 0.415992000000 -0.191660000000 0.495526000000 -0.782521704896 -0.495577145033 0.271973055310 0.260947756980
39.1 0.414426000000 -0.188249000000 0.495727000000 -0.782920397527 -0.494941693432 0.270713334923 0.262264487747
39.2 0.413603000000 -0.186724000000 0.495113000000 -0.783690907760 -0.493993088316 0.269689647948 0.262805790614
39.3 0.412927000000 -0.185625000000 0.494826000000 -0.783971891131 -0.493441413753 0.268175637680 0.264547675222
39.4 0.412433000000 -0.184245000000 0.494631000000 -0.783442943376 -0.493790417412 0.267497014847 0.266145684155
39.5 0.411958000000 -0.183210000000 0.494481000000 -0.783628167486 -0.493682556611 0.266306877772 0.266992650221
39.6 0.411339000000 -0.182558000000 0.494670000000 -0.784375119873 -0.492045872187 0.266028601764 0.268095718041
39.7 0.411070000000 -0.181384000000 0.494144000000 -0.784177809646 -0.490153853452 0.266390878640 0.271754047960
39.8 0.411008000000 -0.179257000000 0.493164000000 -0.784195516147 -0.490049125775 0.264739133785 0.273500343372
39.9 0.410057000000 -0.177337000000 0.493560000000 -0.785098725828 -0.488370801260 0.263795497629 0.274819734755
40.0 0.409145000000 -0.173743000000 0.494744000000 -0.785357101145 -0.485872275539 0.265856573458 0.276518783976
40.1 0.408062000000 -0.173136000000 0.494677000000 -0.784802777203 -0.483415975387 0.267483759510 0.280795359708
40.2 0.406881000000 -0.172462000000 0.493561000000 -0.784945386249 -0.482142782524 0.266832872910 0.283194801861
40.3 0.406216000000 -0.171300000000 0.492046000000 -0.784220362922 -0.482476372282 0.266277074005 0.285151700729
40.4 0.405206000000 -0.173325000000 0.488979000000 -0.784519777911 -0.482134481976 0.264887236827 0.286198901329
40.5 0.403154000000 -0.175132000000 0.487428000000 -0.785580378977 -0.481721328947 0.262826988798 0.285884597983
40.6 0.401126000000 -0.176196000000 0.487082000000 -0.786014585328 -0.480955115742 0.262872689065 0.285939150235
40.7 0.397778000000 -0.178011000000 0.486916000000 -0.786745634306 -0.479566119512 0.262034806490 0.287028577156
40.8 0.395627000000 -0.178411000000 0.485338000000 -0.786636343781 -0.479845980742 0.259927333403 0.288771326069
40.9 0.391578000000 -0.177201000000 0.483193000000 -0.786714611720 -0.479934433444 0.257260679853 0.290792025171
41.0 0.388596000000 -0.174112000000 0.479426000000 -0.787131050660 -0.480342859281 0.252181681660 0.293427752708
41.1 0.386527000000 -0.171236000000 0.476383000000 -0.787809029570 -0.480998848949 0.248108889468 0.294005134657
41.2 0.385521000000 -0.167651000000 0.471064000000 -0.788253792877 -0.483966521106 0.240721421653 0.294084276391
41.3 0.383688000000 -0.164517000000 0.466544000000 -0.789776662604 -0.485070924547 0.233995500091 0.293607096819
41.4 0.382552000000 -0.161675000000 0.463456000000 -0.790062087160 -0.486642305237 0.230459117791 0.293035424844
41.5 0.381179000000 -0.158252000000 0.459951000000 -0.790087308419 -0.488342984918 0.226967553467 0.292863285221
41.6 0.379354000000 -0.156805000000 0.457044000000 -0.790555735138 -0.489422106284 0.223633852291 0.292361987322
41.7 0.378951000000 -0.155683000000 0.454609000000 -0.790424400236 -0.491086654101 0.221634516496 0.291446919306
41.8 0.378167000000 -0.154610000000 0.451884000000 -0.789866219741 -0.493762692583 0.218600658025 0.290729273786
41.9 0.377021000000 -0.153013000000 0.450086000000 -0.788233493018 -0.497436441696 0.215898250588 0.290917329066
42.0 0.376765000000 -0.152044000000 0.448153000000 -0.786435559110 -0.501045668554 0.214374094802 0.290716523212
42.1 0.376366000000 -0.152256000000 0.446874000000 -0.785747219742 -0.502775496454 0.212710612707 0.290813173832
42.2 0.376184000000 -0.153279000000 0.445863000000 -0.785128825071 -0.504681855353 0.212124719063 0.289606727274
42.3 0.377086000000 -0.154253000000 0.445988000000 -0.783325585088 -0.508335556138 0.212265282856 0.287992082889
42.4 0.377481000000 -0.154705000000 0.445868000000 -0.781482726098 -0.511471226643 0.211513917419 0.287999645599
42.5 0.376626000000 -0.154849000000 0.446166000000 -0.778798150013 -0.515250555269 0.210665483426 0.289154562346
42.6 0.376132000000 -0.154143000000 0.445536000000 -0.776761074304 -0.517612981335 0.209619496164 0.291167824162
42.7 0.374358000000 -0.153797000000 0.445755000000 -0.777026353180 -0.517684204988 0.208236557056 0.291325671159
42.8 0.371823000000 -0.151746000000 0.445550000000 -0.776286069783 -0.518885420422 0.207187125075 0.291909838027
42.9 0.367933000000 -0.149004000000 0.445073000000 -0.777225355092 -0.517842560672 0.205470627627 0.292475043281
43.0 0.364701000000 -0.147382000000 0.444857000000 -0.778036367550 -0.516391398356 0.204819101028 0.293340195554
43.1 0.360481000000 -0.144630000000 0.443924000000 -0.778212097585 -0.516121981456 0.203832004298 0.294034939173
43.2 0.357757000000 -0.142786000000 0.440606000000 -0.777130627732 -0.518632301319 0.202259990357 0.293563314756
43.3 0.355385000000 -0.142239000000 0.437863000000 -0.776362070552 -0.521406303862 0.200086061295 0.292169419645
43.4 0.353265000000 -0.141792000000 0.434358000000 -0.774320846502 -0.525783468050 0.197850408425 0.291263089463
43.5 0.350972000000 -0.141458000000 0.431665000000 -0.771966858288 -0.530778043737 0.194570257394 0.290661750028
43.6 0.349331000000 -0.140432000000 0.430470000000 -0.768614546502 -0.536663512732 0.192277505754 0.290264213758
43.7 0.347669000000 -0.140867000000 0.430558000000 -0.766356142896 -0.540656321138 0.191825862611 0.289122539926
43.8 0.346348000000 -0.140259000000 0.431234000000 -0.760042199437 -0.549581830485 0.191226879063 0.289357818970
43.9 0.343945000000 -0.140066000000 0.433327000000 -0.756925401227 -0.553851540488 0.191135683196 0.289446987694
44.0 0.342836000000 -0.138685000000 0.435019000000 -0.753561049291 -0.557943277036 0.191859970372 0.289887558152
44.1 0.341230000000 -0.136420000000 0.436613000000 -0.750414565767 -0.561861610462 0.190861435431 0.291138150436
44.2 0.339954000000 -0.132957000000 0.438362000000 -0.746833339497 -0.566192581949 0.189707751295 0.292706153436
44.3 0.338728000000 -0.131434000000 0.440578000000 -0.744404620562 -0.569270748500 0.189153974269 0.293280326320
44.4 0.338391000000 -0.130097000000 0.442788000000 -0.739275605937 -0.575704775847 0.188504991844 0.294111301352
44.5 0.338019000000 -0.128526000000 0.443263000000 -0.734340749414 -0.583262603994 0.185891016539 0.293245508921
44.6 0.337547000000 -0.127366000000 0.443301000000 -0.730782925231 -0.589188202214 0.183181365570 0.291990009882
44.7 0.335919000000 -0.127800000000 0.444188000000 -0.727195621821 -0.595297723632 0.179554043018 0.290804906214
44.8 0.334429000000 -0.127865000000 0.445298000000 -0.724201494297 -0.600530056548 0.177289817752 0.288901656905
44.9 0.332808000000 -0.128363000000 0.446216000000 -0.723106265363 -0.603000122898 0.174626309622 0.288121211934
45.0 0.331014000000 -0.127599000000 0.446919000000 -0.721887894388 -0.607063989577 0.171151893282 0.284707235456
45.1 0.327345000000 -0.126690000000 0.448894000000 -0.721815756553 -0.609731000778 0.168079343785 0.280997249941
45.2 0.325604000000 -0.125877000000 0.449251000000 -0.720642552696 -0.612108524896 0.165589055433 0.280317194822
45.3 0.322436000000 -0.124732000000 0.450634000000 -0.719124705571 -0.616189935799 0.162383793562 0.277130157950
45.4 0.320094000000 -0.123166000000 0.453676000000 -0.716676993842 -0.621080413035 0.160572776945 0.273586531733
45.5 0.320038000000 -0.121730000000 0.456293000000 -0.709806114497 -0.631770871934 0.158295827314 0.268296992629
45.6 0.319703000000 -0.120182000000 0.458771000000 -0.705409418732 -0.639138335998 0.156478525696 0.263465767069
45.7 0.319140000000 -0.117840000000 0.461885000000 -0.699680512898 -0.647253522950 0.154099025767 0.260314323766
45.8 0.318962000000 -0.115932000000 0.464526000000 -0.695463740795 -0.653326482630 0.151137449469 0.258170803347
45.9 0.318731000000 -0.113815000000 0.466016000000 -0.689900329771 -0.659929127218 0.148245798503 0.257981133529
46.0 0.317333000000 -0.112326000000 0.468739000000 -0.683980250672 -0.667019377523 0.145284867597 0.257193456268
46.1 0.316213000000 -0.111398000000 0.472843000000 -0.676093564311 -0.675136973331 0.143418661169 0.257912091935
46.2 0.315748000000 -0.109777000000 0.475788000000 -0.668072669066 -0.682698056339 0.140038442910 0.260751811547
46.3 0.315023000000 -0.105927000000 0.481083000000 -0.656912893079 -0.691750213627 0.134126847885 0.268248171531
46.4 0.315571000000 -0.104713000000 0.485856000000 -0.647235380505 -0.697362389323 0.129504650365 0.279285885275
46.5 0.316956000000 -0.104500000000 0.487958000000 -0.642632948606 -0.699511621969 0.127243916752 0.285508966138
46.6 0.320850000000 -0.106311000000 0.487870000000 -0.637255196192 -0.702456391849 0.123757282870 0.291796105892
46.7 0.324735000000 -0.108170000000 0.487812000000 -0.631093538111 -0.707862479609 0.118519415742 0.294286941961
46.8 0.326356000000 -0.111622000000 0.488666000000 -0.627552076151 -0.710167982706 0.115171378802 0.297616164820
46.9 0.330204000000 -0.114501000000 0.488319000000 -0.621749930185 -0.714614594240 0.111393312916 0.300573677909
47.0 0.333565000000 -0.117651000000 0.488657000000 -0.616559675145 -0.719391931737 0.106099352405 0.301781946040
47.1 0.337887000000 -0.120343000000 0.489903000000 -0.609534043750 -0.725097321350 0.101637627665 0.303927485962
47.2 0.341317000000 -0.122216000000 0.490671000000 -0.604334285753 -0.729023458106 0.097828787947 0.306160736940
47.3 0.346898000000 -0.124008000000 0.491270000000 -0.599307054319 -0.732643199119 0.097429865896 0.307526289380
47.4 0.352052000000 -0.125607000000 0.492044000000 -0.595948485321 -0.735138994801 0.097662837147 0.308022777416
47.5 0.355966000000 -0.125814000000 0.493685000000 -0.593752376364 -0.736651223371 0.098463394637 0.308395931530
47.6 0.361975000000 -0.125534000000 0.495837000000 -0.590808847677 -0.737980019590 0.099420265324 0.310557574431
47.7 0.368207000000 -0.124067000000 0.499042000000 -0.588972449579 -0.738964216486 0.100443594519 0.311375054733
47.8 0.373433000000 -0.122495000000 0.501611000000 -0.585516483967 -0.740816557245 0.102102248510 0.312947929158
47.9 0.381362000000 -0.120168000000 0.504334000000 -0.580702754269 -0.743836477404 0.102563789633 0.314598593644
48.0 0.388968000000 -0.117959000000 0.507182000000 -0.577795073153 -0.745748391854 0.101910693879 0.315636499728
48.1 0.394653000000 -0.116254000000 0.509732000000 -0.576219820914 -0.746018259323 0.102836080675 0.317572377978
48.2 0.401305000000 -0.114944000000 0.514290000000 -0.572425101278 -0.748013747307 0.105758825065 0.318778933099
48.3 0.405553000000 -0.114826000000 0.516332000000 -0.567594479135 -0.750970782533 0.108616400436 0.319502532998
48.4 0.406608000000 -0.114253000000 0.516940000000 -0.564828212799 -0.752288076902 0.109763852014 0.320910635798
48.5 0.406969000000 -0.114974000000 0.518308000000 -0.558843771246 -0.755034287986 0.110114872871 0.324794670642
48.6 0.407785000000 -0.116812000000 0.520736000000 -0.554326890823 -0.757189777834 0.112116818025 0.326825882650
48.7 0.408664000000 -0.117341000000 0.523056000000 -0.550735958456 -0.759474450472 0.113033167689 0.327279645175
48.8 0.409736000000 -0.116657000000 0.524465000000 -0.547713738950 -0.761526598566 0.110053315439 0.328595751043
48.9 0.409400000000 -0.112638000000 0.523413000000 -0.546055439649 -0.762941981169 0.105624306974 0.329524651545
49.0 0.408124000000 -0.107751000000 0.520099000000 -0.543640233287 -0.766405416343 0.103731713973 0.326064052095
49.1 0.406856000000 -0.104601000000 0.519042000000 -0.542560157134 -0.769144697867 0.106258946914 0.320552563294
49.2 0.404713000000 -0.097682800000 0.519993000000 -0.539856081167 -0.773589289775 0.113971013622 0.311649852281
49.3 0.399223000000 -0.085567700000 0.523887000000 -0.533999298052 -0.778630694614 0.118422373429 0.307498183012
49.4 0.393948000000 -0.076247700000 0.527409000000 -0.529583752525 -0.781440743833 0.121267997742 0.306896539020
49.5 0.388252000000 -0.066161100000 0.531936000000 -0.525278818094 -0.783059232445 0.125889865109 0.308305276646
49.6 0.386041000000 -0.059436400000 0.534201000000 -0.520083212070 -0.785832428188 0.130076448578 0.308319582345
49.7 0.384499000000 -0.056310700000 0.535339000000 -0.514447949476 -0.789693984955 0.132485526754 0.306878318892
49.8 0.384287000000 -0.054881200000 0.536248000000 -0.507306487021 -0.794455744103 0.135819729512 0.305013442265
49.9 0.384476000000 -0.055282400000 0.537428000000 -0.500795354302 -0.799682160825 0.138338737615 0.300956555741
50.0 0.384770000000 -0.055818100000 0.538071000000 -0.495333320013 -0.804033322635 0.139312832332 0.297938337454
50.1 0.384390000000 -0.055664600000 0.540111000000 -0.489022861810 -0.808741017189 0.143092756964 0.293801073259
50.2 0.383223000000 -0.052662500000 0.540678000000 -0.482353717629 -0.813414433468 0.146035383199 0.290457427810
50.3 0.381626000000 -0.048524000000 0.540719000000 -0.477783395970 -0.816584752541 0.147560109442 0.288337272226
50.4 0.379382000000 -0.039342600000 0.538218000000 -0.467951124869 -0.823434054232 0.145374655928 0.286084449908
50.5 0.376794000000 -0.030992700000 0.535258000000 -0.461473995174 -0.827566844167 0.142846721779 0.285953989815
50.6 0.375353000000 -0.027266000000 0.533963000000 -0.457095504063 -0.830055330467 0.140989725800 0.286694516423
50.7 0.373737000000 -0.025348700000 0.534414000000 -0.453283747237 -0.831713151859 0.142254757989 0.287316308874
50.8 0.372938000000 -0.025312500000 0.537824000000 -0.449649405699 -0.833021619332 0.145819914849 0.287449032201
50.9 0.372860000000 -0.024948400000 0.541225000000 -0.443785740880 -0.834738696926 0.149405364282 0.289730152330
51.0 0.372087000000 -0.024348100000 0.543650000000 -0.438981124735 -0.836712635263 0.152258105881 0.289870673424
51.1 0.371408000000 -0.021670400000 0.544904000000 -0.432251593716 -0.839638883496 0.155401342613 0.289854321627
51.2 0.370086000000 -0.017189500000 0.544420000000 -0.426056472258 -0.844287445674 0.155787706260 0.285280181756
51.3 0.368710000000 -0.014675300000 0.543839000000 -0.421878790713 -0.847677301314 0.154207122550 0.282279368955
51.4 0.366675000000 -0.012120700000 0.543905000000 -0.414268589285 -0.852973950091 0.151461547191 0.279063390864
51.5 0.365079000000 -0.008957710000 0.544169000000 -0.407573657160 -0.857158543282 0.149043314404 0.277396892737
51.6 0.365345000000 -0.007456800000 0.544467000000 -0.403634602025 -0.859540121379 0.148627838272 0.276006618542
51.7 0.367014000000 -0.004039940000 0.545016000000 -0.396567480295 -0.864025629822 0.146947432621 0.273130731754
51.8 0.370429000000 0.002244530000 0.544723000000 -0.387294880311 -0.870098761578 0.144307454734 0.268525937841
51.9 0.370700000000 0.003010510000 0.544885000000 -0.385935442438 -0.871036267797 0.143524266644 0.267862724801
52.0 0.372712000000 0.006724600000 0.544789000000 -0.380791082888 -0.873831402187 0.143334251452 0.266218188907
52.1 0.374020000000 0.009260570000 0.545063000000 -0.374683479165 -0.877394513376 0.143474290593 0.263070876906
52.2 0.373519000000 0.010191600000 0.544969000000 -0.369132276555 -0.880139886530 0.142487814057 0.262282987229
52.3 0.373061000000 0.014538800000 0.543882000000 -0.363015891916 -0.882975095720 0.142597190868 0.261228795716
52.4 0.371190000000 0.016172600000 0.543908000000 -0.355378054126 -0.886614491084 0.141415389103 0.260043978148
52.5 0.370582000000 0.018396400000 0.543665000000 -0.347082681087 -0.890295081840 0.140721335828 0.259047843813
52.6 0.368843000000 0.021169600000 0.543525000000 -0.335727007827 -0.895811091924 0.137267245738 0.256841521271
52.7 0.367731000000 0.022290500000 0.542723000000 -0.328105626833 -0.899525921189 0.135507327226 0.254632242691
52.8 0.366320000000 0.024314000000 0.542259000000 -0.317695125367 -0.903930845755 0.133236243537 0.253430339184
52.9 0.364814000000 0.024687700000 0.542489000000 -0.311549179288 -0.906180495492 0.131861665473 0.253744989415
53.0 0.363664000000 0.026506300000 0.543671000000 -0.304648950532 -0.908402532906 0.132104866145 0.254051489843
53.1 0.362970000000 0.029911900000 0.544106000000 -0.296549228427 -0.911402004185 0.128968570220 0.254503535894
53.2 0.362909000000 0.030955300000 0.544023000000 -0.292833592103 -0.913222604416 0.126660533473 0.253436523375
53.3 0.363082000000 0.033489400000 0.544394000000 -0.285721320296 -0.915510087527 0.125768641346 0.253745651427
53.4 0.363288000000 0.035629000000 0.545691000000 -0.277868251192 -0.917811561792 0.124544827536 0.254754309002
53.5 0.363537000000 0.037387700000 0.546473000000 -0.272849896885 -0.919104157617 0.124286501314 0.255643006577
53.6 0.363784000000 0.038435500000 0.546939000000 -0.267396772101 -0.920620866518 0.122974976244 0.256580088121
53.7 0.363798000000 0.039825400000 0.548222000000 -0.261246647638 -0.921838498479 0.124466474357 0.257821776778
53.8 0.363083000000 0.040461400000 0.548856000000 -0.256669222361 -0.922715439847 0.124657893510 0.259186297760
53.9 0.360923000000 0.042460700000 0.548119000000 -0.248697095690 -0.925112122432 0.123001901671 0.259206187639
54.0 0.360067000000 0.041413000000 0.547610000000 -0.246543336483 -0.925991369364 0.120997503401 0.259067503306
54.1 0.358878000000 0.042360200000 0.547114000000 -0.242955078799 -0.927319583324 0.120211983569 0.258070337458
54.2 0.356352000000 0.043178100000 0.546188000000 -0.236430383212 -0.929501963081 0.117939744005 0.257326623781
54.3 0.354060000000 0.043666400000 0.544882000000 -0.230232303290 -0.931300685902 0.115165482849 0.257699496548
54.4 0.352472000000 0.044312500000 0.543560000000 -0.226413010438 -0.932382308121 0.112417706871 0.258384673287
54.5 0.350010000000 0.045178800000 0.542131000000 -0.221737135102 -0.933615882268 0.110009354861 0.259021175074
54.6 0.347830000000 0.047569900000 0.540494000000 -0.218941791252 -0.934291749124 0.108354052667 0.259659043425
54.7 0.346626000000 0.047541200000 0.539423000000 -0.219541255466 -0.933888439029 0.106466274578 0.261378945160
54.8 0.347084000000 0.048235000000 0.538417000000 -0.222478313093 -0.932575242530 0.107004057536 0.263357074888
54.9 0.347890000000 0.051235200000 0.537224000000 -0.228732488510 -0.930544603396 0.108534388588 0.264553352435
55.0 0.350397000000 0.054498400000 0.535353000000 -0.235259285475 -0.928931225636 0.106848890545 0.265185145183
55.1 0.352532000000 0.056598300000 0.534294000000 -0.238459331801 -0.928212671032 0.105466962360 0.265396127069
55.2 0.356195000000 0.057819200000 0.534464000000 -0.240020691000 -0.927451347507 0.106101737164 0.266395358951
55.3 0.361975000000 0.059922700000 0.535045000000 -0.242922573390 -0.925657338241 0.108812657098 0.268899462912
55.4 0.366328000000 0.061096500000 0.535912000000 -0.245625865826 -0.924506583754 0.110560007472 0.269688700875
55.5 0.372260000000 0.062208200000 0.536797000000 -0.247403245916 -0.923114580730 0.113144258779 0.271752610769
55.6 0.379054000000 0.062057600000 0.536471000000 -0.252336784745 -0.921337968271 0.114950961152 0.272486278219
55.7 0.384518000000 0.061006100000 0.537099000000 -0.256661234792 -0.919767201180 0.116137451219 0.273249700117
55.8 0.392489000000 0.062106300000 0.537615000000 -0.262500881079 -0.917360764187 0.120614173752 0.273851669437
55.9 0.399464000000 0.063079600000 0.536610000000 -0.266403377667 -0.916650126929 0.122718769683 0.271517750313
56.0 0.402966000000 0.063903400000 0.535360000000 -0.262854286808 -0.917869920183 0.122948894763 0.270750813123
56.1 0.407617000000 0.063785600000 0.533794000000 -0.261433344364 -0.918868425484 0.124015981900 0.268241419877
56.2 0.413580000000 0.062957400000 0.532342000000 -0.262619787181 -0.918935899972 0.125057325761 0.266361266698
56.3 0.420777000000 0.063538600000 0.530605000000 -0.263651797025 -0.918261185501 0.128506506732 0.266026695755
56.4 0.425738000000 0.065248400000 0.528080000000 -0.266851496887 -0.916226401512 0.131245947374 0.268503186348
56.5 0.430340000000 0.070181100000 0.524886000000 -0.270892461878 -0.915340209965 0.132158135157 0.267027716596
56.6 0.433202000000 0.073923100000 0.522912000000 -0.271114472155 -0.914894004808 0.132659573398 0.268080847022
56.7 0.435318000000 0.076929200000 0.521780000000 -0.269395875661 -0.915042589184 0.132431089458 0.269415902837
56.8 0.438990000000 0.078781300000 0.522531000000 -0.268586129669 -0.914310962958 0.132732941533 0.272541593517
56.9 0.442878000000 0.082485700000 0.524585000000 -0.269674886916 -0.912381824531 0.136463708260 0.276066147798
57.0 0.446232000000 0.086073100000 0.524575000000 -0.270236170676 -0.911272128452 0.137911550156 0.278452732612
57.1 0.450471000000 0.089297500000 0.522292000000 -0.270337471032 -0.909879239404 0.138624167776 0.282525683019
57.2 0.452882000000 0.091632700000 0.516633000000 -0.271477736855 -0.909167626754 0.139629617465 0.283227178748
57.3 0.452463000000 0.092346400000 0.512791000000 -0.267701190058 -0.910990681184 0.140794195294 0.280373048291
57.4 0.450145000000 0.092120100000 0.509444000000 -0.260924722198 -0.913266546921 0.144815884649 0.277292017871
57.5 0.443177000000 0.093707100000 0.508552000000 -0.252724383058 -0.916050222416 0.149106757253 0.273403641454
57.6 0.435002000000 0.097593400000 0.508842000000 -0.245457461349 -0.917491817638 0.153016896337 0.273029721224
57.7 0.424341000000 0.101731000000 0.508265000000 -0.241045952510 -0.918501222122 0.157555665810 0.270977057902
57.8 0.415502000000 0.105697000000 0.506144000000 -0.236360917770 -0.920450401071 0.159190542213 0.267512517443
57.9 0.408810000000 0.107430000000 0.505948000000 -0.232425177071 -0.922107716705 0.159100204815 0.265297984696
58.0 0.401108000000 0.108825000000 0.505305000000 -0.225306289259 -0.924125302140 0.158249883218 0.264927304042
58.1 0.393846000000 0.108072000000 0.504103000000 -0.217981978310 -0.926040859479 0.159884329109 0.263380304908
58.2 0.387926000000 0.106345000000 0.500476000000 -0.209913237489 -0.928771114661 0.160221089293 0.260095851261
58.3 0.384003000000 0.104638000000 0.498114000000 -0.202907980554 -0.931161557691 0.159299448269 0.257662940075
58.4 0.379153000000 0.102567000000 0.498360000000 -0.195920046512 -0.933341177321 0.160345452156 0.254517029027
58.5 0.376356000000 0.101731000000 0.499693000000 -0.192483205110 -0.934146522281 0.163259215157 0.252323045572
58.6 0.374776000000 0.101810000000 0.500497000000 -0.190213398354 -0.934680587202 0.164396823089 0.251325978667
58.7 0.372923000000 0.103039000000 0.500908000000 -0.186508596263 -0.935479950364 0.165862487314 0.250162829549
58.8 0.371544000000 0.105404000000 0.500733000000 -0.183800530773 -0.935958774013 0.167253075931 0.249449287084
58.9 0.370601000000 0.107174000000 0.500104000000 -0.181552634645 -0.936454474999 0.168313561722 0.248520023434
59.0 0.369835000000 0.110816000000 0.498424000000 -0.179246299521 -0.937139158726 0.170949528735 0.245799145473
59.1 0.368381000000 0.115969000000 0.496932000000 -0.177329005039 -0.937861363083 0.172413013569 0.243401397614
59.2 0.366482000000 0.119658000000 0.495996000000 -0.177205716223 -0.937918757337 0.174351775826 0.241884263728
59.3 0.362475000000 0.124363000000 0.496290000000 -0.176385674824 -0.937452910118 0.179275365178 0.240687512073
59.4 0.358949000000 0.130171000000 0.494930000000 -0.175923621087 -0.936723276106 0.184751003125 0.239723695929
59.5 0.356740000000 0.134431000000 0.492636000000 -0.174423215925 -0.936516343698 0.188347990466 0.238827791977
59.6 0.353866000000 0.140685000000 0.487798000000 -0.171962660385 -0.937037901804 0.192140372591 0.235522591777
59.7 0.351468000000 0.144901000000 0.482334000000 -0.170016940385 -0.938121063194 0.193170195583 0.231750698622
59.8 0.350187000000 0.148287000000 0.479200000000 -0.165601468778 -0.939292319597 0.194831422597 0.228794249606
59.9 0.347446000000 0.151404000000 0.476334000000 -0.162995789160 -0.940790233688 0.194604016836 0.224667277421
60.0 0.344712000000 0.153666000000 0.473784000000 -0.155403812491 -0.942232205769 0.197115393364 0.221796409291
60.1 0.342663000000 0.155184000000 0.471136000000 -0.148192982293 -0.943049096278 0.200526632956 0.220196075088
60.2 0.340052000000 0.157602000000 0.468903000000 -0.143013065469 -0.943609722248 0.202276659114 0.219618096619
60.3 0.336557000000 0.159568000000 0.466389000000 -0.138133943091 -0.944049264840 0.204997789642 0.218325228872
60.4 0.332836000000 0.161466000000 0.464917000000 -0.131763762231 -0.944322932185 0.209788914736 0.216520488560
60.5 0.330560000000 0.163824000000 0.462873000000 -0.126504646692 -0.944609467235 0.213753656781 0.214520169189
60.6 0.327355000000 0.164885000000 0.460885000000 -0.120307128178 -0.945825315432 0.215011670336 0.211448928151
60.7 0.324663000000 0.168760000000 0.457622000000 -0.116396066829 -0.946612370472 0.215673753299 0.209432107935
60.8 0.322426000000 0.171158000000 0.455370000000 -0.116718666262 -0.947112693236 0.214542354289 0.208148690780
60.9 0.320491000000 0.173857000000 0.452243000000 -0.118992973677 -0.947146437780 0.213865064260 0.207403066285
61.0 0.318894000000 0.176095000000 0.449242000000 -0.122019261683 -0.947229339961 0.211791078241 0.207394350146
61.1 0.316514000000 0.178070000000 0.448343000000 -0.124129729663 -0.946795409088 0.211467512507 0.208450844801
61.2 0.313334000000 0.182088000000 0.447525000000 -0.127081371347 -0.945677208085 0.213327276612 0.209848555435
61.3 0.310285000000 0.187069000000 0.444708000000 -0.129428421119 -0.944550405230 0.215279695110 0.211488696293
61.4 0.309451000000 0.189232000000 0.440990000000 -0.134276364489 -0.943602860609 0.215759547054 0.212205836975
61.5 0.307696000000 0.193096000000 0.435599000000 -0.137846367453 -0.943060674263 0.216988448767 0.211070975601
61.6 0.307096000000 0.197358000000 0.431067000000 -0.143677324581 -0.942102191405 0.218431460905 0.209971389096
61.7 0.305727000000 0.201605000000 0.428750000000 -0.147456965504 -0.941828829031 0.218077857065 0.208942452339
61.8 0.304656000000 0.206855000000 0.425960000000 -0.152502802664 -0.940590761872 0.220360166978 0.208502543556
61.9 0.305452000000 0.210481000000 0.421819000000 -0.157890911581 -0.939601039766 0.221470946303 0.207776240349
62.0 0.307224000000 0.213206000000 0.418450000000 -0.163876395541 -0.938399115388 0.222581448908 0.207386416684
62.1 0.308620000000 0.215243000000 0.417722000000 -0.169084246767 -0.937183812542 0.224359096178 0.206784948598
62.2 0.312467000000 0.216460000000 0.417289000000 -0.177444986105 -0.934140056574 0.228028116439 0.209520427938
62.3 0.314685000000 0.220849000000 0.415989000000 -0.181506578348 -0.931498996522 0.233583930375 0.211668441116
62.4 0.318040000000 0.221675000000 0.414234000000 -0.186350802974 -0.929791930565 0.235756225397 0.212554337226
62.5 0.319756000000 0.222793000000 0.412673000000 -0.193524423609 -0.926367882383 0.242276957824 0.213758554596
62.6 0.322419000000 0.223654000000 0.408725000000 -0.203417108491 -0.922532955642 0.247932819528 0.214671243365
62.7 0.324574000000 0.223214000000 0.405707000000 -0.210190205486 -0.920667280372 0.248702225595 0.215265044430
62.8 0.326888000000 0.223519000000 0.400135000000 -0.221312826870 -0.917818161865 0.249067587941 0.215860582440
62.9 0.328908000000 0.223914000000 0.394105000000 -0.231209398962 -0.916275145500 0.247078509181 0.214322844960
63.0 0.329257000000 0.224754000000 0.390033000000 -0.239709991127 -0.913648965614 0.248714770322 0.214302708360
63.1 0.330918000000 0.223308000000 0.387092000000 -0.254813185875 -0.909314798522 0.250706911634 0.212985637898
63.2 0.333014000000 0.221053000000 0.385787000000 -0.271489461547 -0.902885935661 0.255249221873 0.214332205204
63.3 0.334523000000 0.220819000000 0.384893000000 -0.278249280708 -0.898987073729 0.260491483109 0.215740043295
63.4 0.337874000000 0.218536000000 0.384001000000 -0.284503762900 -0.894237085499 0.267229259905 0.219057450145
63.5 0.341152000000 0.217260000000 0.383566000000 -0.288369098722 -0.890268699744 0.274380424663 0.221314906231
63.6 0.343928000000 0.217031000000 0.382448000000 -0.292877029114 -0.887671178777 0.277289317873 0.222201616509
63.7 0.345492000000 0.215558000000 0.382810000000 -0.297315970993 -0.885515421520 0.278527833834 0.223355988104
63.8 0.346922000000 0.215370000000 0.381762000000 -0.302984289272 -0.881685327865 0.283889038897 0.224139502714
63.9 0.348913000000 0.213783000000 0.380201000000 -0.309156236268 -0.878215581027 0.287310573841 0.224972107110
64.0 0.351473000000 0.212713000000 0.377096000000 -0.316281726336 -0.874566903358 0.290006676326 0.225820124929
64.1 0.354285000000 0.210978000000 0.374270000000 -0.325290379651 -0.871232243044 0.289421375208 0.226662337321
64.2 0.356703000000 0.210865000000 0.370655000000 -0.336081401473 -0.866738106028 0.288745060202 0.228999208192
64.3 0.358433000000 0.211252000000 0.368733000000 -0.345728225831 -0.862657280898 0.287537024194 0.231553167315
64.4 0.360270000000 0.211128000000 0.367099000000 -0.361429443928 -0.854009582326 0.290697618162 0.235650769472
64.5 0.362651000000 0.210781000000 0.365692000000 -0.374086203663 -0.846166700485 0.295511498101 0.238189801858
64.6 0.365450000000 0.209234000000 0.364272000000 -0.381079564721 -0.841069798356 0.300608208273 0.238777437722
64.7 0.371057000000 0.203411000000 0.363803000000 -0.388003056169 -0.834816987888 0.308168335829 0.239930202203
64.8 0.376866000000 0.200039000000 0.361972000000 -0.389705145309 -0.831773729741 0.313881348152 0.240334894502
64.9 0.380684000000 0.197582000000 0.361932000000 -0.392026052220 -0.829558549727 0.316025332655 0.241404590006
65.0 0.385480000000 0.196113000000 0.361842000000 -0.396679359995 -0.825614918467 0.318883112747 0.243555029024
65.1 0.389651000000 0.195266000000 0.361309000000 -0.403634966524 -0.820005972899 0.322344032279 0.246502217156
65.2 0.392815000000 0.194492000000 0.360254000000 -0.410875987633 -0.815068861214 0.325365588944 0.246943126645
65.3 0.397674000000 0.191839000000 0.357765000000 -0.420602327013 -0.808762194293 0.327664331041 0.248260914677
65.4 0.402810000000 0.189030000000 0.354619000000 -0.426734380809 -0.805380467741 0.326471776088 0.250352251507
65.5 0.407380000000 0.185235000000 0.351258000000 -0.433619718620 -0.800826530041 0.325933899245 0.253806819705
65.6 0.411619000000 0.182277000000 0.348324000000 -0.437991771334 -0.797243942297 0.327699915160 0.255299961454
65.7 0.416429000000 0.178171000000 0.344716000000 -0.447532865487 -0.789460681343 0.333575885927 0.255329777446
65.8 0.421450000000 0.173645000000 0.341155000000 -0.454800158904 -0.783998308138 0.335640054247 0.256611033050
65.9 0.425022000000 0.169631000000 0.340840000000 -0.456293526519 -0.782228381427 0.335537061117 0.259479975267
66.0 0.429977000000 0.165660000000 0.340309000000 -0.457776412853 -0.778732829100 0.339292507025 0.262481487716
66.1 0.434553000000 0.161395000000 0.338304000000 -0.459697162066 -0.774280316890 0.343822745034 0.266372727701
66.2 0.436615000000 0.159837000000 0.335269000000 -0.460501520150 -0.772311295387 0.345058594876 0.269087679131
66.3 0.437728000000 0.158960000000 0.331181000000 -0.462221802427 -0.769991228785 0.343249979520 0.275034478775
66.4 0.439132000000 0.158925000000 0.327299000000 -0.466783997191 -0.766475917137 0.340818289953 0.280125439132
66.5 0.439101000000 0.159453000000 0.326367000000 -0.471262644291 -0.762992859315 0.340004393444 0.283108511298
66.6 0.439615000000 0.159354000000 0.325472000000 -0.476761302116 -0.757212117869 0.340573360282 0.288683660125
66.7 0.439743000000 0.159442000000 0.325870000000 -0.479824685591 -0.752988264857 0.342228300719 0.292671717581
66.8 0.440828000000 0.158920000000 0.324938000000 -0.480695464668 -0.750441433211 0.344582142140 0.295013004605
66.9 0.444023000000 0.157658000000 0.321947000000 -0.480391548272 -0.748498233263 0.347089972109 0.297494380472
67.0 0.446848000000 0.155859000000 0.319424000000 -0.481234303830 -0.747449242085 0.347245877681 0.298585792959
67.1 0.448135000000 0.154101000000 0.319957000000 -0.481599131346 -0.746750866874 0.346951491345 0.300083458664
67.2 0.449804000000 0.152436000000 0.319914000000 -0.483514172127 -0.742686627946 0.351115551075 0.302239123568
67.3 0.451688000000 0.150445000000 0.319264000000 -0.485680815718 -0.738528977829 0.354729503523 0.304722945444
67.4 0.453113000000 0.147980000000 0.318751000000 -0.487813134467 -0.736114602394 0.356399109855 0.305210275840
67.5 0.454672000000 0.144360000000 0.318539000000 -0.490114959263 -0.733030728311 0.358426758659 0.306567344537
67.6 0.456764000000 0.140583000000 0.316974000000 -0.496379007333 -0.727063058203 0.359439665121 0.309500109229
67.7 0.458624000000 0.136848000000 0.315640000000 -0.502839668785 -0.722311795358 0.360005382440 0.309538466748
67.8 0.458729000000 0.133670000000 0.317096000000 -0.505706933184 -0.720307564832 0.360653542752 0.308782337376
67.9 0.458662000000 0.131510000000 0.317798000000 -0.509635872825 -0.715587068718 0.363930274217 0.309453033145
68.0 0.459428000000 0.130226000000 0.316428000000 -0.516632355984 -0.710557547171 0.365281937777 0.307844257447
68.1 0.459088000000 0.128758000000 0.317332000000 -0.523210173317 -0.706356811475 0.366078243624 0.305447031358
68.2 0.458984000000 0.127479000000 0.318341000000 -0.529900883457 -0.702366640585 0.366875981993 0.302139321740
68.3 0.458767000000 0.126853000000 0.319312000000 -0.535078252424 -0.699357705264 0.367969088274 0.298644963033
68.4 0.458964000000 0.126493000000 0.319118000000 -0.539693673356 -0.695809464710 0.369500002246 0.296731656720
68.5 0.458959000000 0.126760000000 0.316744000000 -0.544139022149 -0.693343937164 0.370763527497 0.292782028223
68.6 0.459409000000 0.126348000000 0.315423000000 -0.550367331699 -0.689725115702 0.371651379557 0.288531310332
68.7 0.459601000000 0.126543000000 0.315606000000 -0.556333357671 -0.685513204043 0.373400118928 0.284845911695
68.8 0.459797000000 0.127129000000 0.316142000000 -0.561293236574 -0.681900140009 0.375575929052 0.280900023404
68.9 0.460748000000 0.126200000000 0.316428000000 -0.565256389870 -0.678750595483 0.377534860250 0.277939331761
69.0 0.462348000000 0.125924000000 0.315771000000 -0.567317531873 -0.677546832585 0.378959707600 0.274719216108
69.1 0.465017000000 0.125086000000 0.315437000000 -0.568990948869 -0.677647622394 0.379850237493 0.269734678981
69.2 0.467231000000 0.124544000000 0.316769000000 -0.570047067764 -0.677609535394 0.381285676190 0.265542635389
69.3 0.470194000000 0.122998000000 0.318091000000 -0.570523187309 -0.676407696979 0.384172606196 0.263414746852
69.4 0.472368000000 0.121987000000 0.319481000000 -0.572026964221 -0.674737446428 0.385655149977 0.262268251773
69.5 0.475449000000 0.121711000000 0.319964000000 -0.575629168781 -0.671005257116 0.387706640771 0.260934025519
69.6 0.478235000000 0.122430000000 0.320152000000 -0.580526680137 -0.666722477826 0.388649684698 0.259656183815
69.7 0.480150000000 0.122943000000 0.320262000000 -0.587157782226 -0.661793817592 0.388213806841 0.258001399117
69.8 0.482151000000 0.124180000000 0.322336000000 -0.592881469608 -0.658103634066 0.387856309096 0.254869875267
69.9 0.483448000000 0.123220000000 0.325514000000 -0.596030402028 -0.656810956973 0.386356568504 0.253131840416
70.0 0.484187000000 0.122327000000 0.327128000000 -0.596501201678 -0.656239873444 0.387158459493 0.252277371442
70.1 0.483629000000 0.122908000000 0.329687000000 -0.596661812727 -0.655191793978 0.390273865854 0.249809335230
70.2 0.483704000000 0.123445000000 0.330609000000 -0.601324037765 -0.649585648762 0.395914002729 0.244335811889
70.3 0.484732000000 0.122034000000 0.331177000000 -0.604918419856 -0.649191016256 0.394066051304 0.239450781875
70.4 0.485325000000 0.120275000000 0.335405000000 -0.608342067712 -0.647152682949 0.394225266027 0.236007993995
70.5 0.486813000000 0.119089000000 0.338818000000 -0.609884041710 -0.645608187745 0.394456615609 0.235871791418
70.6 0.488523000000 0.118755000000 0.340411000000 -0.611773346074 -0.644174845070 0.393857616301 0.235898961621
70.7 0.489176000000 0.117729000000 0.344693000000 -0.616198789695 -0.641368408934 0.392346899919 0.234541096025
70.8 0.490918000000 0.116702000000 0.346962000000 -0.616430489934 -0.640056134623 0.393642805385 0.235344295405
70.9 0.492859000000 0.115839000000 0.347183000000 -0.615414939963 -0.640918897424 0.393474819928 0.235934280419
71.0 0.495882000000 0.114908000000 0.348843000000 -0.615384643638 -0.642068381545 0.391907705892 0.235495825562
71.1 0.497492000000 0.114599000000 0.354247000000 -0.616975886714 -0.642432844515 0.389905902292 0.233653981049
71.2 0.498245000000 0.114095000000 0.360748000000 -0.615915690673 -0.643887010101 0.389044115792 0.233884707012
71.3 0.498050000000 0.114161000000 0.366672000000 -0.614672973915 -0.645095134129 0.389138490331 0.233667794966
71.4 0.499205000000 0.114783000000 0.371233000000 -0.612626373802 -0.647096115044 0.388192891744 0.235078333363
71.5 0.500955000000 0.117347000000 0.374607000000 -0.611552045552 -0.649969146226 0.386272502357 0.233104608403
71.6 0.502041000000 0.117909000000 0.378548000000 -0.612172484704 -0.651640257444 0.383819812772 0.230850980447
71.7 0.503171000000 0.118766000000 0.386055000000 -0.613966528875 -0.652566041147 0.381327318847 0.227578863834
71.8 0.503663000000 0.118230000000 0.395135000000 -0.614938690765 -0.653718834209 0.377856126489 0.227435353620
71.9 0.503607000000 0.117876000000 0.401403000000 -0.614107156107 -0.654343504864 0.377618233415 0.228279320686
72.0 0.505479000000 0.115706000000 0.407426000000 -0.610051195173 -0.656689522417 0.378608323495 0.230764268889
72.1 0.507144000000 0.112883000000 0.413211000000 -0.605378339162 -0.661236595493 0.377914316747 0.231222837221
72.2 0.508619000000 0.108589000000 0.417808000000 -0.602697894184 -0.664883274917 0.375692950326 0.231387739859
72.3 0.509047000000 0.102678000000 0.423837000000 -0.598738998708 -0.668888947026 0.374467727485 0.232105814329
72.4 0.510444000000 0.097307400000 0.424903000000 -0.593118031009 -0.673048625213 0.374503785297 0.234442880440
72.5 0.511563000000 0.094277400000 0.424470000000 -0.588499677585 -0.677381502003 0.373023238085 0.235957822661
72.6 0.513583000000 0.092467500000 0.423163000000 -0.584401757572 -0.682059049501 0.370596746527 0.236491205342
72.7 0.513956000000 0.091131700000 0.423563000000 -0.584234954523 -0.682888864734 0.369518327163 0.236195940327
72.8 0.513437000000 0.091275000000 0.424329000000 -0.582212844211 -0.685266188702 0.368606451819 0.235728102556
72.9 0.512742000000 0.092225600000 0.425928000000 -0.580876552184 -0.686695340464 0.368374091843 0.235228546240
73.0 0.511667000000 0.092779900000 0.428334000000 -0.579468592446 -0.687882801871 0.368079056720 0.235693040337
73.1 0.510711000000 0.093324900000 0.429742000000 -0.577770227262 -0.689203517619 0.367822063818 0.236404325595
73.2 0.509026000000 0.094284500000 0.431230000000 -0.574662561632 -0.692409124369 0.365921508843 0.237558401483
73.3 0.506633000000 0.093523100000 0.433730000000 -0.572258929305 -0.695440643883 0.363016868627 0.238957698682
73.4 0.505979000000 0.092559200000 0.434468000000 -0.569782024363 -0.698390354376 0.360592964778 0.239941808320
73.5 0.505955000000 0.092207200000 0.434529000000 -0.567745620104 -0.701046561735 0.358766911725 0.239760155539
73.6 0.506228000000 0.090355700000 0.435807000000 -0.564571315425 -0.704952598281 0.355644823973 0.240453370026
73.7 0.507116000000 0.089884800000 0.437761000000 -0.559167497277 -0.710173068701 0.352492266337 0.242353305432
73.8 0.506953000000 0.090352600000 0.440487000000 -0.554016269974 -0.714802096366 0.350211319771 0.243876950816
73.9 0.507270000000 0.090445500000 0.443762000000 -0.547743541606 -0.720469667360 0.346844332975 0.246169615765
74.0 0.507434000000 0.090803800000 0.444986000000 -0.539888321424 -0.728455854633 0.342185010481 0.246540233722
74.1 0.506391000000 0.090648900000 0.445552000000 -0.532779773780 -0.735242333618 0.338298352507 0.247221860276
74.2 0.503615000000 0.090098100000 0.447880000000 -0.521295862152 -0.745118961664 0.333395719665 0.248788366251
74.3 0.499470000000 0.091076700000 0.450601000000 -0.509877042817 -0.753981563115 0.330741930879 0.249292957881
74.4 0.495391000000 0.091995800000 0.451950000000 -0.502181629756 -0.759962367670 0.327994872009 0.250380059904
74.5 0.487284000000 0.096203800000 0.454203000000 -0.494276581829 -0.766492201851 0.323803617058 0.251657669738
74.6 0.478230000000 0.101388000000 0.455400000000 -0.489675017053 -0.770719206942 0.319408566917 0.253354394289
74.7 0.467801000000 0.108180000000 0.456761000000 -0.482807491278 -0.776575839863 0.314952910936 0.254227369102
74.8 0.460417000000 0.112230000000 0.457368000000 -0.477296278142 -0.780418623873 0.313386188261 0.254802141654
74.9 0.449284000000 0.114524000000 0.459435000000 -0.472143318062 -0.784644413106 0.310951964148 0.254406580462
75.0 0.439265000000 0.116825000000 0.459072000000 -0.464856108853 -0.790994531066 0.306755292019 0.253254103035
75.1 0.431785000000 0.117263000000 0.458385000000 -0.460128602593 -0.795633568072 0.303204064818 0.251627084216
75.2 0.422389000000 0.117182000000 0.456390000000 -0.452604865425 -0.803609612951 0.296915931637 0.247389076773
75.3 0.413013000000 0.114606000000 0.455272000000 -0.445694364628 -0.811881142375 0.289981172660 0.241073564491
75.4 0.405448000000 0.112155000000 0.456267000000 -0.442122507040 -0.816913933135 0.285358096032 0.236114530784
75.5 0.396596000000 0.110224000000 0.456278000000 -0.436648298538 -0.822367802255 0.281416415513 0.232065211262
75.6 0.387788000000 0.108694000000 0.456567000000 -0.430991502198 -0.827859709237 0.275828401966 0.229811486928
75.7 0.383481000000 0.108453000000 0.455809000000 -0.426925406439 -0.830606330157 0.273933867572 0.229756518598
75.8 0.379694000000 0.107686000000 0.455600000000 -0.424958668132 -0.833433562143 0.269579333932 0.228310338335
75.9 0.378539000000 0.108158000000 0.456252000000 -0.425161293734 -0.834873069249 0.266509119416 0.226269135811
76.0 0.380427000000 0.109115000000 0.455111000000 -0.424920519802 -0.836977336293 0.261158897971 0.225183303986
76.1 0.382980000000 0.110455000000 0.454123000000 -0.429569142194 -0.837175250995 0.254777283883 0.222927088559
76.2 0.387171000000 0.110908000000 0.454041000000 -0.431850653106 -0.836617339834 0.250567283620 0.225371862663
76.3 0.391673000000 0.108909000000 0.455016000000 -0.435263567480 -0.834657151927 0.248001145710 0.228885336550
76.4 0.397812000000 0.106937000000 0.457190000000 -0.442397463639 -0.830867036303 0.246825154187 0.230264620408
76.5 0.404289000000 0.104062000000 0.458877000000 -0.445382178926 -0.828468665199 0.246452225291 0.233528769380
76.6 0.409044000000 0.102082000000 0.459514000000 -0.449236223289 -0.826068802029 0.244830043071 0.236337470600
76.7 0.413965000000 0.102570000000 0.458471000000 -0.452955848700 -0.824608366522 0.242693322365 0.236541734734
76.8 0.413019000000 0.103128000000 0.458182000000 -0.456062447628 -0.823144856729 0.240399977063 0.238007226216
76.9 0.410195000000 0.102611000000 0.458242000000 -0.462845672386 -0.818472937195 0.239877904744 0.241525413672
77.0 0.407994000000 0.101751000000 0.460736000000 -0.466309238789 -0.815260003381 0.240970112471 0.244622618749
77.1 0.408542000000 0.098867900000 0.461445000000 -0.470983382342 -0.811529644261 0.242017681861 0.247025771347
77.2 0.410568000000 0.094356400000 0.461680000000 -0.473280586285 -0.809862103375 0.240220569500 0.249845828766
77.3 0.413236000000 0.091797600000 0.461832000000 -0.472959604212 -0.809707556098 0.241336561860 0.249879071332
77.4 0.417796000000 0.087230900000 0.460744000000 -0.475128126699 -0.808458836447 0.239503216748 0.251566655496
77.5 0.421599000000 0.083703600000 0.458084000000 -0.477745237127 -0.807084749513 0.235252779977 0.255009460646
77.6 0.423832000000 0.081177000000 0.457567000000 -0.477829941669 -0.806640575178 0.233068804849 0.258241091864
77.7 0.424796000000 0.077226500000 0.458064000000 -0.479329882723 -0.804736952478 0.229334842810 0.264663618049
77.8 0.426845000000 0.072513700000 0.459383000000 -0.481490455722 -0.801804489987 0.229212516812 0.269700061219
77.9 0.427690000000 0.068668200000 0.460824000000 -0.482149143767 -0.799655336540 0.230297025595 0.273946757436
78.0 0.427862000000 0.063626800000 0.463330000000 -0.482906205991 -0.797273602048 0.230501088034 0.279330714581
78.1 0.426998000000 0.059236700000 0.466256000000 -0.485175993294 -0.794687789113 0.231214054663 0.282162425371
78.2 0.425970000000 0.056401300000 0.468335000000 -0.485336393568 -0.793660776461 0.231972842700 0.284147421657
78.3 0.425188000000 0.053410700000 0.470179000000 -0.485786239531 -0.791970181538 0.233437673171 0.286882926959
78.4 0.424115000000 0.052341000000 0.472275000000 -0.485248464525 -0.791740821730 0.233822844786 0.288109833463
78.5 0.423901000000 0.054004600000 0.472498000000 -0.486028816932 -0.790638993185 0.234034973824 0.289643923800
78.6 0.424362000000 0.055895200000 0.471573000000 -0.486388730127 -0.790646248927 0.232548851781 0.290216374106
78.7 0.424600000000 0.058473700000 0.471421000000 -0.487737768977 -0.790343669324 0.230541620206 0.290377882121
