0.0 -0.387494000000 -0.323193000000 0.657055000000 -0.886104903284 0.341971382471 -0.162427374936 0.267378050366
0.1 -0.386112000000 -0.321489000000 0.654965000000 -0.886634471400 0.342678680108 -0.161974593187 0.264980881362
0.2 -0.384786000000 -0.319869000000 0.653551000000 -0.887342618540 0.342660544292 -0.161231184157 0.263080470509
0.3 -0.384466000000 -0.316861000000 0.652402000000 -0.887792999282 0.342559317178 -0.160150519995 0.262351892666
0.4 -0.384009000000 -0.315736000000 0.650201000000 -0.888948042417 0.340841642851 -0.157424900770 0.262327568127
0.5 -0.383004000000 -0.313747000000 0.648845000000 -0.889885943947 0.340460949291 -0.155196423412 0.260966317623
0.6 -0.381055000000 -0.312354000000 0.646536000000 -0.891033233434 0.339645046223 -0.152213401006 0.259869390362
0.7 -0.377656000000 -0.311564000000 0.644433000000 -0.891270037202 0.340550567983 -0.149714230377 0.259323505790
0.8 -0.374091000000 -0.312675000000 0.641912000000 -0.891632936932 0.341448182375 -0.148602858137 0.257528707299
0.9 -0.366907000000 -0.312434000000 0.641134000000 -0.891131531295 0.345054058999 -0.148305696636 0.254612864257
1.0 -0.362338000000 -0.314349000000 0.639945000000 -0.890215958445 0.347106738147 -0.147113882656 0.255714616696
1.1 -0.359025000000 -0.315552000000 0.637875000000 -0.890238534490 0.348232196929 -0.146297090011 0.254571895904
1.2 -0.355268000000 -0.314801000000 0.636830000000 -0.889798885210 0.350404777720 -0.145098375173 0.253812720626
1.3 -0.352289000000 -0.314884000000 0.635557000000 -0.889905895714 0.350734483706 -0.142069570737 0.254694043480
1.4 -0.349750000000 -0.313472000000 0.633304000000 -0.890686807001 0.349853005814 -0.140909071669 0.253819856747
1.5 -0.346602000000 -0.313147000000 0.632453000000 -0.890333097372 0.351083244070 -0.138586041730 0.254639825037
1.6 -0.344089000000 -0.311768000000 0.629606000000 -0.890986697137 0.350770977117 -0.138443880465 0.252855134610
1.7 -0.341846000000 -0.311006000000 0.627419000000 -0.891835553528 0.348746679516 -0.138198591407 0.252796851887
1.8 -0.340584000000 -0.309220000000 0.626786000000 -0.892518787305 0.347875538143 -0.137408342499 0.252015419530
1.9 -0.339606000000 -0.308382000000 0.625688000000 -0.892640133627 0.347230728437 -0.135383366197 0.253566080590
2.0 -0.338002000000 -0.306720000000 0.625044000000 -0.893623412494 0.345983800396 -0.134601660523 0.252219744450
2.1 -0.337114000000 -0.307116000000 0.624761000000 -0.893359994306 0.345258622031 -0.136067532314 0.253357516440
2.2 -0.336964000000 -0.307476000000 0.626329000000 -0.892560794146 0.345900545557 -0.135509564320 0.255587948297
2.3 -0.337772000000 -0.309375000000 0.624520000000 -0.892472828453 0.345266449259 -0.136248433144 0.256358526197
2.4 -0.338218000000 -0.309837000000 0.621512000000 -0.893402985018 0.344103862185 -0.137639680929 0.253927069500
2.5 -0.337774000000 -0.307851000000 0.620901000000 -0.893909497872 0.344229172958 -0.136316815167 0.252685203368
2.6 -0.338508000000 -0.306513000000 0.621869000000 -0.893688977558 0.342765014451 -0.134439279870 0.256433687896
2.7 -0.339725000000 -0.306820000000 0.621670000000 -0.893847714613 0.340967433233 -0.133299577597 0.258860377750
2.8 -0.339807000000 -0.306971000000 0.622031000000 -0.893608260731 0.341428174780 -0.131204578389 0.260146951604
2.9 -0.338346000000 -0.307592000000 0.619919000000 -0.891220670747 0.344533963802 -0.134321494569 0.262640057717
3.0 -0.338526000000 -0.306835000000 0.619505000000 -0.891127106543 0.344765101409 -0.134060032426 0.262787770911
3.1 -0.340158000000 -0.307222000000 0.620184000000 -0.891289909585 0.344568901408 -0.131415091513 0.263826918600
3.2 -0.340955000000 -0.307064000000 0.619991000000 -0.890683945003 0.345571183524 -0.130474894660 0.265026355472
3.3 -0.341926000000 -0.306026000000 0.619623000000 -0.889992206737 0.348165816782 -0.130303288727 0.264036908251
3.4 -0.342737000000 -0.306075000000 0.619437000000 -0.889251774730 0.348417210203 -0.131189496407 0.265755611053
3.5 -0.345163000000 -0.305360000000 0.618348000000 -0.888331780507 0.349886190854 -0.132433101784 0.266285138043
3.6 -0.347668000000 -0.305310000000 0.617923000000 -0.885723058173 0.353408786599 -0.133634424427 0.269701194627
3.7 -0.349673000000 -0.304904000000 0.618583000000 -0.884540092345 0.354592401197 -0.134302424271 0.271690840632
3.8 -0.353052000000 -0.304542000000 0.616337000000 -0.883014571334 0.358651817002 -0.135184281486 0.270886232601
3.9 -0.354973000000 -0.304319000000 0.614894000000 -0.881162687476 0.362449168614 -0.139182246134 0.269835543863
4.0 -0.356831000000 -0.305101000000 0.613653000000 -0.880270400318 0.363597955816 -0.142966927461 0.269222968009
4.1 -0.361402000000 -0.307220000000 0.610349000000 -0.878812105814 0.366980796426 -0.145348738376 0.268119603875
4.2 -0.365881000000 -0.307350000000 0.608760000000 -0.877041511361 0.372638922682 -0.144847745951 0.266378586122
4.3 -0.368522000000 -0.307107000000 0.608985000000 -0.874964118951 0.377997733319 -0.144427237211 0.265887715598
4.4 -0.372812000000 -0.306976000000 0.608395000000 -0.872184130098 0.383917307188 -0.145610493792 0.265894581638
4.5 -0.378080000000 -0.306893000000 0.608409000000 -0.869012132443 0.390143616851 -0.144619771416 0.267751738768
4.6 -0.382646000000 -0.307397000000 0.608707000000 -0.865926543371 0.394623541717 -0.143562936943 0.271722588211
4.7 -0.388740000000 -0.308981000000 0.608237000000 -0.862401005176 0.399584314903 -0.144309129723 0.275266700918
4.8 -0.395025000000 -0.311361000000 0.607346000000 -0.859007274379 0.404178598841 -0.144268566514 0.279164366491
4.9 -0.401330000000 -0.313042000000 0.606355000000 -0.855580564405 0.408759236840 -0.144858030697 0.282690528765
5.0 -0.405470000000 -0.313497000000 0.606876000000 -0.853421280214 0.411232923382 -0.144977973703 0.285553827404
5.1 -0.411538000000 -0.314999000000 0.607638000000 -0.850278053730 0.413801070736 -0.145424253482 0.290942763618
5.2 -0.417782000000 -0.316927000000 0.608415000000 -0.846163842755 0.417056436706 -0.145201100053 0.298307425922
5.3 -0.423250000000 -0.319358000000 0.606533000000 -0.841808489140 0.422785535790 -0.143830875059 0.303188947223
5.4 -0.428657000000 -0.321631000000 0.605057000000 -0.838999217609 0.426845728620 -0.143098655104 0.305623643912
5.5 -0.435506000000 -0.323807000000 0.602439000000 -0.835666915875 0.430740783027 -0.143064493851 0.309282612103
5.6 -0.440056000000 -0.324456000000 0.601372000000 -0.833598547735 0.433538385699 -0.142402954675 0.311254442281
5.7 -0.445786000000 -0.324814000000 0.600423000000 -0.830626536791 0.437129753044 -0.143293445937 0.313758065608
5.8 -0.452319000000 -0.326630000000 0.597967000000 -0.827454057182 0.439844437694 -0.143503510812 0.318219101040
5.9 -0.457112000000 -0.327659000000 0.596349000000 -0.826164975058 0.440919512326 -0.143022447189 0.320290488835
6.0 -0.463951000000 -0.329448000000 0.593358000000 -0.824818333318 0.441555020119 -0.141928657809 0.323357599760
6.1 -0.468722000000 -0.330338000000 0.590787000000 -0.823531304283 0.443125151535 -0.141568141412 0.324645579486
6.2 -0.470946000000 -0.329747000000 0.588310000000 -0.821888438955 0.445261193390 -0.141162595262 0.326059787880
6.3 -0.471760000000 -0.326221000000 0.585686000000 -0.820567219316 0.446828950454 -0.140398634645 0.327569154547
6.4 -0.470239000000 -0.322359000000 0.583410000000 -0.819379838654 0.448236277286 -0.141048508075 0.328338602821
6.5 -0.468393000000 -0.319301000000 0.581347000000 -0.818292853638 0.448277491805 -0.142573977197 0.330328256515
6.6 -0.466902000000 -0.314450000000 0.577877000000 -0.818339189630 0.447700539254 -0.143391442861 0.330641939235
6.7 -0.463742000000 -0.308833000000 0.578563000000 -0.818123960346 0.449344819209 -0.141628066708 0.329702759586
6.8 -0.460559000000 -0.305938000000 0.578654000000 -0.816327777944 0.451888903390 -0.140078040546 0.331335963197
6.9 -0.458282000000 -0.303511000000 0.576772000000 -0.815393974263 0.453998857146 -0.139111971432 0.331157913768
7.0 -0.453534000000 -0.297699000000 0.577340000000 -0.816106834266 0.456601408012 -0.135843746731 0.327156332263
7.1 -0.451133000000 -0.294128000000 0.578424000000 -0.814889532767 0.459443565022 -0.133667444013 0.327108046917
7.2 -0.448636000000 -0.289870000000 0.580006000000 -0.812906213550 0.462591736334 -0.132397247426 0.328120926369
7.3 -0.446724000000 -0.284420000000 0.581964000000 -0.810718575243 0.466048905770 -0.132113308240 0.328755050108
7.4 -0.446498000000 -0.279171000000 0.581773000000 -0.808585633771 0.469529402093 -0.131073465780 0.329471030590
7.5 -0.447214000000 -0.274212000000 0.580279000000 -0.808210369760 0.470543876364 -0.131539042474 0.328758176984
7.6 -0.449884000000 -0.267521000000 0.577402000000 -0.810327880363 0.470322566708 -0.130813677946 0.324119100353
7.7 -0.451077000000 -0.261892000000 0.574580000000 -0.814636453811 0.465281754949 -0.133131498816 0.319619055528
7.8 -0.449335000000 -0.257543000000 0.573912000000 -0.816669943087 0.461792453691 -0.138425709189 0.317232181231
7.9 -0.445758000000 -0.251917000000 0.576126000000 -0.813226049650 0.464460829805 -0.146865618795 0.318386588541
8.0 -0.444510000000 -0.246180000000 0.579981000000 -0.809345728585 0.468905612399 -0.149167575974 0.320680608332
8.1 -0.443905000000 -0.241273000000 0.583255000000 -0.809307932739 0.469034992988 -0.149285372915 0.320531937242
8.2 -0.444372000000 -0.234153000000 0.586796000000 -0.808566343041 0.467729655701 -0.150104486765 0.323910606701
8.3 -0.445969000000 -0.230376000000 0.586332000000 -0.808605592120 0.466173823940 -0.149577744004 0.326290454602
8.4 -0.445983000000 -0.228462000000 0.585611000000 -0.808341512342 0.467570745765 -0.150515761805 0.324509788106
8.5 -0.444867000000 -0.225804000000 0.585976000000 -0.806518595902 0.472001432137 -0.152092771770 0.321885369813
8.6 -0.444542000000 -0.223124000000 0.586734000000 -0.803954911019 0.476290210286 -0.154666122287 0.320753062730
8.7 -0.443856000000 -0.220396000000 0.587934000000 -0.801357923901 0.480861831262 -0.158585508157 0.318509047972
8.8 -0.444135000000 -0.218754000000 0.587181000000 -0.799008910387 0.485162158095 -0.160977573050 0.316683852524
8.9 -0.444201000000 -0.215912000000 0.584882000000 -0.797490133621 0.491109480729 -0.160842510916 0.311368995563
9.0 -0.441611000000 -0.211529000000 0.585165000000 -0.793545265165 0.501133206469 -0.159176050125 0.306291375286
9.1 -0.441052000000 -0.209629000000 0.584946000000 -0.790687425258 0.506471663977 -0.158584176741 0.305206336787
9.2 -0.438294000000 -0.206769000000 0.585411000000 -0.788306213340 0.512335560693 -0.158444829578 0.301630275733
9.3 -0.437385000000 -0.205507000000 0.584271000000 -0.786107746913 0.515558834454 -0.159476254045 0.301332080694
9.4 -0.437299000000 -0.203919000000 0.583393000000 -0.785068376012 0.516878927499 -0.159809770492 0.301603475691
9.5 -0.436950000000 -0.203184000000 0.582000000000 -0.784573107121 0.516631345467 -0.160537161455 0.302927239211
9.6 -0.437907000000 -0.203262000000 0.579096000000 -0.784023722563 0.515534796538 -0.162613854285 0.305102294995
9.7 -0.439131000000 -0.203273000000 0.576638000000 -0.784198964518 0.514389461974 -0.162637609547 0.306568872229
9.8 -0.438490000000 -0.203522000000 0.574257000000 -0.785318720226 0.511611659782 -0.162700625926 0.308312379839
9.9 -0.436650000000 -0.204758000000 0.572114000000 -0.784267403109 0.510781093673 -0.163196486808 0.312080472731
10.0 -0.436289000000 -0.206963000000 0.570273000000 -0.783867883265 0.508753228934 -0.162412016841 0.316770627458
10.1 -0.433918000000 -0.209388000000 0.569205000000 -0.784118570477 0.506713275570 -0.161392813920 0.319925121566
10.2 -0.431127000000 -0.210998000000 0.568936000000 -0.783548587097 0.505646656424 -0.161966328157 0.322707265256
10.3 -0.428817000000 -0.212927000000 0.568132000000 -0.783750617936 0.504428327182 -0.163019758992 0.323591702304
10.4 -0.424111000000 -0.215295000000 0.568260000000 -0.784127253626 0.503271923004 -0.162770793633 0.324603589594
10.5 -0.418959000000 -0.217105000000 0.568542000000 -0.783630608967 0.503333409844 -0.162105079609 0.326037559785
10.6 -0.413510000000 -0.219035000000 0.567894000000 -0.782482588282 0.504662678056 -0.161949287658 0.326816475472
10.7 -0.409922000000 -0.221720000000 0.567283000000 -0.782024280270 0.504989550322 -0.164103659747 0.326333522629
10.8 -0.407800000000 -0.224043000000 0.567167000000 -0.780876458171 0.505765719833 -0.165225345150 0.327312662504
10.9 -0.408083000000 -0.227637000000 0.566950000000 -0.781618870650 0.505033660989 -0.165178445096 0.326694082573
11.0 -0.409459000000 -0.231181000000 0.565517000000 -0.782088967167 0.504549044043 -0.165817104706 0.325993554196
11.1 -0.410338000000 -0.235684000000 0.563485000000 -0.781975079055 0.506037046107 -0.165897358619 0.323912874255
11.2 -0.410583000000 -0.240270000000 0.561719000000 -0.781031224306 0.508728035369 -0.166778900181 0.321513314099
11.3 -0.412802000000 -0.243025000000 0.559559000000 -0.780213525283 0.509575921415 -0.169971875898 0.320482131613
11.4 -0.416165000000 -0.244352000000 0.557228000000 -0.778762847968 0.511379201671 -0.174042469031 0.318949773001
11.5 -0.421319000000 -0.244756000000 0.553954000000 -0.776936457692 0.514112535323 -0.177645302688 0.317017646459
11.6 -0.426287000000 -0.245245000000 0.551923000000 -0.776254473930 0.516334222307 -0.178343570960 0.314676871212
11.7 -0.433247000000 -0.245532000000 0.547873000000 -0.776456849569 0.517918156305 -0.179625844849 0.310821653025
11.8 -0.438724000000 -0.245899000000 0.545610000000 -0.776387258079 0.520033307351 -0.180414085855 0.306983619046
11.9 -0.441891000000 -0.244876000000 0.545234000000 -0.776001529730 0.521239311435 -0.181736486576 0.305127933035
12.0 -0.446785000000 -0.245891000000 0.543530000000 -0.775763181411 0.521804528214 -0.181804819858 0.304726973173
12.1 -0.451462000000 -0.245302000000 0.541223000000 -0.775297021356 0.522795368945 -0.184044674952 0.302864802359
12.2 -0.454275000000 -0.244321000000 0.539653000000 -0.774267049584 0.524069568778 -0.186166984872 0.301999133696
12.3 -0.457263000000 -0.242591000000 0.538560000000 -0.773401564849 0.524363026441 -0.188961895722 0.301971584683
12.4 -0.460785000000 -0.240176000000 0.536552000000 -0.772892612959 0.524238460002 -0.190798327638 0.302335978771
12.5 -0.465582000000 -0.237341000000 0.534029000000 -0.772811256276 0.523511560732 -0.191246348533 0.303518108397
12.6 -0.469525000000 -0.235462000000 0.530674000000 -0.774538071113 0.521191197582 -0.191287385616 0.303083566139
12.7 -0.475171000000 -0.231767000000 0.526316000000 -0.775003441053 0.521324246591 -0.191080184680 0.301793073636
12.8 -0.481299000000 -0.228851000000 0.522507000000 -0.776675915539 0.519804466372 -0.191812176210 0.299643000952
12.9 -0.485298000000 -0.226975000000 0.520742000000 -0.777131859705 0.518974398745 -0.192995032413 0.299139705726
13.0 -0.490128000000 -0.224207000000 0.519239000000 -0.777045223084 0.518463407995 -0.194934291395 0.298993374324
13.1 -0.494058000000 -0.221530000000 0.518871000000 -0.776113420971 0.518221944924 -0.196851246305 0.300572055283
13.2 -0.498271000000 -0.220518000000 0.517878000000 -0.775274087930 0.518248439197 -0.197316834699 0.302381729936
13.3 -0.504057000000 -0.218711000000 0.516812000000 -0.775252501390 0.517731542859 -0.195337205419 0.304599712405
13.4 -0.509068000000 -0.216728000000 0.516423000000 -0.776070316740 0.516345380353 -0.192895851641 0.306420466163
13.5 -0.512069000000 -0.214867000000 0.516094000000 -0.776385848161 0.515150403447 -0.191499528962 0.308501226920
13.6 -0.515554000000 -0.212329000000 0.515030000000 -0.776099895167 0.513781160799 -0.190933484784 0.311836938027
13.7 -0.519045000000 -0.209792000000 0.513788000000 -0.776323437116 0.511934567960 -0.190915791875 0.314318436503
13.8 -0.521083000000 -0.208401000000 0.514291000000 -0.775998368031 0.510870324592 -0.190412969366 0.317144991073
13.9 -0.523493000000 -0.206066000000 0.515140000000 -0.774423496575 0.510562186683 -0.190902507364 0.321170880008
14.0 -0.525408000000 -0.205137000000 0.514080000000 -0.774121752484 0.509411998939 -0.191885408035 0.323132972398
14.1 -0.528001000000 -0.202652000000 0.512716000000 -0.773436005428 0.507395177170 -0.194464297144 0.326390129797
14.2 -0.529123000000 -0.201794000000 0.512167000000 -0.773771245679 0.505453241421 -0.195906913235 0.327743133330
14.3 -0.530418000000 -0.200257000000 0.511400000000 -0.773998078010 0.504259330302 -0.197222212020 0.328257371778
14.4 -0.531504000000 -0.198684000000 0.510209000000 -0.773584055169 0.504440014571 -0.197279612978 0.328920561216
14.5 -0.531966000000 -0.198383000000 0.508518000000 -0.773378300730 0.504211241351 -0.197614611725 0.329553475613
14.6 -0.532251000000 -0.195858000000 0.507079000000 -0.772654023193 0.504847705208 -0.199438868821 0.329178815529
14.7 -0.532665000000 -0.193423000000 0.504287000000 -0.772736079897 0.503288681024 -0.201421048308 0.330165133950
14.8 -0.533568000000 -0.190703000000 0.502163000000 -0.771557742657 0.503687251121 -0.200926987617 0.332605093844
14.9 -0.535015000000 -0.186496000000 0.499443000000 -0.771407234794 0.503531509751 -0.198755936682 0.334489124530
15.0 -0.536348000000 -0.181790000000 0.498731000000 -0.770997191176 0.503268022082 -0.197227770285 0.336728133331
15.1 -0.537733000000 -0.179575000000 0.497791000000 -0.771168433195 0.501179247031 -0.198533113736 0.338678627520
15.2 -0.539023000000 -0.178029000000 0.497251000000 -0.771012312560 0.498878788315 -0.200834412347 0.341065253679
15.3 -0.539123000000 -0.175800000000 0.498487000000 -0.770178818626 0.498638112818 -0.202795512189 0.342138276171
15.4 -0.539496000000 -0.174701000000 0.499129000000 -0.769278718500 0.498072580678 -0.204057089391 0.344230535992
15.5 -0.539047000000 -0.173533000000 0.501207000000 -0.768479958895 0.497111552901 -0.205864029315 0.346321610911
15.6 -0.538473000000 -0.172321000000 0.502961000000 -0.767293418611 0.496659493254 -0.207401645054 0.348675658952
15.7 -0.537979000000 -0.171548000000 0.503801000000 -0.765701441982 0.496596578644 -0.208880091370 0.351371950012
15.8 -0.536301000000 -0.170723000000 0.506145000000 -0.763835856473 0.496971502363 -0.210802894146 0.353746024748
15.9 -0.534474000000 -0.170155000000 0.508502000000 -0.761731051283 0.497712581180 -0.213095494575 0.355862757590
16.0 -0.533195000000 -0.169842000000 0.509246000000 -0.759789847568 0.498942947675 -0.216277429624 0.356369746096
16.1 -0.532754000000 -0.169422000000 0.508845000000 -0.758516809302 0.500265683900 -0.219050978956 0.355532226579
16.2 -0.532393000000 -0.169036000000 0.508071000000 -0.755690598448 0.503342171105 -0.222645000992 0.354975466389
16.3 -0.531694000000 -0.168538000000 0.508127000000 -0.752890888015 0.507602398982 -0.224724693715 0.353544802433
16.4 -0.531595000000 -0.167660000000 0.508302000000 -0.750661526031 0.511131804002 -0.226337396620 0.352168901474
16.5 -0.531014000000 -0.166026000000 0.508397000000 -0.748405030437 0.514486562530 -0.228754074320 0.350521127573
16.6 -0.530470000000 -0.164079000000 0.506636000000 -0.746557239563 0.517312037432 -0.231602701007 0.348426079491
16.7 -0.531241000000 -0.163088000000 0.503477000000 -0.746503684504 0.518170126587 -0.233066084532 0.346283365433
16.8 -0.530595000000 -0.161249000000 0.502258000000 -0.744935477821 0.522293853476 -0.234095160532 0.342753147790
16.9 -0.529596000000 -0.159027000000 0.502390000000 -0.741965759180 0.527129165425 -0.234901544671 0.341237335991
17.0 -0.528483000000 -0.157099000000 0.501852000000 -0.740199728014 0.529674169340 -0.235871650688 0.340461747314
17.1 -0.527343000000 -0.154825000000 0.499020000000 -0.739616292105 0.531038476948 -0.238124251575 0.338027687128
17.2 -0.525939000000 -0.153213000000 0.496403000000 -0.739571197900 0.532703444849 -0.239196472290 0.334733521965
17.3 -0.525807000000 -0.152227000000 0.494527000000 -0.738585211169 0.534598646375 -0.239858181039 0.333412996335
17.4 -0.526584000000 -0.148156000000 0.494132000000 -0.736663785912 0.538627543259 -0.238018831541 0.332496424041
17.5 -0.528907000000 -0.144658000000 0.492256000000 -0.736792499263 0.538676273060 -0.238740132089 0.331613985232
17.6 -0.530434000000 -0.142766000000 0.490883000000 -0.736502368041 0.539448495064 -0.239607728627 0.330375119259
17.7 -0.532078000000 -0.140161000000 0.489505000000 -0.736463089596 0.539527372130 -0.241754088473 0.328766319886
17.8 -0.533337000000 -0.137029000000 0.488877000000 -0.735915813801 0.539480287579 -0.243765926136 0.328583486448
17.9 -0.534594000000 -0.133664000000 0.487847000000 -0.735349275125 0.539784274792 -0.245110256012 0.328352467110
18.0 -0.535851000000 -0.131379000000 0.486296000000 -0.734901665227 0.540437258696 -0.245105396001 0.328284109744
18.1 -0.537739000000 -0.128433000000 0.485386000000 -0.734985091896 0.541252295726 -0.244544431371 0.327171038063
18.2 -0.539764000000 -0.126349000000 0.484124000000 -0.734698666902 0.542858870892 -0.242549703553 0.326637040845
18.3 -0.541576000000 -0.124626000000 0.483482000000 -0.734728101964 0.543202359466 -0.241522393535 0.326760992587
18.4 -0.544796000000 -0.121890000000 0.482974000000 -0.734918176559 0.543739999205 -0.240065169230 0.326513095526
18.5 -0.547648000000 -0.119191000000 0.483096000000 -0.735877155882 0.543326993809 -0.239240859401 0.325644592220
18.6 -0.548842000000 -0.116529000000 0.484742000000 -0.735257675900 0.544202530267 -0.239125726124 0.325666460026
18.7 -0.550090000000 -0.112904000000 0.487190000000 -0.733136398737 0.545721634639 -0.239812361978 0.327397234833
18.8 -0.549837000000 -0.108794000000 0.489594000000 -0.730247007988 0.548708232259 -0.241615961740 0.327536731083
18.9 -0.549934000000 -0.105974000000 0.490417000000 -0.727660085862 0.550913520641 -0.243747746018 0.328012390816
19.0 -0.549280000000 -0.103278000000 0.491345000000 -0.725592025839 0.553012009049 -0.245519120237 0.327741195892
19.1 -0.548355000000 -0.100524000000 0.494183000000 -0.724429754077 0.555091382500 -0.244510650328 0.327550958414
19.2 -0.547809000000 -0.099497500000 0.497118000000 -0.723665135542 0.556034034296 -0.243358443301 0.328498999055
19.3 -0.547623000000 -0.099418700000 0.501119000000 -0.722687885870 0.556881679274 -0.242103936266 0.330137394049
19.4 -0.546818000000 -0.097490800000 0.505885000000 -0.721419663496 0.559361025242 -0.238888774468 0.331060517118
19.5 -0.545790000000 -0.097503400000 0.509751000000 -0.719738115354 0.562034657445 -0.236188619166 0.332128025486
19.6 -0.544280000000 -0.097802900000 0.512197000000 -0.718084055497 0.564285100029 -0.234879279634 0.332820280519
19.7 -0.541399000000 -0.097817500000 0.515802000000 -0.714886014251 0.568439982663 -0.233748515823 0.333430058766
19.8 -0.538634000000 -0.097623500000 0.517840000000 -0.712632767794 0.572189126903 -0.233918048235 0.331717482248
19.9 -0.537096000000 -0.096765600000 0.518322000000 -0.710885887240 0.575193194629 -0.233810683752 0.330343167538
20.0 -0.535328000000 -0.095914000000 0.518072000000 -0.707669796630 0.579336240813 -0.235177805017 0.329035528547
20.1 -0.534451000000 -0.093933000000 0.516981000000 -0.704771127459 0.582712481850 -0.237659843254 0.327508198830
20.2 -0.534228000000 -0.091753000000 0.516087000000 -0.704013641850 0.584310002042 -0.238219826708 0.325880235309
20.3 -0.534754000000 -0.089349200000 0.514626000000 -0.703490256715 0.585638150463 -0.238708812647 0.324264580541
20.4 -0.535059000000 -0.086930000000 0.513672000000 -0.703866077659 0.585927017162 -0.239256274891 0.322519007512
20.5 -0.536001000000 -0.085900900000 0.512554000000 -0.704339608179 0.585589152491 -0.239505126447 0.321913583499
20.6 -0.536564000000 -0.084355100000 0.512755000000 -0.704936678387 0.585089982239 -0.239948395157 0.321183374119
20.7 -0.538044000000 -0.083267400000 0.512215000000 -0.705482721849 0.583813712851 -0.241309159237 0.321287359740
20.8 -0.539061000000 -0.082666300000 0.511895000000 -0.706260208939 0.582581695898 -0.242173447915 0.321165231616
20.9 -0.541001000000 -0.082019800000 0.510222000000 -0.706750157519 0.581238997162 -0.244210400319 0.320977761535
21.0 -0.542348000000 -0.080549100000 0.509649000000 -0.707315081892 0.581042818911 -0.243773157453 0.320420450698
21.1 -0.542897000000 -0.079380500000 0.510362000000 -0.707326947659 0.580798544822 -0.244010437535 0.320656429567
21.2 -0.542729000000 -0.079357100000 0.510629000000 -0.705177331399 0.581288301920 -0.246740219601 0.322409840673
21.3 -0.542908000000 -0.078197700000 0.509143000000 -0.703711704011 0.582161603826 -0.249188668468 0.322153243310
21.4 -0.543602000000 -0.076848200000 0.507495000000 -0.703730250491 0.582702157506 -0.249395734369 0.320973048496
21.5 -0.543321000000 -0.075371800000 0.507498000000 -0.703456347438 0.582922186918 -0.249784290250 0.320871780612
21.6 -0.543069000000 -0.072121900000 0.507622000000 -0.702025661808 0.583131231963 -0.251915485093 0.321957333884
21.7 -0.544414000000 -0.069854600000 0.506137000000 -0.701679611276 0.582996355345 -0.253563214197 0.321662352754
21.8 -0.545529000000 -0.067430000000 0.505416000000 -0.701377562021 0.582918040170 -0.254645742511 0.321607866446
21.9 -0.546651000000 -0.064677800000 0.504166000000 -0.700990756924 0.582812138308 -0.256021392472 0.321550955129
22.0 -0.547280000000 -0.063279900000 0.502482000000 -0.700165107677 0.583296890379 -0.258424562816 0.320546884245
22.1 -0.547487000000 -0.062506300000 0.501730000000 -0.699234084543 0.584430311754 -0.259268718169 0.319832202094
22.2 -0.548018000000 -0.061080500000 0.500402000000 -0.698239871393 0.585998734452 -0.259886506141 0.318630772437
22.3 -0.547577000000 -0.059727200000 0.499748000000 -0.697377431007 0.587721679636 -0.259638921585 0.317546179958
22.4 -0.547109000000 -0.058586700000 0.499012000000 -0.696004290157 0.589158684671 -0.260745134418 0.316989033307
22.5 -0.546240000000 -0.056169400000 0.498419000000 -0.692079506398 0.592887776836 -0.261450808657 0.318046404718
22.6 -0.547034000000 -0.053987300000 0.495487000000 -0.689340776593 0.596560991728 -0.261009497533 0.317487510104
22.7 -0.547437000000 -0.051999900000 0.493439000000 -0.688452149155 0.598937881801 -0.260265980224 0.315545038949
22.8 -0.548367000000 -0.049144500000 0.490738000000 -0.687240921855 0.601548268812 -0.261180474829 0.312448964128
22.9 -0.549402000000 -0.045560300000 0.489247000000 -0.687165729732 0.601580325162 -0.262397691894 0.311531416632
23.0 -0.551041000000 -0.042700800000 0.488167000000 -0.687435730679 0.601300263970 -0.263065543334 0.310912573959
23.1 -0.553787000000 -0.039588800000 0.487280000000 -0.688436724968 0.600181268189 -0.263896629231 0.310154622906
23.2 -0.556309000000 -0.036909600000 0.486136000000 -0.690107189533 0.598204095588 -0.265685940665 0.308731125592
23.3 -0.558620000000 -0.034937800000 0.484542000000 -0.690651389910 0.597915428177 -0.265336880731 0.308373374477
23.4 -0.559944000000 -0.033427600000 0.484143000000 -0.691321364116 0.597566858899 -0.264502926804 0.308264208715
23.5 -0.561684000000 -0.029923700000 0.483637000000 -0.690859471944 0.598310212646 -0.262981771193 0.309157997614
23.6 -0.562846000000 -0.025816100000 0.483080000000 -0.689730256397 0.600100073548 -0.261636977608 0.309351203466
23.7 -0.563895000000 -0.022012900000 0.482129000000 -0.690350229569 0.600117489410 -0.260528161684 0.308869934451
23.8 -0.564774000000 -0.018189700000 0.482290000000 -0.692347001456 0.599447406241 -0.258877105421 0.307084810784
23.9 -0.565237000000 -0.014305900000 0.485282000000 -0.692815592307 0.599640339546 -0.257154523104 0.307098631537
24.0 -0.566947000000 -0.011865000000 0.487633000000 -0.693080855275 0.599733769781 -0.255413267768 0.307770037663
24.1 -0.568173000000 -0.008689850000 0.492739000000 -0.691083069672 0.603130664756 -0.250957807238 0.309285904997
24.2 -0.568540000000 -0.005523270000 0.498279000000 -0.688930230524 0.605039789164 -0.247910073032 0.312797996618
24.3 -0.569124000000 -0.004168850000 0.500854000000 -0.688684806782 0.605021280132 -0.245490970083 0.315272376053
24.4 -0.568694000000 -0.005221620000 0.503897000000 -0.688949557893 0.604985882054 -0.243918205390 0.315981800541
24.5 -0.567332000000 -0.007467670000 0.508284000000 -0.688966004543 0.604201969752 -0.244204603188 0.317222218821
24.6 -0.566067000000 -0.009392370000 0.512742000000 -0.687867620450 0.603212349479 -0.245857392865 0.320198595479
24.7 -0.564783000000 -0.012691100000 0.518382000000 -0.686292392538 0.602313211867 -0.246614657236 0.324657908560
24.8 -0.562657000000 -0.016054300000 0.525362000000 -0.685134748264 0.601106729005 -0.246682460436 0.329254978368
24.9 -0.561942000000 -0.019392600000 0.530069000000 -0.685141148372 0.598371188090 -0.248023028789 0.333193795352
25.0 -0.560851000000 -0.023058400000 0.537223000000 -0.683295074235 0.598078333108 -0.247586161546 0.337803554752
25.1 -0.559961000000 -0.026714700000 0.543162000000 -0.682214575789 0.598039178134 -0.246621490002 0.340749548302
25.2 -0.558259000000 -0.030431500000 0.548079000000 -0.681484860702 0.596397846515 -0.249319132180 0.343115088032
25.3 -0.555880000000 -0.032923800000 0.552279000000 -0.679157747475 0.596681011678 -0.252413855377 0.344969230455
25.4 -0.551889000000 -0.036209300000 0.557072000000 -0.674931237795 0.598902289615 -0.256757516682 0.346207234716
25.5 -0.547910000000 -0.040604100000 0.560598000000 -0.671714351526 0.600554220476 -0.260578311164 0.346746884591
25.6 -0.545158000000 -0.043841000000 0.563057000000 -0.670089570858 0.601023362073 -0.263461380474 0.346899100992
25.7 -0.542040000000 -0.048372800000 0.565035000000 -0.668697434515 0.600859256175 -0.267461417699 0.346808715844
25.8 -0.539999000000 -0.052289000000 0.565436000000 -0.668921212857 0.600686966730 -0.269059861793 0.345436491648
25.9 -0.539084000000 -0.054870500000 0.564487000000 -0.670234267577 0.599913779286 -0.269892610870 0.343580358266
26.0 -0.538013000000 -0.059249100000 0.562694000000 -0.674562578642 0.596655884067 -0.269605643874 0.340998358201
26.1 -0.537252000000 -0.062979200000 0.561718000000 -0.679147954499 0.593169870423 -0.268211838575 0.339072219993
26.2 -0.537638000000 -0.065825500000 0.560737000000 -0.682991197696 0.589865680942 -0.266983941906 0.338084423008
26.3 -0.537526000000 -0.068957900000 0.561373000000 -0.686898929782 0.586226700155 -0.265247546243 0.337863664075
26.4 -0.538332000000 -0.072377100000 0.561398000000 -0.691612520842 0.580977806953 -0.264047008135 0.338254469797
26.5 -0.538621000000 -0.074553000000 0.561674000000 -0.694439379031 0.578144855088 -0.262860348331 0.338240909208
26.6 -0.537900000000 -0.078798200000 0.562449000000 -0.698070252057 0.574396220225 -0.261895592652 0.337901766692
26.7 -0.536246000000 -0.083526900000 0.563640000000 -0.700524215449 0.571693686350 -0.260862653077 0.338205305676
26.8 -0.534728000000 -0.087756600000 0.564269000000 -0.702056452071 0.570202798600 -0.260055198497 0.338166823194
26.9 -0.532066000000 -0.094940600000 0.564351000000 -0.704423538870 0.568534937187 -0.259098495825 0.336784014682
27.0 -0.528046000000 -0.103483000000 0.563861000000 -0.706414218715 0.567665450382 -0.258445349361 0.334575685658
27.1 -0.523466000000 -0.113446000000 0.563705000000 -0.708833075700 0.565762076909 -0.257600885933 0.333332756705
27.2 -0.520817000000 -0.120012000000 0.563450000000 -0.711593242654 0.563387880241 -0.256939737380 0.331980609015
27.3 -0.518300000000 -0.129412000000 0.562584000000 -0.715795382909 0.559636510200 -0.254018568708 0.331539610015
27.4 -0.514280000000 -0.137726000000 0.563415000000 -0.720207301496 0.555933889362 -0.250761847160 0.330692379019
27.5 -0.511481000000 -0.143211000000 0.563716000000 -0.722798710678 0.553152288826 -0.248999179196 0.331034708103
27.6 -0.507402000000 -0.151430000000 0.563593000000 -0.727118963353 0.549417966057 -0.245585956560 0.330341413761
27.7 -0.501424000000 -0.156716000000 0.565499000000 -0.731029154734 0.546013037900 -0.242919340154 0.329327089004
27.8 -0.497401000000 -0.161110000000 0.567024000000 -0.734327770232 0.542333709288 -0.240733543195 0.329672920964
27.9 -0.493742000000 -0.166926000000 0.567263000000 -0.739835946805 0.537080271220 -0.236718000650 0.328864930102
28.0 -0.490864000000 -0.173222000000 0.565909000000 -0.747796145460 0.530462108427 -0.231323404298 0.325423353468
28.1 -0.487635000000 -0.177125000000 0.565884000000 -0.753009002626 0.526115985935 -0.228233096406 0.322628369821
28.2 -0.484052000000 -0.182753000000 0.566134000000 -0.758955031743 0.518754993492 -0.227098604209 0.321413659457
28.3 -0.480749000000 -0.186288000000 0.567752000000 -0.763124322000 0.513503020376 -0.224273770117 0.321958371958
28.4 -0.478193000000 -0.189460000000 0.568444000000 -0.766740981193 0.509122997419 -0.221458317433 0.322270468546
28.5 -0.473320000000 -0.192314000000 0.570028000000 -0.771216759880 0.503990745421 -0.217956963257 0.322044717358
28.6 -0.468240000000 -0.194387000000 0.571379000000 -0.775368152920 0.498343964487 -0.216215775722 0.322037666782
28.7 -0.461669000000 -0.196445000000 0.572668000000 -0.778642920885 0.494156145248 -0.214736544274 0.321579107565
28.8 -0.456360000000 -0.197836000000 0.573160000000 -0.780404618998 0.492035056516 -0.213554672158 0.321347997978
28.9 -0.449375000000 -0.198931000000 0.572531000000 -0.782243707051 0.490278780122 -0.214406414921 0.318984936607
29.0 -0.444039000000 -0.200702000000 0.570772000000 -0.785429360840 0.487716837257 -0.215884789706 0.314048982422
29.1 -0.437659000000 -0.201950000000 0.569288000000 -0.789102413639 0.485826100941 -0.216178111932 0.307501876994
29.2 -0.433095000000 -0.202411000000 0.569256000000 -0.792418612786 0.481852394556 -0.217766208607 0.304086978280
29.3 -0.430643000000 -0.202679000000 0.569000000000 -0.795973826719 0.476636924734 -0.219558186647 0.301723568576
29.4 -0.430311000000 -0.203243000000 0.567788000000 -0.801751080849 0.469093130515 -0.220394481004 0.297612351901
29.5 -0.429707000000 -0.204252000000 0.568236000000 -0.808716163549 0.461032853010 -0.219153107473 0.292230714925
29.6 -0.430214000000 -0.205601000000 0.569570000000 -0.813220267120 0.455386994831 -0.216771457210 0.290354296376
29.7 -0.430925000000 -0.208117000000 0.569155000000 -0.816440560790 0.451170306271 -0.215678742879 0.288708928345
29.8 -0.430800000000 -0.209895000000 0.569947000000 -0.820529913165 0.446189162378 -0.214293117993 0.285874714796
29.9 -0.430158000000 -0.211038000000 0.571766000000 -0.824189443259 0.441421252808 -0.212222187082 0.284289962012
30.0 -0.429147000000 -0.212785000000 0.573905000000 -0.825468442033 0.437796338475 -0.211639894568 0.286609093110
30.1 -0.427970000000 -0.213819000000 0.576604000000 -0.826406696751 0.435277695078 -0.209977001882 0.288954941840
30.2 -0.426397000000 -0.214448000000 0.579562000000 -0.828583083550 0.430940172701 -0.206889402560 0.291440244846
30.3 -0.425306000000 -0.215600000000 0.581594000000 -0.828733404879 0.428515996904 -0.207487381117 0.294149572008
30.4 -0.424986000000 -0.217077000000 0.583120000000 -0.830416157942 0.422221435456 -0.209372020113 0.297155550621
30.5 -0.424551000000 -0.218481000000 0.584534000000 -0.832475379995 0.417156533770 -0.210299553553 0.297891365789
30.6 -0.424426000000 -0.220016000000 0.584599000000 -0.834065778164 0.414065776926 -0.211484184918 0.296914549331
30.7 -0.424263000000 -0.220667000000 0.584335000000 -0.836104888210 0.411207730622 -0.212213632084 0.294622118222
30.8 -0.424408000000 -0.221775000000 0.583217000000 -0.839650398783 0.405807610370 -0.213613415689 0.290992611291
30.9 -0.424486000000 -0.221735000000 0.583469000000 -0.843780635514 0.398907966032 -0.213952809136 0.288324243224
31.0 -0.425592000000 -0.222143000000 0.583333000000 -0.846831614368 0.392786900155 -0.214518661202 0.287361117708
31.1 -0.426415000000 -0.221299000000 0.584234000000 -0.850457891441 0.386325501886 -0.214055973788 0.285751678148
31.2 -0.425907000000 -0.222195000000 0.584502000000 -0.854115004817 0.378419230949 -0.214412709441 0.285155456242
31.3 -0.424054000000 -0.223212000000 0.584980000000 -0.857586549607 0.371909776127 -0.214689413139 0.283084588488
31.4 -0.421264000000 -0.224946000000 0.585634000000 -0.861119434815 0.365620938492 -0.215604153462 0.279838341423
31.5 -0.421079000000 -0.224435000000 0.584832000000 -0.864788164347 0.359774269422 -0.218291044887 0.273957890174
31.6 -0.422759000000 -0.223353000000 0.584081000000 -0.868416349607 0.354167572247 -0.217688815248 0.270240548808
31.7 -0.424204000000 -0.221880000000 0.583860000000 -0.874427320633 0.345512376492 -0.217434826923 0.262145293039
31.8 -0.424666000000 -0.221567000000 0.585314000000 -0.876854447317 0.340784827706 -0.216980096696 0.260598574563
31.9 -0.423721000000 -0.221599000000 0.586557000000 -0.877378382601 0.340565369407 -0.216076422083 0.259871858279
32.0 -0.421375000000 -0.220692000000 0.588247000000 -0.878684668581 0.339251958383 -0.213355565182 0.259423909345
32.1 -0.418905000000 -0.221352000000 0.588715000000 -0.880166663571 0.337113026728 -0.211225010066 0.258931355132
32.2 -0.416212000000 -0.222383000000 0.589175000000 -0.881233601538 0.335738624142 -0.210412145363 0.257747249964
32.3 -0.411793000000 -0.223964000000 0.590028000000 -0.880735734359 0.335304582049 -0.211435205907 0.259172832648
32.4 -0.409167000000 -0.228039000000 0.589493000000 -0.880524255447 0.334256570675 -0.212189575637 0.260624566226
32.5 -0.405632000000 -0.230707000000 0.591308000000 -0.882023994898 0.332629926374 -0.208907788064 0.260285498234
32.6 -0.402644000000 -0.233715000000 0.593746000000 -0.882857399432 0.331260701671 -0.205781189817 0.261693067762
32.7 -0.398472000000 -0.236612000000 0.598466000000 -0.883527109260 0.329485784211 -0.205228520075 0.262107267646
32.8 -0.395388000000 -0.237717000000 0.602170000000 -0.884866471309 0.325503692775 -0.204650928220 0.263014584237
32.9 -0.393738000000 -0.239030000000 0.603667000000 -0.885847257011 0.321339827033 -0.205888802666 0.263865787371
33.0 -0.390369000000 -0.240663000000 0.606184000000 -0.887409533101 0.317358254999 -0.206378800213 0.263051039473
33.1 -0.385677000000 -0.241547000000 0.610558000000 -0.886936782634 0.316661429517 -0.206258681570 0.265567390589
33.2 -0.382008000000 -0.242389000000 0.612978000000 -0.886290155847 0.317229240517 -0.205491128494 0.267635507212
33.3 -0.376883000000 -0.244605000000 0.615513000000 -0.885948456679 0.316690479081 -0.204965082219 0.269799532316
33.4 -0.374297000000 -0.247175000000 0.616013000000 -0.886135648358 0.315143936305 -0.203071902784 0.272414600230
33.5 -0.372077000000 -0.247977000000 0.616458000000 -0.887958014287 0.311759427224 -0.201313584952 0.271678974001
33.6 -0.370303000000 -0.251837000000 0.616181000000 -0.890042908844 0.307914994472 -0.198083983965 0.271615006751
33.7 -0.367695000000 -0.254379000000 0.618151000000 -0.893495657547 0.302735082407 -0.193028593571 0.269734947474
33.8 -0.366351000000 -0.257954000000 0.619144000000 -0.895943231046 0.297709242761 -0.190670569048 0.268885975122
33.9 -0.364967000000 -0.263310000000 0.619828000000 -0.899704094230 0.290046764732 -0.188090163216 0.266509863974
34.0 -0.363043000000 -0.267844000000 0.620962000000 -0.902795629955 0.283082560063 -0.184641222472 0.265954758721
34.1 -0.362151000000 -0.273816000000 0.620437000000 -0.904938242729 0.277556178222 -0.183454757546 0.265318104756
34.2 -0.357349000000 -0.280760000000 0.621951000000 -0.907655787630 0.274198103416 -0.180129099109 0.261782121084
34.3 -0.351208000000 -0.289348000000 0.623520000000 -0.908810086418 0.271760619846 -0.178579715965 0.261380330883
34.4 -0.344578000000 -0.297284000000 0.624475000000 -0.909683476776 0.269096690531 -0.177860543935 0.261588551236
34.5 -0.340105000000 -0.303216000000 0.624796000000 -0.910227294733 0.268031992417 -0.175955713140 0.262077679282
34.6 -0.335983000000 -0.311040000000 0.624334000000 -0.910472824842 0.265717645732 -0.175173207366 0.264097927656
34.7 -0.333733000000 -0.317424000000 0.623618000000 -0.911180053654 0.263104660248 -0.174601340778 0.264653016945
34.8 -0.331956000000 -0.320378000000 0.623898000000 -0.911600199252 0.260847415669 -0.174947552243 0.265211342945
34.9 -0.330880000000 -0.325952000000 0.624181000000 -0.912370859010 0.255462021248 -0.174087654784 0.268350628434
35.0 -0.332297000000 -0.332441000000 0.622980000000 -0.913524257677 0.247949351655 -0.171291563901 0.273228383933
35.1 -0.332021000000 -0.336797000000 0.621909000000 -0.914439136287 0.245131616135 -0.169710198517 0.273696922375
35.2 -0.332716000000 -0.343072000000 0.621045000000 -0.914975067427 0.242024611098 -0.168821215241 0.275216480056
35.3 -0.331921000000 -0.346725000000 0.623755000000 -0.913408725992 0.243473912323 -0.167829269353 0.279711082457
35.4 -0.330075000000 -0.349110000000 0.624314000000 -0.912781901616 0.243416827304 -0.167695597498 0.281878759127
35.5 -0.328437000000 -0.351737000000 0.624183000000 -0.912098881209 0.242739871340 -0.165173201148 0.286130738268
35.6 -0.325023000000 -0.352513000000 0.625026000000 -0.912457502863 0.237740683218 -0.164211700458 0.289715706244
35.7 -0.323351000000 -0.353766000000 0.623653000000 -0.912209923198 0.234837114762 -0.163410260559 0.293294514599
35.8 -0.319537000000 -0.354984000000 0.623276000000 -0.912850012728 0.230830650143 -0.160668520388 0.295985965502
35.9 -0.314726000000 -0.357490000000 0.619397000000 -0.914283244733 0.228657552427 -0.159557543157 0.293842240905
36.0 -0.308310000000 -0.358581000000 0.614666000000 -0.916175964475 0.226986430780 -0.156926573677 0.290642069965
36.1 -0.302339000000 -0.358377000000 0.611363000000 -0.917924460935 0.225885383272 -0.155328141465 0.286816397911
36.2 -0.296312000000 -0.359909000000 0.605409000000 -0.920163998874 0.225418550555 -0.151765886131 0.281871971024
36.3 -0.287765000000 -0.359598000000 0.604108000000 -0.921727051342 0.224195969264 -0.149824485885 0.278761607148
36.4 -0.280747000000 -0.360168000000 0.604643000000 -0.923132233019 0.219872837955 -0.149520056187 0.277716705095
36.5 -0.271347000000 -0.360039000000 0.602952000000 -0.925656781306 0.212020251671 -0.148508627609 0.275956742315
36.6 -0.268417000000 -0.359334000000 0.601896000000 -0.926953934616 0.208833208397 -0.148418632202 0.274074814213
36.7 -0.264040000000 -0.358217000000 0.600230000000 -0.928531765689 0.204841976208 -0.148387019371 0.271753228817
36.8 -0.257601000000 -0.357411000000 0.598608000000 -0.930760120815 0.197823487842 -0.148840386745 0.269068772680
36.9 -0.251662000000 -0.357939000000 0.598163000000 -0.932316550352 0.190211375686 -0.148216775465 0.269513023749
37.0 -0.251092000000 -0.358680000000 0.596437000000 -0.932596585985 0.187757773267 -0.148313540180 0.270210510871
37.1 -0.248216000000 -0.359967000000 0.594408000000 -0.933703693356 0.183016342146 -0.146523192921 0.270616676238
37.2 -0.244811000000 -0.360980000000 0.593490000000 -0.935198547461 0.174372542956 -0.143888135755 0.272569436067
37.3 -0.242401000000 -0.362506000000 0.591402000000 -0.936481178744 0.167002027670 -0.141940137754 0.273799784342
37.4 -0.238482000000 -0.363222000000 0.588201000000 -0.939266797096 0.155214434539 -0.140006612340 0.272184701415
37.5 -0.234335000000 -0.363050000000 0.586974000000 -0.940426332235 0.147811236729 -0.139441750132 0.272591544725
37.6 -0.229790000000 -0.363602000000 0.586607000000 -0.940962155138 0.142124428908 -0.139050536640 0.273963168264
37.7 -0.222988000000 -0.366168000000 0.584836000000 -0.941604657121 0.136146800257 -0.138734375052 0.274949980263
37.8 -0.215010000000 -0.368966000000 0.583524000000 -0.942651508928 0.130152298866 -0.138190508766 0.274539423587
37.9 -0.209010000000 -0.372082000000 0.580673000000 -0.943643467284 0.123110868779 -0.137426632556 0.274762881963
38.0 -0.205066000000 -0.373634000000 0.577662000000 -0.945185175194 0.115118954210 -0.136512102608 0.273380790869
38.1 -0.201837000000 -0.374073000000 0.575774000000 -0.946549215155 0.106509234263 -0.133795018468 0.273494532557
38.2 -0.200502000000 -0.375719000000 0.574797000000 -0.947198775232 0.096678197382 -0.131171205151 0.276155610642
38.3 -0.199422000000 -0.376686000000 0.574684000000 -0.947436530419 0.089749996827 -0.128314375953 0.279006056960
38.4 -0.198025000000 -0.378721000000 0.573947000000 -0.947444103332 0.080025886231 -0.124459028557 0.283646750035
38.5 -0.196380000000 -0.380973000000 0.572845000000 -0.947815123085 0.073257475054 -0.122672396349 0.285011083950
38.6 -0.193547000000 -0.382398000000 0.573015000000 -0.948601256376 0.069319104541 -0.122314075894 0.283530924215
38.7 -0.190024000000 -0.385560000000 0.573021000000 -0.948942893919 0.065132372968 -0.122840352221 0.283152619514
38.8 -0.186902000000 -0.389701000000 0.572703000000 -0.948856656469 0.063035997207 -0.123289969551 0.283720094351
38.9 -0.184068000000 -0.391779000000 0.572720000000 -0.948588888951 0.062270365057 -0.123881926509 0.284525551890
39.0 -0.180927000000 -0.395083000000 0.571900000000 -0.948282636797 0.061666013777 -0.125309411160 0.285052442490
39.1 -0.180052000000 -0.397195000000 0.572073000000 -0.948207888085 0.059399662017 -0.126440367096 0.285282867861
39.2 -0.180306000000 -0.398913000000 0.573022000000 -0.947857720699 0.056539339179 -0.126397143086 0.287041472015
39.3 -0.183227000000 -0.399962000000 0.573740000000 -0.947911720161 0.055504968613 -0.126327929885 0.287095495213
39.4 -0.187708000000 -0.401386000000 0.572658000000 -0.948430361881 0.056322386753 -0.126518738176 0.285132681928
39.5 -0.189437000000 -0.401326000000 0.572081000000 -0.949137540423 0.057828464339 -0.127372501949 0.282081626165
39.6 -0.192684000000 -0.401028000000 0.571797000000 -0.950032203145 0.058631286039 -0.128219613468 0.278497605029
39.7 -0.197620000000 -0.401149000000 0.571545000000 -0.949655788248 0.062153294457 -0.128391796563 0.278937983090
39.8 -0.202061000000 -0.400864000000 0.572017000000 -0.949373452261 0.066532653015 -0.126090036382 0.279937058907
39.9 -0.204129000000 -0.400566000000 0.572476000000 -0.948656633991 0.069750185106 -0.126597717027 0.281351240455
40.0 -0.205912000000 -0.399109000000 0.573032000000 -0.948056087135 0.072192454847 -0.127900677464 0.282168959693
40.1 -0.208241000000 -0.397766000000 0.572773000000 -0.947167396752 0.074182160859 -0.128456710197 0.284376164870
40.2 -0.210005000000 -0.396717000000 0.571328000000 -0.947206535459 0.074728104455 -0.129455413183 0.283649053559
40.3 -0.212769000000 -0.394727000000 0.569425000000 -0.947775470196 0.074891268818 -0.130813935869 0.281070578562
40.4 -0.215665000000 -0.392115000000 0.567989000000 -0.947636477376 0.075047286987 -0.131958297760 0.280962664985
40.5 -0.218998000000 -0.390921000000 0.567032000000 -0.947224191871 0.075973588760 -0.132339608764 0.281922989656
40.6 -0.221702000000 -0.389937000000 0.566764000000 -0.946572659105 0.078119247894 -0.132886276029 0.283264579125
40.7 -0.223948000000 -0.388845000000 0.566562000000 -0.946092874126 0.080090027405 -0.134587196276 0.283513928471
40.8 -0.225358000000 -0.387907000000 0.565958000000 -0.945316783185 0.083430200687 -0.135786222741 0.284565779314
40.9 -0.224798000000 -0.386906000000 0.563882000000 -0.945862338676 0.084805373171 -0.135948455899 0.282259636317
41.0 -0.223553000000 -0.384741000000 0.561669000000 -0.946193398776 0.085229802172 -0.136593153062 0.280706685834
41.1 -0.222965000000 -0.382483000000 0.560223000000 -0.946488253670 0.085263247682 -0.136563746282 0.279715046897
41.2 -0.221731000000 -0.380025000000 0.560725000000 -0.946632520119 0.085211476586 -0.133931070038 0.280514428487
41.3 -0.218571000000 -0.377793000000 0.560117000000 -0.946945212776 0.082522003751 -0.132382536798 0.280997770183
41.4 -0.215900000000 -0.376900000000 0.559095000000 -0.947760904597 0.079421077005 -0.130836270177 0.279863235619
41.5 -0.210749000000 -0.375180000000 0.560606000000 -0.947765102572 0.072374452389 -0.128000368473 0.283053271770
41.6 -0.203571000000 -0.375099000000 0.559063000000 -0.947835837439 0.065655242650 -0.126973466622 0.284911132028
41.7 -0.194930000000 -0.374200000000 0.559597000000 -0.948615023112 0.058680811687 -0.127128221949 0.283768418698
41.8 -0.189198000000 -0.372980000000 0.561849000000 -0.947650670829 0.056343836271 -0.127523782103 0.287265144406
41.9 -0.183372000000 -0.372723000000 0.560664000000 -0.947890603208 0.051251345736 -0.129722202162 0.286441711657
42.0 -0.179072000000 -0.372254000000 0.559521000000 -0.948681281986 0.045423702731 -0.129308696881 0.284990830292
42.1 -0.176352000000 -0.372059000000 0.559869000000 -0.948877875697 0.041884941926 -0.127251081440 0.285803413073
42.2 -0.172703000000 -0.370803000000 0.561962000000 -0.949308882460 0.034972155255 -0.124780808553 0.286390195111
42.3 -0.171243000000 -0.370528000000 0.562229000000 -0.949427041979 0.025629303911 -0.122448586479 0.287989191482
42.4 -0.169760000000 -0.369882000000 0.562278000000 -0.950062320470 0.018825784920 -0.119460543030 0.287674044196
42.5 -0.167002000000 -0.369130000000 0.562647000000 -0.950582257882 0.008631051095 -0.116817640818 0.287528285130
42.6 -0.163182000000 -0.368634000000 0.563474000000 -0.950700245224 -0.001477781639 -0.114993654582 0.287998818223
42.7 -0.160162000000 -0.368579000000 0.564086000000 -0.950494024309 -0.009089150721 -0.114586188833 0.288701407029
42.8 -0.156409000000 -0.369371000000 0.564093000000 -0.950468949438 -0.015970670811 -0.112369000143 0.289356046480
42.9 -0.152583000000 -0.371478000000 0.562965000000 -0.951013959235 -0.023107060475 -0.109530731706 0.288169276482
43.0 -0.149277000000 -0.372723000000 0.563066000000 -0.951035001308 -0.028222736519 -0.108156166948 0.288163403266
43.1 -0.143588000000 -0.374715000000 0.565121000000 -0.950448805941 -0.035329599198 -0.106613335117 0.289883568837
43.2 -0.137175000000 -0.377105000000 0.566606000000 -0.949632092366 -0.041515630859 -0.105084656309 0.292288481730
43.3 -0.132153000000 -0.378731000000 0.566784000000 -0.949342631639 -0.044823168432 -0.103371260696 0.293349337457
43.4 -0.123947000000 -0.380164000000 0.565871000000 -0.949573440627 -0.049374166269 -0.102022670606 0.292342003899
43.5 -0.117363000000 -0.380328000000 0.565454000000 -0.949422127525 -0.056833606754 -0.101710516082 0.291586240808
43.6 -0.111738000000 -0.380433000000 0.564682000000 -0.948450029390 -0.066621205670 -0.100632347422 0.293048267964
43.7 -0.108213000000 -0.380568000000 0.562818000000 -0.948004520557 -0.075702203980 -0.099144031247 0.292791848221
43.8 -0.103853000000 -0.380649000000 0.560959000000 -0.947085812779 -0.086336739407 -0.095663167275 0.293977871765
43.9 -0.095506000000 -0.381331000000 0.558957000000 -0.946182831942 -0.095821827298 -0.091840568970 0.295163574723
44.0 -0.093701000000 -0.381280000000 0.558637000000 -0.946014816327 -0.096899334168 -0.091678249553 0.295400719170
44.1 -0.085703800000 -0.380959000000 0.557428000000 -0.945643393693 -0.100991298007 -0.090134425279 0.295694293268
44.2 -0.080543400000 -0.380816000000 0.556974000000 -0.945582758512 -0.104194758280 -0.088647496642 0.295225880456
44.3 -0.077562900000 -0.380903000000 0.557079000000 -0.945354703679 -0.106355877908 -0.086628872430 0.295784296282
44.4 -0.074621300000 -0.381431000000 0.556722000000 -0.944799851263 -0.110034961826 -0.085193254303 0.296627135729
44.5 -0.071457500000 -0.381659000000 0.556318000000 -0.944659322081 -0.112534184860 -0.083448235807 0.296633130963
44.6 -0.069436000000 -0.382632000000 0.556011000000 -0.944340667561 -0.114020072600 -0.082536920099 0.297334463955
44.7 -0.066666600000 -0.383980000000 0.555972000000 -0.943900270160 -0.118541656313 -0.082440498387 0.296991110871
44.8 -0.063454300000 -0.385563000000 0.556806000000 -0.943504889462 -0.122288704767 -0.081849618237 0.296891623732
44.9 -0.061469800000 -0.387243000000 0.557315000000 -0.942815730300 -0.125295956457 -0.081343934254 0.297964068899
45.0 -0.058738900000 -0.389448000000 0.557424000000 -0.942529797403 -0.126630986632 -0.079935218512 0.298684674988
45.1 -0.057100200000 -0.392492000000 0.556823000000 -0.941848434860 -0.128746013366 -0.080227539216 0.299849181665
45.2 -0.054782900000 -0.397543000000 0.556252000000 -0.941230081227 -0.130879802211 -0.081868013483 0.300423101534
45.3 -0.054450400000 -0.398373000000 0.556480000000 -0.940964069759 -0.131540682926 -0.082694249959 0.300741299427
45.4 -0.052593900000 -0.401385000000 0.557702000000 -0.940448203455 -0.133730131365 -0.083348933011 0.301208206974
45.5 -0.050138900000 -0.406594000000 0.558009000000 -0.940414913596 -0.135369203152 -0.083158816993 0.300631968162
45.6 -0.049706700000 -0.407557000000 0.557661000000 -0.940265765548 -0.136455561832 -0.083140044039 0.300612546080
45.7 -0.048328700000 -0.408578000000 0.558510000000 -0.940242893861 -0.138019880766 -0.082158992330 0.300239426187
45.8 -0.047083500000 -0.409251000000 0.559206000000 -0.939569496051 -0.140686772440 -0.082629553784 0.300979652125
45.9 -0.046891700000 -0.410261000000 0.559430000000 -0.938831366109 -0.144265501968 -0.081787365103 0.301817756041
46.0 -0.045727900000 -0.412193000000 0.559297000000 -0.938072347184 -0.149533028143 -0.080104906296 0.302065140211
46.1 -0.043319300000 -0.413504000000 0.559151000000 -0.936785160591 -0.156088290591 -0.080700582205 0.302584574076
46.2 -0.040992800000 -0.414701000000 0.558522000000 -0.935508914859 -0.160824216390 -0.080928928243 0.303988733697
46.3 -0.038716800000 -0.416605000000 0.556885000000 -0.934030744413 -0.167025282750 -0.081384509302 0.305066689528
46.4 -0.036110000000 -0.417924000000 0.555519000000 -0.933168254171 -0.171059137849 -0.079431067349 0.305984454353
46.5 -0.032986400000 -0.420466000000 0.552532000000 -0.931503096036 -0.176462892263 -0.077366146002 0.308508199539
46.6 -0.032375400000 -0.420751000000 0.551882000000 -0.931284312297 -0.177646048261 -0.077022304527 0.308575721358
46.7 -0.029854500000 -0.421410000000 0.549878000000 -0.931213668034 -0.179221210920 -0.075541466764 0.308243976132
46.8 -0.028080100000 -0.422392000000 0.548352000000 -0.930820465841 -0.179989348627 -0.074305287717 0.309282749226
46.9 -0.025874600000 -0.424020000000 0.545379000000 -0.930365611651 -0.179583934761 -0.071890591948 0.311450127343
47.0 -0.022797800000 -0.426082000000 0.541031000000 -0.930938619189 -0.177945172005 -0.069801836931 0.311153509741
47.1 -0.020023600000 -0.427834000000 0.537074000000 -0.931375755203 -0.177646371178 -0.069311498841 0.310123984167
47.2 -0.017945100000 -0.429365000000 0.534134000000 -0.931812899988 -0.175394637260 -0.068098236914 0.310361194038
47.3 -0.016222300000 -0.431980000000 0.529911000000 -0.932540914263 -0.171917140038 -0.064990712181 0.310786337405
47.4 -0.014528300000 -0.435113000000 0.526656000000 -0.932534106254 -0.169261859201 -0.062446904075 0.312779391689
47.5 -0.013390000000 -0.437963000000 0.524107000000 -0.932301598682 -0.169292890841 -0.061872808386 0.313568815074
47.6 -0.012544500000 -0.441025000000 0.520770000000 -0.932190749727 -0.166973355649 -0.060979682924 0.315312199092
47.7 -0.012768300000 -0.443102000000 0.519555000000 -0.932351986941 -0.161302250849 -0.061096283311 0.317755567195
47.8 -0.012474300000 -0.443963000000 0.519593000000 -0.931721594633 -0.158304517340 -0.061374203009 0.321041675004
47.9 -0.013027400000 -0.445342000000 0.518628000000 -0.929707667878 -0.157615636951 -0.060183404376 0.327381919345
48.0 -0.015145300000 -0.446781000000 0.517963000000 -0.926836734922 -0.160891883812 -0.058989029380 0.334077480439
48.1 -0.015821900000 -0.446794000000 0.517131000000 -0.925737988739 -0.162848229462 -0.058238549112 0.336300314844
48.2 -0.015496700000 -0.447083000000 0.513711000000 -0.925276341747 -0.162564935752 -0.057741801802 0.337790197299
48.3 -0.014753200000 -0.449101000000 0.509579000000 -0.924896749569 -0.159722207753 -0.057412093719 0.340233258931
48.4 -0.012207800000 -0.450757000000 0.507689000000 -0.925218633300 -0.156404172284 -0.056922394453 0.340981020729
48.5 -0.009912360000 -0.453703000000 0.506423000000 -0.925196808618 -0.151353184533 -0.056709307867 0.343346957546
48.6 -0.007771410000 -0.456714000000 0.506359000000 -0.924880386135 -0.147384719905 -0.055049544198 0.346184291044
48.7 -0.009183830000 -0.461582000000 0.504949000000 -0.924491931738 -0.142664340497 -0.053457812454 0.349433565059
48.8 -0.010505800000 -0.464602000000 0.503831000000 -0.924320150044 -0.140607953908 -0.052917895226 0.350801026061
48.9 -0.012647100000 -0.467881000000 0.500886000000 -0.923755271594 -0.138936151198 -0.054755483463 0.352668089177
49.0 -0.016347100000 -0.471260000000 0.496190000000 -0.923484437816 -0.135790318604 -0.055578101471 0.354469402238
49.1 -0.019263400000 -0.474206000000 0.493412000000 -0.923515301199 -0.131916583054 -0.053184166070 0.356214749901
49.2 -0.023459300000 -0.477090000000 0.492069000000 -0.922894515361 -0.127602061000 -0.052390424747 0.359497803804
49.3 -0.025063300000 -0.480524000000 0.491414000000 -0.922413781403 -0.117269726135 -0.052876950574 0.364149221211
49.4 -0.023803400000 -0.483736000000 0.489942000000 -0.922159693777 -0.109601942218 -0.054222208667 0.366972567807
49.5 -0.021359900000 -0.488192000000 0.487379000000 -0.922781831569 -0.101491771323 -0.056119153179 0.367455782818
49.6 -0.020282500000 -0.491130000000 0.486732000000 -0.922548810738 -0.096088717121 -0.056411821338 0.369443306423
49.7 -0.021528600000 -0.492903000000 0.486313000000 -0.921744450781 -0.092710628879 -0.055612937974 0.372423291266
49.8 -0.024355200000 -0.495518000000 0.483264000000 -0.920784522247 -0.092260436795 -0.056109655429 0.374827402893
49.9 -0.026625900000 -0.495853000000 0.480461000000 -0.919996804376 -0.093143282137 -0.057662249916 0.376304761949
50.0 -0.028303700000 -0.495815000000 0.477539000000 -0.919162722012 -0.090522830169 -0.057665406753 0.378972569647
50.1 -0.030331900000 -0.495203000000 0.472464000000 -0.918286208293 -0.083611724332 -0.057372021785 0.382711340738
50.2 -0.032917900000 -0.494979000000 0.466705000000 -0.917171990913 -0.077177882654 -0.057200498138 0.386739209967
50.3 -0.034777000000 -0.494281000000 0.462089000000 -0.915917922661 -0.074226533928 -0.057647944684 0.390206990049
50.4 -0.037477000000 -0.493817000000 0.456657000000 -0.914549210266 -0.070723811904 -0.058208531045 0.393966561201
50.5 -0.038819700000 -0.493221000000 0.453479000000 -0.913686433648 -0.069320961882 -0.058841659470 0.396117866704
50.6 -0.039401600000 -0.494496000000 0.450418000000 -0.911699475378 -0.065602087464 -0.058859809998 0.401292855012
50.7 -0.040031900000 -0.496438000000 0.446672000000 -0.911073400232 -0.061417959530 -0.058520176672 0.403420974367
50.8 -0.041653100000 -0.498785000000 0.442200000000 -0.910427401307 -0.059055373016 -0.059776912037 0.405044603290
50.9 -0.042494800000 -0.500961000000 0.438376000000 -0.908633704479 -0.058196284136 -0.060210447898 0.409112069685
51.0 -0.042672900000 -0.502930000000 0.435267000000 -0.907096836341 -0.058361571092 -0.060644003576 0.412421582062
51.1 -0.044258300000 -0.505266000000 0.430441000000 -0.905547254649 -0.056675796317 -0.060175652340 0.416114064381
51.2 -0.045225300000 -0.507136000000 0.426452000000 -0.903940846531 -0.056606578164 -0.059975388918 0.419630306347
51.3 -0.044865300000 -0.508813000000 0.424330000000 -0.903212869240 -0.055394296297 -0.057662501288 0.421678812275
51.4 -0.043490100000 -0.511489000000 0.420440000000 -0.901326662128 -0.052889868414 -0.055862090535 0.426253840802
51.5 -0.043665700000 -0.514120000000 0.412112000000 -0.901691173344 -0.050272776474 -0.054819286991 0.425934879569
51.6 -0.044002500000 -0.514830000000 0.406289000000 -0.902340948416 -0.049192353677 -0.054448980992 0.424730777813
51.7 -0.044811600000 -0.514311000000 0.402108000000 -0.901642359544 -0.047706558574 -0.052130997286 0.426670246053
51.8 -0.046802700000 -0.514222000000 0.398399000000 -0.899988171273 -0.046186763278 -0.049430610701 0.430632893765
51.9 -0.047492300000 -0.514309000000 0.395526000000 -0.899054776704 -0.044540940776 -0.047959170935 0.432916309468
52.0 -0.046960700000 -0.514159000000 0.392384000000 -0.898074445090 -0.040918414175 -0.047977848948 0.435300012024
52.1 -0.045992600000 -0.514606000000 0.387605000000 -0.896665385058 -0.038491729310 -0.049455390582 0.438250771084
52.2 -0.045349400000 -0.514817000000 0.383594000000 -0.895610243798 -0.037513315271 -0.050613917179 0.440355849024
52.3 -0.045419300000 -0.514959000000 0.378881000000 -0.893964115378 -0.036449984394 -0.051567954009 0.443666885370
52.4 -0.044487800000 -0.515466000000 0.375366000000 -0.892404923277 -0.033800034899 -0.049009811849 0.447290787849
52.5 -0.044694900000 -0.516146000000 0.372022000000 -0.890118659109 -0.028585787225 -0.047041537487 0.452392218352
52.6 -0.044992300000 -0.516600000000 0.368833000000 -0.888730454771 -0.026590945047 -0.045856058935 0.455355160576
52.7 -0.044635300000 -0.517375000000 0.365004000000 -0.886455003740 -0.025069641212 -0.044239336767 0.460012956901
52.8 -0.044573800000 -0.518163000000 0.360693000000 -0.884208359921 -0.024025832958 -0.043800169761 0.464413480344
52.9 -0.044877900000 -0.518392000000 0.358401000000 -0.882183742018 -0.025865269274 -0.043401650221 0.468187067232
53.0 -0.045666400000 -0.518940000000 0.356693000000 -0.879309566916 -0.028587585406 -0.040094771580 0.473698052331
53.1 -0.044569100000 -0.520607000000 0.353813000000 -0.876856988530 -0.031206110394 -0.035311264449 0.478436113754
53.2 -0.047957900000 -0.523679000000 0.349341000000 -0.875826356648 -0.032653931212 -0.037047675505 0.480093098801
53.3 -0.049500300000 -0.527693000000 0.347039000000 -0.877301176709 -0.033133749999 -0.034964376575 0.477516797953
53.4 -0.048679800000 -0.531945000000 0.346355000000 -0.880089029274 -0.038512441929 -0.036329799317 0.471847685222
53.5 -0.050939700000 -0.534819000000 0.345704000000 -0.880967131897 -0.038517547497 -0.040003459105 0.469907474204
53.6 -0.050648700000 -0.536529000000 0.344605000000 -0.880872513328 -0.037479291796 -0.042172302513 0.469979164272
53.7 -0.049509400000 -0.538419000000 0.340977000000 -0.881499907293 -0.036407501664 -0.046231973729 0.468502947558
53.8 -0.047588800000 -0.537828000000 0.339335000000 -0.882828916339 -0.033795194388 -0.048247196879 0.465986263001
53.9 -0.042712600000 -0.535014000000 0.336222000000 -0.882463841163 -0.031846218348 -0.048387554095 0.466799777235
54.0 -0.044080100000 -0.532515000000 0.330763000000 -0.881925161825 -0.031985530154 -0.051729169587 0.467449492261
54.1 -0.042280600000 -0.531356000000 0.327938000000 -0.882430758249 -0.031050348879 -0.048417551221 0.466912811417
54.2 -0.040233900000 -0.529522000000 0.324136000000 -0.882454426842 -0.032721945365 -0.049721449954 0.466616798082
54.3 -0.038904100000 -0.528348000000 0.321923000000 -0.881778392186 -0.034861234101 -0.050709038088 0.467632499819
54.4 -0.040231800000 -0.527709000000 0.321765000000 -0.880358565467 -0.035081246470 -0.047999151658 0.470567937492
54.5 -0.042286300000 -0.526821000000 0.322325000000 -0.879219330670 -0.034996260626 -0.047196410974 0.472780212264
54.6 -0.042811800000 -0.526308000000 0.321541000000 -0.877567186277 -0.038062708542 -0.048227811753 0.475500937919
54.7 -0.040771700000 -0.525594000000 0.321868000000 -0.876019203248 -0.038279181292 -0.051393858116 0.477999718795
54.8 -0.038007300000 -0.525323000000 0.321225000000 -0.874812409308 -0.037467515370 -0.056139992852 0.479737152007
54.9 -0.033643800000 -0.525200000000 0.319932000000 -0.873958070833 -0.035309631451 -0.058011158824 0.481233026510
55.0 -0.033978400000 -0.524994000000 0.316920000000 -0.873293519063 -0.031486702952 -0.057851931698 0.482721628993
55.1 -0.033833600000 -0.525718000000 0.312790000000 -0.873171316051 -0.030170314091 -0.057182349135 0.483106389857
55.2 -0.034326700000 -0.526464000000 0.308029000000 -0.874683630140 -0.026147122024 -0.058257717932 0.480469471951
55.3 -0.034302600000 -0.527475000000 0.304863000000 -0.875549009040 -0.018695700275 -0.058990969901 0.479149735501
55.4 -0.032741600000 -0.528175000000 0.303183000000 -0.875482881706 -0.017272040167 -0.058460854916 0.479388911961
55.5 -0.035259000000 -0.528473000000 0.303502000000 -0.874309993406 -0.014544774622 -0.058263245668 0.481638743423
55.6 -0.036719300000 -0.528461000000 0.304316000000 -0.871923414049 -0.015751784241 -0.055474969369 0.486234479546
55.7 -0.038139500000 -0.528980000000 0.303332000000 -0.870631852702 -0.016764779744 -0.054169672063 0.488656081359
55.8 -0.039755600000 -0.529062000000 0.303736000000 -0.869759323853 -0.016268557829 -0.054191243905 0.490221747459
55.9 -0.039722800000 -0.529349000000 0.304328000000 -0.869175107289 -0.009876403308 -0.054305093479 0.491414332665
56.0 -0.040412000000 -0.530504000000 0.303581000000 -0.868860965118 -0.004165062177 -0.054465307965 0.492033338077
56.1 -0.042659500000 -0.532939000000 0.302963000000 -0.869385414430 0.000691697327 -0.055041551321 0.491059009040
56.2 -0.043484000000 -0.533880000000 0.302767000000 -0.869174035792 0.003465728007 -0.056544396492 0.491250664590
56.3 -0.042994600000 -0.536120000000 0.301112000000 -0.869893449736 0.006988268453 -0.057830950812 0.489787843191
56.4 -0.044035000000 -0.537605000000 0.301287000000 -0.870676571238 0.009217569952 -0.058263874116 0.488305914028
56.5 -0.047268100000 -0.539129000000 0.302707000000 -0.870510254319 0.013715069517 -0.058534338477 0.488464456447
56.6 -0.052127700000 -0.542123000000 0.303179000000 -0.869388345995 0.017965197908 -0.061232864802 0.489991522151
56.7 -0.054206800000 -0.543834000000 0.306431000000 -0.868515314442 0.019304340358 -0.060959139794 0.491520573627
56.8 -0.056746700000 -0.546547000000 0.310184000000 -0.866509687635 0.022398082758 -0.060467265508 0.494977774173
56.9 -0.060566100000 -0.550011000000 0.312039000000 -0.865664034721 0.026289927032 -0.060197486477 0.496297170403
57.0 -0.064504100000 -0.551365000000 0.315941000000 -0.866312263566 0.028845639196 -0.059550046105 0.495100780755
57.1 -0.069059100000 -0.553218000000 0.320968000000 -0.866337364968 0.032071007799 -0.058439101317 0.494990799870
57.2 -0.072816700000 -0.554862000000 0.323582000000 -0.866685902675 0.039436525922 -0.057331370324 0.493977145731
57.3 -0.074205800000 -0.555811000000 0.324847000000 -0.867298134113 0.046892709608 -0.055902326911 0.492412378191
57.4 -0.074424600000 -0.557086000000 0.327736000000 -0.868761656983 0.055643590711 -0.055562087875 0.488947674665
57.5 -0.073662600000 -0.558949000000 0.329626000000 -0.868874427496 0.063016628150 -0.055681339815 0.487837803185
57.6 -0.073075800000 -0.559826000000 0.330412000000 -0.868836468419 0.068913431640 -0.055813549683 0.487092370867
57.7 -0.072702000000 -0.561335000000 0.331036000000 -0.869262516493 0.073121136429 -0.056005475174 0.485694722617
57.8 -0.072873600000 -0.561841000000 0.335161000000 -0.870419857780 0.073357477465 -0.055581188056 0.483630730224
57.9 -0.074659400000 -0.562861000000 0.338974000000 -0.870214985570 0.073832190643 -0.055555687584 0.483930007431
58.0 -0.075745400000 -0.564050000000 0.341133000000 -0.870530403327 0.074243666334 -0.054547770012 0.483414145097
58.1 -0.077256500000 -0.565838000000 0.343973000000 -0.871660378662 0.075333595894 -0.053340098743 0.481339659146
58.2 -0.077405600000 -0.567762000000 0.347801000000 -0.872823233122 0.074704061962 -0.051686589827 0.479507459046
58.3 -0.077262800000 -0.569258000000 0.351156000000 -0.873266871241 0.073630170404 -0.050671307124 0.478973890972
58.4 -0.077710400000 -0.571670000000 0.355173000000 -0.873398058521 0.075738685015 -0.048901848288 0.478589690860
58.5 -0.078610300000 -0.574367000000 0.364109000000 -0.874578611957 0.079798803906 -0.046450848936 0.476011261459
58.6 -0.079122800000 -0.575241000000 0.365431000000 -0.874615951836 0.080161869382 -0.046112612579 0.475914528516
58.7 -0.080848700000 -0.577917000000 0.372521000000 -0.876121913341 0.081886701531 -0.045562522623 0.472894298557
58.8 -0.082972800000 -0.580670000000 0.380278000000 -0.876991278306 0.084803617644 -0.044219385340 0.470892015403
58.9 -0.084041500000 -0.582141000000 0.387276000000 -0.877476127921 0.087288448998 -0.043760724343 0.469575734685
59.0 -0.085688700000 -0.583847000000 0.395425000000 -0.876820049601 0.093118344405 -0.043437373681 0.469711367885
59.1 -0.087222100000 -0.586254000000 0.401430000000 -0.876652492444 0.097193067937 -0.043552820534 0.469187666994
59.2 -0.088549500000 -0.588029000000 0.405737000000 -0.876900464005 0.100840943808 -0.043199858244 0.467985525980
59.3 -0.090070800000 -0.592116000000 0.409381000000 -0.877814496197 0.100870114173 -0.043898398930 0.466197233909
59.4 -0.091659000000 -0.594965000000 0.414845000000 -0.879922556539 0.102197340031 -0.043918252738 0.461912529880
59.5 -0.092446000000 -0.597864000000 0.419066000000 -0.880866272795 0.104795107109 -0.041401184862 0.459759216189
59.6 -0.094012000000 -0.600628000000 0.423515000000 -0.882877781610 0.108893862665 -0.038214035305 0.455201754082
59.7 -0.095159900000 -0.600307000000 0.429036000000 -0.883891776024 0.114689648603 -0.037113624571 0.451889579047
59.8 -0.096034100000 -0.600396000000 0.431313000000 -0.883512636332 0.116977702035 -0.040143383806 0.451785510398
59.9 -0.096800300000 -0.601996000000 0.434886000000 -0.885663753761 0.121771636456 -0.042137894090 0.446089432414
60.0 -0.097898000000 -0.602569000000 0.437901000000 -0.888678750157 0.124758787416 -0.044328074817 0.438999254857
60.1 -0.098773800000 -0.599461000000 0.441656000000 -0.890586555652 0.123726573380 -0.044209250134 0.435422627035
60.2 -0.100666000000 -0.596980000000 0.441474000000 -0.890602035343 0.121946442107 -0.044553139859 0.435857886964
60.3 -0.102485000000 -0.594247000000 0.439317000000 -0.893189924048 0.119065963429 -0.042128975580 0.431578735979
60.4 -0.102954000000 -0.590298000000 0.440097000000 -0.895632570806 0.118709384855 -0.038270736638 0.426949330456
60.5 -0.101530000000 -0.586798000000 0.440850000000 -0.896197230911 0.121502597065 -0.036165006774 0.425158481627
60.6 -0.101047000000 -0.580552000000 0.441051000000 -0.896576152633 0.125220850131 -0.034878629066 0.423384485376
60.7 -0.100695000000 -0.573031000000 0.442124000000 -0.897478401706 0.126244468981 -0.033337664506 0.421287850107
60.8 -0.099656500000 -0.567392000000 0.443645000000 -0.898258348000 0.127264907991 -0.032992833049 0.419341217161
60.9 -0.099116600000 -0.562026000000 0.445508000000 -0.898900889137 0.129743436005 -0.032358615268 0.417249029166
61.0 -0.098566000000 -0.557447000000 0.445810000000 -0.900522105450 0.128477440654 -0.029720815126 0.414330976380
61.1 -0.096740100000 -0.553769000000 0.445999000000 -0.901703847453 0.127471767474 -0.029092247217 0.412110132292
61.2 -0.092470900000 -0.548820000000 0.446921000000 -0.902022841207 0.128662171459 -0.028873621642 0.411056144036
61.3 -0.089167300000 -0.544469000000 0.449714000000 -0.903805324817 0.125779053774 -0.027579033516 0.408111457050
61.4 -0.087095300000 -0.542125000000 0.451978000000 -0.904029772677 0.123764194552 -0.027071670453 0.408264275831
61.5 -0.085815500000 -0.540722000000 0.452675000000 -0.904995320791 0.120869940477 -0.026916711056 0.407000512900
61.6 -0.084321100000 -0.540288000000 0.453861000000 -0.906899942615 0.118640186668 -0.025806815981 0.403473677506
61.7 -0.083256100000 -0.540483000000 0.453378000000 -0.907502010588 0.118844075335 -0.025799150998 0.402057944013
61.8 -0.083305500000 -0.540589000000 0.453407000000 -0.908226572031 0.118711305811 -0.025961932023 0.400447372091
61.9 -0.083717000000 -0.540364000000 0.453382000000 -0.909297926308 0.120040715491 -0.025590832494 0.397633772621
62.0 -0.085555400000 -0.539766000000 0.454772000000 -0.911939347533 0.120098504500 -0.027132210408 0.391416426325
62.1 -0.087802900000 -0.538091000000 0.458114000000 -0.913471347577 0.122178203301 -0.027951718546 0.387119213195
62.2 -0.092277000000 -0.537011000000 0.462894000000 -0.914466070763 0.125672782046 -0.031191729296 0.383386532496
62.3 -0.099787700000 -0.537343000000 0.466886000000 -0.914942115307 0.128908108143 -0.035768308362 0.380767978445
62.4 -0.107966000000 -0.538466000000 0.469524000000 -0.915262489401 0.131003408903 -0.037416944127 0.379120897134
62.5 -0.121028000000 -0.539675000000 0.475706000000 -0.916485497356 0.133406099805 -0.040177961776 0.375023835321
62.6 -0.134234000000 -0.541629000000 0.481980000000 -0.916456327443 0.135731791486 -0.043474160589 0.373891264982
62.7 -0.144124000000 -0.543550000000 0.485851000000 -0.915938903848 0.139076411913 -0.046183528700 0.373605082600
62.8 -0.157089000000 -0.547145000000 0.490083000000 -0.914720701925 0.142995290697 -0.050428012218 0.374560275379
62.9 -0.168552000000 -0.550597000000 0.493032000000 -0.913224447332 0.148756638120 -0.057210934113 0.374992640498
63.0 -0.174030000000 -0.554164000000 0.494721000000 -0.911962135462 0.154146786743 -0.063474796561 0.374879689797
63.1 -0.180741000000 -0.559225000000 0.497418000000 -0.909722325997 0.164703344042 -0.069348541974 0.374791779220
63.2 -0.187473000000 -0.563510000000 0.500884000000 -0.907455501693 0.175414915477 -0.074121977289 0.374513087033
63.3 -0.193127000000 -0.566591000000 0.502682000000 -0.905669916745 0.181377884987 -0.077801376768 0.375247932057
63.4 -0.200176000000 -0.568919000000 0.506429000000 -0.904098584167 0.188109222681 -0.081873788996 0.374856443355
63.5 -0.207364000000 -0.571548000000 0.509036000000 -0.901697764370 0.191907423975 -0.085280268067 0.377941739202
63.6 -0.218708000000 -0.573472000000 0.509357000000 -0.900434612790 0.196275458755 -0.087318350347 0.378244574414
63.7 -0.224946000000 -0.574760000000 0.509521000000 -0.900509396552 0.198392955848 -0.088409207937 0.376705287649
63.8 -0.233371000000 -0.575717000000 0.510976000000 -0.900557212419 0.202151250877 -0.090084907471 0.374187504301
63.9 -0.237131000000 -0.576269000000 0.516630000000 -0.899344548154 0.204733848945 -0.093361452421 0.374896084273
64.0 -0.239458000000 -0.576801000000 0.522082000000 -0.896444806389 0.208856710764 -0.095103883665 0.379105308298
64.1 -0.243357000000 -0.578577000000 0.527712000000 -0.892304002326 0.212558125613 -0.098089362979 0.385993636655
64.2 -0.249088000000 -0.581073000000 0.530890000000 -0.888997431605 0.216761424764 -0.100537445757 0.390628049857
64.3 -0.251933000000 -0.581852000000 0.533895000000 -0.887355785037 0.219870066476 -0.102191323419 0.392191022395
64.4 -0.256147000000 -0.583820000000 0.536041000000 -0.884869234893 0.223297979833 -0.105978833791 0.394858121520
64.5 -0.260031000000 -0.584646000000 0.537635000000 -0.883235577051 0.227789470174 -0.108724437865 0.395203579588
64.6 -0.262071000000 -0.585396000000 0.538605000000 -0.882414907219 0.231184645734 -0.109555956919 0.394835514358
64.7 -0.265270000000 -0.585567000000 0.540246000000 -0.881109209183 0.236084569827 -0.110969479872 0.394457110367
64.8 -0.268851000000 -0.584876000000 0.542067000000 -0.879185081479 0.243882341761 -0.111792238585 0.393773400923
64.9 -0.271268000000 -0.583564000000 0.543281000000 -0.878187847550 0.248894761683 -0.113118066509 0.392481598360
65.0 -0.272814000000 -0.583447000000 0.544228000000 -0.877141118304 0.252975039038 -0.112414260025 0.392415751911
65.1 -0.272259000000 -0.584251000000 0.543601000000 -0.876698505417 0.257057869258 -0.110220582735 0.391372464020
65.2 -0.270601000000 -0.584135000000 0.543837000000 -0.877061362116 0.258974849528 -0.107498311414 0.390050647273
65.3 -0.267952000000 -0.585273000000 0.543215000000 -0.877572351349 0.259979373050 -0.103195347145 0.389394676470
65.4 -0.265070000000 -0.585207000000 0.544330000000 -0.877699838692 0.263541607368 -0.097457578641 0.388189173873
65.5 -0.261085000000 -0.585198000000 0.546358000000 -0.877484609378 0.264620011110 -0.093223826229 0.388981141251
65.6 -0.255323000000 -0.586048000000 0.547255000000 -0.878219219619 0.264252915879 -0.088735191503 0.388622521903
65.7 -0.247612000000 -0.585320000000 0.550387000000 -0.879260066840 0.263311152090 -0.083021413846 0.388170602814
65.8 -0.239234000000 -0.584519000000 0.553208000000 -0.880084639047 0.259638974531 -0.079222040485 0.389567066522
65.9 -0.233138000000 -0.583320000000 0.554850000000 -0.880695697360 0.256461041601 -0.077607470101 0.390614776188
66.0 -0.224213000000 -0.581430000000 0.555003000000 -0.881535534771 0.255720756904 -0.074833433826 0.389746010378
66.1 -0.215892000000 -0.579171000000 0.555892000000 -0.881895003590 0.256025689366 -0.070513326188 0.389538085247
66.2 -0.209264000000 -0.577531000000 0.556039000000 -0.882684850171 0.253684592206 -0.068168239355 0.389698183342
66.3 -0.204284000000 -0.575111000000 0.554800000000 -0.883506995596 0.252370245578 -0.065772958694 0.389099686178
66.4 -0.198626000000 -0.572206000000 0.554332000000 -0.884820564442 0.249056648109 -0.063344383054 0.388652600542
66.5 -0.195450000000 -0.570340000000 0.553455000000 -0.885939699803 0.245878824023 -0.061594753120 0.388407696369
66.6 -0.190689000000 -0.568379000000 0.553483000000 -0.886877417807 0.243304484262 -0.058858948115 0.388313015425
66.7 -0.186314000000 -0.567326000000 0.553454000000 -0.887900131969 0.241155133564 -0.055197741416 0.387854053153
66.8 -0.183976000000 -0.566120000000 0.553248000000 -0.888178830792 0.242315499686 -0.052743708849 0.386832863549
66.9 -0.184644000000 -0.564051000000 0.552490000000 -0.889345325333 0.242217418922 -0.051150800769 0.384420615810
67.0 -0.186860000000 -0.560786000000 0.551397000000 -0.890898138499 0.244585470768 -0.050823538461 0.379335500905
67.1 -0.191175000000 -0.556077000000 0.551333000000 -0.892285778446 0.245456136430 -0.050175583050 0.375579266651
67.2 -0.197942000000 -0.551343000000 0.551033000000 -0.892543276918 0.248958801197 -0.050457732295 0.372612441266
67.3 -0.207533000000 -0.544302000000 0.551972000000 -0.892302343536 0.254739042722 -0.052288469314 0.369012823367
67.4 -0.219470000000 -0.536808000000 0.554637000000 -0.891286268920 0.261552398913 -0.054596974226 0.366358157905
67.5 -0.229899000000 -0.530775000000 0.556484000000 -0.890510137295 0.268729088625 -0.055680793865 0.362871907836
67.6 -0.242263000000 -0.521630000000 0.559491000000 -0.889713733486 0.281490586968 -0.058026940493 0.354690563833
67.7 -0.252026000000 -0.510788000000 0.562754000000 -0.888791681135 0.292140526046 -0.063378098018 0.347399593090
67.8 -0.259549000000 -0.502585000000 0.564044000000 -0.888177524255 0.299003013826 -0.067287750493 0.342359813304
67.9 -0.267077000000 -0.489599000000 0.568078000000 -0.887092691392 0.309110038534 -0.072221515879 0.335114299308
68.0 -0.274580000000 -0.478822000000 0.571471000000 -0.884098651454 0.320299907825 -0.071157455388 0.332737374048
68.1 -0.279787000000 -0.470218000000 0.574351000000 -0.883032076597 0.328488590666 -0.067693506299 0.328279129261
68.2 -0.286820000000 -0.460367000000 0.577178000000 -0.882056552742 0.329799479112 -0.069827127855 0.329139352796
68.3 -0.292460000000 -0.452765000000 0.580639000000 -0.880682492058 0.329416981102 -0.073991828356 0.332277008052
68.4 -0.296778000000 -0.447593000000 0.584106000000 -0.878759906937 0.331675531548 -0.076771662356 0.334482405503
68.5 -0.301698000000 -0.442729000000 0.588880000000 -0.875461699509 0.336444452989 -0.079716318020 0.337664406456
68.6 -0.306376000000 -0.438375000000 0.593425000000 -0.871445919099 0.345014291158 -0.082186506930 0.338810458903
68.7 -0.308724000000 -0.436557000000 0.596269000000 -0.868435423620 0.351497879589 -0.083638156786 0.339519976402
68.8 -0.312653000000 -0.434294000000 0.598436000000 -0.865639374571 0.357688271934 -0.086255199686 0.339540297816
68.9 -0.316191000000 -0.432307000000 0.600754000000 -0.863591463846 0.364375766675 -0.086958017412 0.337458719609
69.0 -0.320016000000 -0.430404000000 0.603083000000 -0.860571969485 0.372401143361 -0.088970247264 0.335883266718
69.1 -0.323052000000 -0.429907000000 0.603786000000 -0.858424000595 0.377400026349 -0.090888804317 0.335285968339
69.2 -0.325313000000 -0.428191000000 0.605483000000 -0.855815299979 0.385267760440 -0.091284187243 0.332890555959
69.3 -0.327257000000 -0.425776000000 0.607790000000 -0.851567129850 0.394072353919 -0.092089350058 0.333256590096
69.4 -0.330668000000 -0.425487000000 0.607277000000 -0.849819034895 0.397890025792 -0.090101221997 0.333725793279
69.5 -0.333890000000 -0.423360000000 0.608571000000 -0.847513851615 0.404938536256 -0.088670255525 0.331485503395
69.6 -0.337720000000 -0.421326000000 0.610798000000 -0.844685978513 0.410738939579 -0.089272870455 0.331405304451
69.7 -0.340471000000 -0.420235000000 0.612002000000 -0.843124267326 0.414033830933 -0.090383054038 0.330980906144
69.8 -0.342358000000 -0.417952000000 0.614530000000 -0.839518792383 0.421026538785 -0.091668572071 0.330970880545
69.9 -0.344779000000 -0.416380000000 0.615819000000 -0.836307309444 0.427442533437 -0.094811651334 0.329990477970
70.0 -0.347738000000 -0.414624000000 0.616930000000 -0.833475933635 0.433537407180 -0.095628425972 0.328965634638
70.1 -0.349848000000 -0.411434000000 0.617122000000 -0.831595588283 0.439407339993 -0.096510548849 0.325661912218
70.2 -0.352737000000 -0.409955000000 0.614541000000 -0.830628137834 0.442609918628 -0.099503047696 0.322881557339
70.3 -0.354824000000 -0.408084000000 0.612380000000 -0.831625512546 0.445158929338 -0.100171939281 0.316540861651
70.4 -0.358926000000 -0.404568000000 0.611581000000 -0.830791922025 0.452139599639 -0.099266606786 0.309031884297
70.5 -0.363126000000 -0.401085000000 0.612699000000 -0.830956582279 0.452723154769 -0.098324361897 0.308034451581
70.6 -0.366911000000 -0.399844000000 0.612657000000 -0.832149166516 0.450908098798 -0.098531853686 0.307410352646
70.7 -0.371368000000 -0.397605000000 0.613129000000 -0.832068121567 0.451072394463 -0.098557609035 0.307380438100
70.8 -0.373283000000 -0.394747000000 0.615096000000 -0.832166774552 0.449471842272 -0.099779714991 0.309059105694
70.9 -0.374939000000 -0.391877000000 0.614945000000 -0.833113705841 0.446210112471 -0.100561572376 0.310975013192
71.0 -0.375116000000 -0.388447000000 0.613872000000 -0.835440499840 0.442728795298 -0.101983618140 0.309240564403
71.1 -0.373854000000 -0.384797000000 0.611571000000 -0.838566652521 0.437358006816 -0.101316320407 0.308640480774
71.2 -0.372204000000 -0.382200000000 0.611115000000 -0.840582198096 0.432946906952 -0.100969947785 0.309489278731
71.3 -0.371167000000 -0.378482000000 0.611892000000 -0.842987093502 0.428804386611 -0.099006848834 0.309349643764
71.4 -0.368387000000 -0.373806000000 0.616113000000 -0.843984719225 0.425592737974 -0.094538044387 0.312447072735
71.5 -0.365796000000 -0.370921000000 0.617495000000 -0.845992752881 0.419999157416 -0.091900876817 0.315358841137
71.6 -0.361880000000 -0.367183000000 0.618433000000 -0.848116792500 0.416597259160 -0.091294337014 0.314340538223
71.7 -0.351390000000 -0.362004000000 0.617712000000 -0.850854747896 0.414950339151 -0.092216155115 0.308801869743
71.8 -0.346443000000 -0.359455000000 0.618513000000 -0.850918536562 0.416107806181 -0.091837416074 0.307177191177
71.9 -0.340349000000 -0.356140000000 0.618604000000 -0.850930945245 0.415845995335 -0.091175701910 0.307694046043
72.0 -0.332243000000 -0.351477000000 0.617704000000 -0.852013525988 0.413507007977 -0.090277688577 0.308114986380
72.1 -0.323352000000 -0.346604000000 0.616039000000 -0.853347125966 0.411397615848 -0.088859757493 0.307659922283
72.2 -0.317541000000 -0.342292000000 0.615217000000 -0.854294381195 0.410341235523 -0.087097309397 0.306945010359
72.3 -0.307387000000 -0.338006000000 0.615191000000 -0.855314653003 0.408734337534 -0.083157672747 0.307340018777
72.4 -0.297487000000 -0.335611000000 0.613858000000 -0.855851139815 0.406759520838 -0.080011363656 0.309295490383
72.5 -0.291215000000 -0.335170000000 0.611277000000 -0.856913495258 0.405254069637 -0.078716214150 0.308661883485
72.6 -0.283313000000 -0.335541000000 0.607829000000 -0.857461667933 0.406789881221 -0.077694497552 0.305360517443
72.7 -0.276798000000 -0.334609000000 0.607930000000 -0.857117785661 0.408793835048 -0.076675551211 0.303903869302
72.8 -0.272760000000 -0.333379000000 0.608977000000 -0.856987432867 0.408471967739 -0.077214241727 0.304567155736
72.9 -0.271794000000 -0.332202000000 0.608848000000 -0.856390691592 0.409944012279 -0.078176357613 0.304021951939
73.0 -0.269928000000 -0.331280000000 0.607814000000 -0.855590313349 0.412928489875 -0.078373067169 0.302180310900
73.1 -0.269802000000 -0.330989000000 0.605764000000 -0.854243963515 0.417705263322 -0.078780108692 0.299304624532
73.2 -0.269104000000 -0.330596000000 0.604688000000 -0.852807641609 0.422811127216 -0.079051802665 0.296143022222
73.3 -0.268873000000 -0.329160000000 0.605368000000 -0.849080705261 0.430532368675 -0.080932285227 0.295218225528
73.4 -0.271571000000 -0.327150000000 0.605609000000 -0.845988913364 0.436706749771 -0.081809534961 0.294783264721
73.5 -0.275737000000 -0.324181000000 0.606112000000 -0.844578012770 0.438190619268 -0.082509857855 0.296427199981
73.6 -0.284186000000 -0.320389000000 0.604956000000 -0.843559893289 0.440578413698 -0.084270569253 0.295289415619
73.7 -0.294544000000 -0.315203000000 0.606038000000 -0.842993622200 0.442342939942 -0.088519109405 0.293016797614
73.8 -0.303582000000 -0.310691000000 0.607144000000 -0.841682951208 0.444846282283 -0.091133203917 0.292192289303
73.9 -0.315289000000 -0.305086000000 0.607035000000 -0.839192147918 0.450988026232 -0.094444500564 0.288871208986
74.0 -0.324013000000 -0.300558000000 0.606115000000 -0.836816034771 0.456801993885 -0.100073890648 0.284703492680
74.1 -0.329117000000 -0.296686000000 0.605814000000 -0.833666045473 0.462821359319 -0.105116229004 0.282396693292
74.2 -0.335172000000 -0.292562000000 0.604533000000 -0.829276932814 0.470294767182 -0.109691197591 0.281230229235
74.3 -0.339183000000 -0.288705000000 0.603709000000 -0.825677558108 0.477121506977 -0.113448896960 0.278820704747
74.4 -0.341263000000 -0.285894000000 0.603150000000 -0.823169842884 0.481176237712 -0.115830919196 0.278287686012
74.5 -0.343168000000 -0.281167000000 0.601932000000 -0.821686881727 0.483594763015 -0.119660484500 0.276854008518
74.6 -0.343970000000 -0.276479000000 0.599891000000 -0.821068184450 0.484486700373 -0.123690929845 0.275354730338
74.7 -0.344028000000 -0.273549000000 0.597437000000 -0.820505122798 0.485731562855 -0.126254623082 0.273671267141
74.8 -0.343369000000 -0.268448000000 0.594779000000 -0.818660975959 0.489064768219 -0.129643784191 0.271665875937
74.9 -0.343050000000 -0.263681000000 0.592163000000 -0.815948994153 0.493662594310 -0.133040831831 0.269860369424
75.0 -0.344054000000 -0.258179000000 0.588449000000 -0.813211691522 0.498840512519 -0.135794902117 0.267216452338
75.1 -0.345409000000 -0.254407000000 0.585376000000 -0.810700612069 0.502718425679 -0.137820811494 0.266541039979
75.2 -0.348047000000 -0.250051000000 0.581332000000 -0.807574976044 0.507517452592 -0.140492171429 0.265538402400
75.3 -0.352033000000 -0.245019000000 0.579658000000 -0.805036142886 0.511852770034 -0.142719940205 0.263732002462
75.4 -0.356090000000 -0.242111000000 0.578769000000 -0.803212329472 0.514001429437 -0.143525051077 0.264675355927
75.5 -0.361891000000 -0.239754000000 0.577578000000 -0.801122284710 0.516394114749 -0.143905514994 0.266141702758
75.6 -0.367475000000 -0.237806000000 0.577459000000 -0.798482023501 0.520725491203 -0.142662451587 0.266305925327
75.7 -0.370854000000 -0.236591000000 0.577674000000 -0.796450693894 0.522447438236 -0.144281477613 0.268137691671
75.8 -0.375426000000 -0.237131000000 0.575275000000 -0.794798936944 0.523276572738 -0.146926777019 0.269979259298
75.9 -0.378843000000 -0.237500000000 0.572908000000 -0.793993214238 0.525604521525 -0.147236890074 0.267648950861
76.0 -0.380015000000 -0.236659000000 0.572368000000 -0.792838404928 0.527255470169 -0.146755702123 0.268088971689
76.1 -0.379965000000 -0.236652000000 0.570852000000 -0.791796555371 0.526281042426 -0.148881221175 0.271883911381
76.2 -0.380611000000 -0.236852000000 0.569855000000 -0.791503507367 0.522367882028 -0.151149883809 0.278940327447
76.3 -0.380401000000 -0.235101000000 0.573409000000 -0.792757920523 0.518182452219 -0.147281432729 0.285184160207
76.4 -0.381967000000 -0.235059000000 0.576843000000 -0.794274073537 0.511574887857 -0.145750225921 0.293558685555
76.5 -0.384920000000 -0.235882000000 0.578624000000 -0.797211992522 0.504251348132 -0.145938142890 0.298137007659
76.6 -0.390146000000 -0.236525000000 0.576707000000 -0.802887873244 0.494229639741 -0.148718155333 0.298313654520
76.7 -0.391024000000 -0.235956000000 0.575602000000 -0.802477667163 0.494915420007 -0.150278398765 0.297497434625
76.8 -0.391326000000 -0.234697000000 0.575943000000 -0.802375703969 0.494983718694 -0.149432891092 0.298084147462
76.9 -0.392940000000 -0.232870000000 0.576940000000 -0.802050841265 0.495314472239 -0.147666991835 0.299286620381
77.0 -0.393454000000 -0.231830000000 0.577113000000 -0.801996518834 0.495806383110 -0.147165453616 0.298864423288
77.1 -0.394397000000 -0.229948000000 0.577528000000 -0.801837239052 0.496809738348 -0.146304292753 0.298047277919
77.2 -0.393873000000 -0.227724000000 0.577375000000 -0.802429582238 0.496683359356 -0.146214873013 0.296704595512
77.3 -0.394166000000 -0.227143000000 0.576735000000 -0.802406303360 0.496827006146 -0.147187376821 0.296045480283
77.4 -0.394760000000 -0.226883000000 0.576501000000 -0.801850372502 0.498052182833 -0.147259610206 0.295456613559
77.5 -0.395056000000 -0.226988000000 0.576253000000 -0.800874572716 0.499431252011 -0.148608049233 0.295099967800
77.6 -0.396148000000 -0.225980000000 0.576095000000 -0.800288183264 0.500874496972 -0.149133467852 0.293977500461
77.7 -0.399750000000 -0.224674000000 0.573973000000 -0.799871192940 0.501538572718 -0.152193654280 0.292407637346
77.8 -0.406606000000 -0.223594000000 0.573542000000 -0.799263882293 0.502293008057 -0.153371329090 0.292157861322
77.9 -0.409509000000 -0.224012000000 0.573197000000 -0.799321936846 0.503330383813 -0.152381184402 0.290728293512
78.0 -0.410520000000 -0.226694000000 0.573409000000 -0.797589660511 0.505701766198 -0.154151444192 0.290437238254
78.1 -0.411584000000 -0.228361000000 0.575191000000 -0.794705122040 0.509339390795 -0.155550044276 0.291241030272
78.2 -0.413297000000 -0.231150000000 0.575635000000 -0.793049478977 0.511321232721 -0.156472131933 0.291786896196
78.3 -0.413791000000 -0.232836000000 0.575773000000 -0.792039776879 0.512880151861 -0.157065106103 0.291474688633
78.4 -0.415243000000 -0.235109000000 0.575989000000 -0.791506506812 0.513194903625 -0.158068116082 0.291826851481
78.5 -0.415211000000 -0.236622000000 0.576202000000 -0.790741411816 0.514681032347 -0.158671411713 0.290955044099
78.6 -0.414993000000 -0.238490000000 0.575435000000 -0.790294789535 0.515475374812 -0.159666865729 0.290216773438
