0.0 0.340517000000 -0.248950000000 0.690553000000 -0.782361210081 -0.551530686325 0.095610974938 0.273099579776
0.1 0.341390000000 -0.248048000000 0.689936000000 -0.781916593490 -0.553245046123 0.097024828217 0.270393310708
0.2 0.341704000000 -0.249260000000 0.689406000000 -0.780811734410 -0.555856399204 0.098669068440 0.267621213294
0.3 0.342608000000 -0.251592000000 0.688030000000 -0.780597868599 -0.556718953572 0.099992228273 0.265955877087
0.4 0.342779000000 -0.252380000000 0.686339000000 -0.780060295625 -0.557628066432 0.100577993802 0.265407124771
0.5 0.342011000000 -0.252219000000 0.687748000000 -0.780406318839 -0.557378800018 0.102500209189 0.264175240934
0.6 0.343530000000 -0.251618000000 0.687623000000 -0.781365300835 -0.556002401777 0.103342767917 0.263912614683
0.7 0.345432000000 -0.247985000000 0.687895000000 -0.782690872172 -0.554017599865 0.104223402684 0.263812395448
0.8 0.346845000000 -0.247208000000 0.688253000000 -0.782658608261 -0.554498860107 0.106119713872 0.262135696506
0.9 0.349080000000 -0.246084000000 0.688723000000 -0.781901662490 -0.555599931133 0.108179466365 0.261219658098
1.0 0.353152000000 -0.242865000000 0.688999000000 -0.782038795115 -0.555114698058 0.111558194733 0.260418440444
1.1 0.355178000000 -0.240870000000 0.688051000000 -0.783964675664 -0.553169707112 0.111588190148 0.258748407267
1.2 0.357273000000 -0.238410000000 0.686955000000 -0.784760018797 -0.553049936056 0.111810032754 0.256487811994
1.3 0.359109000000 -0.237990000000 0.686798000000 -0.784360992869 -0.553853458794 0.112269368641 0.255772883460
1.4 0.361993000000 -0.236729000000 0.687533000000 -0.783076975027 -0.555220875432 0.114279642686 0.255852289290
1.5 0.364701000000 -0.234618000000 0.688001000000 -0.782952295005 -0.555192470883 0.115919498917 0.255557613449
1.6 0.366955000000 -0.232602000000 0.688165000000 -0.783426005101 -0.554485625408 0.116054365497 0.255579283190
1.7 0.369504000000 -0.231725000000 0.687977000000 -0.785142692277 -0.551718612309 0.116485664965 0.256102743939
1.8 0.372676000000 -0.232797000000 0.687822000000 -0.787522330545 -0.547987221124 0.117920184791 0.256151155369
1.9 0.376422000000 -0.234316000000 0.687649000000 -0.788449737904 -0.546616389175 0.120356070962 0.255092042342
2.0 0.378624000000 -0.236218000000 0.687418000000 -0.789466219929 -0.545128761540 0.119946765548 0.255324292552
2.1 0.380494000000 -0.237863000000 0.687817000000 -0.790352551668 -0.543622270532 0.120431964306 0.255565672629
2.2 0.381404000000 -0.239636000000 0.689193000000 -0.790362891151 -0.543277975536 0.121519771617 0.255750829315
2.3 0.382826000000 -0.239008000000 0.690781000000 -0.788994521933 -0.543727251375 0.126588713609 0.256561139025
2.4 0.382667000000 -0.237357000000 0.692423000000 -0.788093046757 -0.544592017808 0.128722163176 0.256436129476
2.5 0.382397000000 -0.235493000000 0.694126000000 -0.787618157613 -0.544044845239 0.131701240312 0.257541506301
2.6 0.383039000000 -0.231460000000 0.694981000000 -0.785834164018 -0.545640696135 0.134598365910 0.258116596286
2.7 0.383509000000 -0.226486000000 0.696157000000 -0.783342805093 -0.548454095661 0.137424166498 0.258237784075
2.8 0.382660000000 -0.220766000000 0.698382000000 -0.781682111300 -0.550460655653 0.139003916444 0.258155098080
2.9 0.381680000000 -0.214591000000 0.700481000000 -0.780328919773 -0.552485435071 0.138850197191 0.258006286243
3.0 0.383345000000 -0.206567000000 0.700276000000 -0.778073062569 -0.555293736711 0.138282263520 0.259093015865
3.1 0.383840000000 -0.199275000000 0.701003000000 -0.775234893884 -0.559806689458 0.137247413127 0.258438536857
3.2 0.384033000000 -0.192110000000 0.704024000000 -0.774929410272 -0.560355316611 0.142091036712 0.255531730959
3.3 0.385211000000 -0.186895000000 0.703872000000 -0.772498852615 -0.563940170438 0.143592637066 0.254161683688
3.4 0.384450000000 -0.182481000000 0.704004000000 -0.771516440937 -0.566075668885 0.142883772098 0.252794276304
3.5 0.384389000000 -0.179409000000 0.704154000000 -0.770441099478 -0.567835312280 0.143795132762 0.251607889697
3.6 0.385453000000 -0.176897000000 0.703348000000 -0.768426596715 -0.571148730432 0.145846521870 0.249075260203
3.7 0.386845000000 -0.174816000000 0.699716000000 -0.767153001166 -0.574614804634 0.144882465191 0.245567038459
3.8 0.386580000000 -0.174340000000 0.698762000000 -0.765986402663 -0.577536327802 0.142853730251 0.243535280312
3.9 0.389611000000 -0.173805000000 0.698436000000 -0.764107151235 -0.580329866524 0.145516652737 0.241210304977
4.0 0.391625000000 -0.173615000000 0.697565000000 -0.764434177278 -0.580633237568 0.146316101097 0.238949849551
4.1 0.395189000000 -0.169286000000 0.694439000000 -0.765632546274 -0.580119972453 0.146653553210 0.236136310164
4.2 0.395206000000 -0.167556000000 0.694678000000 -0.765650492921 -0.580766892032 0.145848932144 0.234983464954
4.3 0.398305000000 -0.165125000000 0.694948000000 -0.762593472460 -0.583968130950 0.150153328944 0.234278457403
4.4 0.398905000000 -0.164660000000 0.695865000000 -0.760047941170 -0.587078289414 0.152116814568 0.233509494342
4.5 0.399951000000 -0.164320000000 0.696682000000 -0.757053949899 -0.590141703264 0.154870504042 0.233703260541
4.6 0.401390000000 -0.162438000000 0.698389000000 -0.753553646175 -0.593666322398 0.158476731552 0.233671405061
4.7 0.401807000000 -0.158989000000 0.700092000000 -0.750735902750 -0.596438513400 0.159991530845 0.234647425115
4.8 0.402510000000 -0.157007000000 0.702392000000 -0.749197134809 -0.596844882797 0.161545935876 0.237450520476
4.9 0.404463000000 -0.151631000000 0.704401000000 -0.747812721126 -0.597409787190 0.164259396963 0.238529936906
5.0 0.405324000000 -0.149383000000 0.704841000000 -0.745494959130 -0.599810578785 0.163289080848 0.240418825314
5.1 0.407593000000 -0.144543000000 0.704770000000 -0.742969556473 -0.602703762395 0.163245852637 0.241029468211
5.2 0.407523000000 -0.142252000000 0.705373000000 -0.741976157896 -0.603852693137 0.162629379195 0.241629863897
5.3 0.408073000000 -0.139169000000 0.706022000000 -0.739439998560 -0.606609030762 0.163593387934 0.241849489874
5.4 0.407978000000 -0.137749000000 0.707828000000 -0.737334960309 -0.607969057774 0.166819177942 0.242656429889
5.5 0.408848000000 -0.136520000000 0.710036000000 -0.732698443234 -0.612263793153 0.170229461027 0.243532276044
5.6 0.408526000000 -0.135157000000 0.711769000000 -0.727929972742 -0.617655745134 0.172227767536 0.242810484486
5.7 0.407343000000 -0.134199000000 0.713729000000 -0.723579421816 -0.622540945353 0.173473158442 0.242451345600
5.8 0.406541000000 -0.132058000000 0.714571000000 -0.720605604581 -0.626305093673 0.173437023634 0.241638347782
5.9 0.406192000000 -0.129252000000 0.714006000000 -0.716561989929 -0.632195641759 0.171120032601 0.239969830546
6.0 0.403512000000 -0.125841000000 0.713758000000 -0.713734386273 -0.637388105523 0.169792097292 0.235563733385
6.1 0.403113000000 -0.122920000000 0.712259000000 -0.709745043520 -0.642444831297 0.169160056949 0.234332001808
6.2 0.399976000000 -0.119828000000 0.712003000000 -0.704608495582 -0.649274761848 0.166613946800 0.232828143300
6.3 0.396468000000 -0.117215000000 0.714182000000 -0.700956476816 -0.653059094571 0.167479656678 0.232646515568
6.4 0.394914000000 -0.112407000000 0.716121000000 -0.695564626504 -0.657891632969 0.170668966241 0.232896014539
6.5 0.392371000000 -0.106281000000 0.717123000000 -0.689789784553 -0.664186723383 0.172497696124 0.230847556712
6.6 0.389988000000 -0.102467000000 0.716951000000 -0.685970874374 -0.668201052560 0.173596039018 0.229816727209
6.7 0.387085000000 -0.092984400000 0.716461000000 -0.680115108071 -0.674731259232 0.176062427036 0.226237020346
6.8 0.382096000000 -0.082871500000 0.717668000000 -0.675781151153 -0.679780265688 0.177912030618 0.222634084294
6.9 0.379720000000 -0.072665500000 0.718337000000 -0.669379657708 -0.685695570417 0.180552651833 0.221705206238
7.0 0.377131000000 -0.066891500000 0.718475000000 -0.664893438669 -0.691041704111 0.180400154633 0.218709539349
7.1 0.374731000000 -0.060812100000 0.715772000000 -0.658997771217 -0.698058376729 0.179241350666 0.215195210035
7.2 0.372183000000 -0.052410700000 0.714547000000 -0.651584397327 -0.706465227620 0.179078121306 0.210417874227
7.3 0.370524000000 -0.048015600000 0.715059000000 -0.647569328042 -0.710073677920 0.180854664398 0.209143318491
7.4 0.369274000000 -0.042013100000 0.715701000000 -0.642497714241 -0.713976361555 0.183761298698 0.208964655951
7.5 0.369392000000 -0.034287900000 0.715116000000 -0.637229740609 -0.718576197887 0.185455822672 0.207828398809
7.6 0.371913000000 -0.035456200000 0.711820000000 -0.637024689018 -0.717671074422 0.185332530907 0.211659224951
7.7 0.370205000000 -0.019129200000 0.712173000000 -0.627844277855 -0.726510772828 0.189690347200 0.204966416538
7.8 0.369271000000 -0.014010700000 0.709663000000 -0.623902090537 -0.730743346939 0.188748771974 0.202815786875
7.9 0.368190000000 -0.010586300000 0.708583000000 -0.620647865632 -0.734162949602 0.188880059719 0.200313038413
8.0 0.367231000000 -0.008401920000 0.709091000000 -0.619486462546 -0.735322689863 0.191233709554 0.197399931169
8.1 0.368917000000 -0.010577900000 0.707797000000 -0.618717960012 -0.735951057176 0.192072065089 0.196653119000
8.2 0.368839000000 -0.012160000000 0.707669000000 -0.617390278650 -0.737405814469 0.190468290291 0.196935875373
8.3 0.368614000000 -0.016599400000 0.709381000000 -0.617578292300 -0.736934179889 0.190696141341 0.197888981674
8.4 0.369990000000 -0.019550400000 0.710663000000 -0.618613220299 -0.735356942841 0.191748616854 0.199500170981
8.5 0.374812000000 -0.021407100000 0.710997000000 -0.620412383858 -0.733219316522 0.193104681142 0.200470671061
8.6 0.378198000000 -0.025863300000 0.710190000000 -0.623178867482 -0.730610662061 0.191078308198 0.203335288972
8.7 0.381707000000 -0.030942000000 0.708719000000 -0.626323017604 -0.728168940943 0.190218475106 0.203239766763
8.8 0.386853000000 -0.037240300000 0.707723000000 -0.631400165247 -0.724169983463 0.189307712839 0.202667847074
8.9 0.391622000000 -0.040386000000 0.707904000000 -0.632983790241 -0.722049540391 0.190499461777 0.204171343669
9.0 0.397392000000 -0.045154000000 0.708582000000 -0.636401001300 -0.718886454469 0.189331203959 0.205790491356
9.1 0.405971000000 -0.045532900000 0.709288000000 -0.637568577578 -0.717105056984 0.189777085992 0.207969477965
9.2 0.412545000000 -0.046675600000 0.710150000000 -0.638012469871 -0.715971925953 0.189482640640 0.210761994752
9.3 0.421180000000 -0.044769600000 0.709347000000 -0.639252425252 -0.714753677275 0.189790203435 0.210862979943
9.4 0.430053000000 -0.044083600000 0.709114000000 -0.640252594630 -0.712998054186 0.191102121546 0.212580264693
9.5 0.436357000000 -0.042964000000 0.709653000000 -0.640480368347 -0.712302203877 0.192075040380 0.213348651218
9.6 0.445500000000 -0.041327400000 0.710863000000 -0.642677098239 -0.708989661576 0.195302196012 0.214841475070
9.7 0.454077000000 -0.039785200000 0.713014000000 -0.644465792555 -0.705201187651 0.200286794277 0.217348400501
9.8 0.461045000000 -0.039995400000 0.715043000000 -0.647020114589 -0.701034974819 0.202090236894 0.221527586431
9.9 0.468367000000 -0.041080000000 0.715928000000 -0.649926796271 -0.696977401546 0.203416575551 0.224587083364
10.0 0.474649000000 -0.043028400000 0.715623000000 -0.651099765094 -0.694364143992 0.204118697847 0.228611217186
10.1 0.481723000000 -0.045920500000 0.714878000000 -0.653121632485 -0.691624183763 0.204570480938 0.230735866181
10.2 0.485759000000 -0.048477400000 0.715003000000 -0.655260981673 -0.689219266832 0.204532529301 0.231897159495
10.3 0.487449000000 -0.050232000000 0.716471000000 -0.654463545221 -0.689394625034 0.204139054497 0.233965308069
10.4 0.488673000000 -0.051381100000 0.716171000000 -0.653228541739 -0.689701939547 0.205226497808 0.235554221870
10.5 0.486376000000 -0.048221800000 0.715984000000 -0.650840829300 -0.692076251772 0.207067898846 0.233579883374
10.6 0.482478000000 -0.044699700000 0.713968000000 -0.647109276123 -0.696005599020 0.207409347650 0.231963689821
10.7 0.479363000000 -0.037578600000 0.712975000000 -0.642020262648 -0.701231041155 0.209015471033 0.228905094173
10.8 0.474121000000 -0.027860800000 0.713820000000 -0.637739301890 -0.705961148629 0.209623361118 0.225755367434
10.9 0.470094000000 -0.018260900000 0.714574000000 -0.632934882437 -0.710575420726 0.211405759446 0.223122412429
11.0 0.467470000000 -0.011192800000 0.715190000000 -0.628479981507 -0.714327681016 0.212874277039 0.222336274942
11.1 0.461196000000 -0.000288520000 0.718081000000 -0.626324110105 -0.716843372378 0.214084145216 0.219138466148
11.2 0.460418000000 0.005333120000 0.718086000000 -0.621476933936 -0.719999382276 0.214329925086 0.222328570633
11.3 0.458637000000 0.011665800000 0.718318000000 -0.617678074332 -0.722832413812 0.215394560635 0.222693244806
11.4 0.454896000000 0.016671700000 0.718056000000 -0.612661676621 -0.727641237830 0.214785152768 0.221475138920
11.5 0.450757000000 0.022779200000 0.717323000000 -0.606877701922 -0.733182083632 0.215249746694 0.218657343118
11.6 0.448401000000 0.025325100000 0.717326000000 -0.602783021308 -0.736667781227 0.215702680119 0.217820024592
11.7 0.444723000000 0.027898500000 0.718450000000 -0.597420968364 -0.741104815951 0.216990004087 0.216257199787
11.8 0.441258000000 0.031911200000 0.719753000000 -0.592194937503 -0.745326968207 0.218832071694 0.214255433670
11.9 0.439659000000 0.032978600000 0.720632000000 -0.588085664558 -0.748632944559 0.219092022118 0.213781784318
12.0 0.437727000000 0.037602300000 0.719920000000 -0.580832974771 -0.755079754379 0.219445930748 0.210549527247
12.1 0.435193000000 0.039347300000 0.718748000000 -0.576067219068 -0.759751542655 0.219181536515 0.207083573949
12.2 0.431450000000 0.044459700000 0.718240000000 -0.571129597068 -0.764310163361 0.219874054427 0.203215052902
12.3 0.429042000000 0.048074800000 0.718581000000 -0.567725645295 -0.767052415870 0.220569882607 0.201660878382
12.4 0.425945000000 0.054960500000 0.717943000000 -0.563281909589 -0.770941989857 0.221123015598 0.198661900168
12.5 0.423981000000 0.059549400000 0.716831000000 -0.560471994380 -0.773134096907 0.221566118651 0.197593691145
12.6 0.419583000000 0.067814500000 0.716089000000 -0.555897414881 -0.776846717850 0.222195052224 0.195234730160
12.7 0.415501000000 0.073620200000 0.715148000000 -0.551727869845 -0.780064133256 0.222023662197 0.194426847604
12.8 0.411036000000 0.078693100000 0.714003000000 -0.547191006367 -0.783755753613 0.221542253331 0.192945461770
12.9 0.407302000000 0.082547000000 0.713379000000 -0.543602882657 -0.786418227858 0.222100284144 0.191608300035
13.0 0.402422000000 0.088192300000 0.712044000000 -0.538540987572 -0.789930632718 0.223128112144 0.190255212204
13.1 0.396880000000 0.091796700000 0.711748000000 -0.535834041121 -0.791899023727 0.223436697087 0.189351152599
13.2 0.392926000000 0.093183100000 0.710946000000 -0.534087730564 -0.793283196861 0.223471896817 0.188447279027
13.3 0.389059000000 0.098017900000 0.708577000000 -0.529500250503 -0.796635160621 0.224398202549 0.186137992557
13.4 0.384995000000 0.101777000000 0.707098000000 -0.528340082467 -0.797826314907 0.223807207777 0.185041244720
13.5 0.383153000000 0.104956000000 0.705282000000 -0.525654581930 -0.799352384898 0.223829374154 0.186073739468
13.6 0.379005000000 0.106307000000 0.704928000000 -0.524120870705 -0.800654534306 0.222580072943 0.186300136113
13.7 0.376163000000 0.107794000000 0.704240000000 -0.519032242058 -0.804208353426 0.222480211631 0.185356444226
13.8 0.373877000000 0.107448000000 0.703977000000 -0.515170087227 -0.807282046085 0.221879972254 0.183479582537
13.9 0.374621000000 0.105008000000 0.702980000000 -0.510288844980 -0.810838017272 0.222579656762 0.180569379549
14.0 0.375549000000 0.102331000000 0.704020000000 -0.508557869285 -0.812105032759 0.224389053178 0.177493273592
14.1 0.376083000000 0.100224000000 0.704129000000 -0.507555092112 -0.813075715384 0.224623825860 0.175612773965
14.2 0.377096000000 0.098328400000 0.703456000000 -0.506568598181 -0.813773110983 0.225684191268 0.173862661288
14.3 0.378443000000 0.095203600000 0.702153000000 -0.505731442883 -0.814794630598 0.224904936549 0.172520106492
14.4 0.379611000000 0.094884800000 0.701851000000 -0.504457175799 -0.815564193216 0.227012422887 0.169833342969
14.5 0.380098000000 0.091304200000 0.702291000000 -0.506081113363 -0.814540665380 0.228078831812 0.168479843361
14.6 0.380347000000 0.089224300000 0.701290000000 -0.503477124883 -0.816314790491 0.228567776288 0.167026103311
14.7 0.379392000000 0.086998200000 0.700918000000 -0.501919476334 -0.817923961969 0.226987164462 0.165994153159
14.8 0.379943000000 0.084357400000 0.699870000000 -0.500157616966 -0.819370535368 0.226132718657 0.165342908871
14.9 0.380282000000 0.082915700000 0.698386000000 -0.496982637306 -0.822111776040 0.223951574894 0.164274702908
15.0 0.381966000000 0.082010400000 0.696916000000 -0.496288489785 -0.822726783093 0.222518984848 0.165238242158
15.1 0.383144000000 0.083827200000 0.696734000000 -0.495271486241 -0.823011091696 0.222853289202 0.166419077493
15.2 0.384123000000 0.086592800000 0.696807000000 -0.495574429810 -0.822615863716 0.221912461900 0.168712727836
15.3 0.385612000000 0.090137800000 0.695849000000 -0.496163823482 -0.822149341466 0.221958479370 0.169193244637
15.4 0.386267000000 0.093099900000 0.695039000000 -0.496201258217 -0.822180432264 0.222806796454 0.167811738564
15.5 0.388757000000 0.097259000000 0.694910000000 -0.497430756276 -0.820969288879 0.223591372087 0.169053150683
15.6 0.392511000000 0.103385000000 0.695428000000 -0.494339662147 -0.822122334500 0.225658521978 0.169768657304
15.7 0.393775000000 0.112182000000 0.696646000000 -0.493331831233 -0.822261150873 0.228898760633 0.167677253791
15.8 0.394766000000 0.116923000000 0.697761000000 -0.493821194691 -0.821469292992 0.230913696958 0.167354990673
15.9 0.396429000000 0.123974000000 0.698054000000 -0.491977620845 -0.821846450029 0.233078492239 0.167931085917
16.0 0.396775000000 0.129919000000 0.699118000000 -0.490224411220 -0.822711060587 0.234311934018 0.167106119004
16.1 0.397783000000 0.133920000000 0.698567000000 -0.486815486128 -0.824589196262 0.235142606213 0.166647216049
16.2 0.398638000000 0.136974000000 0.698464000000 -0.485429313054 -0.826083335153 0.234209058407 0.164592898909
16.3 0.400741000000 0.140265000000 0.698262000000 -0.482929073100 -0.827337954496 0.235501725138 0.163799746223
16.4 0.402533000000 0.140317000000 0.697793000000 -0.481549974931 -0.828354969888 0.234799065372 0.163728630382
16.5 0.405962000000 0.141055000000 0.695577000000 -0.478079623126 -0.830720783623 0.233135834004 0.164287968249
16.6 0.406567000000 0.141657000000 0.695078000000 -0.476817466208 -0.831158782935 0.233724521318 0.164903091553
16.7 0.406724000000 0.143737000000 0.693778000000 -0.477187401513 -0.830913537926 0.234193743078 0.164402454458
16.8 0.407627000000 0.144996000000 0.694266000000 -0.477418105209 -0.829664086359 0.235979823985 0.167460381276
16.9 0.405843000000 0.147847000000 0.695739000000 -0.478426599670 -0.828787710321 0.236718082691 0.167879329506
17.0 0.404936000000 0.153903000000 0.695365000000 -0.477066143807 -0.828725496011 0.239293634819 0.168405768990
17.1 0.403997000000 0.155690000000 0.695889000000 -0.476693823086 -0.828695942860 0.239041849749 0.169955957198
17.2 0.403579000000 0.159715000000 0.695396000000 -0.476192075530 -0.828635898580 0.240079458991 0.170192561995
17.3 0.402625000000 0.167402000000 0.694833000000 -0.474132760411 -0.829372299339 0.242951500982 0.168268484171
17.4 0.402750000000 0.171021000000 0.694358000000 -0.472788028274 -0.830368858505 0.242192323668 0.168231737499
17.5 0.403076000000 0.176098000000 0.693732000000 -0.470121724866 -0.831390121719 0.243965128714 0.168098320305
17.6 0.404513000000 0.181334000000 0.693401000000 -0.468415556389 -0.831305210236 0.245698817457 0.170735482742
17.7 0.406242000000 0.187744000000 0.692175000000 -0.466740487328 -0.831828709377 0.245559284812 0.172959398093
17.8 0.407291000000 0.194325000000 0.691665000000 -0.467271255539 -0.830446545259 0.247944367191 0.174756115755
17.9 0.407680000000 0.199337000000 0.690888000000 -0.467008798576 -0.830079613354 0.249231454219 0.175369038816
18.0 0.407475000000 0.203151000000 0.689895000000 -0.468139742776 -0.829076241175 0.249734991689 0.176380842155
18.1 0.406803000000 0.205820000000 0.690147000000 -0.469303080343 -0.828001761053 0.250334888899 0.177482804445
18.2 0.408142000000 0.209482000000 0.690688000000 -0.467112709913 -0.827659715335 0.253765154548 0.179967658724
18.3 0.408297000000 0.211690000000 0.691487000000 -0.467379092728 -0.827521370959 0.254029347105 0.179539007174
18.4 0.409709000000 0.215888000000 0.691046000000 -0.467772992835 -0.826956409447 0.255162741269 0.179509051352
18.5 0.411364000000 0.217773000000 0.691401000000 -0.469735843280 -0.825510979784 0.255741396257 0.180211536905
18.6 0.413133000000 0.221486000000 0.691571000000 -0.470291718183 -0.824909912005 0.256455901872 0.180498496612
18.7 0.415351000000 0.225013000000 0.690178000000 -0.469136339847 -0.825549500221 0.256304672298 0.180795553811
18.8 0.418350000000 0.226882000000 0.690077000000 -0.469498798989 -0.825445042159 0.256500429742 0.180052463647
18.9 0.423503000000 0.229452000000 0.687688000000 -0.469558726904 -0.825496734542 0.257567688391 0.178125318653
19.0 0.427155000000 0.230715000000 0.687794000000 -0.472358484134 -0.823381515730 0.258515050651 0.179137686172
19.1 0.429430000000 0.233480000000 0.687944000000 -0.472263113782 -0.822339321552 0.261068949085 0.180467712941
19.2 0.431257000000 0.235939000000 0.687789000000 -0.472821228270 -0.821275218257 0.263000809799 0.181046060488
19.3 0.432938000000 0.236817000000 0.686660000000 -0.473944548696 -0.820615649669 0.262710995745 0.181519841875
19.4 0.434383000000 0.236365000000 0.686200000000 -0.474823702599 -0.819931706225 0.262064545851 0.183239249029
19.5 0.435915000000 0.236133000000 0.687446000000 -0.477738884434 -0.817250008888 0.263807645215 0.185131055201
19.6 0.436101000000 0.236682000000 0.688515000000 -0.478024398080 -0.816171125821 0.265357017422 0.186930525923
19.7 0.436946000000 0.236151000000 0.688343000000 -0.477782048500 -0.814959055443 0.269518489331 0.186884552577
19.8 0.437018000000 0.235977000000 0.687850000000 -0.478365045192 -0.813740521630 0.271764218555 0.187449877323
19.9 0.435017000000 0.237705000000 0.686591000000 -0.479226522406 -0.813235599876 0.271370420992 0.188010355906
20.0 0.433453000000 0.237704000000 0.685678000000 -0.479938131637 -0.812569015397 0.271642163981 0.188683649967
20.1 0.429806000000 0.238037000000 0.683639000000 -0.477840194892 -0.814544199384 0.269456265525 0.188626128533
20.2 0.426708000000 0.237982000000 0.683269000000 -0.474729852948 -0.816397537308 0.269852926170 0.187898978271
20.3 0.424242000000 0.239319000000 0.684246000000 -0.468205386398 -0.819426744873 0.272716278518 0.186947472210
20.4 0.422445000000 0.240043000000 0.685384000000 -0.465099836336 -0.820459209444 0.275718445910 0.185763738290
20.5 0.419863000000 0.241161000000 0.686257000000 -0.458239435799 -0.823310316300 0.279238239833 0.184939849593
20.6 0.417616000000 0.242978000000 0.686855000000 -0.452706362582 -0.825220323358 0.283194093719 0.184036606351
20.7 0.415424000000 0.243185000000 0.686868000000 -0.448795423086 -0.827529636708 0.282544930433 0.184243672544
20.8 0.412094000000 0.243554000000 0.685343000000 -0.443820010947 -0.831112950605 0.278958410059 0.185626686329
20.9 0.407619000000 0.245919000000 0.685440000000 -0.440036951558 -0.832878411032 0.279355612161 0.186122206240
21.0 0.404358000000 0.245245000000 0.686308000000 -0.437065340819 -0.834598002227 0.278617707629 0.186526768935
21.1 0.400368000000 0.246050000000 0.685664000000 -0.430955477184 -0.837829321095 0.278789161664 0.186000023484
21.2 0.396445000000 0.247570000000 0.684466000000 -0.422722378247 -0.841823138709 0.279659076246 0.185554291616
21.3 0.392626000000 0.246778000000 0.684354000000 -0.418286893436 -0.844736508530 0.278251872222 0.184478187170
21.4 0.387331000000 0.248274000000 0.683453000000 -0.412500827734 -0.848689868985 0.276560080298 0.181887589973
21.5 0.382842000000 0.250864000000 0.682038000000 -0.407172053386 -0.851203686510 0.277769336687 0.180298082656
21.6 0.377996000000 0.253091000000 0.681363000000 -0.403258889052 -0.853381134428 0.278006988373 0.178423715405
21.7 0.374046000000 0.255570000000 0.680730000000 -0.400084696935 -0.854881409855 0.278679541681 0.177335059736
21.8 0.369225000000 0.257397000000 0.679841000000 -0.396280626350 -0.857087704571 0.277985000079 0.176314127581
21.9 0.365018000000 0.261264000000 0.677781000000 -0.391200136894 -0.859747410774 0.277675163839 0.175195165309
22.0 0.361575000000 0.264252000000 0.676736000000 -0.388566552670 -0.861510015097 0.276345248335 0.174498801591
22.1 0.356982000000 0.270059000000 0.674037000000 -0.383498718701 -0.864443644961 0.275079571645 0.173196843809
22.2 0.353064000000 0.273328000000 0.672406000000 -0.381106377543 -0.866421286601 0.273371624022 0.171289340882
22.3 0.350217000000 0.276292000000 0.671433000000 -0.376997242880 -0.868314768543 0.274211594592 0.169441857233
22.4 0.347243000000 0.278477000000 0.669935000000 -0.371539293028 -0.870203366649 0.276204661741 0.168569389990
22.5 0.340126000000 0.280296000000 0.667734000000 -0.363298128090 -0.874471360159 0.276405545268 0.164055737275
22.6 0.339171000000 0.280349000000 0.667176000000 -0.362953362149 -0.874855980235 0.276228045171 0.163064213773
22.7 0.336260000000 0.280013000000 0.665524000000 -0.360550577086 -0.876379429647 0.274737497968 0.162731938676
22.8 0.332379000000 0.280664000000 0.665726000000 -0.358489624295 -0.877240125051 0.273823545060 0.164181662936
22.9 0.326364000000 0.281455000000 0.665442000000 -0.355049332094 -0.878455475774 0.274328974089 0.164315437001
23.0 0.325750000000 0.281586000000 0.665062000000 -0.354076575221 -0.878767433468 0.274512224047 0.164440310156
23.1 0.321670000000 0.280126000000 0.664768000000 -0.350420208497 -0.880590548002 0.273663304471 0.163934011214
23.2 0.318260000000 0.280913000000 0.663667000000 -0.347361260257 -0.881843456618 0.273897322777 0.163317266290
23.3 0.313815000000 0.280016000000 0.662450000000 -0.344299295640 -0.883631697900 0.272667591157 0.162189402309
23.4 0.309228000000 0.279320000000 0.661348000000 -0.340022086517 -0.885318873488 0.273289352315 0.160960873621
23.5 0.305156000000 0.279849000000 0.660382000000 -0.334467803009 -0.887557650110 0.274116478417 0.158848552851
23.6 0.301326000000 0.278474000000 0.659914000000 -0.331270188631 -0.889150458298 0.274005358286 0.156820241879
23.7 0.296477000000 0.279686000000 0.659584000000 -0.326638671224 -0.890740276839 0.275430190367 0.155006928592
23.8 0.291220000000 0.282134000000 0.658316000000 -0.321179568178 -0.893021054702 0.275231796342 0.153637687842
23.9 0.288348000000 0.282540000000 0.657388000000 -0.316042337704 -0.895237058273 0.274604481936 0.152513044604
24.0 0.284354000000 0.282267000000 0.655561000000 -0.309234279438 -0.898372076814 0.273090325094 0.150742981136
24.1 0.279860000000 0.282450000000 0.652951000000 -0.302225208650 -0.901608417371 0.271944515167 0.147676557559
24.2 0.277932000000 0.281942000000 0.649836000000 -0.297066413159 -0.903635389302 0.271344141738 0.146857026109
24.3 0.273991000000 0.282103000000 0.646790000000 -0.292060396408 -0.905218012269 0.271198445212 0.147419396379
24.4 0.268966000000 0.283322000000 0.644647000000 -0.288941441939 -0.906248454237 0.271483441495 0.146708293279
24.5 0.264676000000 0.283295000000 0.643972000000 -0.287621354543 -0.906938886155 0.271279581368 0.145407021580
24.6 0.260390000000 0.284392000000 0.641413000000 -0.284329762960 -0.908057246041 0.271396808397 0.144680324161
24.7 0.257016000000 0.284378000000 0.639779000000 -0.283003473075 -0.908631922414 0.271566522095 0.143348135236
24.8 0.254170000000 0.284754000000 0.638559000000 -0.280517929828 -0.909508624771 0.272160420905 0.141536065388
24.9 0.250923000000 0.282878000000 0.637542000000 -0.275936497277 -0.911586332188 0.270520203369 0.140314746223
25.0 0.248242000000 0.282481000000 0.635634000000 -0.270203240402 -0.913121925362 0.272572349063 0.137487718820
25.1 0.246640000000 0.280045000000 0.634795000000 -0.265013694564 -0.914570515598 0.273639021775 0.135831511273
25.2 0.243834000000 0.279271000000 0.633964000000 -0.261737115677 -0.915646543453 0.274138440066 0.133914918578
25.3 0.241357000000 0.278628000000 0.631153000000 -0.257792533665 -0.917355753307 0.272889780457 0.132410721558
25.4 0.239099000000 0.277626000000 0.629704000000 -0.253555806421 -0.918534430344 0.273225789807 0.131725552146
25.5 0.238225000000 0.277156000000 0.628314000000 -0.250662709352 -0.918951973627 0.274626681670 0.131436912712
25.6 0.236843000000 0.274950000000 0.627681000000 -0.247605624448 -0.920016644672 0.273923371122 0.131250961981
25.7 0.235563000000 0.273940000000 0.626565000000 -0.242857135353 -0.921128867902 0.273965205887 0.132231185767
25.8 0.234516000000 0.272448000000 0.625897000000 -0.239980054165 -0.922178664155 0.272946832527 0.132272867943
25.9 0.233812000000 0.270324000000 0.625976000000 -0.237710157868 -0.923527380374 0.269836657661 0.133338804290
26.0 0.233405000000 0.271494000000 0.625242000000 -0.231948639210 -0.925560371344 0.267939913436 0.133214228051
26.1 0.234226000000 0.270957000000 0.625835000000 -0.230349632121 -0.926768302934 0.264937805011 0.133594607432
26.2 0.235105000000 0.272790000000 0.625768000000 -0.227246163728 -0.927809990991 0.263553745424 0.134414377805
26.3 0.235721000000 0.275166000000 0.626334000000 -0.222353054581 -0.929076554564 0.262760717088 0.135398229065
26.4 0.236220000000 0.276892000000 0.627974000000 -0.218663464936 -0.929893702739 0.261785601798 0.137667314199
26.5 0.236044000000 0.279651000000 0.629149000000 -0.215387774958 -0.930603961864 0.260878475278 0.139738304334
26.6 0.235589000000 0.281785000000 0.630300000000 -0.213046205519 -0.930810692139 0.261197291824 0.141346186569
26.7 0.234489000000 0.284751000000 0.631836000000 -0.209509622783 -0.930974855266 0.262198773011 0.143677904550
26.8 0.233419000000 0.288164000000 0.633649000000 -0.204966490237 -0.931497288781 0.262720839639 0.145874258502
26.9 0.232088000000 0.290796000000 0.635324000000 -0.200247558967 -0.932258132336 0.262443551688 0.148050910157
27.0 0.230208000000 0.293092000000 0.636315000000 -0.194714019495 -0.933449844104 0.262063924846 0.148594543804
27.1 0.229542000000 0.294275000000 0.636906000000 -0.189178537302 -0.934951618422 0.259881073108 0.150129211261
27.2 0.228857000000 0.295021000000 0.637715000000 -0.184778686619 -0.936206308283 0.257667208855 0.151598795457
27.3 0.228120000000 0.295084000000 0.638771000000 -0.180241603603 -0.937057634893 0.257129575992 0.152709968144
27.4 0.227208000000 0.295045000000 0.640110000000 -0.175276340709 -0.937719175846 0.257300865733 0.154133760520
27.5 0.225830000000 0.296169000000 0.641270000000 -0.172165053427 -0.938220165737 0.257492502245 0.154271599043
27.6 0.225218000000 0.295616000000 0.642373000000 -0.169276028828 -0.938860220068 0.256105243153 0.155875648091
27.7 0.225446000000 0.294937000000 0.643727000000 -0.164765689931 -0.939782816105 0.254729014326 0.157396490546
27.8 0.225455000000 0.295226000000 0.644845000000 -0.158917501631 -0.941101308938 0.253369033861 0.157726620047
27.9 0.226545000000 0.294667000000 0.646159000000 -0.154432834921 -0.942354318999 0.251258190683 0.158076432708
28.0 0.227395000000 0.294831000000 0.646624000000 -0.147321751029 -0.943465259722 0.250669747641 0.159167468375
28.1 0.227628000000 0.294886000000 0.647219000000 -0.141545768155 -0.945065135957 0.247245343411 0.160269848931
28.2 0.227157000000 0.293601000000 0.647857000000 -0.139835570272 -0.945721453132 0.245227796878 0.160997745358
28.3 0.226127000000 0.292844000000 0.648968000000 -0.135464584833 -0.946522815207 0.243316174980 0.162914534469
28.4 0.224885000000 0.292223000000 0.650375000000 -0.131422194008 -0.947138399436 0.241300217397 0.165623863983
28.5 0.224313000000 0.290953000000 0.650967000000 -0.129639129265 -0.947480174632 0.239646384297 0.167465295915
28.6 0.222822000000 0.289683000000 0.650673000000 -0.127047612306 -0.948166550975 0.238318644904 0.167461396476
28.7 0.220898000000 0.288885000000 0.650355000000 -0.125145838504 -0.948377202239 0.238008625457 0.168140107016
28.8 0.219758000000 0.286352000000 0.650862000000 -0.125606057935 -0.948688899165 0.236126171669 0.168691795484
28.9 0.218690000000 0.285689000000 0.650549000000 -0.125554776150 -0.948825026173 0.235704145850 0.168554512023
29.0 0.216891000000 0.285246000000 0.651121000000 -0.126838865055 -0.949456483433 0.233563174826 0.167010573747
29.1 0.216506000000 0.284392000000 0.652504000000 -0.127577139887 -0.949815585512 0.233312416053 0.164741444125
29.2 0.216228000000 0.284269000000 0.653236000000 -0.126610465475 -0.950635801764 0.233138219429 0.160959414383
29.3 0.217179000000 0.284108000000 0.654523000000 -0.127022178881 -0.951331755036 0.232648859262 0.157187042142
29.4 0.217969000000 0.285507000000 0.655230000000 -0.126181283180 -0.951831049835 0.232208040042 0.155484283722
29.5 0.218012000000 0.285471000000 0.656421000000 -0.127712586422 -0.952372777945 0.229704638905 0.154633004123
29.6 0.217904000000 0.287411000000 0.659031000000 -0.130536618453 -0.952495008589 0.228841082893 0.152791389275
29.7 0.217565000000 0.290207000000 0.662235000000 -0.133307826395 -0.952476010663 0.227344299566 0.152751569511
29.8 0.217476000000 0.292237000000 0.664509000000 -0.136558497544 -0.952148810232 0.226809635071 0.152714797451
29.9 0.218009000000 0.294631000000 0.666308000000 -0.138928368999 -0.952316265140 0.225391981571 0.151628144087
30.0 0.218904000000 0.295256000000 0.668658000000 -0.140560376321 -0.952101188079 0.224704810696 0.152492151654
30.1 0.219218000000 0.296446000000 0.670793000000 -0.141550649755 -0.951566001665 0.225924223139 0.153113694452
30.2 0.219514000000 0.298565000000 0.674216000000 -0.143669989257 -0.950311733446 0.228792797036 0.154662210918
30.3 0.220234000000 0.300247000000 0.677722000000 -0.145838425851 -0.948933889538 0.231487687838 0.157063927148
30.4 0.221118000000 0.302262000000 0.679267000000 -0.149569108037 -0.947717891253 0.233221885474 0.158326980191
30.5 0.222018000000 0.303909000000 0.681879000000 -0.154004521808 -0.946553361879 0.234716569929 0.158831584326
30.6 0.223831000000 0.305128000000 0.683808000000 -0.157030154590 -0.945515757383 0.235553940982 0.160797462596
30.7 0.224559000000 0.308011000000 0.684805000000 -0.159104655942 -0.944423808494 0.236996575261 0.163039877701
30.8 0.223899000000 0.310164000000 0.685858000000 -0.160658860278 -0.943721701257 0.238238686593 0.163769378705
30.9 0.224059000000 0.312913000000 0.686374000000 -0.162236043530 -0.942880988617 0.239709453897 0.164906898571
31.0 0.222553000000 0.315232000000 0.686307000000 -0.163579587079 -0.942506290052 0.241091231166 0.163702871562
31.1 0.221557000000 0.318556000000 0.684193000000 -0.164295701804 -0.942272036481 0.242393409024 0.162406178751
31.2 0.218782000000 0.321246000000 0.681999000000 -0.168093642127 -0.942168298037 0.242678812343 0.158651882089
31.3 0.218684000000 0.325524000000 0.678139000000 -0.173243543658 -0.942124324701 0.241338339241 0.155384160712
31.4 0.219669000000 0.328616000000 0.675572000000 -0.172856359383 -0.942091717442 0.242033556275 0.154931057526
31.5 0.222818000000 0.329592000000 0.675337000000 -0.177173154914 -0.941344459719 0.241549728145 0.155351247719
31.6 0.222881000000 0.334194000000 0.674599000000 -0.179615152964 -0.940272958129 0.245172965126 0.153347247152
31.7 0.223825000000 0.336163000000 0.673518000000 -0.182091332142 -0.939619169649 0.246863599103 0.151713302726
31.8 0.225542000000 0.338829000000 0.671247000000 -0.183361617596 -0.939254542757 0.248593945266 0.149601041042
31.9 0.227338000000 0.342673000000 0.669735000000 -0.186124591084 -0.938426518925 0.250705601707 0.147851298419
32.0 0.228522000000 0.346658000000 0.668950000000 -0.187755701691 -0.937841990657 0.252684040653 0.146119720241
32.1 0.229766000000 0.352747000000 0.667918000000 -0.188680412095 -0.936851442340 0.256734914884 0.144209086252
32.2 0.233743000000 0.358804000000 0.666475000000 -0.192454247271 -0.934955836674 0.260938533189 0.143979262649
32.3 0.236631000000 0.366372000000 0.663359000000 -0.194375904992 -0.933208847983 0.266257084052 0.142990974530
32.4 0.239735000000 0.368925000000 0.661280000000 -0.196659377652 -0.932392353539 0.267369439864 0.143119428698
32.5 0.240886000000 0.373494000000 0.656677000000 -0.196984923405 -0.930812489702 0.271215484972 0.145695606240
32.6 0.246293000000 0.376035000000 0.653649000000 -0.196323779990 -0.930587654607 0.272317151542 0.145969036029
32.7 0.250641000000 0.380179000000 0.651833000000 -0.200130752820 -0.928084410871 0.278206961777 0.145629305062
32.8 0.251243000000 0.382435000000 0.650272000000 -0.201362245213 -0.927099148167 0.280735340422 0.145355028495
32.9 0.251585000000 0.384792000000 0.647998000000 -0.202597625137 -0.925552667290 0.285701255533 0.143809787384
33.0 0.252539000000 0.384635000000 0.646232000000 -0.204409047027 -0.924016168673 0.289163475565 0.144206608462
33.1 0.251564000000 0.386134000000 0.642733000000 -0.203973534675 -0.923041311366 0.291985623341 0.145375136888
33.2 0.251021000000 0.387831000000 0.639157000000 -0.206448934361 -0.921236218177 0.295596514038 0.146032081095
33.3 0.250763000000 0.389031000000 0.635809000000 -0.208045020841 -0.920638401341 0.296725267732 0.145245718588
33.4 0.251657000000 0.391124000000 0.632283000000 -0.209815484852 -0.918859722334 0.300706486465 0.145773392586
33.5 0.253405000000 0.393989000000 0.629644000000 -0.211912185366 -0.916894049387 0.305150535793 0.145882412913
33.6 0.255388000000 0.396637000000 0.626647000000 -0.212893657391 -0.916057139068 0.306777261366 0.146298737224
33.7 0.257579000000 0.401104000000 0.622834000000 -0.214762858188 -0.915282737648 0.307706616738 0.146461813868
33.8 0.258634000000 0.408314000000 0.619848000000 -0.212413274119 -0.914474277099 0.311838707028 0.146198557795
33.9 0.260302000000 0.413649000000 0.617488000000 -0.211580380539 -0.913185230315 0.316123767559 0.146260867252
34.0 0.261770000000 0.420701000000 0.615044000000 -0.211374660536 -0.912371704488 0.319262915730 0.144809586605
34.1 0.262696000000 0.428768000000 0.613072000000 -0.206446360757 -0.910030135958 0.328695915205 0.145547405013
34.2 0.262233000000 0.435676000000 0.611924000000 -0.199877611109 -0.908363605444 0.336872555294 0.146428762106
34.3 0.262181000000 0.440095000000 0.611909000000 -0.198073005769 -0.908608327066 0.337621682968 0.145635131616
34.4 0.263456000000 0.446590000000 0.609830000000 -0.196164079242 -0.907504181426 0.342152782232 0.144524352000
34.5 0.266723000000 0.450752000000 0.606255000000 -0.198147781692 -0.907607790377 0.341985465660 0.141532670201
34.6 0.268258000000 0.453301000000 0.603224000000 -0.198179819732 -0.908174931242 0.341281114346 0.139535853117
34.7 0.271139000000 0.455843000000 0.599716000000 -0.199563100071 -0.907867927528 0.341839367616 0.138189152990
34.8 0.272660000000 0.459116000000 0.595640000000 -0.200591324120 -0.906642216128 0.344385614677 0.138425290414
34.9 0.273101000000 0.460013000000 0.593463000000 -0.204385367552 -0.905351094705 0.345447491055 0.138679658824
35.0 0.270051000000 0.463772000000 0.588316000000 -0.208581431349 -0.903966997543 0.347547308753 0.136192224553
35.1 0.268205000000 0.464789000000 0.584292000000 -0.211076625983 -0.903431101540 0.347791678524 0.135276942169
35.2 0.266937000000 0.466288000000 0.580829000000 -0.211040167796 -0.903086367411 0.349226060942 0.133933636300
35.3 0.266628000000 0.466821000000 0.577681000000 -0.211159846399 -0.902645519365 0.351320943442 0.131210442944
35.4 0.265088000000 0.468774000000 0.574905000000 -0.211575510917 -0.900520959026 0.357025037031 0.129734068268
35.5 0.263546000000 0.469812000000 0.572544000000 -0.211515524795 -0.898918671686 0.360904763040 0.130208127550
35.6 0.261032000000 0.471042000000 0.568055000000 -0.213606186598 -0.897466686049 0.363388730737 0.129902174169
35.7 0.261116000000 0.470098000000 0.562888000000 -0.215334741419 -0.895723050970 0.366366319366 0.130716812742
35.8 0.260407000000 0.470039000000 0.559786000000 -0.218608345940 -0.892934932388 0.371543837148 0.129741183457
35.9 0.258037000000 0.470385000000 0.556685000000 -0.221905807373 -0.891707213151 0.373276202850 0.127596767418
36.0 0.256752000000 0.470369000000 0.553820000000 -0.223636936710 -0.891465116639 0.372838496880 0.127545762766
36.1 0.254485000000 0.471066000000 0.549884000000 -0.223085909806 -0.891735842053 0.372699834482 0.127022431958
36.2 0.253802000000 0.471012000000 0.546890000000 -0.223589304016 -0.891652873377 0.372898516598 0.126133551633
36.3 0.253272000000 0.470354000000 0.542796000000 -0.225390445355 -0.891459567234 0.372549076135 0.125324271397
36.4 0.252453000000 0.470919000000 0.537934000000 -0.227581854761 -0.889796322173 0.374956048043 0.126003835131
36.5 0.251464000000 0.472277000000 0.535593000000 -0.229999337477 -0.887621124530 0.378425505359 0.126582703958
36.6 0.250534000000 0.473646000000 0.532989000000 -0.233014433027 -0.885005189592 0.381628486893 0.129729666569
36.7 0.250923000000 0.472563000000 0.530273000000 -0.233078386527 -0.882177372560 0.386686624075 0.133831998557
36.8 0.251202000000 0.471548000000 0.528499000000 -0.229024466343 -0.880272948784 0.392068545660 0.137657491478
36.9 0.253115000000 0.469043000000 0.527192000000 -0.227015377422 -0.878106776964 0.396429778885 0.142253074051
37.0 0.255151000000 0.467248000000 0.524797000000 -0.222960250745 -0.874788056666 0.404503267915 0.146327334246
37.1 0.255977000000 0.464929000000 0.523548000000 -0.221734594783 -0.873485675088 0.407739322605 0.146987039207
37.2 0.256585000000 0.463132000000 0.521269000000 -0.222334110260 -0.872275206569 0.410335259955 0.146042739830
37.3 0.257846000000 0.461186000000 0.519430000000 -0.223720615976 -0.871858630642 0.411276193372 0.143748067560
37.4 0.258208000000 0.459127000000 0.518390000000 -0.223901726123 -0.872408405466 0.410420421126 0.142571627732
37.5 0.259451000000 0.457925000000 0.516113000000 -0.224217622670 -0.872720189739 0.409837809621 0.141841100925
37.6 0.259500000000 0.457371000000 0.515413000000 -0.224713920774 -0.873532889883 0.408136705469 0.140955218961
37.7 0.261010000000 0.456694000000 0.514563000000 -0.226372730933 -0.873311795803 0.407367124596 0.141894044270
37.8 0.261795000000 0.457124000000 0.512331000000 -0.226608350191 -0.873399769235 0.406898375079 0.142320803402
37.9 0.262160000000 0.458011000000 0.511383000000 -0.227796711439 -0.873263703913 0.405928057401 0.144019352522
38.0 0.262274000000 0.459440000000 0.510608000000 -0.228810389479 -0.872259087990 0.406295325603 0.147424548429
38.1 0.261655000000 0.460718000000 0.510497000000 -0.229640442149 -0.871295727101 0.407226851372 0.149249170140
38.2 0.262750000000 0.461357000000 0.509305000000 -0.231192828358 -0.870446451256 0.407804529666 0.150227551385
38.3 0.263620000000 0.461285000000 0.507071000000 -0.232477883867 -0.870500205769 0.407528465281 0.148674057098
38.4 0.263413000000 0.461665000000 0.505630000000 -0.232489676046 -0.870339563254 0.408102396766 0.148020366571
38.5 0.263807000000 0.461325000000 0.504105000000 -0.234772324295 -0.869613771899 0.408697286307 0.147038673943
38.6 0.263207000000 0.461324000000 0.502930000000 -0.236671304059 -0.868353977027 0.410696551378 0.145864344866
38.7 0.264359000000 0.459766000000 0.501082000000 -0.239509164809 -0.865210258818 0.414453020700 0.149248992095
38.8 0.264700000000 0.458514000000 0.498237000000 -0.240294488552 -0.862629190134 0.418214161682 0.152401949033
38.9 0.263480000000 0.459388000000 0.495610000000 -0.237453164949 -0.860229674738 0.423245780300 0.156473354326
39.0 0.263321000000 0.459113000000 0.494792000000 -0.238234879570 -0.858614724460 0.426873319008 0.154285665618
39.1 0.264049000000 0.458235000000 0.493878000000 -0.238716675211 -0.858236106327 0.428112960655 0.152198645500
39.2 0.264068000000 0.457726000000 0.492904000000 -0.238749796754 -0.860617258012 0.424544668055 0.148654951440
39.3 0.264543000000 0.457384000000 0.492958000000 -0.238556077753 -0.862471490486 0.421724592793 0.146226856972
39.4 0.264774000000 0.458478000000 0.491717000000 -0.234350961329 -0.864121673784 0.421197188171 0.144797405009
39.5 0.265789000000 0.458042000000 0.491375000000 -0.230970118778 -0.865443061608 0.421022180786 0.142833590701
39.6 0.267290000000 0.457043000000 0.490756000000 -0.228631786313 -0.866196982370 0.421254338561 0.141333210052
39.7 0.268221000000 0.456561000000 0.490458000000 -0.226240477004 -0.866456045265 0.423098383917 0.138046824362
39.8 0.269620000000 0.455396000000 0.489786000000 -0.224185075096 -0.866381248729 0.424436659536 0.137761046732
39.9 0.270509000000 0.453748000000 0.487595000000 -0.226062950938 -0.865903959674 0.424501372936 0.137493487884
40.0 0.269971000000 0.452683000000 0.486107000000 -0.228470718756 -0.864573438318 0.425909793706 0.137530898532
40.1 0.269636000000 0.451205000000 0.483824000000 -0.228443336458 -0.864553547633 0.425792412403 0.138063850603
40.2 0.270721000000 0.449143000000 0.480334000000 -0.225170596245 -0.866193432477 0.424038363989 0.138559034299
40.3 0.271526000000 0.447525000000 0.478306000000 -0.221216780954 -0.866668971827 0.425112649756 0.138662410600
40.4 0.272364000000 0.445318000000 0.476158000000 -0.218197777773 -0.864795434981 0.430047503673 0.139920441662
40.5 0.272030000000 0.445294000000 0.472014000000 -0.213291312743 -0.864567326991 0.432534728320 0.141222738274
40.6 0.273510000000 0.443836000000 0.469513000000 -0.211276941391 -0.863940669928 0.434820829140 0.141065301992
40.7 0.274882000000 0.441910000000 0.466532000000 -0.208900721141 -0.861076747253 0.441671850511 0.140830751305
40.8 0.276741000000 0.439898000000 0.462408000000 -0.209176762861 -0.860044158262 0.443526104897 0.140903236276
40.9 0.277618000000 0.439329000000 0.459787000000 -0.210930496960 -0.860534366626 0.441591889068 0.141370197772
41.0 0.277794000000 0.439344000000 0.456198000000 -0.214471541109 -0.862129604952 0.436798586601 0.141214365642
41.1 0.279739000000 0.438361000000 0.452734000000 -0.217993251699 -0.863537274408 0.432816949529 0.139469731917
41.2 0.281799000000 0.436441000000 0.450420000000 -0.220516027553 -0.864171912945 0.430669248920 0.138215717282
41.3 0.283772000000 0.434975000000 0.447951000000 -0.218251409960 -0.865633402810 0.428939634178 0.138043196937
41.4 0.285426000000 0.433597000000 0.445259000000 -0.219045903531 -0.865424717530 0.429124008794 0.137519218698
41.5 0.285862000000 0.433121000000 0.442690000000 -0.220228979161 -0.865326355840 0.428371045243 0.138591999135
41.6 0.285146000000 0.433456000000 0.441241000000 -0.221778414495 -0.864935980593 0.428309620182 0.138747805745
41.7 0.284717000000 0.432775000000 0.440023000000 -0.221848989794 -0.865160783168 0.427338285765 0.140220663652
41.8 0.284437000000 0.432917000000 0.436961000000 -0.223434225229 -0.863801016236 0.429257726993 0.140223946470
41.9 0.283947000000 0.432377000000 0.436003000000 -0.226813781627 -0.860667545285 0.432776979560 0.143216517624
42.0 0.282629000000 0.431917000000 0.434675000000 -0.232233093361 -0.857852707672 0.433694467332 0.148545048026
42.1 0.282299000000 0.433006000000 0.430770000000 -0.234329987607 -0.857213232815 0.432387525118 0.152695640139
42.2 0.281626000000 0.434470000000 0.428286000000 -0.236622300171 -0.855809149793 0.432689619406 0.156141856817
42.3 0.281292000000 0.436311000000 0.426580000000 -0.239643878762 -0.854761928707 0.433633349009 0.154644674117
42.4 0.283188000000 0.437703000000 0.426385000000 -0.242659169888 -0.855384918579 0.431246619876 0.153165012921
42.5 0.285324000000 0.438189000000 0.427104000000 -0.244362055400 -0.855023199196 0.431271778713 0.152404618049
42.6 0.287197000000 0.439891000000 0.427054000000 -0.243267950821 -0.855453889871 0.431446565165 0.151238909724
42.7 0.289772000000 0.440358000000 0.427005000000 -0.243446367815 -0.856637485921 0.428844167128 0.151653433961
42.8 0.291054000000 0.440930000000 0.427260000000 -0.242222805485 -0.855965986972 0.431205555771 0.150705375891
42.9 0.292348000000 0.440887000000 0.427514000000 -0.238382241604 -0.855146694143 0.435523556248 0.149054588445
43.0 0.293331000000 0.440263000000 0.428428000000 -0.240791368394 -0.856262429753 0.432363091978 0.147974068660
43.1 0.294159000000 0.439074000000 0.429077000000 -0.242305295009 -0.856202774086 0.431521909098 0.148303053328
43.2 0.295259000000 0.437207000000 0.430815000000 -0.244721685780 -0.854786434096 0.433176963288 0.147679270957
43.3 0.296527000000 0.434436000000 0.433516000000 -0.248753648717 -0.851788373592 0.435567946696 0.151191113081
43.4 0.297088000000 0.431345000000 0.437203000000 -0.255192451234 -0.849362700595 0.435838235503 0.153312909255
43.5 0.296410000000 0.429177000000 0.439528000000 -0.263910423729 -0.843979204680 0.440316840957 0.155471765555
43.6 0.293204000000 0.428878000000 0.440673000000 -0.275629014482 -0.840901996799 0.439024684643 0.155466409326
43.7 0.293202000000 0.426547000000 0.439098000000 -0.284431054251 -0.840589344034 0.434461803380 0.154115124106
43.8 0.293102000000 0.425795000000 0.437939000000 -0.289470414486 -0.840437966361 0.431901555918 0.152747994526
43.9 0.294586000000 0.426957000000 0.435328000000 -0.295796803454 -0.838666980117 0.430740983547 0.153636429992
44.0 0.296711000000 0.428348000000 0.434434000000 -0.296376962926 -0.839937108531 0.428072827150 0.153035957259
44.1 0.298991000000 0.429797000000 0.434466000000 -0.295234574110 -0.840250592296 0.428836138459 0.151377193622
44.2 0.303047000000 0.431511000000 0.435527000000 -0.292690189204 -0.840143587349 0.430613988617 0.151864408561
44.3 0.305093000000 0.435051000000 0.436067000000 -0.290459323722 -0.840047057313 0.432972272199 0.149964443350
44.4 0.306905000000 0.437339000000 0.436001000000 -0.291195618515 -0.839956270680 0.433395861261 0.147805962479
44.5 0.310425000000 0.439697000000 0.436519000000 -0.291207762522 -0.840483519763 0.432126848059 0.148498751647
44.6 0.313017000000 0.443953000000 0.435628000000 -0.289424370851 -0.840320417813 0.433317371774 0.149436221455
44.7 0.313976000000 0.446913000000 0.435813000000 -0.287072393630 -0.840191344257 0.434842399477 0.150266541412
44.8 0.315840000000 0.448605000000 0.436334000000 -0.286820893524 -0.839033212754 0.436650547702 0.151964937159
44.9 0.318759000000 0.448891000000 0.434956000000 -0.293448228290 -0.837163856551 0.435980754227 0.151544041594
45.0 0.321595000000 0.448753000000 0.434183000000 -0.296712323005 -0.837415502870 0.433106611246 0.152038601100
45.1 0.322858000000 0.446422000000 0.431647000000 -0.299421080805 -0.836820791490 0.432436710895 0.151909415016
45.2 0.324492000000 0.441822000000 0.429527000000 -0.305159796528 -0.836101964610 0.430237627504 0.150687050667
45.3 0.328600000000 0.436687000000 0.426700000000 -0.306674476724 -0.837002171571 0.427795357185 0.149563573378
45.4 0.333120000000 0.430638000000 0.425659000000 -0.309152094428 -0.836457097493 0.427254086677 0.149058552192
45.5 0.337016000000 0.422940000000 0.426657000000 -0.311742873371 -0.835219916060 0.427798159580 0.149039616814
45.6 0.341018000000 0.414256000000 0.426978000000 -0.314397031425 -0.834269989179 0.426773973201 0.151697289315
45.7 0.344838000000 0.407483000000 0.426427000000 -0.317528372259 -0.832931150896 0.426026789865 0.154604673265
45.8 0.347735000000 0.401050000000 0.424376000000 -0.321496835567 -0.831708060222 0.424022830736 0.158449128419
45.9 0.349706000000 0.396611000000 0.421941000000 -0.325359364370 -0.831069634634 0.421711070139 0.160075981109
46.0 0.354722000000 0.388803000000 0.419073000000 -0.328764034517 -0.830115206837 0.420264516966 0.161866268153
46.1 0.360076000000 0.378691000000 0.416730000000 -0.331107875428 -0.829612857215 0.420004301513 0.160332369418
46.2 0.365512000000 0.370505000000 0.414688000000 -0.332182174118 -0.829182028717 0.420563431561 0.158866505231
46.3 0.373252000000 0.357762000000 0.412505000000 -0.336270326660 -0.828093442897 0.418860291747 0.160435573476
46.4 0.378812000000 0.347100000000 0.413139000000 -0.340813609805 -0.825163910690 0.420115398515 0.162645798583
46.5 0.382570000000 0.337620000000 0.415476000000 -0.349639831547 -0.819455312087 0.422000681287 0.167810621480
46.6 0.385718000000 0.329322000000 0.416716000000 -0.359337597446 -0.814934371048 0.419119149961 0.176345116415
46.7 0.385774000000 0.325327000000 0.416436000000 -0.371186310635 -0.809298823741 0.417611370334 0.181264668528
46.8 0.385720000000 0.321922000000 0.415820000000 -0.375980065028 -0.807313484850 0.415470068438 0.185117665588
46.9 0.386004000000 0.318874000000 0.413397000000 -0.380027327467 -0.806154235481 0.412910662900 0.187614933997
47.0 0.385675000000 0.316306000000 0.413106000000 -0.382805550546 -0.804250952691 0.412703933613 0.190566992807
47.1 0.383307000000 0.312992000000 0.413712000000 -0.387188579601 -0.800572328867 0.414006601034 0.194338581808
47.2 0.378940000000 0.309512000000 0.415896000000 -0.390525977327 -0.797167156759 0.415987815953 0.197403450313
47.3 0.375266000000 0.304877000000 0.417777000000 -0.392094942959 -0.795158772152 0.417079257655 0.200072425911
47.4 0.373151000000 0.301133000000 0.418511000000 -0.394162599355 -0.793523007325 0.417128055880 0.202388900667
47.5 0.370761000000 0.296783000000 0.418100000000 -0.398891762790 -0.791194908890 0.415637400300 0.205284020802
47.6 0.368763000000 0.293920000000 0.417407000000 -0.403681560206 -0.789032152708 0.413741307941 0.208056699112
47.7 0.367082000000 0.293123000000 0.417839000000 -0.404132622106 -0.787939699544 0.414372379031 0.210055671497
47.8 0.365772000000 0.291152000000 0.419734000000 -0.405450992041 -0.786938348887 0.414867521706 0.210291387217
47.9 0.366491000000 0.287607000000 0.420522000000 -0.407386682337 -0.786715015812 0.413817124750 0.209453962038
48.0 0.366434000000 0.286254000000 0.420471000000 -0.406908633617 -0.786945139487 0.413983991709 0.209188828417
48.1 0.365090000000 0.284609000000 0.421181000000 -0.405639291436 -0.787746320204 0.413769683739 0.209062548215
48.2 0.363228000000 0.283771000000 0.422024000000 -0.408109466398 -0.786263800235 0.414168595756 0.209046105359
48.3 0.361151000000 0.283010000000 0.422523000000 -0.410734942520 -0.784055032339 0.414679142177 0.211176992830
48.4 0.357145000000 0.282240000000 0.423479000000 -0.411135623316 -0.783509037139 0.414827682258 0.212129870585
48.5 0.355902000000 0.279197000000 0.424382000000 -0.414885042947 -0.782551779500 0.413029463235 0.211872074706
48.6 0.356003000000 0.278128000000 0.422913000000 -0.416287265240 -0.783076315257 0.411933719518 0.209301237469
48.7 0.357123000000 0.275169000000 0.423260000000 -0.418973158069 -0.783020398987 0.409982309354 0.207978493128
48.8 0.358398000000 0.272862000000 0.425194000000 -0.419070882709 -0.783711365738 0.409574885498 0.205972094342
48.9 0.359957000000 0.271124000000 0.426656000000 -0.422306492355 -0.782918464124 0.409694092203 0.202105556238
49.0 0.362221000000 0.270185000000 0.426894000000 -0.426688776288 -0.780803953645 0.410125176449 0.200197936565
49.1 0.365261000000 0.269494000000 0.427864000000 -0.430015880575 -0.779216935609 0.410247464812 0.199008359948
49.2 0.368902000000 0.267807000000 0.429667000000 -0.434887650477 -0.776809630440 0.410011895662 0.198317359134
49.3 0.371547000000 0.265463000000 0.430474000000 -0.439053208438 -0.775123003651 0.408718348884 0.198408469218
49.4 0.375600000000 0.261593000000 0.430776000000 -0.444082429234 -0.772438813701 0.407394390641 0.200396820357
49.5 0.379234000000 0.255865000000 0.431323000000 -0.451773160773 -0.768192993679 0.406226615932 0.201892229114
49.6 0.382004000000 0.249848000000 0.432279000000 -0.458794030950 -0.764910438350 0.404424227423 0.202141294004
49.7 0.386611000000 0.241674000000 0.433379000000 -0.467058147509 -0.760365481701 0.403325752064 0.202557050741
49.8 0.391768000000 0.231770000000 0.435000000000 -0.474719918101 -0.756342854741 0.401031303738 0.204353563373
49.9 0.394317000000 0.229672000000 0.433987000000 -0.475543871634 -0.757053175577 0.400092440678 0.201629745850
50.0 0.402392000000 0.218814000000 0.434677000000 -0.483492354927 -0.752765744827 0.398148454777 0.202624490376
50.1 0.409583000000 0.208180000000 0.436192000000 -0.492605231500 -0.747073294657 0.396419097410 0.205118203770
50.2 0.414281000000 0.201534000000 0.437088000000 -0.499183352938 -0.743065313969 0.394864428939 0.206765572774
50.3 0.419407000000 0.193898000000 0.438414000000 -0.507446636286 -0.737520125568 0.393196408191 0.209662968334
50.4 0.423923000000 0.187909000000 0.438984000000 -0.515998707093 -0.732525943184 0.388918840738 0.214227010809
50.5 0.428160000000 0.185606000000 0.438309000000 -0.524782928750 -0.727690917126 0.384701825732 0.216963849760
50.6 0.431182000000 0.183700000000 0.440492000000 -0.532451696811 -0.722169437277 0.384026429412 0.217922453959
50.7 0.436517000000 0.180950000000 0.442632000000 -0.539474521426 -0.715838186024 0.383642659899 0.222173899609
50.8 0.442037000000 0.181152000000 0.442621000000 -0.546059043020 -0.710331575540 0.382849272233 0.225111103852
50.9 0.446595000000 0.180549000000 0.443127000000 -0.550821405866 -0.705612671840 0.382847009842 0.228330250370
51.0 0.453165000000 0.179599000000 0.443822000000 -0.556462454347 -0.700759252970 0.381949424449 0.231085792385
51.1 0.459696000000 0.179409000000 0.444231000000 -0.560488102568 -0.696594016641 0.382652223744 0.232781310512
51.2 0.464300000000 0.178420000000 0.444910000000 -0.562663603666 -0.693184882005 0.384341208454 0.234917483286
51.3 0.469469000000 0.176016000000 0.446545000000 -0.564119122371 -0.689290264189 0.386933265700 0.238602588763
51.4 0.473702000000 0.174550000000 0.448385000000 -0.564316136141 -0.685927948417 0.390727404346 0.241624178351
51.5 0.477040000000 0.172388000000 0.449220000000 -0.566084765813 -0.682983801403 0.392133002979 0.243542343158
51.6 0.480422000000 0.170181000000 0.450475000000 -0.567971997439 -0.680097699752 0.393124120177 0.245618311721
51.7 0.483614000000 0.167242000000 0.451470000000 -0.571065359416 -0.676492269071 0.393714024121 0.247450666543
51.8 0.486180000000 0.164601000000 0.452190000000 -0.573347943847 -0.674700724122 0.393384178182 0.247588280239
51.9 0.489585000000 0.161057000000 0.452894000000 -0.576234396846 -0.672210320663 0.394008039201 0.246667528733
52.0 0.493428000000 0.157782000000 0.453756000000 -0.578607083352 -0.669867474901 0.395477669733 0.245130214186
52.1 0.496248000000 0.154201000000 0.453179000000 -0.579163840696 -0.669125724845 0.395618149876 0.245614106820
52.2 0.499349000000 0.150985000000 0.452875000000 -0.580808163995 -0.668259846767 0.395640513174 0.244047614556
52.3 0.502502000000 0.148182000000 0.451190000000 -0.582219902827 -0.667805334519 0.395282803683 0.242502628959
52.4 0.505277000000 0.145232000000 0.450179000000 -0.584608016574 -0.666464964676 0.394626990261 0.241510779004
52.5 0.506691000000 0.142823000000 0.450315000000 -0.586522737836 -0.665242550537 0.394142417048 0.241029421523
52.6 0.509589000000 0.139106000000 0.450660000000 -0.587683913836 -0.662442548325 0.396010628721 0.242843714201
52.7 0.510547000000 0.136114000000 0.452582000000 -0.590068578036 -0.658587216271 0.397703207339 0.244773590592
52.8 0.511608000000 0.134730000000 0.453281000000 -0.591413255701 -0.657022037114 0.397351433750 0.246301120224
52.9 0.512143000000 0.133843000000 0.454997000000 -0.594321608109 -0.654190892752 0.396605187258 0.248033117578
53.0 0.511394000000 0.133984000000 0.457017000000 -0.597200731493 -0.650465319345 0.396926624200 0.250390514267
53.1 0.509918000000 0.133957000000 0.457528000000 -0.598108343483 -0.648446056522 0.397866445656 0.251965102064
53.2 0.506466000000 0.132987000000 0.457879000000 -0.601390168465 -0.647208508753 0.396245168926 0.249881527075
53.3 0.504467000000 0.132469000000 0.456137000000 -0.602355250699 -0.647701832643 0.396394889724 0.246011339873
53.4 0.502659000000 0.129094000000 0.455533000000 -0.602220125978 -0.647922459542 0.397927721158 0.243271319768
53.5 0.498701000000 0.122746000000 0.455638000000 -0.601874593112 -0.649635572354 0.397807685897 0.239728267714
53.6 0.493550000000 0.116727000000 0.456088000000 -0.605579597543 -0.646823263457 0.397464743591 0.238568217691
53.7 0.489389000000 0.113549000000 0.456467000000 -0.608833389878 -0.644527488713 0.395922838546 0.239063434221
53.8 0.485075000000 0.108956000000 0.456434000000 -0.614450776913 -0.641950241880 0.392289196856 0.237611691067
53.9 0.481969000000 0.102037000000 0.457578000000 -0.618476269726 -0.640946263102 0.389328796628 0.234729801511
54.0 0.482084000000 0.085742200000 0.459373000000 -0.624409415402 -0.637741031484 0.384084601802 0.236385865435
54.1 0.481400000000 0.081245400000 0.458998000000 -0.626209115634 -0.637287759502 0.382801254904 0.234924784411
54.2 0.479421000000 0.076259100000 0.458251000000 -0.628900440215 -0.636974348054 0.380241469527 0.232732337828
54.3 0.476189000000 0.071500800000 0.459420000000 -0.632244777389 -0.635647618738 0.377135530535 0.232351969790
54.4 0.473631000000 0.068060600000 0.460457000000 -0.635034186912 -0.634617666376 0.374469565361 0.231871825789
54.5 0.470164000000 0.063053600000 0.462112000000 -0.639356620626 -0.631183519417 0.371619248508 0.233943605632
54.6 0.465589000000 0.057691500000 0.465452000000 -0.643071937086 -0.628308186506 0.368306963276 0.236721962023
54.7 0.462127000000 0.054980000000 0.467055000000 -0.645271649325 -0.625398001311 0.367628286394 0.239481276047
54.8 0.456811000000 0.050523500000 0.469444000000 -0.649262758032 -0.622516945636 0.363491248679 0.242496671239
54.9 0.452198000000 0.044311300000 0.468765000000 -0.652876953406 -0.620892726111 0.357878646134 0.245289178350
55.0 0.449431000000 0.040093800000 0.467211000000 -0.655761188734 -0.620735820862 0.353232676979 0.244726336881
55.1 0.446792000000 0.032421400000 0.467024000000 -0.659869873764 -0.622423325378 0.344566659243 0.241732850606
55.2 0.447561000000 0.025402900000 0.466512000000 -0.663588513726 -0.623391656491 0.338973285853 0.236918210670
55.3 0.446905000000 0.018966700000 0.468448000000 -0.666727210604 -0.621453670976 0.336952275663 0.236079065986
55.4 0.445874000000 0.012959500000 0.472090000000 -0.670340791142 -0.617414529233 0.335275720565 0.238815229880
55.5 0.445445000000 0.010628300000 0.474916000000 -0.672139132815 -0.613861541370 0.335342436057 0.242793008022
55.6 0.445309000000 0.010206200000 0.476557000000 -0.675970575358 -0.611201031100 0.330073114394 0.246066698247
55.7 0.445747000000 0.012094900000 0.477874000000 -0.677248236210 -0.610366162188 0.327641990048 0.247868313755
55.8 0.446869000000 0.013071300000 0.481304000000 -0.678593661876 -0.609377984783 0.326765414967 0.247777071789
55.9 0.448434000000 0.013743900000 0.485595000000 -0.678763787183 -0.609472949536 0.327558206697 0.246024523610
56.0 0.450088000000 0.014433600000 0.493769000000 -0.680473967942 -0.608215119465 0.327732488446 0.244174043307
56.1 0.452770000000 0.014840500000 0.502000000000 -0.681496836974 -0.606958010260 0.328240726526 0.243766405448
56.2 0.455335000000 0.013833600000 0.507060000000 -0.682832398606 -0.607777398345 0.324644097715 0.242801893100
56.3 0.460233000000 0.010089600000 0.511711000000 -0.687185355168 -0.608177456237 0.317430694470 0.239027662783
56.4 0.466079000000 0.002953500000 0.515161000000 -0.694691334693 -0.604856780372 0.309174078726 0.236566298919
56.5 0.471121000000 -0.002748080000 0.517068000000 -0.702498492288 -0.599388778521 0.304233851788 0.233817715201
56.6 0.477553000000 -0.012335700000 0.518469000000 -0.712687307851 -0.591834296826 0.295936885142 0.232874056823
56.7 0.483178000000 -0.020838500000 0.520913000000 -0.719010747341 -0.584128770359 0.294545658077 0.234648631267
56.8 0.487300000000 -0.028173600000 0.522034000000 -0.724626281027 -0.575788838581 0.295087377177 0.237291816214
56.9 0.491884000000 -0.035539000000 0.522673000000 -0.729489251443 -0.568375783749 0.294988980282 0.240366183123
57.0 0.496290000000 -0.042383900000 0.524306000000 -0.732959726349 -0.562716908065 0.294497237114 0.243702889316
57.1 0.500311000000 -0.048217300000 0.525241000000 -0.735621340840 -0.558381789970 0.294344409243 0.245829998734
57.2 0.505588000000 -0.057135300000 0.527065000000 -0.739367539198 -0.552603839679 0.293724557542 0.248375769047
57.3 0.511345000000 -0.063584400000 0.528739000000 -0.740320530294 -0.549417935209 0.294056725551 0.252182646218
57.4 0.516720000000 -0.070689200000 0.528858000000 -0.741808767887 -0.546655600016 0.292031904559 0.256134288170
57.5 0.519045000000 -0.075003000000 0.531145000000 -0.744829739595 -0.542698041357 0.290555037351 0.257459249576
57.6 0.521764000000 -0.079343700000 0.535244000000 -0.747666510943 -0.536307027264 0.291718011693 0.261285595806
57.7 0.525799000000 -0.083214000000 0.537731000000 -0.749595752847 -0.530241247038 0.293804756627 0.265761532651
57.8 0.528238000000 -0.087769600000 0.539706000000 -0.751540700998 -0.525343732181 0.294300841249 0.269420772475
57.9 0.530826000000 -0.094291500000 0.542453000000 -0.754296593068 -0.518386237569 0.295841429969 0.273477982110
58.0 0.533769000000 -0.102018000000 0.543180000000 -0.756383009689 -0.512107259142 0.297029970210 0.278215913609
58.1 0.535456000000 -0.107254000000 0.542871000000 -0.758486272689 -0.508592023588 0.295970686003 0.280060851802
58.2 0.537751000000 -0.115637000000 0.541876000000 -0.761088472773 -0.504517059015 0.293232073395 0.283234575762
58.3 0.540169000000 -0.123319000000 0.541019000000 -0.764110437618 -0.499090267581 0.291626193114 0.286353465875
58.4 0.541786000000 -0.128403000000 0.540638000000 -0.765565151062 -0.495695406723 0.290079259787 0.289913929081
58.5 0.544358000000 -0.132561000000 0.540710000000 -0.766455544837 -0.491458070959 0.289840151914 0.294970419901
58.6 0.546895000000 -0.136403000000 0.540248000000 -0.767306926954 -0.489348571394 0.288828690806 0.297247443873
58.7 0.548826000000 -0.141299000000 0.540254000000 -0.767584350556 -0.488554584957 0.287238458039 0.299370590611
58.8 0.552613000000 -0.146148000000 0.540400000000 -0.767692127899 -0.486560701943 0.287870349055 0.301725276072
58.9 0.555409000000 -0.148990000000 0.540439000000 -0.766247825895 -0.485667884506 0.288502650009 0.306197968982
59.0 0.556992000000 -0.151711000000 0.539519000000 -0.765260047731 -0.485755690332 0.286824790521 0.310080647895
59.1 0.559297000000 -0.153473000000 0.538373000000 -0.765946492470 -0.485649502902 0.284228736802 0.310941403130
59.2 0.560281000000 -0.153338000000 0.537648000000 -0.765683502133 -0.486265712197 0.283372065015 0.311407617876
59.3 0.559547000000 -0.150290000000 0.537590000000 -0.764339192107 -0.488185953292 0.283937403174 0.311190657792
59.4 0.557616000000 -0.147535000000 0.538731000000 -0.762891563061 -0.488728397634 0.285838972093 0.312149160482
59.5 0.555221000000 -0.143291000000 0.539683000000 -0.759561565257 -0.492371410651 0.289636543524 0.311042272389
59.6 0.551229000000 -0.139218000000 0.542836000000 -0.758145744204 -0.495821095419 0.290577013764 0.308125738873
59.7 0.548733000000 -0.134334000000 0.546079000000 -0.756904019987 -0.497681922116 0.292447161191 0.306404417133
59.8 0.546032000000 -0.130278000000 0.548027000000 -0.753592415344 -0.501697004888 0.295383661985 0.305200063983
59.9 0.542449000000 -0.125706000000 0.548529000000 -0.751226679572 -0.506445991912 0.296414177958 0.302174731373
60.0 0.539970000000 -0.121389000000 0.548977000000 -0.749003808398 -0.509517334583 0.298672432847 0.300300114255
60.1 0.536574000000 -0.115548000000 0.550281000000 -0.745127310896 -0.514266398491 0.301402916309 0.299118110418
60.2 0.533264000000 -0.110795000000 0.550254000000 -0.742266182264 -0.519024644549 0.302494522886 0.296903008812
60.3 0.531424000000 -0.108243000000 0.549037000000 -0.739604537386 -0.523521018545 0.302593115659 0.295547420518
60.4 0.530014000000 -0.106411000000 0.546199000000 -0.737941587480 -0.529082508951 0.300732226055 0.291674545344
60.5 0.531046000000 -0.105310000000 0.543308000000 -0.737640408100 -0.531104741234 0.300309231262 0.289186354786
60.6 0.529400000000 -0.105052000000 0.545335000000 -0.738045588986 -0.530162160486 0.300911310796 0.289256244880
60.7 0.528459000000 -0.105175000000 0.546310000000 -0.739625730556 -0.527524721712 0.300031379212 0.290951229882
60.8 0.527242000000 -0.109615000000 0.547075000000 -0.744433631830 -0.521036007533 0.297145408286 0.293333688806
60.9 0.525817000000 -0.114409000000 0.549970000000 -0.750035356037 -0.513740677293 0.295009968003 0.294086041776
61.0 0.526743000000 -0.124877000000 0.550650000000 -0.755580772597 -0.506557775098 0.291490570781 0.295854970745
61.1 0.528115000000 -0.137729000000 0.550365000000 -0.762724560721 -0.499282166075 0.284034998478 0.297140846657
61.2 0.530134000000 -0.151382000000 0.550022000000 -0.770465520274 -0.490136863115 0.278146454004 0.297965245640
61.3 0.531338000000 -0.160622000000 0.550273000000 -0.776147837004 -0.482137914021 0.275384971769 0.298832200912
61.4 0.531114000000 -0.171947000000 0.551194000000 -0.782623701722 -0.472608651121 0.272061769314 0.300205926101
61.5 0.528794000000 -0.184397000000 0.551113000000 -0.788803776725 -0.462654363634 0.267728466907 0.303415572512
61.6 0.526975000000 -0.192680000000 0.550590000000 -0.791941167954 -0.456814263259 0.265241567609 0.306262675158
61.7 0.523082000000 -0.203224000000 0.551618000000 -0.794835970160 -0.450014129869 0.263401377750 0.310391329869
61.8 0.518595000000 -0.213878000000 0.552742000000 -0.797839092962 -0.443374485352 0.260979214125 0.314263738402
61.9 0.514977000000 -0.223974000000 0.552818000000 -0.800557703719 -0.438822674811 0.257060238909 0.316957499768
62.0 0.512258000000 -0.233266000000 0.551923000000 -0.804732957643 -0.432016770478 0.252839622045 0.319121454046
62.1 0.509286000000 -0.241125000000 0.551145000000 -0.808643885911 -0.427417952237 0.245982592694 0.320782674059
62.2 0.508558000000 -0.247170000000 0.549609000000 -0.813728872637 -0.419620568744 0.239687904971 0.322976173013
62.3 0.508768000000 -0.253340000000 0.547749000000 -0.818405991820 -0.412408837606 0.232491580640 0.325696558392
62.4 0.510658000000 -0.255664000000 0.547618000000 -0.821115855124 -0.408163779864 0.230054673953 0.325953874440
62.5 0.512327000000 -0.262908000000 0.550295000000 -0.824092170628 -0.399001205114 0.230462660916 0.329480036650
62.6 0.515515000000 -0.267589000000 0.550427000000 -0.824836901020 -0.395953962144 0.230465886161 0.331285408514
62.7 0.518019000000 -0.274365000000 0.550730000000 -0.825853584506 -0.393281621573 0.228449066174 0.333326337477
62.8 0.520286000000 -0.280160000000 0.551249000000 -0.826301178402 -0.389909881134 0.226958042086 0.337174575403
62.9 0.522460000000 -0.281932000000 0.552883000000 -0.828104274234 -0.385644461347 0.226077158485 0.338246624282
63.0 0.524545000000 -0.286186000000 0.553549000000 -0.830267526432 -0.381648725652 0.222750866988 0.339679460693
63.1 0.527314000000 -0.288356000000 0.552507000000 -0.831147368759 -0.379624101258 0.222747861054 0.339798445472
63.2 0.526405000000 -0.293476000000 0.552458000000 -0.831760626836 -0.377772114563 0.223101462772 0.340129719979
63.3 0.525890000000 -0.295020000000 0.551997000000 -0.831245380525 -0.379517203025 0.223611496665 0.339110171660
63.4 0.525698000000 -0.294353000000 0.549643000000 -0.831336881376 -0.381428091197 0.223979826930 0.336488689317
63.5 0.523363000000 -0.297393000000 0.546201000000 -0.833256004926 -0.382448756590 0.221694560931 0.332067614335
63.6 0.521736000000 -0.299222000000 0.544454000000 -0.834234580467 -0.381448775663 0.221771574985 0.330706614429
63.7 0.520603000000 -0.299989000000 0.542790000000 -0.835612448330 -0.379257435983 0.220351542083 0.330697492203
63.8 0.522843000000 -0.298497000000 0.542513000000 -0.836568595722 -0.376897302990 0.220049592120 0.331179082459
63.9 0.526512000000 -0.297253000000 0.543746000000 -0.836885156819 -0.375326092346 0.219932517816 0.332239742215
64.0 0.528024000000 -0.299458000000 0.546383000000 -0.836633118083 -0.372058535182 0.222664747740 0.334720603247
64.1 0.531426000000 -0.302426000000 0.548003000000 -0.833264317362 -0.376585421007 0.227393948789 0.334882054088
64.2 0.534022000000 -0.302480000000 0.547673000000 -0.831848989573 -0.378125390856 0.230271703780 0.334698953949
64.3 0.535597000000 -0.302399000000 0.550161000000 -0.829925688162 -0.380620850017 0.233035031935 0.334732422319
64.4 0.538715000000 -0.300790000000 0.552207000000 -0.828166963461 -0.383034792992 0.234657149088 0.335201208786
64.5 0.541687000000 -0.301880000000 0.553470000000 -0.826734130622 -0.382980698924 0.236414232962 0.337557064758
64.6 0.545804000000 -0.301926000000 0.554095000000 -0.825654702978 -0.383025737747 0.237008007671 0.339724594302
64.7 0.551862000000 -0.303423000000 0.553128000000 -0.825724112032 -0.382348931502 0.236124472126 0.340931399334
64.8 0.558608000000 -0.303575000000 0.554940000000 -0.825346991492 -0.381629705646 0.236757003034 0.342209340782
64.9 0.565824000000 -0.304319000000 0.558864000000 -0.823809700749 -0.381819317817 0.238876755734 0.344223010654
65.0 0.571431000000 -0.308060000000 0.564381000000 -0.822921984237 -0.380590426876 0.240553394947 0.346531959577
65.1 0.578933000000 -0.309151000000 0.569271000000 -0.820761687844 -0.380052481772 0.244479153398 0.349485774275
65.2 0.587237000000 -0.311637000000 0.571739000000 -0.818713208385 -0.380008873047 0.247415805867 0.352260355175
65.3 0.593856000000 -0.314540000000 0.575722000000 -0.819316299460 -0.376823994189 0.248936247954 0.353207054428
65.4 0.600281000000 -0.317912000000 0.578896000000 -0.819711433106 -0.373711443450 0.250375936442 0.354576950634
65.5 0.605351000000 -0.321636000000 0.583221000000 -0.820404045504 -0.369681046568 0.252104680348 0.355972409150
65.6 0.609806000000 -0.326595000000 0.583576000000 -0.820207086091 -0.368967156690 0.251063400829 0.357897669698
65.7 0.616301000000 -0.327425000000 0.580087000000 -0.820771984261 -0.369318201461 0.249651621432 0.357227495916
65.8 0.618543000000 -0.328808000000 0.578877000000 -0.821887005569 -0.368472787591 0.246330654913 0.357841813280
65.9 0.622412000000 -0.329457000000 0.580129000000 -0.823300478245 -0.366278786454 0.243258064087 0.358945242860
66.0 0.626786000000 -0.330112000000 0.581889000000 -0.823861257097 -0.362854444342 0.242803601666 0.361435599096
66.1 0.632201000000 -0.328863000000 0.581442000000 -0.822657603342 -0.362933810849 0.243845398693 0.363390888909
66.2 0.635814000000 -0.331350000000 0.582709000000 -0.822070049374 -0.363917264749 0.243710087116 0.363827502780
66.3 0.638127000000 -0.335620000000 0.582328000000 -0.821934650578 -0.362305815996 0.245015310793 0.364863568135
66.4 0.639824000000 -0.336077000000 0.582757000000 -0.821685039152 -0.361665693289 0.247537361150 0.364358172087
66.5 0.638469000000 -0.342932000000 0.581369000000 -0.821519495890 -0.361414320825 0.246382147631 0.365761184250
66.6 0.637790000000 -0.343751000000 0.581267000000 -0.820476593070 -0.363293018081 0.245609074523 0.366759493061
66.7 0.634267000000 -0.346196000000 0.581957000000 -0.820504551714 -0.361378031798 0.245302662554 0.368788289530
66.8 0.632501000000 -0.347583000000 0.579782000000 -0.820808772110 -0.360104055860 0.244590410353 0.369829095319
66.9 0.626621000000 -0.350074000000 0.578372000000 -0.823247672793 -0.355941407033 0.242599581630 0.369749140625
67.0 0.618872000000 -0.353014000000 0.576486000000 -0.825872295091 -0.352046269546 0.238400021460 0.370356323109
67.1 0.610799000000 -0.356090000000 0.576531000000 -0.829494199475 -0.346674177202 0.235386525075 0.369255428818
67.2 0.600805000000 -0.362249000000 0.575724000000 -0.832995365190 -0.341716513281 0.230557676805 0.369041601705
67.3 0.590505000000 -0.369844000000 0.575743000000 -0.836178964102 -0.335728028563 0.226773549656 0.369682550314
67.4 0.579308000000 -0.378384000000 0.578056000000 -0.838338705280 -0.331753114547 0.223536989808 0.370350240185
67.5 0.569927000000 -0.386557000000 0.578322000000 -0.839407138271 -0.329329016476 0.220928344251 0.371656725801
67.6 0.560495000000 -0.397034000000 0.576989000000 -0.840783730221 -0.326185205962 0.218400380970 0.372809876478
67.7 0.554426000000 -0.404363000000 0.574441000000 -0.841870144416 -0.325624255172 0.215386244765 0.372602026231
67.8 0.545273000000 -0.412746000000 0.573404000000 -0.844196274867 -0.324276841508 0.210361646469 0.371382763812
67.9 0.537615000000 -0.419764000000 0.571684000000 -0.846698821853 -0.320973640469 0.206536860326 0.370701433127
68.0 0.532744000000 -0.422543000000 0.570983000000 -0.848285022164 -0.320209872803 0.204740111626 0.368727060607
68.1 0.527823000000 -0.426695000000 0.569645000000 -0.850871767937 -0.318065858031 0.203683774591 0.365190723392
68.2 0.520773000000 -0.433665000000 0.568270000000 -0.853718817552 -0.315700077867 0.199878181362 0.362693195425
68.3 0.515907000000 -0.436684000000 0.571197000000 -0.855552903328 -0.314444924900 0.198466349802 0.360228714580
68.4 0.510370000000 -0.443082000000 0.574656000000 -0.856507559533 -0.313649822950 0.193896387227 0.361140942079
68.5 0.508331000000 -0.445866000000 0.577481000000 -0.857513982534 -0.313927829193 0.188309138664 0.361467503535
68.6 0.504594000000 -0.450054000000 0.581944000000 -0.860615433644 -0.309434046437 0.181778610604 0.361314520891
68.7 0.505653000000 -0.450082000000 0.584749000000 -0.862008075364 -0.306678960469 0.178977865733 0.361741643705
68.8 0.505169000000 -0.451016000000 0.587738000000 -0.862676250086 -0.304706156274 0.177438049944 0.362573557086
68.9 0.506986000000 -0.450455000000 0.589889000000 -0.861390623398 -0.304868982163 0.179540535840 0.364453417637
69.0 0.506171000000 -0.452273000000 0.592611000000 -0.859846775934 -0.304297288598 0.184491672839 0.366100402515
69.1 0.504807000000 -0.453810000000 0.595458000000 -0.858223224243 -0.304890632142 0.189947074030 0.366626115913
69.2 0.502550000000 -0.456127000000 0.596916000000 -0.856675365927 -0.307909636879 0.192865090607 0.366199439863
69.3 0.498900000000 -0.460502000000 0.596410000000 -0.855494806741 -0.309875980362 0.194056102469 0.366671162664
69.4 0.497193000000 -0.461734000000 0.597015000000 -0.855067914419 -0.310549252286 0.196560090898 0.365762428773
69.5 0.495997000000 -0.461048000000 0.598010000000 -0.855551172010 -0.309311693686 0.197895603665 0.364959995440
69.6 0.495720000000 -0.458506000000 0.599227000000 -0.857093172883 -0.306433096217 0.199045765777 0.363140239668
69.7 0.492693000000 -0.457448000000 0.600421000000 -0.859376338198 -0.301482516597 0.198336770418 0.362274932934
69.8 0.487579000000 -0.457367000000 0.601973000000 -0.861891709699 -0.296598764438 0.196095806991 0.361549841884
69.9 0.486296000000 -0.456080000000 0.601994000000 -0.863537357430 -0.291807621552 0.197511600563 0.360750207164
70.0 0.482278000000 -0.453889000000 0.603832000000 -0.866856230190 -0.285897871524 0.198496353931 0.356962015786
70.1 0.472971000000 -0.457867000000 0.605017000000 -0.870167024023 -0.279972058379 0.195450026597 0.355280570724
70.2 0.468771000000 -0.458328000000 0.604744000000 -0.871995695479 -0.277501056079 0.194601227472 0.353195460344
70.3 0.462178000000 -0.461006000000 0.603805000000 -0.873364195148 -0.276482076453 0.191829489275 0.352127947029
70.4 0.455702000000 -0.465112000000 0.602468000000 -0.874952650300 -0.273173823525 0.190756907344 0.351348436990
70.5 0.452792000000 -0.466049000000 0.602427000000 -0.875786118073 -0.272379783681 0.191276421434 0.349601572415
70.6 0.445603000000 -0.471787000000 0.602871000000 -0.875576003756 -0.271824156890 0.189493235749 0.351526105692
70.7 0.439234000000 -0.476564000000 0.603660000000 -0.877217799640 -0.268534621528 0.188147745954 0.350682926199
70.8 0.434864000000 -0.480411000000 0.604630000000 -0.879355162760 -0.263427046779 0.188536205658 0.348991100041
70.9 0.428130000000 -0.487403000000 0.605827000000 -0.880063662613 -0.261000970752 0.186741640961 0.349991432103
71.0 0.426009000000 -0.491752000000 0.607031000000 -0.879638344028 -0.260090128242 0.187173723074 0.351504631973
71.1 0.425986000000 -0.492734000000 0.608483000000 -0.879235905807 -0.259152611015 0.189362986829 0.352030972164
71.2 0.420781000000 -0.499345000000 0.611476000000 -0.877941894342 -0.257723977216 0.189470378450 0.356226553497
71.3 0.423006000000 -0.499897000000 0.614101000000 -0.876116071098 -0.258329478542 0.193729875063 0.357987773518
71.4 0.424717000000 -0.499525000000 0.616221000000 -0.874944111041 -0.259542258106 0.195250460495 0.359148822201
71.5 0.421690000000 -0.503246000000 0.620520000000 -0.874823341837 -0.256147915238 0.195590052599 0.361686186383
71.6 0.421528000000 -0.504052000000 0.625670000000 -0.874614116857 -0.252546470057 0.199094668786 0.362810887265
71.7 0.421793000000 -0.503805000000 0.630620000000 -0.875401360129 -0.247074686835 0.202611704104 0.362732759989
71.8 0.418743000000 -0.506506000000 0.632768000000 -0.876611140448 -0.241553865776 0.203065536538 0.363275413758
71.9 0.419177000000 -0.504805000000 0.636143000000 -0.877863809964 -0.236128583851 0.206162067109 0.362071298405
72.0 0.417614000000 -0.505364000000 0.637540000000 -0.879720452021 -0.230205268989 0.206715699660 0.361062432191
72.1 0.418770000000 -0.503483000000 0.638333000000 -0.880100336354 -0.228365761718 0.207363070328 0.360933558827
72.2 0.416636000000 -0.502902000000 0.640812000000 -0.882274421080 -0.223008275979 0.205574393437 0.359997671542
72.3 0.414002000000 -0.504080000000 0.642235000000 -0.884525096236 -0.217341851780 0.204270427434 0.358680172397
72.4 0.414878000000 -0.502206000000 0.643529000000 -0.885720169125 -0.214370256647 0.205215496168 0.356975874819
72.5 0.414601000000 -0.501078000000 0.644788000000 -0.886937591303 -0.209981447074 0.206894166306 0.355590079962
72.6 0.411522000000 -0.501809000000 0.646444000000 -0.888994705354 -0.204719456599 0.207348276303 0.353249274956
72.7 0.410782000000 -0.501268000000 0.647255000000 -0.890578811442 -0.202837986911 0.206406742041 0.350887999961
72.8 0.410093000000 -0.501889000000 0.646286000000 -0.891998031399 -0.199748585756 0.206127157570 0.349215706091
72.9 0.408770000000 -0.501879000000 0.648013000000 -0.892863610441 -0.196381995053 0.207436803748 0.348135975762
73.0 0.407137000000 -0.502048000000 0.649187000000 -0.893390464581 -0.193516390250 0.207851961657 0.348141417438
73.1 0.407039000000 -0.501607000000 0.648918000000 -0.893574686101 -0.190975672418 0.208870389066 0.348461954130
73.2 0.405388000000 -0.502516000000 0.649370000000 -0.893939006262 -0.188949673324 0.208996822124 0.348556168179
73.3 0.405617000000 -0.501116000000 0.651279000000 -0.894024999007 -0.188400663074 0.210951897775 0.347453289134
73.4 0.405223000000 -0.502761000000 0.652083000000 -0.893525213730 -0.187399640130 0.213708398954 0.347595724261
73.5 0.404808000000 -0.503504000000 0.653162000000 -0.893665699374 -0.186587030106 0.216420722453 0.345989839231
73.6 0.404796000000 -0.504055000000 0.653743000000 -0.893611036058 -0.185756155782 0.218196503548 0.345462375178
73.7 0.403852000000 -0.503391000000 0.654546000000 -0.893607524459 -0.184959800002 0.218881872507 0.345465179869
73.8 0.403784000000 -0.502761000000 0.654537000000 -0.893963849476 -0.182418764716 0.218808648709 0.345940465051
73.9 0.403196000000 -0.501451000000 0.656336000000 -0.895031192700 -0.176813458882 0.218504698314 0.346282921420
74.0 0.404321000000 -0.499580000000 0.656605000000 -0.895637068359 -0.174072467038 0.218676185028 0.345996740016
74.1 0.404030000000 -0.496986000000 0.658590000000 -0.896512673222 -0.170906580345 0.219756716409 0.344620012680
74.2 0.403213000000 -0.495282000000 0.660289000000 -0.897717681311 -0.167607808789 0.219489883688 0.343270706663
74.3 0.404551000000 -0.495562000000 0.658339000000 -0.898619147152 -0.161884363418 0.221596622819 0.342303984797
74.4 0.404011000000 -0.494814000000 0.657458000000 -0.899578366483 -0.160523330668 0.221155347191 0.340707110690
74.5 0.402081000000 -0.493261000000 0.657784000000 -0.900644588416 -0.161620655757 0.219596366627 0.338371873467
74.6 0.401251000000 -0.492625000000 0.656666000000 -0.902151932794 -0.159146043525 0.218789146453 0.336044247654
74.7 0.401724000000 -0.489894000000 0.656767000000 -0.903335163148 -0.156401825139 0.221046153105 0.332659961990
74.8 0.398381000000 -0.489121000000 0.657555000000 -0.903385512600 -0.154334127285 0.219171322872 0.334723055690
74.9 0.397637000000 -0.485430000000 0.659440000000 -0.903782838630 -0.152640875276 0.218954120303 0.334569031733
75.0 0.396437000000 -0.485065000000 0.658542000000 -0.903672672786 -0.150658808718 0.218975766833 0.335748771189
75.1 0.393732000000 -0.484230000000 0.659996000000 -0.903940165999 -0.149794464999 0.219113028494 0.335325625763
75.2 0.392981000000 -0.482126000000 0.660820000000 -0.904806643419 -0.147631523699 0.220669077955 0.332918953004
75.3 0.389696000000 -0.483137000000 0.661138000000 -0.905623473654 -0.144539363303 0.220122617043 0.332416199799
75.4 0.388745000000 -0.481496000000 0.659787000000 -0.906520984008 -0.142587688186 0.221109320684 0.330150155289
75.5 0.389552000000 -0.478752000000 0.659618000000 -0.907256588820 -0.140698355082 0.222239520981 0.328175334591
75.6 0.386324000000 -0.478885000000 0.659755000000 -0.908060394886 -0.138883940540 0.221139487266 0.327467399098
75.7 0.384785000000 -0.478806000000 0.658085000000 -0.909508473705 -0.137803494070 0.220985878362 0.323990393137
75.8 0.383667000000 -0.479380000000 0.655805000000 -0.910030018287 -0.137156741442 0.220099298922 0.323403297303
75.9 0.383122000000 -0.478702000000 0.655542000000 -0.910159892813 -0.136588676229 0.220230530690 0.323188824672
76.0 0.381061000000 -0.478338000000 0.655711000000 -0.910769178491 -0.134616675982 0.219730459459 0.322639705002
76.1 0.378658000000 -0.478236000000 0.655375000000 -0.911285753081 -0.134191949302 0.217535252799 0.322845490543
76.2 0.378107000000 -0.477250000000 0.653567000000 -0.912635677843 -0.131257529119 0.218174974634 0.319792528089
76.3 0.375948000000 -0.476282000000 0.653311000000 -0.913693589752 -0.125811778310 0.219361310967 0.318144677363
76.4 0.374967000000 -0.475021000000 0.652900000000 -0.913780290091 -0.117085317906 0.223949631966 0.318030143406
76.5 0.372013000000 -0.477013000000 0.652017000000 -0.913739036857 -0.114227662873 0.227200030598 0.316880355425
76.6 0.369755000000 -0.477494000000 0.651070000000 -0.914641361178 -0.113338395830 0.229518672960 0.312900570813
76.7 0.366450000000 -0.479661000000 0.649603000000 -0.914983659790 -0.113795076969 0.229564807674 0.311697901585
76.8 0.364585000000 -0.480555000000 0.649028000000 -0.915504752717 -0.113508399880 0.229515751128 0.310305351055
76.9 0.362646000000 -0.481177000000 0.649925000000 -0.915518544322 -0.113265688425 0.230561088126 0.309577556471
77.0 0.360768000000 -0.482503000000 0.651011000000 -0.914950758151 -0.112139226664 0.232075302858 0.310533344112
77.1 0.361042000000 -0.483236000000 0.650369000000 -0.914450853075 -0.111188216764 0.234252149470 0.310713289435
77.2 0.359950000000 -0.484808000000 0.649362000000 -0.914654750429 -0.111524859474 0.233858483428 0.310288741281
77.3 0.358377000000 -0.486749000000 0.649212000000 -0.914372848321 -0.109920146618 0.236809313809 0.309453073203
77.4 0.356512000000 -0.489123000000 0.648419000000 -0.914038576206 -0.110120940817 0.238583433507 0.309006156666
77.5 0.354534000000 -0.489852000000 0.648300000000 -0.914308683834 -0.109873465374 0.240677521614 0.306662327099
77.6 0.349181000000 -0.492957000000 0.646742000000 -0.914532178697 -0.110057225097 0.240339295894 0.306194912077
77.7 0.346979000000 -0.493754000000 0.644467000000 -0.914237867445 -0.111228146191 0.240385729053 0.306613963302
77.8 0.344534000000 -0.493993000000 0.643785000000 -0.914171218898 -0.110402478794 0.239160646860 0.308065675155
77.9 0.341791000000 -0.492273000000 0.643541000000 -0.914214505165 -0.110086259669 0.237905378257 0.309020848770
78.0 0.340539000000 -0.491689000000 0.642131000000 -0.913476605527 -0.109290925270 0.238554856359 0.310978400079
78.1 0.339031000000 -0.488975000000 0.643545000000 -0.912930361284 -0.109181647993 0.239452504752 0.311929513120
78.2 0.335928000000 -0.488598000000 0.643590000000 -0.911740493652 -0.108555892688 0.240987767204 0.314435663460
78.3 0.332891000000 -0.488193000000 0.643412000000 -0.910836603328 -0.108723737647 0.242106582411 0.316133253017
78.4 0.333290000000 -0.486589000000 0.643808000000 -0.908758495676 -0.110317336290 0.245892535865 0.318629789342
78.5 0.332153000000 -0.484735000000 0.645643000000 -0.906998144070 -0.109099467467 0.250766206033 0.320262365513
78.6 0.329538000000 -0.482994000000 0.647277000000 -0.905475888921 -0.107856106183 0.254248704233 0.322239152396
78.7 0.330516000000 -0.480825000000 0.646408000000 -0.904658075744 -0.108294810758 0.255729542335 0.323215719190
78.8 0.330447000000 -0.477210000000 0.646860000000 -0.904692886130 -0.109386178613 0.255186145892 0.323180254130
78.9 0.331621000000 -0.473262000000 0.647268000000 -0.904316578166 -0.108233350177 0.255722653451 0.324195917425
79.0 0.333137000000 -0.469081000000 0.648727000000 -0.903936758062 -0.105864579089 0.255581432548 0.326142851607
79.1 0.333262000000 -0.467687000000 0.649234000000 -0.903517150718 -0.103863489167 0.256806943218 0.326985210509
79.2 0.335400000000 -0.463882000000 0.650324000000 -0.903013667749 -0.102363653664 0.257870670074 0.328010237312
79.3 0.336651000000 -0.461257000000 0.650898000000 -0.902788933835 -0.099655534192 0.256930259807 0.330193514541
79.4 0.338342000000 -0.458038000000 0.650921000000 -0.903177372803 -0.099711766206 0.255085246998 0.330544571428
79.5 0.338403000000 -0.455712000000 0.650483000000 -0.904396347830 -0.099286278389 0.250903830543 0.330540086486
79.6 0.339184000000 -0.454588000000 0.648151000000 -0.905491784684 -0.100015976842 0.246574553197 0.330578919416
79.7 0.338327000000 -0.454168000000 0.646641000000 -0.907187013612 -0.103318860216 0.240686863391 0.329251832566
79.8 0.337579000000 -0.453419000000 0.644454000000 -0.908820592059 -0.106340249720 0.235320908186 0.327659812777
79.9 0.338653000000 -0.453669000000 0.643231000000 -0.908550708484 -0.107749625881 0.234164878503 0.328774144226
80.0 0.338893000000 -0.452866000000 0.643955000000 -0.908361910680 -0.107834265181 0.233612028955 0.329660174127
80.1 0.339608000000 -0.450123000000 0.644801000000 -0.908965029291 -0.108061222538 0.231948101298 0.329097897311
80.2 0.339225000000 -0.449611000000 0.643836000000 -0.909145446691 -0.108506637711 0.229797665461 0.329960451087
80.3 0.340194000000 -0.447896000000 0.643040000000 -0.909548690511 -0.111201032135 0.226492270155 0.330237432164
80.4 0.340407000000 -0.447357000000 0.640488000000 -0.910301755578 -0.111864156978 0.221597120212 0.331257966680
80.5 0.340905000000 -0.448891000000 0.640847000000 -0.909897594480 -0.114614780620 0.219884714927 0.332566582452
80.6 0.341836000000 -0.450412000000 0.641618000000 -0.910231438289 -0.117916422558 0.218256077323 0.331570099304
80.7 0.343661000000 -0.453010000000 0.640465000000 -0.910521760323 -0.124613218054 0.215319637336 0.330241008421
80.8 0.345345000000 -0.452770000000 0.638507000000 -0.910719929775 -0.132824300340 0.209625290776 0.330157768677
80.9 0.346501000000 -0.451551000000 0.637611000000 -0.909297837114 -0.140570571777 0.203783938696 0.334498825260
81.0 0.349250000000 -0.451176000000 0.636435000000 -0.907164910628 -0.146925795359 0.201118644083 0.339139980813
81.1 0.350332000000 -0.451067000000 0.634727000000 -0.905785235596 -0.154525032814 0.197991078250 0.341283832233
81.2 0.350835000000 -0.451134000000 0.634714000000 -0.903933838076 -0.161603109490 0.197424599603 0.343236913597
81.3 0.352811000000 -0.450591000000 0.634107000000 -0.903625717803 -0.164218127175 0.196922742783 0.343095325249
81.4 0.355303000000 -0.448760000000 0.633494000000 -0.902914773232 -0.169127467247 0.196460101207 0.342847255692
81.5 0.357700000000 -0.446599000000 0.633178000000 -0.901612046470 -0.175297176902 0.195928185850 0.343480368319
81.6 0.358789000000 -0.445226000000 0.633395000000 -0.901201761312 -0.178700820734 0.195068963402 0.343292151955
81.7 0.355662000000 -0.446501000000 0.630981000000 -0.902276391189 -0.181843060259 0.189630377440 0.341863620895
81.8 0.359027000000 -0.442387000000 0.629303000000 -0.902509225347 -0.182961902360 0.192188115263 0.339213456100
81.9 0.358540000000 -0.440542000000 0.628083000000 -0.903061838385 -0.183235817964 0.191146090248 0.338182085941
82.0 0.357986000000 -0.434486000000 0.625477000000 -0.904284998224 -0.182855855204 0.188729287042 0.336472338263
82.1 0.355790000000 -0.430499000000 0.625153000000 -0.904952186093 -0.180673842029 0.187156519495 0.336735713731
82.2 0.355968000000 -0.427437000000 0.623316000000 -0.904487150145 -0.182763257758 0.186291494124 0.337336725030
82.3 0.355419000000 -0.424915000000 0.623117000000 -0.905946016270 -0.181053239621 0.188232466070 0.333241772209
82.4 0.355853000000 -0.424941000000 0.621138000000 -0.906277272433 -0.185250991470 0.188154767452 0.330062659378
82.5 0.354274000000 -0.425333000000 0.619809000000 -0.906400257667 -0.188218186703 0.186301508735 0.329096087699
82.6 0.355093000000 -0.423196000000 0.619195000000 -0.906789279068 -0.189597847011 0.185742126149 0.327544992864
82.7 0.354525000000 -0.419235000000 0.619272000000 -0.907207650317 -0.189918739878 0.182860504111 0.327821883782
82.8 0.355816000000 -0.416349000000 0.618372000000 -0.907338573472 -0.188680462949 0.181937135984 0.328687198627
82.9 0.354560000000 -0.413057000000 0.619406000000 -0.907462802772 -0.188501046775 0.180270172152 0.329364967751
83.0 0.354310000000 -0.412256000000 0.618675000000 -0.907465243041 -0.186256480543 0.178789825292 0.331435596308
83.1 0.353512000000 -0.412305000000 0.617950000000 -0.907460225358 -0.184898500272 0.176445494227 0.333459849994
83.2 0.351940000000 -0.411720000000 0.618364000000 -0.907588918583 -0.183057333073 0.173948059306 0.335431722318
83.3 0.351486000000 -0.413988000000 0.617185000000 -0.907105289307 -0.184458985695 0.174198180379 0.335842032302
83.4 0.349628000000 -0.415814000000 0.616692000000 -0.906548090348 -0.186388122083 0.174546955865 0.336100264849
83.5 0.347932000000 -0.416668000000 0.615906000000 -0.906785804912 -0.187042804394 0.171915753936 0.336451284561
83.6 0.347993000000 -0.414750000000 0.615591000000 -0.907352317638 -0.186003005689 0.170336221511 0.336303769223
83.7 0.349044000000 -0.413028000000 0.613807000000 -0.907881400093 -0.185277869331 0.169527170662 0.335684394795
83.8 0.346389000000 -0.411844000000 0.613116000000 -0.908598004365 -0.186257644197 0.165063083823 0.335427987504
83.9 0.348858000000 -0.407690000000 0.612214000000 -0.908623226937 -0.186572621355 0.166642557128 0.334402073237
84.0 0.347475000000 -0.406400000000 0.611339000000 -0.909658804479 -0.184275420597 0.164693052466 0.333825743866
