0.0 0.309742000000 -0.076611600000 0.643305000000 -0.596380526642 -0.772800871169 0.090037525419 0.197490062987
0.1 0.310879000000 -0.076808800000 0.643003000000 -0.596730854583 -0.772157175280 0.091297587830 0.198369186890
0.2 0.311371000000 -0.076465400000 0.643015000000 -0.596645941459 -0.772086642538 0.091968334437 0.198589180005
0.3 0.312508000000 -0.076863700000 0.641779000000 -0.596317304814 -0.772373552427 0.093536041862 0.197726519121
0.4 0.312535000000 -0.077478800000 0.640574000000 -0.595653565873 -0.773197983304 0.094636289939 0.195973673497
0.5 0.312119000000 -0.079370100000 0.640323000000 -0.594992794611 -0.773501731456 0.096910141522 0.195670821192
0.6 0.312881000000 -0.081122000000 0.640869000000 -0.591852761554 -0.775264262625 0.101420856681 0.195932237184
0.7 0.314429000000 -0.080274100000 0.641330000000 -0.590430715169 -0.776110741384 0.101708369926 0.196720855988
0.8 0.316297000000 -0.079597200000 0.641494000000 -0.591932626600 -0.774676584126 0.103194702562 0.197085790803
0.9 0.319232000000 -0.076601100000 0.641104000000 -0.592233038522 -0.774378747663 0.102672261085 0.197625884071
1.0 0.323682000000 -0.074190200000 0.641058000000 -0.591680382671 -0.774295908137 0.105088886039 0.198334307257
1.1 0.326424000000 -0.072246500000 0.641765000000 -0.591355188819 -0.774401384334 0.106592611993 0.198089756592
1.2 0.329160000000 -0.070502700000 0.641871000000 -0.590019072644 -0.775124215570 0.108937980178 0.197970858531
1.3 0.332942000000 -0.068619100000 0.641881000000 -0.588704943792 -0.775610070762 0.112816532474 0.197807829186
1.4 0.337751000000 -0.065006800000 0.642394000000 -0.589007413716 -0.774747256588 0.116553000601 0.198122066030
1.5 0.342257000000 -0.062344100000 0.642913000000 -0.588802277519 -0.774361136356 0.119412327198 0.198538169133
1.6 0.348896000000 -0.060557500000 0.642663000000 -0.589032700652 -0.773539275764 0.121552734188 0.199755849039
1.7 0.355313000000 -0.058457300000 0.642196000000 -0.589455315930 -0.773103795034 0.122820647529 0.199419259767
1.8 0.359668000000 -0.057162600000 0.642204000000 -0.590592730129 -0.772110288072 0.123147469925 0.199701354085
1.9 0.365301000000 -0.057215900000 0.642223000000 -0.592578879930 -0.769952107480 0.125927201650 0.200415476282
2.0 0.370722000000 -0.057768500000 0.641469000000 -0.592440863647 -0.769341732744 0.129403689822 0.200952249053
2.1 0.374249000000 -0.059029900000 0.641392000000 -0.592811913292 -0.768151328530 0.133019349091 0.202048075229
2.2 0.379785000000 -0.060981800000 0.641275000000 -0.593005230234 -0.766861632173 0.137588788189 0.203315910298
2.3 0.384859000000 -0.061997400000 0.640597000000 -0.593544783416 -0.764928696034 0.142295991640 0.205768148230
2.4 0.387513000000 -0.063979200000 0.639572000000 -0.594916536576 -0.763670470978 0.143355968137 0.205744483921
2.5 0.389457000000 -0.067025500000 0.639986000000 -0.597189680983 -0.761711611290 0.144883715294 0.205349982217
2.6 0.392121000000 -0.067115400000 0.639637000000 -0.596397739402 -0.762034633856 0.147522157621 0.204573131793
2.7 0.391506000000 -0.067017500000 0.641576000000 -0.594033912722 -0.763017922004 0.150654100237 0.205501102960
2.8 0.392703000000 -0.065012800000 0.641343000000 -0.591664399513 -0.763972352164 0.154789119139 0.205717797174
2.9 0.393210000000 -0.060544000000 0.641564000000 -0.590132549209 -0.764549190775 0.158393689400 0.205230476315
3.0 0.395165000000 -0.052926500000 0.641696000000 -0.591169300216 -0.764072035095 0.159280830354 0.203328307793
3.1 0.397537000000 -0.045756100000 0.641426000000 -0.591268441184 -0.763788552738 0.161075751954 0.202690106563
3.2 0.399452000000 -0.037044800000 0.642824000000 -0.590815300843 -0.763711448567 0.163886944229 0.202047452663
3.3 0.401328000000 -0.027991600000 0.643259000000 -0.589899903605 -0.764302795175 0.160919749440 0.204851593244
3.4 0.403213000000 -0.021436800000 0.644556000000 -0.589330492625 -0.764347068043 0.162278834972 0.205252794760
3.5 0.406728000000 -0.015490800000 0.645281000000 -0.587786331821 -0.764687391729 0.165440767403 0.205887769274
3.6 0.409115000000 -0.009372900000 0.645090000000 -0.584652925491 -0.766786196296 0.167937381824 0.204980295812
3.7 0.409877000000 -0.005072170000 0.644842000000 -0.581725159949 -0.768994244595 0.170146446037 0.203208949020
3.8 0.410062000000 0.000550423000 0.644175000000 -0.577447660483 -0.771633503170 0.174620562760 0.201602567565
3.9 0.407373000000 0.006208570000 0.645299000000 -0.571732440690 -0.775311790740 0.180205518031 0.198845705694
4.0 0.403991000000 0.012177200000 0.645408000000 -0.565331638533 -0.778918376974 0.186188864059 0.197534825756
4.1 0.400264000000 0.017375100000 0.645930000000 -0.560798349369 -0.781767057133 0.188860594007 0.196665085254
4.2 0.395870000000 0.024299900000 0.646311000000 -0.557227721276 -0.784042553900 0.191399393944 0.195296728887
4.3 0.392400000000 0.032522800000 0.645302000000 -0.553597022678 -0.786962032528 0.192972209335 0.192309184039
4.4 0.390365000000 0.037140600000 0.644281000000 -0.551708278064 -0.788644093213 0.194273112899 0.189516299458
4.5 0.388048000000 0.043369100000 0.642778000000 -0.548785265398 -0.791360392659 0.196067077486 0.184773273335
4.6 0.387084000000 0.047865300000 0.640861000000 -0.546926099345 -0.793374530549 0.197194962905 0.180396349012
4.7 0.385808000000 0.051402700000 0.640849000000 -0.544254355603 -0.795725297626 0.197747600973 0.177494601140
4.8 0.385582000000 0.055012000000 0.640269000000 -0.542142566692 -0.797567870389 0.198485371710 0.174844178400
4.9 0.385099000000 0.058094300000 0.640488000000 -0.539678481947 -0.799500965138 0.198285561615 0.173862528802
5.0 0.384639000000 0.060741900000 0.640917000000 -0.538013841869 -0.801129708546 0.197593205000 0.172305604609
5.1 0.385242000000 0.062663800000 0.641617000000 -0.536303991195 -0.801984040011 0.200026162700 0.170848362098
5.2 0.387017000000 0.065377300000 0.639330000000 -0.532959615066 -0.804396021833 0.202001582361 0.167619955530
5.3 0.387665000000 0.066030500000 0.637804000000 -0.530716160513 -0.806336913318 0.202034546148 0.165357737508
5.4 0.387954000000 0.070370400000 0.637171000000 -0.527307878531 -0.808553736447 0.205181780966 0.161516851370
5.5 0.388842000000 0.077630700000 0.635431000000 -0.523210994807 -0.811374911916 0.206414106036 0.159104443859
5.6 0.387933000000 0.081807100000 0.635982000000 -0.521561305834 -0.812074821054 0.208606975565 0.158086745214
5.7 0.384935000000 0.089714700000 0.638581000000 -0.516847555851 -0.813895822513 0.212105096590 0.159541913327
5.8 0.383288000000 0.097000200000 0.637769000000 -0.513109054733 -0.815771290760 0.214569679441 0.158732957471
5.9 0.379900000000 0.102418000000 0.637826000000 -0.509936835999 -0.818287587334 0.214432558000 0.156168261106
6.0 0.377808000000 0.106206000000 0.638488000000 -0.507305068442 -0.819613974060 0.216119120307 0.155457476171
6.1 0.377429000000 0.110934000000 0.638297000000 -0.505234261588 -0.820555107317 0.219111719024 0.153028465849
6.2 0.375817000000 0.114889000000 0.637419000000 -0.503491701482 -0.821669185836 0.220992518996 0.150060528236
6.3 0.374132000000 0.117362000000 0.636253000000 -0.500962059137 -0.823111087445 0.223323030803 0.147146107468
6.4 0.371888000000 0.118279000000 0.634535000000 -0.496715032556 -0.825291659444 0.226367573031 0.144656749465
6.5 0.370740000000 0.118372000000 0.632280000000 -0.490945005186 -0.829036748831 0.226731155221 0.142351867650
6.6 0.370215000000 0.116894000000 0.631678000000 -0.484958488832 -0.832457327437 0.228597879777 0.139903793616
6.7 0.369813000000 0.115134000000 0.630881000000 -0.477243896111 -0.836301750123 0.233140994947 0.135951913712
6.8 0.369798000000 0.116385000000 0.629337000000 -0.471209424137 -0.839650831543 0.234818158313 0.133448837461
6.9 0.369621000000 0.118976000000 0.629196000000 -0.468783728519 -0.840614153354 0.236565694732 0.132839501401
7.0 0.370643000000 0.124824000000 0.627994000000 -0.467059973358 -0.841835819823 0.235494064114 0.133078846987
7.1 0.370714000000 0.131376000000 0.627633000000 -0.466763351714 -0.842545284003 0.232441240443 0.134983286532
7.2 0.371164000000 0.135568000000 0.627579000000 -0.464514578528 -0.843722354528 0.231308663686 0.137313862768
7.3 0.372806000000 0.139996000000 0.627923000000 -0.463377512920 -0.844154998818 0.230502359999 0.139829469445
7.4 0.373566000000 0.146862000000 0.627966000000 -0.463340369177 -0.843387107454 0.230233023058 0.144936690884
7.5 0.374404000000 0.150009000000 0.627888000000 -0.465169735682 -0.842331164935 0.230741278610 0.144408406714
7.6 0.375780000000 0.151841000000 0.627798000000 -0.464552153766 -0.842618694226 0.231268656056 0.143874394171
7.7 0.375577000000 0.152743000000 0.627546000000 -0.461757059214 -0.844397502875 0.230757190232 0.143263374810
7.8 0.375078000000 0.153073000000 0.627304000000 -0.460194309748 -0.845243911549 0.231640538244 0.141868207528
7.9 0.375396000000 0.152912000000 0.626960000000 -0.457725440729 -0.846622731313 0.231953701532 0.141119991773
8.0 0.376086000000 0.153452000000 0.626546000000 -0.456310853088 -0.847284905492 0.232223783239 0.141282726394
8.1 0.375781000000 0.154954000000 0.626464000000 -0.456017540428 -0.847580352743 0.231936424250 0.140929214755
8.2 0.376552000000 0.155107000000 0.626274000000 -0.455745980869 -0.847799323969 0.231768629635 0.140766507085
8.3 0.378501000000 0.155780000000 0.626334000000 -0.454289046977 -0.847647279148 0.235248074109 0.140619684178
8.4 0.379812000000 0.156804000000 0.626481000000 -0.453000888792 -0.847893277582 0.236499676714 0.141191669371
8.5 0.381345000000 0.157356000000 0.626524000000 -0.452647224668 -0.847936984624 0.236637011235 0.141831889998
8.6 0.381828000000 0.158069000000 0.626426000000 -0.452187695368 -0.848316546876 0.236175685766 0.141796931937
8.7 0.381400000000 0.159817000000 0.626031000000 -0.450517630162 -0.848691154128 0.237190246379 0.143171145276
8.8 0.381400000000 0.160113000000 0.625863000000 -0.451041994815 -0.848152562973 0.237878519500 0.143569351868
8.9 0.380263000000 0.161536000000 0.627114000000 -0.450849234213 -0.848221346256 0.238146193291 0.143324479368
9.0 0.380014000000 0.163138000000 0.628774000000 -0.450063140126 -0.847658636420 0.240499160849 0.145183193355
9.1 0.380446000000 0.165445000000 0.629352000000 -0.449431111710 -0.847383539130 0.242487859860 0.145438823077
9.2 0.381344000000 0.167265000000 0.629868000000 -0.447442721345 -0.847897391633 0.243676272308 0.146584101087
9.3 0.382572000000 0.168169000000 0.629259000000 -0.445591616366 -0.848722218317 0.243969635932 0.146960961830
9.4 0.382940000000 0.168153000000 0.629560000000 -0.445593243760 -0.849699181055 0.242182165240 0.144242024632
9.5 0.385070000000 0.167353000000 0.628868000000 -0.444991380875 -0.850827067690 0.240577114127 0.142121863167
9.6 0.385959000000 0.166412000000 0.628507000000 -0.446392092490 -0.850152328264 0.241843737588 0.139594860575
9.7 0.385851000000 0.164201000000 0.627378000000 -0.448602973102 -0.849828360446 0.241546639772 0.134916089179
9.8 0.385680000000 0.162043000000 0.626449000000 -0.448698571701 -0.850160736773 0.241131149664 0.133236939564
9.9 0.385238000000 0.158055000000 0.625721000000 -0.449686130261 -0.849979990452 0.241164824297 0.130980638277
10.0 0.385380000000 0.155011000000 0.625047000000 -0.449293396327 -0.850325318893 0.241609314567 0.129256470560
10.1 0.386136000000 0.151795000000 0.624841000000 -0.449311450495 -0.849597718559 0.244295361596 0.128929102133
10.2 0.390063000000 0.147394000000 0.623008000000 -0.446629269282 -0.850264525147 0.246249232019 0.130130122677
10.3 0.391450000000 0.144078000000 0.623836000000 -0.447515183090 -0.849893426396 0.245987973227 0.130004775682
10.4 0.394617000000 0.144434000000 0.623821000000 -0.448900207821 -0.848650376074 0.246936192841 0.131543374116
10.5 0.398091000000 0.144549000000 0.622365000000 -0.451241869136 -0.846859692890 0.248678792303 0.131788824852
10.6 0.401031000000 0.145479000000 0.620133000000 -0.452591886673 -0.846664347702 0.247236574946 0.131126436910
10.7 0.402373000000 0.145587000000 0.621021000000 -0.451765635949 -0.847160724025 0.247202185269 0.130834236506
10.8 0.405284000000 0.146484000000 0.623786000000 -0.451050964749 -0.846763499957 0.249898251387 0.130749632097
10.9 0.408170000000 0.149815000000 0.626766000000 -0.450132885149 -0.846222185543 0.253454995780 0.130571679610
11.0 0.410117000000 0.151400000000 0.627917000000 -0.450397034285 -0.845488250259 0.254970027233 0.131462600745
11.1 0.412825000000 0.153527000000 0.628459000000 -0.450745765256 -0.845167002864 0.256210267134 0.129912629827
11.2 0.415265000000 0.154783000000 0.631232000000 -0.446539375442 -0.846862122815 0.257347320460 0.131146817627
11.3 0.418921000000 0.156163000000 0.632439000000 -0.444621918381 -0.847308183560 0.258811979608 0.131895985455
11.4 0.419840000000 0.157114000000 0.632963000000 -0.443421811895 -0.847871793410 0.259067759516 0.131812042903
11.5 0.421286000000 0.159182000000 0.632415000000 -0.445412098196 -0.847156349796 0.258618882170 0.130577393010
11.6 0.421333000000 0.160500000000 0.636059000000 -0.452740772135 -0.843389434313 0.261464602479 0.123920607588
11.7 0.423063000000 0.163875000000 0.638470000000 -0.454571457276 -0.841301284018 0.264503637591 0.124959055058
11.8 0.426224000000 0.170017000000 0.641583000000 -0.453095360632 -0.841493724456 0.265835898585 0.126191049199
11.9 0.429619000000 0.175280000000 0.643889000000 -0.449733896963 -0.842217873158 0.268664187003 0.127389287925
12.0 0.431065000000 0.178407000000 0.646306000000 -0.449096843174 -0.842111946072 0.270182983193 0.127124550449
12.1 0.434402000000 0.180632000000 0.647468000000 -0.447651933404 -0.842591137634 0.270444389883 0.128482501850
12.2 0.439003000000 0.183083000000 0.648411000000 -0.445746058539 -0.844015015208 0.268846742969 0.129114422879
12.3 0.444308000000 0.184095000000 0.649582000000 -0.441295222935 -0.846922999793 0.266879372777 0.129442493114
12.4 0.448792000000 0.185593000000 0.651961000000 -0.437046190947 -0.849193891595 0.266110354888 0.130558954031
12.5 0.451360000000 0.184979000000 0.654228000000 -0.434377726517 -0.850452893496 0.266264910663 0.130953671194
12.6 0.452307000000 0.181892000000 0.655772000000 -0.433948724139 -0.850423128191 0.267156645881 0.130752951852
12.7 0.452340000000 0.181261000000 0.655017000000 -0.434802843954 -0.850358433123 0.266670256591 0.129321291196
12.8 0.449885000000 0.180864000000 0.654183000000 -0.434935169027 -0.851148067216 0.264796612407 0.127519098472
12.9 0.446280000000 0.178237000000 0.654814000000 -0.436573354057 -0.850151859601 0.265089349901 0.127957644219
13.0 0.441993000000 0.179604000000 0.654232000000 -0.430652383934 -0.853101141063 0.265889038523 0.126728002124
13.1 0.436211000000 0.184311000000 0.655070000000 -0.426538534814 -0.855419327336 0.266897719999 0.122834277783
13.2 0.428897000000 0.195382000000 0.656036000000 -0.421317125588 -0.859080428373 0.264787463246 0.119834454900
13.3 0.423396000000 0.207288000000 0.657627000000 -0.414637140649 -0.862534358215 0.264325701034 0.119341720560
13.4 0.414941000000 0.219843000000 0.661107000000 -0.406493731277 -0.866683696240 0.264339442066 0.117247074474
13.5 0.407402000000 0.231588000000 0.662417000000 -0.397788250382 -0.870762292918 0.265387582418 0.114485668051
13.6 0.399465000000 0.240110000000 0.663815000000 -0.388463878516 -0.875383063407 0.265056530614 0.112005995227
13.7 0.392742000000 0.247565000000 0.664254000000 -0.381551760455 -0.878855017499 0.264018957441 0.111022981505
13.8 0.386860000000 0.254590000000 0.664449000000 -0.375032645882 -0.881773738393 0.263726090842 0.110788707967
13.9 0.380078000000 0.259504000000 0.665162000000 -0.369846313390 -0.884673127476 0.261781685706 0.109715591521
14.0 0.373793000000 0.263805000000 0.666781000000 -0.361753368827 -0.888281578670 0.261416952640 0.108404400328
14.1 0.367602000000 0.267655000000 0.668258000000 -0.353824852578 -0.891699847404 0.261416468376 0.106493126067
14.2 0.360908000000 0.271913000000 0.668183000000 -0.346510849682 -0.895103241321 0.260469975610 0.104287152781
14.3 0.354971000000 0.275735000000 0.667018000000 -0.340886949841 -0.897592739793 0.260077038492 0.102387962906
14.4 0.349955000000 0.279899000000 0.666679000000 -0.337170377369 -0.899208365725 0.259679000751 0.101524717208
14.5 0.343963000000 0.285498000000 0.666178000000 -0.333555794667 -0.900960803444 0.258490059629 0.100960643691
14.6 0.337753000000 0.289904000000 0.666061000000 -0.329545520200 -0.902877874331 0.257008458008 0.100786639355
14.7 0.332210000000 0.292574000000 0.665128000000 -0.325338653917 -0.904745643559 0.256165623641 0.099846151618
14.8 0.326103000000 0.296164000000 0.663128000000 -0.320045174504 -0.907475029830 0.254016244272 0.097651954191
14.9 0.319902000000 0.296661000000 0.663674000000 -0.315565739766 -0.909430291127 0.253077437592 0.096470824861
15.0 0.313271000000 0.297527000000 0.663871000000 -0.311446273537 -0.910967791080 0.253384670276 0.094525717052
15.1 0.306049000000 0.298777000000 0.664704000000 -0.306840844600 -0.912552079898 0.254282546823 0.091857410921
15.2 0.299463000000 0.301717000000 0.665377000000 -0.302005348999 -0.913415937457 0.257629305682 0.089951293646
15.3 0.293050000000 0.304651000000 0.666415000000 -0.297452133249 -0.914384108155 0.259766937966 0.089135117201
15.4 0.286929000000 0.306551000000 0.667073000000 -0.293730055850 -0.915766024658 0.259322197664 0.088584649749
15.5 0.280006000000 0.307846000000 0.667547000000 -0.289890374842 -0.918032386334 0.256563892639 0.085761746775
15.6 0.276042000000 0.307923000000 0.667394000000 -0.286171349588 -0.919750531823 0.255136315512 0.084085542119
15.7 0.271452000000 0.308332000000 0.667593000000 -0.283582931283 -0.921410545503 0.252697476321 0.082020199839
15.8 0.266748000000 0.308259000000 0.669387000000 -0.280289790565 -0.922801542165 0.251461749903 0.081498070032
15.9 0.262467000000 0.309260000000 0.669086000000 -0.278668195771 -0.923406515397 0.251034048393 0.081525152778
16.0 0.259468000000 0.309503000000 0.667495000000 -0.277966729224 -0.924579092157 0.248000975751 0.079896907434
16.1 0.255285000000 0.308027000000 0.667638000000 -0.275474937975 -0.925908879861 0.245988061389 0.079348461836
16.2 0.251831000000 0.305999000000 0.668731000000 -0.271747050726 -0.927463784046 0.244522814450 0.078568841900
16.3 0.249795000000 0.303846000000 0.669815000000 -0.268028252526 -0.928685077430 0.244216598627 0.077866140023
16.4 0.246564000000 0.303612000000 0.670573000000 -0.264628103319 -0.929463856356 0.245200799292 0.077106904283
16.5 0.244626000000 0.303590000000 0.670551000000 -0.261035926123 -0.931065415820 0.243004465103 0.076982249103
16.6 0.242209000000 0.302824000000 0.671887000000 -0.256064806190 -0.933590013196 0.238473564165 0.077271349713
16.7 0.239692000000 0.302712000000 0.674652000000 -0.250846342723 -0.935585984060 0.236964328516 0.074852426712
16.8 0.239018000000 0.301841000000 0.676218000000 -0.246258481701 -0.937366628186 0.234913982287 0.074269680755
16.9 0.237292000000 0.301036000000 0.678560000000 -0.242133968439 -0.938580907769 0.234713685602 0.073119810522
17.0 0.236352000000 0.298950000000 0.678723000000 -0.242272408666 -0.938991305254 0.233754557112 0.070414598529
17.1 0.236141000000 0.296027000000 0.677434000000 -0.244945113503 -0.939545114860 0.229277995554 0.068472397854
17.2 0.233951000000 0.292785000000 0.677636000000 -0.247649623218 -0.940004396294 0.224481110415 0.068334692037
17.3 0.231877000000 0.288482000000 0.677835000000 -0.247833111437 -0.941270580002 0.219184328358 0.067429031579
17.4 0.230319000000 0.283523000000 0.678311000000 -0.248874056015 -0.942202743458 0.213787566930 0.067901183272
17.5 0.229498000000 0.275822000000 0.678788000000 -0.251546726963 -0.942171773621 0.209748319273 0.071008701631
17.6 0.227642000000 0.269074000000 0.679254000000 -0.256391435691 -0.941308648734 0.208255571476 0.069505945584
17.7 0.227026000000 0.262209000000 0.680758000000 -0.263092364333 -0.939363836100 0.207755762205 0.072218657753
17.8 0.226998000000 0.256957000000 0.684016000000 -0.268878186175 -0.936875950438 0.210194017917 0.076068714476
17.9 0.227022000000 0.252423000000 0.687676000000 -0.274177425497 -0.934827152514 0.211335608044 0.079134032137
18.0 0.227946000000 0.246892000000 0.690211000000 -0.278552919550 -0.933604473795 0.210942381037 0.079336431746
18.1 0.229206000000 0.239343000000 0.691311000000 -0.283795705950 -0.932622328481 0.208270233169 0.079366867634
18.2 0.230802000000 0.232462000000 0.690969000000 -0.288226193856 -0.931589400956 0.206431907340 0.080328804513
18.3 0.232701000000 0.225059000000 0.690512000000 -0.294687386215 -0.930384857437 0.202740017435 0.080248655989
18.4 0.236468000000 0.217507000000 0.689333000000 -0.300130628916 -0.928969421655 0.200553434981 0.081949612168
18.5 0.239507000000 0.210060000000 0.687676000000 -0.303756604554 -0.927833245831 0.199908274535 0.083030566008
18.6 0.243232000000 0.203446000000 0.684942000000 -0.306353499282 -0.927161873641 0.199016233769 0.083132016940
18.7 0.243341000000 0.197182000000 0.685062000000 -0.308723949877 -0.927095965742 0.196370703466 0.081370387108
18.8 0.242862000000 0.192995000000 0.685124000000 -0.308061077336 -0.927274982923 0.197150274536 0.079945280828
18.9 0.240440000000 0.190605000000 0.683990000000 -0.306127211938 -0.928647251512 0.194630950009 0.077583539934
19.0 0.235032000000 0.188553000000 0.683897000000 -0.300254119470 -0.931352839636 0.191942845754 0.074748216081
19.1 0.229081000000 0.188660000000 0.683753000000 -0.292299855638 -0.934341103423 0.190250147114 0.073296509954
19.2 0.219309000000 0.191842000000 0.683306000000 -0.281009375878 -0.938427183829 0.188319095451 0.070171715149
19.3 0.209817000000 0.194543000000 0.684343000000 -0.271329596753 -0.941795481983 0.187182831412 0.066061393166
19.4 0.202014000000 0.199224000000 0.686012000000 -0.261079055630 -0.944512715127 0.188873827818 0.063719187371
19.5 0.193483000000 0.204465000000 0.687084000000 -0.249955910495 -0.947390087280 0.190009114767 0.062214159463
19.6 0.186662000000 0.207078000000 0.687068000000 -0.240636584428 -0.950203663513 0.188782466412 0.059734516465
19.7 0.180503000000 0.211226000000 0.687454000000 -0.229205219628 -0.953170637120 0.188564559118 0.058087097293
19.8 0.172626000000 0.215751000000 0.688662000000 -0.218145025394 -0.955763073301 0.189072186675 0.056403934572
19.9 0.167964000000 0.220455000000 0.689001000000 -0.210052433160 -0.957700064621 0.189028076150 0.054377826132
20.0 0.162733000000 0.225816000000 0.689752000000 -0.199393511441 -0.960104138425 0.189264934930 0.051196243801
20.1 0.157944000000 0.231062000000 0.689997000000 -0.189485048668 -0.962126091853 0.189917743439 0.048374067786
20.2 0.155094000000 0.234604000000 0.690309000000 -0.181463606712 -0.963610723316 0.190859788025 0.045802561773
20.3 0.152091000000 0.239017000000 0.690815000000 -0.173097509095 -0.965292526641 0.190645317907 0.043611387452
20.4 0.150091000000 0.242557000000 0.690950000000 -0.167089503923 -0.966362142999 0.190990015531 0.041810527674
20.5 0.148741000000 0.247217000000 0.689754000000 -0.162789264781 -0.967371950988 0.190045256970 0.039673215371
20.6 0.146980000000 0.250986000000 0.689473000000 -0.158087051714 -0.968388922577 0.188986354983 0.038929890069
20.7 0.145095000000 0.255461000000 0.689841000000 -0.154950515737 -0.969013809998 0.188641226571 0.037643875244
20.8 0.143494000000 0.260548000000 0.689712000000 -0.152924543983 -0.969376828527 0.188680186644 0.036365303926
20.9 0.142118000000 0.263396000000 0.691266000000 -0.149948171405 -0.969628111255 0.189764760834 0.036417129236
21.0 0.140333000000 0.267925000000 0.692118000000 -0.147302639543 -0.969465230378 0.192841615782 0.035372456733
21.1 0.138349000000 0.271744000000 0.692775000000 -0.142965778392 -0.970013503791 0.193305481448 0.035603082916
21.2 0.135711000000 0.274164000000 0.693375000000 -0.138653665062 -0.970841417369 0.192431236959 0.034818422253
21.3 0.132621000000 0.274854000000 0.694449000000 -0.133984099949 -0.971464202189 0.192720925326 0.034120518271
21.4 0.130665000000 0.276093000000 0.695127000000 -0.126267474249 -0.972182242230 0.194134086884 0.035073767239
21.5 0.128160000000 0.275770000000 0.696473000000 -0.121191017190 -0.972850681302 0.193731193940 0.036640329374
21.6 0.124110000000 0.276259000000 0.697398000000 -0.112028195336 -0.973908760356 0.193553029344 0.038582830169
21.7 0.121673000000 0.276549000000 0.698524000000 -0.108938265308 -0.974309219233 0.193346255924 0.038356550810
21.8 0.120895000000 0.277160000000 0.698786000000 -0.104108445270 -0.975148967863 0.192000136030 0.037173510240
21.9 0.118341000000 0.277580000000 0.699955000000 -0.099918505716 -0.975562888717 0.192104306977 0.037273014563
22.0 0.116519000000 0.279065000000 0.701299000000 -0.096080224437 -0.975619790067 0.193484401923 0.038709196766
22.1 0.114849000000 0.281558000000 0.702135000000 -0.092273055138 -0.975970294046 0.193374440926 0.039673593640
22.2 0.113007000000 0.282841000000 0.704758000000 -0.087811886169 -0.976288418705 0.193361627023 0.041967574926
22.3 0.113455000000 0.286083000000 0.706734000000 -0.084220845687 -0.975878012386 0.196522567002 0.044134280909
22.4 0.113029000000 0.290440000000 0.705954000000 -0.083156250248 -0.976378783175 0.194907468755 0.042197019252
22.5 0.112159000000 0.293785000000 0.705856000000 -0.081390871075 -0.976792430515 0.193724569804 0.041507407142
22.6 0.113873000000 0.297136000000 0.706071000000 -0.082281608569 -0.976424362580 0.195207641092 0.041462970367
22.7 0.116808000000 0.297475000000 0.706779000000 -0.083379696536 -0.975906190545 0.197137339797 0.042329690758
22.8 0.119449000000 0.297606000000 0.710285000000 -0.086771038635 -0.974242084928 0.203488694016 0.043766405127
22.9 0.125274000000 0.297149000000 0.714960000000 -0.092096745127 -0.971793290506 0.212470120033 0.044636735509
23.0 0.131761000000 0.300170000000 0.717364000000 -0.097780668216 -0.969468033185 0.220247774771 0.045404749360
23.1 0.138208000000 0.301347000000 0.720203000000 -0.100850947395 -0.967898800250 0.225689947893 0.045442780542
23.2 0.146992000000 0.304374000000 0.720478000000 -0.105672186846 -0.966247655886 0.230417109298 0.045900023571
23.3 0.152331000000 0.306865000000 0.720185000000 -0.112006566872 -0.965874261222 0.229160761262 0.045019839893
23.4 0.160769000000 0.310433000000 0.718509000000 -0.116821818355 -0.965992361268 0.225822425423 0.047070722371
23.5 0.170468000000 0.312109000000 0.717890000000 -0.123735966873 -0.965321927366 0.224272643612 0.050445697300
23.6 0.182562000000 0.312945000000 0.717418000000 -0.136909497639 -0.963585661510 0.223779560135 0.051780023703
23.7 0.195831000000 0.312870000000 0.718014000000 -0.151119557216 -0.961108331188 0.224392195400 0.055513942320
23.8 0.210885000000 0.312666000000 0.720386000000 -0.167837676104 -0.957621804508 0.226725485540 0.058194056555
23.9 0.230780000000 0.311478000000 0.723607000000 -0.183795894883 -0.953639178624 0.230445419422 0.060714863790
24.0 0.257803000000 0.305361000000 0.724954000000 -0.199296104039 -0.950004667259 0.232214806239 0.062036109363
24.1 0.283698000000 0.301998000000 0.725513000000 -0.207762730126 -0.948153733615 0.232061728210 0.063138733769
24.2 0.307347000000 0.298215000000 0.726926000000 -0.218886661941 -0.945461008352 0.232274547166 0.065120239940
24.3 0.328286000000 0.296833000000 0.724926000000 -0.233914596517 -0.941599905887 0.232346795802 0.068472952690
24.4 0.341577000000 0.296108000000 0.722663000000 -0.246477739387 -0.938724975597 0.230308671132 0.070725244283
24.5 0.351725000000 0.295798000000 0.721816000000 -0.258735495199 -0.934713435204 0.231845362580 0.074929736575
24.6 0.357993000000 0.297199000000 0.722033000000 -0.272071084128 -0.929774552318 0.234550979406 0.080513633021
24.7 0.360890000000 0.298945000000 0.722657000000 -0.280230723540 -0.926168055828 0.237283937585 0.085905802551
24.8 0.362873000000 0.302079000000 0.722699000000 -0.292580818982 -0.920972045064 0.241171263831 0.089684882093
24.9 0.365291000000 0.303758000000 0.723013000000 -0.298895888357 -0.917673395606 0.244857575864 0.092636679896
25.0 0.366638000000 0.303929000000 0.724565000000 -0.303562528028 -0.915259669021 0.248371916838 0.091983263520
25.1 0.366642000000 0.305384000000 0.725010000000 -0.306290694071 -0.913988780419 0.249703251932 0.091971767238
25.2 0.367209000000 0.305403000000 0.725604000000 -0.308022652456 -0.913478973199 0.249240804512 0.092505310463
25.3 0.365335000000 0.306245000000 0.728024000000 -0.313764416888 -0.911336808077 0.250224447950 0.091677906756
25.4 0.366017000000 0.309408000000 0.730163000000 -0.317789235613 -0.908579300124 0.254878611946 0.092360978167
25.5 0.368069000000 0.311283000000 0.729763000000 -0.318058604017 -0.908210344775 0.255289405097 0.093914927995
25.6 0.368266000000 0.311842000000 0.732018000000 -0.320195983902 -0.907762939787 0.254960033025 0.091849652163
25.7 0.369824000000 0.313707000000 0.731420000000 -0.322315031744 -0.906194628907 0.257211312290 0.093630420706
25.8 0.369035000000 0.314017000000 0.732015000000 -0.324656599628 -0.905694697966 0.256085380028 0.093463814013
25.9 0.371263000000 0.313499000000 0.730875000000 -0.324273175895 -0.905745591008 0.256516670535 0.093118362864
26.0 0.371754000000 0.312281000000 0.728482000000 -0.326235409052 -0.905119315141 0.257115807488 0.090669425824
26.1 0.369953000000 0.312161000000 0.727164000000 -0.328761168658 -0.902463427191 0.262325342852 0.093065950071
26.2 0.366041000000 0.315807000000 0.725532000000 -0.339361810805 -0.896293486666 0.269314139265 0.094664890638
26.3 0.365415000000 0.316984000000 0.725103000000 -0.340339283535 -0.895678950028 0.270467723824 0.093678177444
26.4 0.366190000000 0.318676000000 0.722960000000 -0.344944261203 -0.893191990732 0.272433553398 0.094876147359
26.5 0.364266000000 0.320802000000 0.721590000000 -0.347335218691 -0.892435663691 0.272050395025 0.094368504259
26.6 0.362576000000 0.321297000000 0.718546000000 -0.355118381795 -0.889503259175 0.272287380751 0.092382190447
26.7 0.359026000000 0.321452000000 0.713894000000 -0.365931296476 -0.884970676403 0.272400195928 0.093377306792
26.8 0.355815000000 0.317639000000 0.713939000000 -0.371951527099 -0.881427170753 0.275227151477 0.094806219401
26.9 0.353200000000 0.315858000000 0.715821000000 -0.376696385882 -0.877425179819 0.281312018185 0.095333284359
27.0 0.351649000000 0.313743000000 0.714845000000 -0.383309735837 -0.871700247209 0.288247593053 0.100626291435
27.1 0.349828000000 0.311561000000 0.714106000000 -0.387618484472 -0.868000259745 0.291836344994 0.105636202691
27.2 0.347437000000 0.310186000000 0.710363000000 -0.400454494230 -0.860435535947 0.294903615397 0.110989838079
27.3 0.349107000000 0.308716000000 0.705868000000 -0.402833102341 -0.860350310304 0.292138628460 0.110353327910
27.4 0.348926000000 0.307928000000 0.704881000000 -0.404324437901 -0.860918912230 0.289558029978 0.107221838984
27.5 0.349173000000 0.309249000000 0.702545000000 -0.404505391904 -0.862227668257 0.286318841599 0.104691723447
27.6 0.349345000000 0.311059000000 0.700853000000 -0.405842078776 -0.862463489083 0.284003950389 0.103878261714
27.7 0.350115000000 0.313920000000 0.699965000000 -0.406945196504 -0.861433129179 0.285357873900 0.104400454015
27.8 0.348443000000 0.316801000000 0.700069000000 -0.411625295361 -0.858265298592 0.288076754571 0.104676057085
27.9 0.346499000000 0.319125000000 0.698252000000 -0.419142499081 -0.853846867430 0.290412699603 0.104525386170
28.0 0.346850000000 0.320022000000 0.696275000000 -0.424740221810 -0.851010688035 0.290775123926 0.104049892516
28.1 0.347152000000 0.319857000000 0.692754000000 -0.428202780084 -0.849179146814 0.290972194327 0.104270503370
28.2 0.347285000000 0.319706000000 0.687312000000 -0.430628308646 -0.848223219488 0.290369868198 0.103739912075
28.3 0.347100000000 0.318683000000 0.683614000000 -0.432666023141 -0.848222554741 0.287932371529 0.102046849404
28.4 0.346144000000 0.317694000000 0.680557000000 -0.434266795837 -0.848736735729 0.285206860216 0.098566476775
28.5 0.347976000000 0.316346000000 0.677025000000 -0.435281918089 -0.849038163905 0.283900962694 0.095205521896
28.6 0.346598000000 0.315458000000 0.675215000000 -0.435762874132 -0.850187268006 0.280956685854 0.091409340460
28.7 0.347538000000 0.315398000000 0.673655000000 -0.435726449089 -0.850286518026 0.280919796256 0.090770958457
28.8 0.347167000000 0.314080000000 0.673836000000 -0.435604317310 -0.850566679469 0.280934961787 0.088660869406
28.9 0.345787000000 0.313733000000 0.673394000000 -0.437204902342 -0.849784418106 0.281375169203 0.086869616489
29.0 0.345831000000 0.314604000000 0.671578000000 -0.438447375511 -0.848300104486 0.283236444357 0.089039026413
29.1 0.344035000000 0.315021000000 0.671216000000 -0.438116185037 -0.848519175747 0.282807466799 0.089940833451
29.2 0.344189000000 0.315832000000 0.669473000000 -0.431170996221 -0.851499894835 0.282702913433 0.095491171581
29.3 0.341685000000 0.315890000000 0.669604000000 -0.426114569143 -0.853781681120 0.282526815103 0.098294525259
29.4 0.337764000000 0.315647000000 0.669821000000 -0.422225449867 -0.855668712587 0.282223163444 0.099532958362
29.5 0.334790000000 0.314394000000 0.668342000000 -0.416464051806 -0.858959334780 0.280337999056 0.100782741739
29.6 0.331641000000 0.311318000000 0.667946000000 -0.414466905805 -0.860914151861 0.277823012586 0.099289379072
29.7 0.324876000000 0.307021000000 0.669144000000 -0.405880463400 -0.865854793587 0.275779178395 0.097480103692
29.8 0.316619000000 0.303525000000 0.670281000000 -0.397297031288 -0.870413133464 0.274151409991 0.096835171421
29.9 0.312486000000 0.300700000000 0.669552000000 -0.390484910105 -0.873782360190 0.273175034262 0.096960417987
30.0 0.304952000000 0.295835000000 0.669150000000 -0.380897149791 -0.879618811135 0.269245002617 0.093248254374
30.1 0.295299000000 0.289499000000 0.669816000000 -0.372050734148 -0.884913240650 0.265068665544 0.090804241583
30.2 0.281284000000 0.278320000000 0.670151000000 -0.359201216971 -0.890960068202 0.262545385326 0.090744494265
30.3 0.278892000000 0.276427000000 0.670374000000 -0.356944248856 -0.892025032666 0.262126539665 0.090398127800
30.4 0.269935000000 0.270480000000 0.669655000000 -0.348815665225 -0.895970277023 0.259822532627 0.089761606065
30.5 0.261230000000 0.266800000000 0.669644000000 -0.340314296834 -0.900238504207 0.256910240353 0.088056477989
30.6 0.255525000000 0.264367000000 0.669873000000 -0.336990655049 -0.902063522402 0.255182698852 0.087180790128
30.7 0.247999000000 0.261475000000 0.670433000000 -0.331681259977 -0.904826426620 0.252839882257 0.085724403824
30.8 0.242112000000 0.259921000000 0.669709000000 -0.327065265295 -0.907681138042 0.249882698734 0.081865137592
30.9 0.239327000000 0.257584000000 0.668895000000 -0.321279372181 -0.910940172235 0.246614418868 0.078414896705
31.0 0.234199000000 0.254863000000 0.668994000000 -0.313548580365 -0.914680361702 0.243614268716 0.075493123829
31.1 0.231277000000 0.254094000000 0.667897000000 -0.302346779845 -0.919175425253 0.241390811468 0.073711861098
31.2 0.228576000000 0.253437000000 0.666968000000 -0.294133499229 -0.922632134697 0.239155513016 0.070993445117
31.3 0.225538000000 0.253305000000 0.664889000000 -0.283335346087 -0.926490318894 0.237560801119 0.070011687776
31.4 0.219656000000 0.253681000000 0.662676000000 -0.277573747629 -0.928860469606 0.235644636638 0.068136978616
31.5 0.214339000000 0.253783000000 0.661353000000 -0.272569294672 -0.930883470538 0.233910920959 0.066690516103
31.6 0.208284000000 0.254647000000 0.659098000000 -0.265054276317 -0.933234749736 0.233469684652 0.065658501654
31.7 0.203967000000 0.255631000000 0.656079000000 -0.259021060645 -0.935175152569 0.232772468902 0.064594906003
31.8 0.199688000000 0.256416000000 0.655154000000 -0.253720401139 -0.936383912238 0.234435567285 0.062057165091
31.9 0.198363000000 0.258933000000 0.651720000000 -0.248530805111 -0.936554791900 0.240004095584 0.059123555232
32.0 0.192202000000 0.262349000000 0.648115000000 -0.244087749563 -0.937823837644 0.240986863106 0.053225481396
32.1 0.186483000000 0.266649000000 0.645443000000 -0.238155744672 -0.938913104984 0.243299704095 0.050291913436
32.2 0.185125000000 0.271438000000 0.642980000000 -0.229452597581 -0.939707078901 0.248638343351 0.049810496306
32.3 0.179929000000 0.275105000000 0.642535000000 -0.219148120944 -0.940450542327 0.255351867990 0.048190269116
32.4 0.175747000000 0.280726000000 0.641797000000 -0.212160458116 -0.940443837083 0.261509822739 0.046539681096
32.5 0.171298000000 0.283963000000 0.640342000000 -0.206358960523 -0.941806860647 0.261468767296 0.045275825549
32.6 0.170227000000 0.287398000000 0.637217000000 -0.197164545209 -0.943344353357 0.263481728688 0.042484723727
32.7 0.168833000000 0.291253000000 0.632366000000 -0.189030425033 -0.945537317759 0.261845035168 0.040790399542
32.8 0.164546000000 0.291781000000 0.630748000000 -0.187205000454 -0.946878748684 0.258690955650 0.038130205361
32.9 0.161942000000 0.293156000000 0.629130000000 -0.183987274692 -0.948102161159 0.256679564361 0.036967228674
33.0 0.161485000000 0.296190000000 0.625577000000 -0.179101235060 -0.949202276238 0.255995563687 0.037470758690
33.1 0.158988000000 0.296756000000 0.625919000000 -0.178298241205 -0.949217199012 0.256831711166 0.035127174999
33.2 0.157948000000 0.300277000000 0.625305000000 -0.174220735563 -0.948574225720 0.261916012222 0.035412937478
33.3 0.156030000000 0.302540000000 0.624733000000 -0.168563172306 -0.948426354588 0.266172193726 0.035018140335
33.4 0.154699000000 0.305008000000 0.623554000000 -0.165674163372 -0.947798745925 0.270275736664 0.034360369402
33.5 0.153615000000 0.310308000000 0.619289000000 -0.162658626180 -0.947929972198 0.271588364845 0.034795103372
33.6 0.152839000000 0.314026000000 0.616981000000 -0.161666495943 -0.948019608425 0.272079648553 0.033097295569
33.7 0.154008000000 0.317603000000 0.614726000000 -0.163064729018 -0.948049873121 0.271374433229 0.031100630479
33.8 0.158071000000 0.321065000000 0.614308000000 -0.165989798319 -0.947717781337 0.270943331578 0.029463619363
33.9 0.163856000000 0.325594000000 0.613304000000 -0.166714601291 -0.947207102959 0.272290780727 0.029371355966
34.0 0.167370000000 0.330504000000 0.612456000000 -0.169388775140 -0.946435129199 0.273286317599 0.029708209115
34.1 0.171027000000 0.337391000000 0.611703000000 -0.171619526722 -0.945706713643 0.274267849316 0.031027353248
34.2 0.176394000000 0.346457000000 0.608496000000 -0.172951346737 -0.945248380536 0.274940738668 0.031637335171
34.3 0.182348000000 0.352284000000 0.606080000000 -0.166791766033 -0.946450843819 0.274306657746 0.034163789805
34.4 0.184136000000 0.355236000000 0.606043000000 -0.165760232292 -0.945863344137 0.276798474668 0.035336723520
34.5 0.188148000000 0.359073000000 0.606177000000 -0.162516844970 -0.945391310604 0.280644595645 0.032590732889
34.6 0.191178000000 0.362811000000 0.604837000000 -0.156770872770 -0.945527954151 0.283399091903 0.032935331755
34.7 0.190573000000 0.366387000000 0.603027000000 -0.155758442146 -0.945279324187 0.284836501124 0.032472674545
34.8 0.190146000000 0.370209000000 0.600801000000 -0.152733104940 -0.944343297759 0.289563479519 0.032269582616
34.9 0.189565000000 0.374022000000 0.597181000000 -0.149734469488 -0.943032460593 0.295327907649 0.032415951008
35.0 0.186788000000 0.375470000000 0.593866000000 -0.148142093406 -0.941737916680 0.300209802350 0.032522162002
35.1 0.183855000000 0.376478000000 0.588748000000 -0.148158456679 -0.939070923920 0.308568381782 0.031311744240
35.2 0.180910000000 0.377071000000 0.581385000000 -0.150215816858 -0.937622659497 0.312079120353 0.030092846388
35.3 0.178248000000 0.376548000000 0.575233000000 -0.153430729203 -0.937755633877 0.310195185558 0.029194679729
35.4 0.176159000000 0.374585000000 0.569457000000 -0.156393424078 -0.937656202578 0.309180503881 0.027374416754
35.5 0.176313000000 0.374239000000 0.564830000000 -0.157330695581 -0.935990400326 0.313800798641 0.026421231940
35.6 0.177223000000 0.375172000000 0.560831000000 -0.158066716999 -0.934997723191 0.316505786748 0.024864785522
35.7 0.177184000000 0.376359000000 0.556263000000 -0.159691096382 -0.933826374162 0.319107753142 0.025244772541
35.8 0.179961000000 0.378896000000 0.554936000000 -0.161277453377 -0.931238282605 0.325900517179 0.023951971636
35.9 0.186737000000 0.384378000000 0.552680000000 -0.161673569819 -0.927464442988 0.336309105351 0.023823296831
36.0 0.190749000000 0.390209000000 0.549330000000 -0.164524082314 -0.925331163451 0.340772317608 0.023838872407
36.1 0.194716000000 0.398671000000 0.545230000000 -0.165581100768 -0.922310828282 0.348366753048 0.023795807902
36.2 0.198130000000 0.406500000000 0.542091000000 -0.163788393003 -0.919170524464 0.357454671616 0.022914340784
36.3 0.199595000000 0.413926000000 0.537069000000 -0.166960309373 -0.917601208372 0.359893010287 0.024683975257
36.4 0.200790000000 0.421239000000 0.533539000000 -0.172938171810 -0.916155405290 0.360631737486 0.026389619305
36.5 0.201019000000 0.428928000000 0.531341000000 -0.177372151412 -0.914579924686 0.362336826081 0.028190525556
36.6 0.200491000000 0.434689000000 0.529489000000 -0.180621507508 -0.912122959310 0.366684918321 0.030817994771
36.7 0.200718000000 0.439665000000 0.526113000000 -0.185238514063 -0.909683810928 0.370074679321 0.034738865385
36.8 0.199987000000 0.444910000000 0.522776000000 -0.189924738937 -0.906721088396 0.374918767236 0.034948238464
36.9 0.197914000000 0.447409000000 0.521153000000 -0.191331938245 -0.905000545839 0.377995360381 0.038543598274
37.0 0.198060000000 0.448914000000 0.518911000000 -0.196149236776 -0.901929294131 0.382747482136 0.039413071679
37.1 0.198209000000 0.449222000000 0.515299000000 -0.199025309728 -0.900914191109 0.383537559120 0.040515269837
37.2 0.197723000000 0.448455000000 0.512760000000 -0.202097775445 -0.900449021871 0.382938836628 0.041302488703
37.3 0.197773000000 0.446975000000 0.510651000000 -0.202576872009 -0.899986503947 0.383748238705 0.041523402202
37.4 0.197694000000 0.445760000000 0.508969000000 -0.202193662726 -0.898961370131 0.386103841267 0.043703564201
37.5 0.198734000000 0.445005000000 0.508014000000 -0.200898812706 -0.898211921554 0.388373797432 0.044953359163
37.6 0.199247000000 0.445487000000 0.506559000000 -0.199729674268 -0.896831113927 0.391888251826 0.047176354146
37.7 0.198343000000 0.444455000000 0.505931000000 -0.197267173574 -0.892557170957 0.401224733000 0.058703257426
37.8 0.199983000000 0.445233000000 0.502496000000 -0.199161015178 -0.888424646837 0.408831579271 0.062396127414
37.9 0.201171000000 0.446393000000 0.498435000000 -0.198348712952 -0.888648301632 0.408805211253 0.061970019603
38.0 0.203138000000 0.447555000000 0.495652000000 -0.200954296700 -0.889625250789 0.405682701183 0.060048561662
38.1 0.203902000000 0.449963000000 0.494038000000 -0.202680688595 -0.892164390846 0.399548678950 0.057654933240
38.2 0.204697000000 0.450824000000 0.494286000000 -0.203282806692 -0.893377068214 0.396641220610 0.056826548425
38.3 0.206318000000 0.452397000000 0.493755000000 -0.203842041226 -0.893670198541 0.395917650630 0.055237780447
38.4 0.208455000000 0.453080000000 0.492192000000 -0.205235520645 -0.894008540746 0.394547082616 0.054403214411
38.5 0.209278000000 0.454379000000 0.490848000000 -0.205208350742 -0.894694299018 0.393192837932 0.053019206797
38.6 0.211454000000 0.455347000000 0.488606000000 -0.205648861897 -0.895713481305 0.390768658402 0.052016926272
38.7 0.212140000000 0.456425000000 0.486122000000 -0.205393683563 -0.896477297866 0.389212632555 0.051530726971
38.8 0.212785000000 0.457189000000 0.484790000000 -0.206292686759 -0.896420363630 0.388824529925 0.051858885333
38.9 0.211554000000 0.459169000000 0.481620000000 -0.207548750362 -0.897131177341 0.386524804309 0.051746908301
39.0 0.210612000000 0.459523000000 0.478948000000 -0.212216449906 -0.896705745505 0.385102304791 0.050785817048
39.1 0.209475000000 0.460430000000 0.475863000000 -0.214600106204 -0.896875203189 0.383405550373 0.050614704044
39.2 0.208349000000 0.460937000000 0.471361000000 -0.217709908205 -0.896164817709 0.382778603758 0.054511979188
39.3 0.209390000000 0.462134000000 0.467077000000 -0.219545213954 -0.896126597546 0.381811869675 0.054559292295
39.4 0.209643000000 0.461216000000 0.466131000000 -0.219528466261 -0.895751768023 0.382763180164 0.054114420392
39.5 0.209802000000 0.460600000000 0.466639000000 -0.219976871469 -0.894154390932 0.386152247356 0.054630971602
39.6 0.211530000000 0.460371000000 0.466176000000 -0.219270905333 -0.891146572945 0.393339105564 0.055338988399
39.7 0.215587000000 0.460718000000 0.462433000000 -0.221850927777 -0.888458163958 0.397651220243 0.057426159372
39.8 0.216829000000 0.461671000000 0.460098000000 -0.222544068341 -0.888615113817 0.397009128852 0.056754460185
39.9 0.218767000000 0.461672000000 0.459783000000 -0.227244006946 -0.887158522131 0.397916752212 0.054517668937
40.0 0.221638000000 0.461040000000 0.459971000000 -0.230061927153 -0.885941101281 0.399122833574 0.053673442745
40.1 0.224912000000 0.460228000000 0.459218000000 -0.230880235137 -0.885107564001 0.400574306722 0.053095592719
40.2 0.226754000000 0.457542000000 0.459729000000 -0.230453554256 -0.884183806510 0.402909439067 0.052670101070
40.3 0.230015000000 0.456482000000 0.459259000000 -0.230212829551 -0.880673316697 0.410794280985 0.051619967832
40.4 0.232364000000 0.455478000000 0.457162000000 -0.230530215526 -0.879653801677 0.412612094344 0.053068526697
40.5 0.234096000000 0.455924000000 0.454800000000 -0.233409719170 -0.878599053609 0.413445691330 0.051441873160
40.6 0.234976000000 0.457217000000 0.451382000000 -0.235938081262 -0.878603720599 0.411968066497 0.051682067939
40.7 0.235845000000 0.458696000000 0.448801000000 -0.234501527152 -0.878568134711 0.412899647866 0.051390147168
40.8 0.236124000000 0.459987000000 0.445741000000 -0.233806293233 -0.879339265505 0.411720993823 0.050822206080
40.9 0.234749000000 0.460770000000 0.444749000000 -0.234364398887 -0.880242270501 0.409723007226 0.048723003887
41.0 0.234313000000 0.460646000000 0.444602000000 -0.233941365637 -0.880892488599 0.408776095680 0.046925095360
41.1 0.235032000000 0.459739000000 0.442688000000 -0.234030424251 -0.881715233083 0.407135572471 0.045261837155
41.2 0.233623000000 0.458839000000 0.441448000000 -0.234207821026 -0.883038402122 0.404441176400 0.042628767056
41.3 0.231630000000 0.457339000000 0.440622000000 -0.234903812440 -0.883944718731 0.402425382875 0.038932561508
41.4 0.230377000000 0.455308000000 0.440742000000 -0.234890048461 -0.884095695385 0.402377323436 0.035971601561
41.5 0.230200000000 0.452080000000 0.438807000000 -0.231959591175 -0.883953130839 0.404367155810 0.036177532301
41.6 0.229876000000 0.450256000000 0.436360000000 -0.230137184519 -0.882764796583 0.408099008590 0.034905435167
41.7 0.230033000000 0.447133000000 0.432172000000 -0.229857751535 -0.882579732912 0.408620707813 0.035320620878
41.8 0.229088000000 0.445003000000 0.430350000000 -0.229265981178 -0.883806812833 0.406256782355 0.035749884690
41.9 0.228125000000 0.444576000000 0.429760000000 -0.232782539691 -0.883275904532 0.405541209498 0.034238765860
42.0 0.227317000000 0.443987000000 0.429628000000 -0.233622658942 -0.883340798360 0.404925812470 0.034125849102
42.1 0.229460000000 0.442317000000 0.429944000000 -0.234908267180 -0.882377458833 0.406289662087 0.034012301248
42.2 0.231575000000 0.441356000000 0.428945000000 -0.236959411504 -0.881406442525 0.407206646927 0.033995103663
42.3 0.233400000000 0.441912000000 0.426787000000 -0.238712327711 -0.880428068731 0.408340619123 0.033478040005
42.4 0.235760000000 0.441918000000 0.425959000000 -0.242123615440 -0.879223426679 0.408981209718 0.032812968812
42.5 0.237242000000 0.443053000000 0.424459000000 -0.244975655742 -0.877617759717 0.410642656796 0.033861546664
42.6 0.238626000000 0.443809000000 0.422653000000 -0.245588505639 -0.877005895934 0.411498172603 0.034874035332
42.7 0.239898000000 0.443922000000 0.420418000000 -0.250724590918 -0.873455614922 0.415787397664 0.036514493196
42.8 0.240204000000 0.443093000000 0.420544000000 -0.256261283182 -0.869126503908 0.421314399226 0.037992788147
42.9 0.242260000000 0.442529000000 0.419660000000 -0.259040537224 -0.866739629303 0.424387806741 0.039438617621
43.0 0.246324000000 0.442556000000 0.415576000000 -0.260662189934 -0.865780400988 0.425131841904 0.041742508352
43.1 0.248865000000 0.442042000000 0.412502000000 -0.260395749101 -0.867039305730 0.422528029417 0.043668759149
43.2 0.250318000000 0.440587000000 0.411507000000 -0.261533439900 -0.867857081091 0.419918143868 0.045750399608
43.3 0.251981000000 0.438561000000 0.413849000000 -0.263844931413 -0.866971591176 0.420204984437 0.046624921613
43.4 0.252023000000 0.434959000000 0.416139000000 -0.267079158418 -0.865290521878 0.421539428871 0.047387190184
43.5 0.251672000000 0.430023000000 0.419224000000 -0.270008444178 -0.863771937168 0.422890566568 0.046444045280
43.6 0.252982000000 0.425045000000 0.420587000000 -0.269470380551 -0.863255319244 0.424210023333 0.047136227117
43.7 0.253607000000 0.420044000000 0.421059000000 -0.272559602366 -0.861361082021 0.426238516022 0.045706421840
43.8 0.254278000000 0.417083000000 0.418589000000 -0.275872547913 -0.859841941306 0.427238616732 0.045092545414
43.9 0.255410000000 0.416079000000 0.415748000000 -0.278897562221 -0.858012999418 0.429042799272 0.044182790876
44.0 0.254948000000 0.415518000000 0.411306000000 -0.279432047373 -0.858574652930 0.427473689759 0.045094798052
44.1 0.255689000000 0.414051000000 0.409231000000 -0.282613391209 -0.856615997995 0.429215671666 0.045963140509
44.2 0.257023000000 0.413358000000 0.404334000000 -0.283650311398 -0.855949804416 0.429640215729 0.047976225287
44.3 0.259301000000 0.410764000000 0.399387000000 -0.285784268959 -0.854958058107 0.430065525365 0.049170259166
44.4 0.261479000000 0.407714000000 0.398684000000 -0.288623100092 -0.853971077322 0.429999645455 0.050303181804
44.5 0.262382000000 0.406747000000 0.402453000000 -0.288997683189 -0.852322629625 0.432745127018 0.052517893932
44.6 0.267096000000 0.408794000000 0.402367000000 -0.288997049276 -0.850428867576 0.435870638079 0.057168466511
44.7 0.271146000000 0.409495000000 0.400221000000 -0.289943430553 -0.849671586744 0.436242661748 0.060690541519
44.8 0.273642000000 0.408808000000 0.399398000000 -0.293139379333 -0.847200496744 0.438713184786 0.062059359459
44.9 0.278201000000 0.406745000000 0.398476000000 -0.294236030433 -0.846007538553 0.439873456405 0.064867136958
45.0 0.280866000000 0.404015000000 0.396866000000 -0.293176614366 -0.846075537726 0.439754773119 0.069421875292
45.1 0.281377000000 0.402408000000 0.395377000000 -0.298306078785 -0.843206948486 0.441540478518 0.071116321722
45.2 0.282935000000 0.399767000000 0.392880000000 -0.305978029926 -0.839563352377 0.442836217548 0.073531673280
45.3 0.284639000000 0.396328000000 0.390711000000 -0.311060181758 -0.838500128023 0.440713073831 0.077013538972
45.4 0.285489000000 0.391594000000 0.388769000000 -0.314331912303 -0.837854793208 0.439076792165 0.080039771292
45.5 0.286650000000 0.385828000000 0.388939000000 -0.314617846948 -0.837583466150 0.439053676493 0.081862181579
45.6 0.288081000000 0.377494000000 0.387530000000 -0.316122857778 -0.837133575315 0.438163989510 0.085358269477
45.7 0.292474000000 0.369135000000 0.383023000000 -0.314798964752 -0.839506420254 0.433817547387 0.089066928335
45.8 0.292363000000 0.361306000000 0.382542000000 -0.323150481216 -0.836427088704 0.433753668454 0.088437813605
45.9 0.294136000000 0.349727000000 0.383340000000 -0.329404757932 -0.832619395101 0.435913480051 0.090647042215
46.0 0.295543000000 0.339530000000 0.383337000000 -0.334752182439 -0.830345735118 0.435667749749 0.093062067200
46.1 0.299050000000 0.332887000000 0.382644000000 -0.337960768156 -0.829534276687 0.434206687179 0.095498459660
46.2 0.302715000000 0.326981000000 0.381437000000 -0.342876242109 -0.829031653298 0.430932858015 0.097155917520
46.3 0.305667000000 0.325796000000 0.378259000000 -0.350043249413 -0.827584265234 0.427534070026 0.098937487556
46.4 0.309346000000 0.325163000000 0.376605000000 -0.352937812914 -0.828402113771 0.423526027597 0.099048180508
46.5 0.313644000000 0.323922000000 0.376772000000 -0.356927453067 -0.828100939387 0.420751453292 0.099095115852
46.6 0.315176000000 0.324350000000 0.379646000000 -0.361111396416 -0.826223616327 0.421075018212 0.098228937890
46.7 0.318133000000 0.326793000000 0.380224000000 -0.362106023529 -0.825371492240 0.421921511972 0.098098752574
46.8 0.318262000000 0.328746000000 0.381487000000 -0.360843944354 -0.826665253660 0.420443849364 0.098199672843
46.9 0.319028000000 0.330047000000 0.385573000000 -0.363723961563 -0.824474274411 0.422313043731 0.097973178541
47.0 0.320740000000 0.332438000000 0.385103000000 -0.366584013523 -0.821910946607 0.424505042938 0.099368130694
47.1 0.322306000000 0.332963000000 0.385823000000 -0.366891356480 -0.821954248246 0.424334398866 0.098601542934
47.2 0.325645000000 0.332095000000 0.386799000000 -0.367499825515 -0.822334649152 0.423209635982 0.097995954316
47.3 0.327186000000 0.331417000000 0.388530000000 -0.368297857547 -0.822178103614 0.423019895026 0.097128896197
47.4 0.328784000000 0.330159000000 0.390450000000 -0.370373538881 -0.821232249440 0.422840417473 0.098015384136
47.5 0.330873000000 0.329982000000 0.390947000000 -0.373721625931 -0.820240201137 0.421299721053 0.100223269702
47.6 0.332989000000 0.328590000000 0.392459000000 -0.376941856721 -0.819485377530 0.418941287682 0.104147732292
47.7 0.336007000000 0.326332000000 0.394114000000 -0.382089429330 -0.816393077542 0.419988456637 0.105450022415
47.8 0.341714000000 0.323170000000 0.394655000000 -0.387388816801 -0.812972654792 0.420292181465 0.111174859469
47.9 0.345865000000 0.319926000000 0.397926000000 -0.396922906290 -0.806817120385 0.421573512858 0.117363171278
48.0 0.350224000000 0.317266000000 0.399832000000 -0.402435829129 -0.802892625216 0.422516941095 0.122017499950
48.1 0.355835000000 0.314397000000 0.402895000000 -0.408377365465 -0.798791330345 0.423115887431 0.127016864015
48.2 0.364994000000 0.307825000000 0.405584000000 -0.412513402955 -0.795823571601 0.423241311923 0.131773772611
48.3 0.370742000000 0.302769000000 0.407866000000 -0.415011940545 -0.794213435976 0.423073907374 0.134158772429
48.4 0.377998000000 0.294471000000 0.411145000000 -0.418961863752 -0.791304648923 0.423566790985 0.137473935306
48.5 0.385521000000 0.285142000000 0.413431000000 -0.423918699035 -0.789096231564 0.422405027363 0.138542653352
48.6 0.394180000000 0.275722000000 0.413360000000 -0.429003892262 -0.786022282664 0.422803224097 0.139147638402
48.7 0.400663000000 0.268734000000 0.413304000000 -0.434487156864 -0.784019161456 0.420949604635 0.139055008349
48.8 0.409156000000 0.260055000000 0.412701000000 -0.440765630410 -0.781243560947 0.419288159698 0.139934258369
48.9 0.416291000000 0.251552000000 0.415045000000 -0.446400534116 -0.777975866590 0.418610368724 0.142286588761
49.0 0.420831000000 0.246753000000 0.417542000000 -0.450134303767 -0.775231722390 0.418888686179 0.144662205720
49.1 0.426281000000 0.242690000000 0.420531000000 -0.453049975492 -0.772518351140 0.418995500128 0.149679282904
49.2 0.432641000000 0.240392000000 0.421557000000 -0.457518823403 -0.769358548137 0.418128162593 0.154702263356
49.3 0.436602000000 0.239712000000 0.422238000000 -0.460985093782 -0.767886963734 0.415852874282 0.157825033469
49.4 0.441583000000 0.239843000000 0.424245000000 -0.465736003009 -0.764720548502 0.414880612407 0.161760735806
49.5 0.445801000000 0.241036000000 0.425366000000 -0.470449826158 -0.761308060436 0.414318178257 0.165612334529
49.6 0.448835000000 0.240657000000 0.427017000000 -0.473298419970 -0.759116957516 0.414232977764 0.167753064348
49.7 0.454256000000 0.238670000000 0.428607000000 -0.477355951869 -0.755448099541 0.415404936013 0.169906454413
49.8 0.459837000000 0.235491000000 0.430155000000 -0.480586268112 -0.753271610319 0.414718261867 0.172126358419
49.9 0.464300000000 0.233222000000 0.431494000000 -0.483334626556 -0.751283069884 0.414731436436 0.173087328565
50.0 0.469939000000 0.230391000000 0.434358000000 -0.486364155038 -0.749124491774 0.414538952325 0.174412905269
50.1 0.476555000000 0.228721000000 0.435701000000 -0.491839138708 -0.746209289479 0.412874392196 0.175501265521
50.2 0.480858000000 0.229580000000 0.435058000000 -0.496250441556 -0.743855880662 0.411135119616 0.177149206824
50.3 0.485846000000 0.230431000000 0.435284000000 -0.504368966036 -0.739667847986 0.408335003972 0.178230034750
50.4 0.490970000000 0.229215000000 0.435506000000 -0.509253524985 -0.737895484169 0.404832372400 0.179671511349
50.5 0.495489000000 0.226032000000 0.437112000000 -0.514360088646 -0.735381041651 0.402486418419 0.180701703855
50.6 0.498749000000 0.222468000000 0.438221000000 -0.517949166489 -0.733655069886 0.401095667324 0.180557927044
50.7 0.503157000000 0.216051000000 0.438814000000 -0.519547895625 -0.732953649035 0.400064276550 0.181100820391
50.8 0.504581000000 0.208262000000 0.440247000000 -0.521353705319 -0.732674976725 0.398922776487 0.179550301674
50.9 0.504819000000 0.203282000000 0.441513000000 -0.521790237066 -0.732854433199 0.398374812011 0.178764754350
51.0 0.504908000000 0.199094000000 0.442684000000 -0.521005996091 -0.733443104406 0.397844422000 0.179815962919
51.1 0.503172000000 0.195570000000 0.442993000000 -0.522179893732 -0.732665167157 0.397311248304 0.180758632958
51.2 0.501491000000 0.191775000000 0.442599000000 -0.524130514026 -0.731122270702 0.397604262079 0.180716021223
51.3 0.499389000000 0.185308000000 0.440812000000 -0.529421558082 -0.728280377937 0.396738791566 0.178658434495
51.4 0.497845000000 0.177818000000 0.440050000000 -0.541244165878 -0.722962131511 0.392448996793 0.174253534311
51.5 0.496880000000 0.175940000000 0.440199000000 -0.542433381273 -0.722857912886 0.390496486004 0.175370918561
51.6 0.496624000000 0.173544000000 0.437963000000 -0.543187317800 -0.723053434141 0.386965832245 0.179996427279
51.7 0.494392000000 0.169380000000 0.437746000000 -0.543164985676 -0.724030153102 0.384146948668 0.182162722762
51.8 0.493037000000 0.164487000000 0.436969000000 -0.543783331707 -0.722894078684 0.384361632902 0.184363701185
51.9 0.492347000000 0.158066000000 0.434506000000 -0.545552965400 -0.722712612857 0.382728507725 0.183241181332
52.0 0.491547000000 0.152018000000 0.431125000000 -0.547794859601 -0.724020181920 0.377946684969 0.181306015589
52.1 0.489544000000 0.148040000000 0.428432000000 -0.549331230151 -0.724650525860 0.375056244383 0.180137804197
52.2 0.486043000000 0.142540000000 0.425515000000 -0.553080837793 -0.724062172031 0.371219170273 0.178974538752
52.3 0.477713000000 0.133893000000 0.422823000000 -0.558216710872 -0.722305659462 0.366093545590 0.180676932365
52.4 0.474939000000 0.130964000000 0.421899000000 -0.558673435898 -0.722420234316 0.364436795555 0.182150539716
52.5 0.467801000000 0.126586000000 0.421813000000 -0.562991368422 -0.720050491035 0.361200412967 0.184668002410
52.6 0.462570000000 0.122776000000 0.421449000000 -0.567827947559 -0.718560441353 0.355914755119 0.185922029847
52.7 0.456554000000 0.119783000000 0.422807000000 -0.573263754170 -0.716382414099 0.351070191362 0.186854557511
52.8 0.452756000000 0.116941000000 0.423964000000 -0.577278125096 -0.714567426451 0.348325999965 0.186580698596
52.9 0.448817000000 0.111148000000 0.422710000000 -0.581472016416 -0.712865925649 0.344842325403 0.186537494315
53.0 0.442851000000 0.109731000000 0.420263000000 -0.584670981867 -0.712715798098 0.342591106104 0.181183244595
53.1 0.439379000000 0.104539000000 0.421606000000 -0.588297614353 -0.710438870447 0.342565460435 0.178413658733
53.2 0.435055000000 0.098404200000 0.420689000000 -0.593271684450 -0.706597122599 0.341950225199 0.178379534282
53.3 0.430073000000 0.094937000000 0.419301000000 -0.597820111894 -0.705245743891 0.336824107799 0.178294910034
53.4 0.426251000000 0.094347700000 0.419834000000 -0.602339026076 -0.701925368936 0.335195028266 0.179256149506
53.5 0.423114000000 0.095638200000 0.420081000000 -0.608059173933 -0.697376469185 0.333936309267 0.180046223444
53.6 0.422302000000 0.095842500000 0.420228000000 -0.609097259485 -0.698740964696 0.329963084458 0.178566390003
53.7 0.421412000000 0.095423300000 0.418813000000 -0.610084383984 -0.699269322214 0.327096128815 0.178402864167
53.8 0.420383000000 0.093436700000 0.421486000000 -0.614009133044 -0.696868161250 0.326986531443 0.174491715074
53.9 0.419921000000 0.092945100000 0.423540000000 -0.613352168874 -0.696680327174 0.328504084312 0.174701760886
54.0 0.418380000000 0.093983100000 0.425346000000 -0.615226224845 -0.694218258277 0.329687784244 0.175680582475
54.1 0.417996000000 0.093409400000 0.425732000000 -0.616902979447 -0.691984926178 0.330497306072 0.177085026387
54.2 0.418315000000 0.091660300000 0.425030000000 -0.618142015756 -0.691634635222 0.329573970697 0.175849303548
54.3 0.417117000000 0.090104000000 0.426479000000 -0.619456944693 -0.691394001935 0.327883962935 0.175326936353
54.4 0.416295000000 0.087767100000 0.427807000000 -0.620789197644 -0.690288633924 0.326961878502 0.176687022644
54.5 0.415783000000 0.081681300000 0.430648000000 -0.622401015907 -0.688406480701 0.325738557947 0.180576533896
54.6 0.418028000000 0.072720400000 0.433264000000 -0.625018429067 -0.685675596495 0.324610459372 0.183926586888
54.7 0.421295000000 0.065039600000 0.435090000000 -0.628896856221 -0.682334386182 0.323284261936 0.185461089325
54.8 0.426654000000 0.054740400000 0.436493000000 -0.636068809208 -0.676758006781 0.319396724987 0.188151009243
54.9 0.432172000000 0.043266900000 0.438686000000 -0.643497921486 -0.671233907896 0.314890319811 0.190261799693
55.0 0.436591000000 0.034740800000 0.440563000000 -0.649046979489 -0.666433193317 0.312227086550 0.192663083351
55.1 0.441426000000 0.024885800000 0.443584000000 -0.657798117567 -0.657907763692 0.309509121621 0.196629383949
55.2 0.445455000000 0.015423300000 0.445514000000 -0.666575104653 -0.648457846625 0.307131275323 0.202114894862
55.3 0.447735000000 0.008801970000 0.446466000000 -0.673050967936 -0.641984355517 0.305126614368 0.204343414467
55.4 0.448788000000 -0.000033018100 0.448349000000 -0.679541834973 -0.635047886177 0.302956869720 0.207735918593
55.5 0.448829000000 -0.007406140000 0.449300000000 -0.686339957573 -0.627917200646 0.300562835263 0.210521813191
55.6 0.447929000000 -0.013413900000 0.449821000000 -0.694289707860 -0.620194442390 0.296821312296 0.212644688990
55.7 0.447299000000 -0.016901200000 0.450186000000 -0.699038947090 -0.615900218976 0.293119539678 0.214691420824
55.8 0.445885000000 -0.020521100000 0.452500000000 -0.705923609787 -0.609371856088 0.288631147067 0.216863687822
55.9 0.446052000000 -0.024748900000 0.452941000000 -0.713255909818 -0.602642544968 0.283389433657 0.218582705162
56.0 0.446417000000 -0.028064100000 0.453254000000 -0.718072725371 -0.598479304603 0.279683732240 0.219023042080
56.1 0.447044000000 -0.033121300000 0.453936000000 -0.724264911890 -0.593367705167 0.274857900458 0.218650951121
56.2 0.447703000000 -0.039618900000 0.456388000000 -0.728833523282 -0.589420279665 0.271535043207 0.218298304093
56.3 0.448866000000 -0.044442500000 0.457823000000 -0.731266400218 -0.587321974511 0.269079488715 0.218857439722
56.4 0.450388000000 -0.051153500000 0.459106000000 -0.734145667376 -0.586831276454 0.262848044022 0.218105703280
56.5 0.451312000000 -0.057145600000 0.462808000000 -0.737881959919 -0.584583088817 0.258488445702 0.216740741288
56.6 0.452149000000 -0.063014400000 0.465879000000 -0.740920668363 -0.581308827417 0.256718049437 0.217284268764
56.7 0.453667000000 -0.069791700000 0.469425000000 -0.744297578802 -0.577437373948 0.253742237965 0.219549698315
56.8 0.455261000000 -0.074812900000 0.473439000000 -0.749347225079 -0.571522626503 0.251330092125 0.220621414314
56.9 0.456572000000 -0.079039800000 0.476691000000 -0.753740468937 -0.566347269252 0.250131679259 0.220363833531
57.0 0.458404000000 -0.084862800000 0.480563000000 -0.757732819415 -0.560913005800 0.249445752614 0.221346765977
57.1 0.460295000000 -0.090873400000 0.482725000000 -0.761945667019 -0.555652922600 0.247297827955 0.222558788652
57.2 0.460815000000 -0.095072900000 0.484840000000 -0.765360344119 -0.551509792287 0.245635598551 0.222987993817
57.3 0.461702000000 -0.101527000000 0.487229000000 -0.768797362176 -0.547413292912 0.243483590796 0.223618075448
57.4 0.462066000000 -0.108328000000 0.489347000000 -0.771253986439 -0.544478342117 0.242404959513 0.223495993187
57.5 0.460999000000 -0.115873000000 0.492654000000 -0.773625755869 -0.540964182925 0.242652293873 0.223563876612
57.6 0.460199000000 -0.123640000000 0.495913000000 -0.774943416814 -0.539201077405 0.242328460462 0.223610858664
57.7 0.458969000000 -0.131573000000 0.498230000000 -0.775429160826 -0.539148636807 0.240786736445 0.223718822457
57.8 0.457269000000 -0.140034000000 0.499575000000 -0.774381088198 -0.540783894834 0.239947655294 0.224302991617
57.9 0.454556000000 -0.147210000000 0.501454000000 -0.774720263966 -0.541159757590 0.239806564409 0.222367805747
58.0 0.451780000000 -0.150218000000 0.503988000000 -0.774114212369 -0.543071085594 0.236595254365 0.223256954676
58.1 0.449065000000 -0.149119000000 0.507873000000 -0.775475630685 -0.541373763753 0.235495106435 0.223816998860
58.2 0.444838000000 -0.146992000000 0.511042000000 -0.777113930550 -0.537932645864 0.236052852566 0.225835024419
58.3 0.440430000000 -0.144388000000 0.512947000000 -0.779959446244 -0.534478910409 0.234196344858 0.226158414829
58.4 0.436293000000 -0.143065000000 0.514829000000 -0.782932597652 -0.531336913932 0.232292907460 0.225250164418
58.5 0.432270000000 -0.142176000000 0.516023000000 -0.784305077148 -0.529982529708 0.230838746558 0.225161136194
58.6 0.428491000000 -0.140889000000 0.516184000000 -0.786676319544 -0.527931493474 0.228853535339 0.223729224354
58.7 0.423898000000 -0.139403000000 0.517305000000 -0.788671981858 -0.525645675403 0.228449520966 0.222494820912
58.8 0.418932000000 -0.138389000000 0.518800000000 -0.791316573233 -0.522033504949 0.228689582318 0.221359832798
58.9 0.414355000000 -0.139042000000 0.521193000000 -0.793670908075 -0.518669333834 0.229705351783 0.219781853613
59.0 0.409813000000 -0.141469000000 0.522524000000 -0.795190052726 -0.516253035587 0.230370670466 0.219282779722
59.1 0.406454000000 -0.143154000000 0.522556000000 -0.797305445623 -0.514330546503 0.228755351415 0.217805198545
59.2 0.404813000000 -0.145935000000 0.521605000000 -0.799844512330 -0.512293650294 0.226419351566 0.215727256509
59.3 0.401812000000 -0.147486000000 0.520571000000 -0.804354478721 -0.508701372967 0.220878688918 0.213188626539
59.4 0.398452000000 -0.149450000000 0.520240000000 -0.806977789144 -0.506492101532 0.217901000014 0.211593367353
59.5 0.393528000000 -0.154425000000 0.521205000000 -0.809638555639 -0.502546919245 0.218781838081 0.209920247968
59.6 0.389035000000 -0.160095000000 0.520762000000 -0.811541683594 -0.500327303946 0.217589177739 0.209111535903
59.7 0.384542000000 -0.163187000000 0.521576000000 -0.812941029326 -0.499629415874 0.214457107658 0.208579669688
59.8 0.378953000000 -0.165728000000 0.526110000000 -0.814942863473 -0.496266039293 0.212865138506 0.210420009333
59.9 0.376152000000 -0.167711000000 0.528977000000 -0.817379369032 -0.491348631781 0.212914045048 0.212450226049
60.0 0.374040000000 -0.166707000000 0.531640000000 -0.819640804350 -0.487700367471 0.210534929602 0.214504887661
60.1 0.373219000000 -0.166339000000 0.533332000000 -0.821353361070 -0.484522413305 0.209740604089 0.215929540034
60.2 0.370636000000 -0.166725000000 0.536754000000 -0.824160564778 -0.479911696900 0.209112152603 0.216139386225
60.3 0.368374000000 -0.168161000000 0.540440000000 -0.827741824120 -0.474343243341 0.209929478345 0.213942922812
60.4 0.366945000000 -0.170155000000 0.542343000000 -0.830082923170 -0.471286705322 0.209038752595 0.212494663371
60.5 0.364568000000 -0.173108000000 0.544094000000 -0.833069470567 -0.467379485614 0.207927630223 0.210517871514
60.6 0.361685000000 -0.175127000000 0.547145000000 -0.835558001516 -0.463217310283 0.208555242910 0.209230160855
60.7 0.359834000000 -0.177434000000 0.548615000000 -0.837246234840 -0.460640680734 0.208633101897 0.208089245978
60.8 0.355821000000 -0.179514000000 0.551171000000 -0.840419017621 -0.455881208427 0.208272475966 0.206132904648
60.9 0.351229000000 -0.181977000000 0.553131000000 -0.843639201482 -0.450779485163 0.207602411311 0.204870672127
61.0 0.342196000000 -0.189581000000 0.555926000000 -0.847322671356 -0.445793525697 0.201201708395 0.206954815340
61.1 0.336959000000 -0.193928000000 0.556779000000 -0.850228057868 -0.441340796391 0.201312505674 0.204459839856
61.2 0.330289000000 -0.197553000000 0.556839000000 -0.852894733514 -0.438034927428 0.199086508993 0.202633999698
61.3 0.325770000000 -0.199991000000 0.557300000000 -0.855236123693 -0.433844811928 0.199691347162 0.201179565968
61.4 0.321323000000 -0.203659000000 0.556717000000 -0.856851774221 -0.430553531811 0.199416648721 0.201647448465
61.5 0.316442000000 -0.206734000000 0.558486000000 -0.858793439278 -0.426443082168 0.199704320935 0.201837336793
61.6 0.315414000000 -0.206406000000 0.561504000000 -0.859963794806 -0.421897723044 0.201233150387 0.204865326737
61.7 0.317056000000 -0.207790000000 0.562823000000 -0.861900914540 -0.417505989849 0.199930795408 0.206986084079
61.8 0.321554000000 -0.207515000000 0.560750000000 -0.863192492792 -0.414911613239 0.198166144545 0.208511996640
61.9 0.325042000000 -0.206416000000 0.562104000000 -0.865663136235 -0.411849842569 0.196253001736 0.206135394945
62.0 0.328935000000 -0.206415000000 0.563227000000 -0.866514732095 -0.409980316322 0.197636355837 0.204959093828
62.1 0.332516000000 -0.207912000000 0.564400000000 -0.867441081137 -0.408479635278 0.198441509312 0.203251877487
62.2 0.334687000000 -0.210041000000 0.566610000000 -0.868019025138 -0.406147182230 0.199420470465 0.204496734263
62.3 0.335446000000 -0.213728000000 0.570483000000 -0.868746343050 -0.403437953509 0.200926252168 0.205295519423
62.4 0.337399000000 -0.218018000000 0.573316000000 -0.871010545364 -0.397167358745 0.200169073150 0.208640986306
62.5 0.339201000000 -0.225177000000 0.575138000000 -0.874964154187 -0.388068706761 0.198857264403 0.210466615203
62.6 0.339735000000 -0.231953000000 0.577215000000 -0.878102369897 -0.382083340079 0.196277229633 0.210769538461
62.7 0.340618000000 -0.243737000000 0.580742000000 -0.880120029596 -0.376613690944 0.195470216569 0.212937210774
62.8 0.343014000000 -0.254139000000 0.586295000000 -0.882905111565 -0.367153873188 0.199592490953 0.214101459430
62.9 0.345469000000 -0.262805000000 0.590166000000 -0.883898045633 -0.362049194794 0.203011785096 0.215478167310
63.0 0.348499000000 -0.272798000000 0.590985000000 -0.884640167890 -0.357660722342 0.201296603729 0.221292246535
63.1 0.349847000000 -0.282475000000 0.596545000000 -0.885129947484 -0.354443164017 0.201949437447 0.223900523143
63.2 0.351949000000 -0.290462000000 0.599974000000 -0.884067222206 -0.352952468006 0.203074158870 0.229369980487
63.3 0.354344000000 -0.298853000000 0.603410000000 -0.883495908328 -0.350829891176 0.203627162316 0.234284754500
63.4 0.355763000000 -0.307109000000 0.605292000000 -0.882879367979 -0.350440959465 0.203279472135 0.237471286128
63.5 0.356526000000 -0.312598000000 0.606324000000 -0.882964680155 -0.350105574106 0.201994380874 0.238741975097
63.6 0.357146000000 -0.319216000000 0.608336000000 -0.884459387288 -0.347606654134 0.199572456876 0.238897552722
63.7 0.359006000000 -0.323172000000 0.610214000000 -0.886600424845 -0.343981569815 0.196001280441 0.239164931289
63.8 0.359439000000 -0.328330000000 0.613890000000 -0.887912081091 -0.341846521760 0.192352391699 0.240319889359
63.9 0.359687000000 -0.332714000000 0.618563000000 -0.887462826391 -0.342720493698 0.191987142055 0.241025584240
64.0 0.359922000000 -0.340877000000 0.623723000000 -0.885122168583 -0.347414423172 0.192093232365 0.242821241522
64.1 0.357960000000 -0.345408000000 0.629554000000 -0.884547083206 -0.349515929358 0.190426235294 0.243213736513
64.2 0.357658000000 -0.347796000000 0.633082000000 -0.883641906698 -0.350809996967 0.189445264217 0.245397266937
64.3 0.354093000000 -0.352324000000 0.638677000000 -0.882147398761 -0.353806720605 0.188416945637 0.247256599329
64.4 0.352500000000 -0.354324000000 0.644207000000 -0.880561243805 -0.355769503521 0.190107505493 0.248795282567
64.5 0.350556000000 -0.356590000000 0.647349000000 -0.879702094688 -0.356823873352 0.188816740948 0.251295018543
64.6 0.348856000000 -0.357495000000 0.648888000000 -0.882039756727 -0.352756239610 0.185843965374 0.251059601494
64.7 0.346282000000 -0.359007000000 0.652264000000 -0.882972521235 -0.352038999467 0.183204710564 0.250727149759
64.8 0.345614000000 -0.359530000000 0.655336000000 -0.883506983944 -0.349765706206 0.184196636157 0.251298546180
64.9 0.343901000000 -0.358835000000 0.659679000000 -0.884273012601 -0.347861715979 0.182834958680 0.252239655142
65.0 0.341137000000 -0.360908000000 0.664392000000 -0.884391704711 -0.348852149103 0.178344303199 0.253666710903
65.1 0.339372000000 -0.360268000000 0.670593000000 -0.885208021067 -0.347394258436 0.177069033267 0.253713511863
65.2 0.338755000000 -0.362859000000 0.678958000000 -0.885915788359 -0.343381067050 0.180736362770 0.254120101330
65.3 0.339404000000 -0.365947000000 0.682682000000 -0.887734017868 -0.342122778254 0.176987162733 0.252102880484
65.4 0.339385000000 -0.367282000000 0.685024000000 -0.889008862079 -0.340870625219 0.175407450086 0.250405044801
65.5 0.337916000000 -0.368779000000 0.687644000000 -0.889473596968 -0.339888386714 0.173704411648 0.251275510639
65.6 0.337201000000 -0.370715000000 0.689648000000 -0.889794827037 -0.340453754740 0.172777778503 0.250008491692
65.7 0.337267000000 -0.373940000000 0.691936000000 -0.890437542366 -0.342552340046 0.170254125725 0.246561169181
65.8 0.338005000000 -0.377263000000 0.693527000000 -0.891142686060 -0.342994740162 0.168689445352 0.244465114752
65.9 0.335302000000 -0.380351000000 0.697113000000 -0.892208060238 -0.343081337084 0.167374375845 0.241341649329
66.0 0.332802000000 -0.381892000000 0.698675000000 -0.892935025554 -0.343169074848 0.166384087377 0.239203598791
66.1 0.329179000000 -0.381435000000 0.700640000000 -0.894074379551 -0.341784405094 0.166144196630 0.237087600250
66.2 0.325007000000 -0.382393000000 0.703050000000 -0.893731532641 -0.341643770478 0.169211356522 0.236412771401
66.3 0.321545000000 -0.382309000000 0.704023000000 -0.893833870016 -0.341587509673 0.169644869080 0.235795683681
66.4 0.317827000000 -0.382109000000 0.703916000000 -0.894590689462 -0.341020471508 0.167741252026 0.235107228111
66.5 0.312717000000 -0.381234000000 0.704201000000 -0.895604804610 -0.340934322989 0.165776796536 0.232752819744
66.6 0.306935000000 -0.380534000000 0.703933000000 -0.896463827880 -0.342643412428 0.162884975862 0.228946679077
66.7 0.304367000000 -0.379228000000 0.702854000000 -0.896955284683 -0.343644249042 0.162738607540 0.225601402910
66.8 0.296912000000 -0.376007000000 0.701960000000 -0.898321380930 -0.344929420167 0.158987889380 0.220828536874
66.9 0.289473000000 -0.371042000000 0.701217000000 -0.899268445162 -0.346329593082 0.155562547342 0.217192012644
67.0 0.283597000000 -0.368225000000 0.700950000000 -0.899580229882 -0.347586017712 0.153332876123 0.215472502644
67.1 0.276798000000 -0.364202000000 0.701039000000 -0.899666569770 -0.348639770587 0.151810117283 0.214485575025
67.2 0.270165000000 -0.358316000000 0.701849000000 -0.899343713162 -0.349753874783 0.151577545036 0.214190010296
67.3 0.264084000000 -0.352258000000 0.701945000000 -0.898799834878 -0.351170479133 0.151674765267 0.214086237272
67.4 0.259645000000 -0.347766000000 0.700671000000 -0.898890638826 -0.352361285590 0.149841881589 0.213036509476
67.5 0.255582000000 -0.340696000000 0.699046000000 -0.899537283331 -0.353546981220 0.147292670981 0.210100159551
67.6 0.252357000000 -0.334326000000 0.698009000000 -0.899810794238 -0.354472857788 0.145439460309 0.208654956924
67.7 0.251338000000 -0.328126000000 0.696493000000 -0.900239981567 -0.355429744796 0.142313378688 0.207327215652
67.8 0.250588000000 -0.319775000000 0.695729000000 -0.901382774519 -0.354156712473 0.139454897559 0.206481108960
67.9 0.250912000000 -0.311895000000 0.694660000000 -0.902397889979 -0.352618388583 0.138224832804 0.205504782890
68.0 0.250288000000 -0.307098000000 0.693593000000 -0.903126121598 -0.352216898505 0.136488452027 0.204150354786
68.1 0.249609000000 -0.301992000000 0.691333000000 -0.902943137048 -0.355057301395 0.133909508473 0.201733109641
68.2 0.247424000000 -0.297946000000 0.690931000000 -0.903260116832 -0.355889459696 0.133083559286 0.199380590995
68.3 0.247725000000 -0.295406000000 0.690024000000 -0.902584029142 -0.358066333054 0.133180682287 0.198477901379
68.4 0.246553000000 -0.293220000000 0.689820000000 -0.901995668899 -0.360505143841 0.133661308298 0.196403943992
68.5 0.244929000000 -0.290842000000 0.689647000000 -0.901711673045 -0.362494742317 0.132803337851 0.194619870370
68.6 0.244082000000 -0.289922000000 0.690215000000 -0.901422008895 -0.363317579704 0.133290179538 0.194093859247
68.7 0.243918000000 -0.288118000000 0.690332000000 -0.900799297784 -0.365970102845 0.132732177511 0.192376396652
68.8 0.244085000000 -0.286683000000 0.690608000000 -0.900087031828 -0.368195222485 0.132774141834 0.191433122878
68.9 0.243806000000 -0.285094000000 0.691074000000 -0.899922476273 -0.368985081832 0.133301692406 0.190316065758
69.0 0.241370000000 -0.282619000000 0.690552000000 -0.900712009725 -0.367976370609 0.131961771428 0.189465978720
69.1 0.238432000000 -0.279762000000 0.690223000000 -0.901526851042 -0.366593941498 0.131593694258 0.188524052945
69.2 0.235441000000 -0.276839000000 0.690366000000 -0.901822401607 -0.366006599254 0.131543593036 0.188286506138
69.3 0.233512000000 -0.275565000000 0.690253000000 -0.901756524837 -0.366668159690 0.131712874851 0.187193347057
69.4 0.230769000000 -0.273125000000 0.688804000000 -0.901934013816 -0.367389409924 0.129849900877 0.186223144212
69.5 0.227969000000 -0.268502000000 0.687771000000 -0.902583104064 -0.367470654347 0.128118796130 0.184104949771
69.6 0.224792000000 -0.265409000000 0.687695000000 -0.902601934975 -0.368075858930 0.126824791340 0.183699159916
69.7 0.221934000000 -0.259838000000 0.687268000000 -0.901799969210 -0.370417741157 0.125948765582 0.183533160540
69.8 0.217743000000 -0.255315000000 0.687585000000 -0.901073903366 -0.372787701396 0.125296220531 0.182745745454
69.9 0.215688000000 -0.252013000000 0.687459000000 -0.899939540340 -0.375831711178 0.125629789480 0.181869471327
70.0 0.213605000000 -0.247225000000 0.686930000000 -0.898359554819 -0.380196378680 0.125906932231 0.180411386340
70.1 0.211405000000 -0.243463000000 0.686098000000 -0.896504173546 -0.386109738335 0.125426390470 0.177391536864
70.2 0.211546000000 -0.239854000000 0.683833000000 -0.894429254939 -0.393067116516 0.124586942110 0.173126091847
70.3 0.209590000000 -0.236163000000 0.681782000000 -0.891036479584 -0.402945957241 0.124811446223 0.167662310869
70.4 0.207831000000 -0.231067000000 0.679478000000 -0.887009258407 -0.412967044436 0.123917845207 0.165279046917
70.5 0.206828000000 -0.228225000000 0.677806000000 -0.883573296741 -0.420640879261 0.123122531456 0.164925201921
70.6 0.205559000000 -0.224747000000 0.677536000000 -0.878931541555 -0.429715380458 0.123055858885 0.166376959500
70.7 0.206252000000 -0.220334000000 0.677748000000 -0.874666761885 -0.437411112990 0.124768138072 0.167518612720
70.8 0.206088000000 -0.216933000000 0.677059000000 -0.873073281115 -0.440787968994 0.124312674683 0.167318173273
70.9 0.207130000000 -0.213566000000 0.676042000000 -0.870732373432 -0.445767042317 0.123958121306 0.166587100355
71.0 0.209116000000 -0.211370000000 0.673975000000 -0.867837196647 -0.452911953631 0.122084254276 0.163782774530
71.1 0.212600000000 -0.210440000000 0.671847000000 -0.863906299192 -0.462432724188 0.118998006836 0.160191623333
71.2 0.214256000000 -0.210344000000 0.671860000000 -0.861099539874 -0.469229087825 0.117321868129 0.156739353151
71.3 0.217138000000 -0.210094000000 0.672686000000 -0.856643733062 -0.478107711345 0.118169704990 0.153656928842
71.4 0.218767000000 -0.204556000000 0.673084000000 -0.852707309955 -0.484258056976 0.116368399969 0.157615904311
71.5 0.220514000000 -0.203281000000 0.672879000000 -0.851275014630 -0.486149294609 0.117307171462 0.158835576434
71.6 0.220187000000 -0.199301000000 0.673924000000 -0.848562292211 -0.489820299279 0.117633310264 0.161803939903
71.7 0.222152000000 -0.196177000000 0.674634000000 -0.845584218097 -0.493792247699 0.119713108255 0.163784364117
71.8 0.223318000000 -0.193696000000 0.674959000000 -0.844301769666 -0.495897102701 0.119678435068 0.164066015528
71.9 0.225385000000 -0.189299000000 0.675469000000 -0.843047186389 -0.496985109370 0.120326041250 0.166729980460
72.0 0.228097000000 -0.187591000000 0.674910000000 -0.842154281887 -0.498669968526 0.118851331548 0.167268613250
72.1 0.230733000000 -0.185224000000 0.674804000000 -0.841723674847 -0.499327224082 0.118223274879 0.167919134614
72.2 0.232421000000 -0.182092000000 0.675665000000 -0.840320170320 -0.501738102748 0.116556267835 0.168924610499
72.3 0.235857000000 -0.180457000000 0.676271000000 -0.838751701512 -0.502845542214 0.117215450576 0.172923341493
72.4 0.236529000000 -0.180798000000 0.676878000000 -0.837210584701 -0.504550953997 0.116873566994 0.175634111218
72.5 0.237201000000 -0.181308000000 0.677207000000 -0.834888940354 -0.507901495539 0.117188820300 0.176814333413
72.6 0.237249000000 -0.183370000000 0.677850000000 -0.834955284445 -0.507644878878 0.117572465089 0.176983234739
72.7 0.235851000000 -0.184323000000 0.680036000000 -0.835386399018 -0.506682665005 0.118224537007 0.177271543594
72.8 0.236911000000 -0.185771000000 0.681322000000 -0.835040800667 -0.506270247327 0.118521360866 0.179861015542
72.9 0.236113000000 -0.187511000000 0.680675000000 -0.835729469364 -0.505946333494 0.114858040169 0.179950527282
73.0 0.233815000000 -0.187624000000 0.680885000000 -0.837099389269 -0.503521084967 0.112628526728 0.181785435190
73.1 0.232155000000 -0.188338000000 0.679986000000 -0.837051109392 -0.503366088309 0.109465002232 0.184351389180
73.2 0.230462000000 -0.189678000000 0.678932000000 -0.835165407840 -0.505639544780 0.108005496521 0.187515879392
73.3 0.226645000000 -0.191433000000 0.678032000000 -0.833804182735 -0.508275890322 0.105057964867 0.188119717702
73.4 0.226282000000 -0.191354000000 0.676792000000 -0.833193969078 -0.509822717610 0.103989144637 0.187229442928
73.5 0.224624000000 -0.193630000000 0.674860000000 -0.831643973542 -0.514444965704 0.099597815258 0.183834038550
73.6 0.223776000000 -0.197387000000 0.672725000000 -0.827941867034 -0.523488505799 0.096191548257 0.176689657738
73.7 0.222987000000 -0.197497000000 0.671562000000 -0.824858670718 -0.529647399891 0.094215559132 0.173796529161
73.8 0.219856000000 -0.196144000000 0.670242000000 -0.823502409983 -0.532941602852 0.089527597076 0.172632088744
73.9 0.218443000000 -0.193949000000 0.669463000000 -0.821399489744 -0.536514831420 0.086194646198 0.173277802623
74.0 0.217866000000 -0.193239000000 0.669685000000 -0.820219229870 -0.538530460136 0.085281800582 0.173067538688
74.1 0.216058000000 -0.191210000000 0.670306000000 -0.819853437634 -0.539143272453 0.083614532668 0.173705159666
74.2 0.215456000000 -0.189466000000 0.669734000000 -0.820930891252 -0.537609518983 0.080533474881 0.174822299239
74.3 0.215297000000 -0.188551000000 0.668574000000 -0.821797588071 -0.536487378419 0.077312402296 0.175649678304
74.4 0.214132000000 -0.189444000000 0.667252000000 -0.823782722878 -0.534088533530 0.072624909443 0.175661852344
74.5 0.215605000000 -0.193255000000 0.665555000000 -0.824451909242 -0.533935343925 0.068995899516 0.174446736013
74.6 0.214811000000 -0.197656000000 0.665582000000 -0.825599547596 -0.532993950700 0.065741234540 0.173150008976
74.7 0.215224000000 -0.200429000000 0.665337000000 -0.825594348775 -0.532921215548 0.064649697197 0.173808417351
74.8 0.213768000000 -0.204602000000 0.664084000000 -0.826500258588 -0.532101309531 0.061726673906 0.173076100827
74.9 0.211732000000 -0.206115000000 0.664153000000 -0.827646956551 -0.530362605755 0.059536113740 0.173699375038
75.0 0.210432000000 -0.208682000000 0.664408000000 -0.827577257612 -0.530025100475 0.057645378527 0.175688035690
75.1 0.209626000000 -0.211146000000 0.664344000000 -0.827042652703 -0.530544587918 0.054963187992 0.177487855378
75.2 0.208384000000 -0.214444000000 0.664952000000 -0.826904166454 -0.531477212508 0.053440119519 0.175799959363
75.3 0.207334000000 -0.215161000000 0.664995000000 -0.827808033215 -0.530183603205 0.053129769905 0.175546103882
75.4 0.207127000000 -0.215806000000 0.664117000000 -0.828127005096 -0.529804545063 0.050449379281 0.175976326792
75.5 0.206385000000 -0.216239000000 0.664519000000 -0.828619880712 -0.529056032663 0.049392539401 0.176207788259
75.6 0.206855000000 -0.216140000000 0.664101000000 -0.828208325953 -0.529717840952 0.048819876065 0.176313917487
75.7 0.205834000000 -0.216083000000 0.664198000000 -0.828051567378 -0.530106926849 0.047186686106 0.176325450583
75.8 0.204219000000 -0.216240000000 0.664400000000 -0.828181686213 -0.530130997016 0.045526858101 0.176078180974
75.9 0.204434000000 -0.216370000000 0.665025000000 -0.827566747907 -0.530778394024 0.046062825039 0.176877896711
76.0 0.188805000000 -0.204883000000 0.668648000000 -0.832374523988 -0.525911378682 0.041590684983 0.169823698320
76.1 0.206269000000 -0.216853000000 0.665211000000 -0.825740897165 -0.533227111646 0.045260255436 0.178247938087
76.2 0.207251000000 -0.216771000000 0.664799000000 -0.825599692238 -0.533731907917 0.044884170859 0.177484674982
76.3 0.207247000000 -0.217758000000 0.664538000000 -0.824100698308 -0.537040005221 0.044339273547 0.174585511028
76.4 0.206176000000 -0.219315000000 0.664309000000 -0.823648978372 -0.537824829335 0.043707077588 0.174460610875
76.5 0.207165000000 -0.218279000000 0.663385000000 -0.822337440998 -0.540140541802 0.044120734318 0.173385953981
76.6 0.206084000000 -0.218435000000 0.663409000000 -0.822166545281 -0.540582550122 0.043698576043 0.172925165249
76.7 0.205757000000 -0.218518000000 0.663151000000 -0.821842223951 -0.541027875435 0.042525298053 0.173366074996
76.8 0.206272000000 -0.218269000000 0.663015000000 -0.821637849371 -0.541276633925 0.043234012177 0.173383016005
76.9 0.205334000000 -0.217757000000 0.662777000000 -0.822449377466 -0.540343329919 0.042619648845 0.172596850637
77.0 0.204892000000 -0.217187000000 0.663074000000 -0.823037648894 -0.539593269270 0.043687730295 0.171870632989
77.1 0.205431000000 -0.217304000000 0.663124000000 -0.822268289049 -0.540632620948 0.045082885307 0.171926622266
77.2 0.205295000000 -0.216751000000 0.662361000000 -0.822021343706 -0.541275418840 0.044593404300 0.171211155429
77.3 0.205685000000 -0.216673000000 0.662232000000 -0.821541662948 -0.541896452655 0.046144149251 0.171138096665
77.4 0.208162000000 -0.216841000000 0.661703000000 -0.820500738078 -0.543187233429 0.047171153835 0.171758698467
77.5 0.209317000000 -0.216927000000 0.661817000000 -0.820299838664 -0.543588402988 0.048242031533 0.171150603909
77.6 0.212805000000 -0.216368000000 0.661794000000 -0.819473977390 -0.544480616316 0.052444157182 0.171034701781
77.7 0.216267000000 -0.215364000000 0.662453000000 -0.818517189961 -0.545219021631 0.055831280565 0.172187967935
77.8 0.219844000000 -0.214782000000 0.663112000000 -0.817166739548 -0.546237108972 0.060414283291 0.173820755185
77.9 0.224537000000 -0.214256000000 0.663283000000 -0.815219929945 -0.548002351276 0.065576850862 0.175526537730
78.0 0.229197000000 -0.214086000000 0.663190000000 -0.812249238487 -0.551006666545 0.068983218079 0.178561316147
78.1 0.234024000000 -0.214283000000 0.662365000000 -0.810936139241 -0.551746628577 0.072611973904 0.180791972093
78.2 0.239134000000 -0.214422000000 0.659033000000 -0.808812062596 -0.554613756150 0.075210888046 0.180471469233
78.3 0.241820000000 -0.212677000000 0.655508000000 -0.807967547134 -0.555812120480 0.076255066952 0.180129104448
78.4 0.245112000000 -0.210603000000 0.652850000000 -0.806532216738 -0.557958498220 0.076181616838 0.179956825057
78.5 0.247779000000 -0.208831000000 0.652700000000 -0.806624075152 -0.557342574820 0.077930132753 0.180703486652
78.6 0.249283000000 -0.207949000000 0.653030000000 -0.803633169324 -0.560536695703 0.079367128338 0.183502590914
78.7 0.250885000000 -0.207785000000 0.651678000000 -0.802143657776 -0.562238361397 0.081120092698 0.184046482782
78.8 0.251261000000 -0.206797000000 0.651594000000 -0.801625299030 -0.562742424672 0.083035567455 0.183910135575
78.9 0.253776000000 -0.205695000000 0.650506000000 -0.800469049132 -0.563727531180 0.088502579393 0.183379021187
79.0 0.255015000000 -0.204040000000 0.649864000000 -0.797556022470 -0.566667987964 0.093868697446 0.184337869356
79.1 0.258131000000 -0.203094000000 0.648973000000 -0.795175029484 -0.568621014110 0.099152126562 0.185837753419
79.2 0.261561000000 -0.201688000000 0.647419000000 -0.792643646241 -0.571153608756 0.101615370740 0.187547118636
79.3 0.266331000000 -0.200448000000 0.646668000000 -0.790519333257 -0.572476392172 0.106307240852 0.189865043373
79.4 0.269186000000 -0.199562000000 0.646091000000 -0.788773732090 -0.574088762270 0.109474028052 0.190456109857
79.5 0.272824000000 -0.197776000000 0.644879000000 -0.787513081321 -0.574987364453 0.113781144130 0.190437729216
79.6 0.276825000000 -0.196324000000 0.644128000000 -0.785862340943 -0.575605880621 0.119772079035 0.191710459721
79.7 0.280212000000 -0.194689000000 0.641827000000 -0.784145865421 -0.577230652637 0.121288683629 0.192896580122
79.8 0.284452000000 -0.192252000000 0.638250000000 -0.782100772018 -0.578839046068 0.124265887683 0.194478097262
79.9 0.290870000000 -0.192146000000 0.633220000000 -0.779629988083 -0.581269264320 0.128115233116 0.194652539366
80.0 0.293414000000 -0.190397000000 0.631373000000 -0.780123804023 -0.581090079615 0.128825651772 0.192730696088
80.1 0.297627000000 -0.188550000000 0.631031000000 -0.779818563642 -0.580737019161 0.130854521479 0.193661086911
80.2 0.303277000000 -0.188414000000 0.628846000000 -0.778692935016 -0.581311638682 0.133243650808 0.194833829731
80.3 0.308619000000 -0.186836000000 0.627114000000 -0.780585325344 -0.578651365663 0.133641549601 0.194907883609
80.4 0.311408000000 -0.187059000000 0.627764000000 -0.781182556267 -0.576952498292 0.134899850613 0.196676533434
80.5 0.315994000000 -0.187927000000 0.628340000000 -0.779028499981 -0.577427430480 0.140577731191 0.199825074104
80.6 0.320134000000 -0.188571000000 0.627222000000 -0.777095926402 -0.578176601850 0.144441737808 0.202411270984
80.7 0.321158000000 -0.187003000000 0.627041000000 -0.777118128977 -0.577960722907 0.146476609299 0.201478086451
80.8 0.323868000000 -0.186523000000 0.625414000000 -0.774486130936 -0.579856708830 0.150521830485 0.203176299702
80.9 0.324662000000 -0.186120000000 0.624643000000 -0.771143364003 -0.582763310648 0.156409768516 0.203127595935
81.0 0.325233000000 -0.185674000000 0.624783000000 -0.769457897616 -0.582958765388 0.161888996820 0.204659654946
81.1 0.326298000000 -0.185230000000 0.624091000000 -0.765584680299 -0.585005108042 0.167543990795 0.208753759257
81.2 0.326432000000 -0.184275000000 0.623935000000 -0.763033111698 -0.586693826298 0.171211490976 0.210374546928
81.3 0.326282000000 -0.184302000000 0.625206000000 -0.760996356600 -0.588084521059 0.173101233224 0.212313693363
81.4 0.328142000000 -0.183830000000 0.627091000000 -0.757967575190 -0.590058350306 0.175295553386 0.215841995819
81.5 0.331084000000 -0.183052000000 0.627615000000 -0.755823580859 -0.592245133582 0.174247724181 0.218206661183
81.6 0.333852000000 -0.181376000000 0.627746000000 -0.754213757970 -0.593486152602 0.174443550707 0.220239055517
81.7 0.338897000000 -0.178864000000 0.625974000000 -0.754485749925 -0.592359056556 0.173939796829 0.222726173485
81.8 0.341809000000 -0.177175000000 0.626803000000 -0.756284785977 -0.590222582509 0.172662220644 0.223289908320
81.9 0.345397000000 -0.176794000000 0.627657000000 -0.755061899383 -0.591077350199 0.172163718913 0.225541011950
82.0 0.348667000000 -0.177504000000 0.628345000000 -0.752627071255 -0.592745353081 0.173174575324 0.228508215338
82.1 0.352889000000 -0.178545000000 0.627189000000 -0.750997624440 -0.593819758387 0.173125496804 0.231102195986
82.2 0.355904000000 -0.181839000000 0.625905000000 -0.748343338251 -0.595776084332 0.176352678918 0.232234446351
82.3 0.359029000000 -0.183441000000 0.624275000000 -0.744955827248 -0.598913773469 0.175530507588 0.235652600885
82.4 0.362345000000 -0.181779000000 0.622746000000 -0.746130147664 -0.597990998262 0.172153575294 0.236769329215
82.5 0.365664000000 -0.182013000000 0.623735000000 -0.747649185880 -0.595022604969 0.173528697763 0.238446189909
82.6 0.369042000000 -0.183196000000 0.624754000000 -0.746918126207 -0.594040178605 0.177155974833 0.240510580905
82.7 0.372041000000 -0.186733000000 0.626362000000 -0.744628764006 -0.594613334446 0.181429322453 0.242994623949
82.8 0.374252000000 -0.188596000000 0.627914000000 -0.742040992479 -0.595986038015 0.185372471790 0.244566667136
82.9 0.375089000000 -0.189675000000 0.628186000000 -0.739189390877 -0.598832992461 0.186721958229 0.245220312923
83.0 0.377158000000 -0.192342000000 0.626449000000 -0.735654738827 -0.601420379455 0.190829777853 0.246352650285
83.1 0.376455000000 -0.192657000000 0.624256000000 -0.735150164193 -0.602156361826 0.190570540315 0.246261692441
83.2 0.376470000000 -0.192513000000 0.623633000000 -0.735214002660 -0.601560210236 0.192987939719 0.245644741195
83.3 0.376103000000 -0.192545000000 0.622628000000 -0.734845827041 -0.602228703659 0.194345142640 0.244033121731
83.4 0.376830000000 -0.191046000000 0.621537000000 -0.735202332858 -0.601850082068 0.194955113252 0.243406064616
83.5 0.377044000000 -0.189779000000 0.621171000000 -0.736126306746 -0.601144700458 0.194598462482 0.242640779814
83.6 0.378576000000 -0.186983000000 0.620169000000 -0.737114481475 -0.600203913136 0.193467578734 0.242874041089
83.7 0.379702000000 -0.183897000000 0.619279000000 -0.738011903430 -0.599605270117 0.192162453293 0.242663433560
83.8 0.381902000000 -0.180854000000 0.617812000000 -0.738678518522 -0.599226933867 0.192556955785 0.241252868962
83.9 0.383200000000 -0.178348000000 0.617146000000 -0.739222022961 -0.598420147693 0.193150721170 0.241116002199
84.0 0.385770000000 -0.175142000000 0.615757000000 -0.740374039151 -0.596645396856 0.195250762853 0.240286687453
84.1 0.387926000000 -0.173110000000 0.613967000000 -0.741104610768 -0.595814646285 0.197091407785 0.238587175154
84.2 0.389562000000 -0.171615000000 0.612963000000 -0.741316184053 -0.595621305143 0.197942723397 0.237706235456
84.3 0.391641000000 -0.169365000000 0.611929000000 -0.740761706091 -0.595813254449 0.197632486084 0.239207150929
84.4 0.391666000000 -0.170299000000 0.611672000000 -0.739554434162 -0.596739612300 0.198246937321 0.240123355522
84.5 0.392668000000 -0.171075000000 0.610792000000 -0.738968032280 -0.596883002433 0.200087674287 0.240045519167
84.6 0.393552000000 -0.171832000000 0.610072000000 -0.738145133500 -0.595648166117 0.201930386124 0.244067907050
84.7 0.395924000000 -0.174620000000 0.607829000000 -0.737206067512 -0.596284978619 0.203375994198 0.244150861723
84.8 0.396017000000 -0.175796000000 0.607481000000 -0.737228068049 -0.596870433941 0.202648108973 0.243257486418
84.9 0.397783000000 -0.177771000000 0.607464000000 -0.736615878494 -0.596687911485 0.202157076290 0.245953451579
85.0 0.400051000000 -0.178982000000 0.606493000000 -0.736412528616 -0.596968958151 0.200142655353 0.247522864013
85.1 0.402073000000 -0.180595000000 0.605276000000 -0.736495254597 -0.597482426719 0.198205410905 0.247596657502
85.2 0.403447000000 -0.182641000000 0.605261000000 -0.736523076291 -0.597194097514 0.196792684494 0.249330317679
85.3 0.405297000000 -0.186597000000 0.604265000000 -0.732824000353 -0.600523128080 0.196879508064 0.252149591420
85.4 0.406027000000 -0.190454000000 0.602539000000 -0.731670337593 -0.602494349833 0.196233474052 0.251299620308
85.5 0.405149000000 -0.193056000000 0.603425000000 -0.730612682005 -0.603073308003 0.196561966580 0.252727298412
85.6 0.406097000000 -0.195710000000 0.601645000000 -0.729818284004 -0.602974551654 0.197824988203 0.254268040527
85.7 0.405940000000 -0.194509000000 0.599705000000 -0.729445811946 -0.602054944938 0.199819149013 0.255951085948
85.8 0.406652000000 -0.192598000000 0.596469000000 -0.731949468879 -0.599950849896 0.197762354509 0.255340956089
85.9 0.404811000000 -0.188234000000 0.592377000000 -0.735204428732 -0.597122735258 0.188902972837 0.259296266584
86.0 0.403371000000 -0.186913000000 0.592726000000 -0.735763593856 -0.597237809616 0.188325381678 0.257861364569
86.1 0.404605000000 -0.186096000000 0.591285000000 -0.735044663427 -0.598184939451 0.188758839088 0.257398954247
86.2 0.405707000000 -0.183621000000 0.589963000000 -0.735502639935 -0.597699046334 0.188324182342 0.257537801120
86.3 0.406774000000 -0.183075000000 0.589314000000 -0.733776211872 -0.599981740140 0.188024855322 0.257373340053
86.4 0.407902000000 -0.182153000000 0.588744000000 -0.733026801508 -0.600264365013 0.189288428999 0.257923033120
86.5 0.408839000000 -0.180450000000 0.588309000000 -0.733391778723 -0.599974079366 0.189868473622 0.257133361731
86.6 0.410030000000 -0.179652000000 0.588365000000 -0.732594903288 -0.600694473168 0.190168729681 0.257500896765
86.7 0.411487000000 -0.180364000000 0.587763000000 -0.731619272642 -0.601525363541 0.190837149397 0.257840375670
86.8 0.412045000000 -0.180752000000 0.586473000000 -0.730113103477 -0.604206651507 0.189989913884 0.256462494391
86.9 0.412382000000 -0.182368000000 0.585619000000 -0.723879909472 -0.610018977917 0.192254474720 0.258675356758
87.0 0.413346000000 -0.182313000000 0.581476000000 -0.720097161982 -0.613302859031 0.186009201834 0.265932805879
87.1 0.412770000000 -0.181877000000 0.578327000000 -0.722951426674 -0.612366518979 0.183784985198 0.261861719842
87.2 0.412069000000 -0.183110000000 0.576846000000 -0.724831577769 -0.611509008826 0.183143685238 0.259102887962
87.3 0.410959000000 -0.183693000000 0.576640000000 -0.726094819584 -0.610943265542 0.182125811377 0.257613718759
87.4 0.410055000000 -0.184965000000 0.575410000000 -0.727941622916 -0.609493292626 0.181876540407 0.256007507544
87.5 0.408596000000 -0.186320000000 0.574664000000 -0.729695313346 -0.608323738545 0.181432401925 0.254104825484
87.6 0.407368000000 -0.187181000000 0.572855000000 -0.732451838376 -0.606767388139 0.180132917828 0.250798271654
87.7 0.405419000000 -0.188184000000 0.572114000000 -0.733244733840 -0.606640197942 0.179616360111 0.249154156534
87.8 0.403278000000 -0.188957000000 0.570702000000 -0.733900995983 -0.606550596765 0.180238205697 0.246981559770
87.9 0.400718000000 -0.189652000000 0.570595000000 -0.734313841816 -0.606533068102 0.179510943113 0.246326288323
88.0 0.399107000000 -0.189764000000 0.571114000000 -0.734489781119 -0.606596401855 0.179179591740 0.245886641752
88.1 0.397443000000 -0.189926000000 0.571114000000 -0.734238372251 -0.606902673249 0.178756595960 0.246189433808
88.2 0.396527000000 -0.188666000000 0.570398000000 -0.735326502270 -0.606254924785 0.178115238499 0.244999720503
88.3 0.395593000000 -0.187441000000 0.570262000000 -0.736447433124 -0.605384017724 0.177114956405 0.244511066309
88.4 0.396181000000 -0.185346000000 0.568848000000 -0.736934540947 -0.604956171718 0.177649994390 0.243712929801
88.5 0.395493000000 -0.182901000000 0.568465000000 -0.737612655192 -0.604664686997 0.177023004459 0.242839541864
88.6 0.395301000000 -0.181489000000 0.567383000000 -0.738724642388 -0.603891594475 0.176647960002 0.241653353128
88.7 0.395080000000 -0.179144000000 0.566270000000 -0.739848485533 -0.603381590177 0.175245698861 0.240507422174
88.8 0.393990000000 -0.176971000000 0.565390000000 -0.739584482648 -0.604458231919 0.173963446479 0.239544898049
