0.0 -0.008816298272 -0.073234185626 0.712013520147 -0.139208086016 0.955201840572 -0.257301917161 0.044791472190
0.1 -0.007139252541 -0.074668925010 0.711978713056 -0.134035453119 0.955401824281 -0.257663167127 0.053399848066
0.2 -0.003506153343 -0.074900289517 0.715150972003 -0.136929532246 0.954684684680 -0.258559961346 0.054536248721
0.3 -0.000921931399 -0.074936731906 0.714186583823 -0.137836981518 0.957065705133 -0.250820972483 0.045989589559
0.4 0.002057691022 -0.076893521901 0.711204842032 -0.135762592777 0.954102206862 -0.261641353057 0.052927305181
0.5 0.005770880714 -0.077883705705 0.712148591381 -0.139268411833 0.956363731444 -0.252687617769 0.046061811416
0.6 0.009043313479 -0.078784923858 0.710848220748 -0.136372017970 0.954297462768 -0.261115321622 0.050376721652
0.7 0.010963420227 -0.078139043557 0.709070531482 -0.141569571203 0.957859410165 -0.247004565766 0.038107103776
0.8 0.012839116963 -0.077911883316 0.714334459112 -0.145185411125 0.956803886297 -0.249152892957 0.037018312956
0.9 0.011696604863 -0.075168467234 0.710099644133 -0.137143542071 0.957849025876 -0.249473760886 0.038467325433
1.0 0.012871302736 -0.074943607148 0.707492949054 -0.137597362611 0.956811375110 -0.252237133759 0.044219753686
1.1 0.014918221698 -0.073302597456 0.709548292009 -0.140439040650 0.956884448672 -0.250435987948 0.043941366519
1.2 0.017988128854 -0.071430151489 0.713379421435 -0.138650083079 0.953777206113 -0.263238375010 0.042317295318
1.3 0.020528814152 -0.069339460962 0.712900217518 -0.139824961463 0.953738342135 -0.263250876463 0.039129668217
1.4 0.019457706937 -0.071615363528 0.713195856114 -0.142995559048 0.955757662436 -0.254398282486 0.036892745300
1.5 0.018178819891 -0.071874841880 0.710428048468 -0.135218987010 0.953636248310 -0.266366017067 0.036645278179
1.6 0.019603805688 -0.072743758730 0.709392579100 -0.135898768879 0.955216749624 -0.259139915734 0.044033963360
1.7 0.022993613900 -0.071069734200 0.712729211026 -0.142206614961 0.954403133127 -0.261484043311 0.022760343403
1.8 0.025110243645 -0.071891378967 0.712458324034 -0.141663934330 0.954973722445 -0.258156509057 0.036217895871
1.9 0.028145233993 -0.071335377094 0.712102949817 -0.142629407542 0.952890693187 -0.264848854331 0.038874970122
2.0 0.029696124518 -0.069593868638 0.714101687972 -0.146808744795 0.956300108026 -0.251757006783 0.023573404006
2.1 0.032040297619 -0.069860698625 0.713679538635 -0.146942881409 0.953057983623 -0.262609227783 0.033535994663
2.2 0.030759653500 -0.069739395410 0.715328007180 -0.143877076067 0.955575644758 -0.255216922700 0.032231917325
2.3 0.028491416586 -0.064392583589 0.712159566148 -0.142659860479 0.952510096827 -0.266056771771 0.039830564209
2.4 0.030401150125 -0.060767824617 0.713644878220 -0.146524869529 0.953406237626 -0.262709516100 0.023037335281
2.5 0.033928753164 -0.059174557094 0.711987141563 -0.142795238268 0.950939738435 -0.272120337549 0.035688313003
2.6 0.035818144962 -0.056237299079 0.712450955973 -0.143981418950 0.953748678226 -0.262701744882 0.024911905082
2.7 0.037375478350 -0.055793067358 0.714397679490 -0.143169977851 0.953961981093 -0.262287678948 0.025769546832
2.8 0.040630588970 -0.052975072956 0.713299961713 -0.141796706791 0.953671908343 -0.263827901609 0.028256388878
2.9 0.039301705435 -0.050310943518 0.715284475192 -0.142891084928 0.953631542137 -0.264011804082 0.021605253854
3.0 0.037896768314 -0.045825263292 0.716129947757 -0.135331253645 0.951156306082 -0.276565640523 0.022328897625
3.1 0.035037840763 -0.042685494770 0.715079448907 -0.136060860232 0.951430493052 -0.275686370513 0.016262973821
3.2 0.030938821985 -0.041808408749 0.716347516913 -0.132124873989 0.951329330658 -0.277097804497 0.027061578781
3.3 0.030535750137 -0.043160634840 0.721504515006 0.134871937422 -0.949082062882 0.284050933760 -0.019179818601
3.4 0.034759369238 -0.049496147599 0.722079629970 -0.134310973177 0.948263278608 -0.285676237278 0.033858593914
3.5 0.034318165712 -0.057638958190 0.718957359497 -0.139457523763 0.950883682290 -0.273919232667 0.036607045719
3.6 0.034207559718 -0.062652362638 0.718308471457 -0.152443862766 0.951177945218 -0.265944913629 0.035981775261
3.7 0.033115933778 -0.062856387503 0.715173989066 -0.154082429995 0.952562221976 -0.259705030487 0.037909301886
3.8 0.034946485780 -0.058863238447 0.713101457824 -0.146270699404 0.952134851377 -0.264490456542 0.045704547784
3.9 0.035326375867 -0.046257996135 0.712384620892 -0.141527304134 0.947857057218 -0.281649856046 0.047014677017
4.0 0.043082564256 -0.035621804272 0.718744260192 -0.156215323031 0.950569808884 -0.267575396992 0.020425920146
4.1 0.049590729712 -0.029773063103 0.718747673099 0.157485069708 -0.944534860163 0.287360852216 -0.021819518087
4.2 0.055453094240 -0.034235301537 0.721947399785 -0.157040703588 0.941797311007 -0.295354659106 0.033491308450
4.3 0.054268243554 -0.042373773542 0.732905209001 -0.165826935337 0.945037570193 -0.281495944716 0.012862797071
4.4 0.048587993631 -0.052447785365 0.727545323462 -0.148866985789 0.943743378221 -0.293417898988 0.033060447052
4.5 0.043195067083 -0.060328840705 0.724642973532 -0.150050343484 0.947494864446 -0.280820712306 0.029632816429
4.6 0.037027174965 -0.071805793247 0.725478904725 -0.146960007510 0.946913353744 -0.281902361028 0.047842612192
4.7 0.038099597903 -0.078112694485 0.727476312699 -0.138722128152 0.951383211057 -0.272214476920 0.039056823154
4.8 0.039727144510 -0.079226849828 0.728732724913 -0.138110778259 0.950491067617 -0.276481022846 0.032409679333
4.9 0.038713430386 -0.079127771603 0.730891492576 -0.124622900192 0.951813285794 -0.277390413001 0.039688291846
5.0 0.040682329097 -0.084743763285 0.734878950807 -0.112430037236 0.953717180302 -0.276419332761 0.037086105204
5.1 0.042462713255 -0.084064981066 0.737702524028 -0.105486692706 0.953326848024 -0.280540035156 0.036575499620
5.2 0.043858762588 -0.080095257754 0.741197976004 -0.095373481283 0.952867408813 -0.286272996886 0.031549509417
5.3 0.044761121353 -0.084182986350 0.750284293894 -0.086624429367 0.952841922468 -0.288683627921 0.035358761215
5.4 0.044083165354 -0.088144860341 0.751403994207 -0.083140640048 0.954140273830 -0.284849867874 0.039554071860
5.5 0.042185092034 -0.086679378042 0.751850276253 -0.075753987599 0.952550601628 -0.292355546107 0.037906719205
5.6 0.044765610307 -0.089729747827 0.755021415399 -0.060160488867 0.953429623044 -0.292476998857 0.042542621230
5.7 0.048951506731 -0.094766238071 0.752245828457 -0.050876854545 0.953935478292 -0.291624058686 0.048724299113
5.8 0.056757007920 -0.102050214597 0.753767769352 -0.047188129109 0.957445511157 -0.280144388906 0.050896905613
5.9 0.063776275594 -0.112233424601 0.754994805561 -0.037010096919 0.957771375869 -0.281682341716 0.044264010858
6.0 0.070987619053 -0.114229208691 0.749627692007 -0.029183570078 0.959560541904 -0.278179864895 0.031746628552
6.1 0.078057130411 -0.121120607221 0.756819186182 -0.029098589676 0.959585976116 -0.277573954380 0.036065584279
6.2 0.079043765557 -0.129351524876 0.768088503282 -0.029171401274 0.961278133582 -0.271826302809 0.034696402480
6.3 0.079059671096 -0.130308401979 0.765653677477 -0.031837293833 0.961502338426 -0.270306046202 0.037871906610
6.4 0.078816623312 -0.112410665168 0.752698365404 0.030085938767 -0.967629496850 0.250573697605 -0.000902874881
6.5 0.074360994923 -0.094312280957 0.767806717884 -0.015605662133 0.955684182759 -0.291936376990 0.034602860063
6.6 0.071209683393 -0.086325419311 0.763197568596 -0.004567638311 0.954777387181 -0.294296062579 0.042060731777
6.7 0.067141822472 -0.073911894094 0.766916579439 0.003537535277 0.954001124097 -0.296672004937 0.043070437119
6.8 0.061222252429 -0.064572513202 0.775884407269 0.013332556180 0.951776070610 -0.304248980197 0.037109465213
6.9 0.059340387253 -0.055398187534 0.775337098230 0.027913509984 0.946819542472 -0.317849409592 0.041537245650
7.0 0.053231011468 -0.053711310963 0.777749415238 0.031791261081 0.946736218749 -0.317616452840 0.042422125272
7.1 0.045768509661 -0.054161785962 0.777988035493 0.046679844428 0.944457485497 -0.321796470376 0.047624383113
7.2 0.036331104817 -0.049567537653 0.782370011386 0.050748034457 0.946504670217 -0.317223730323 0.030375173686
7.3 0.023762202771 -0.045600148819 0.785522252387 0.068092809722 0.942446676070 -0.323992700454 0.046758550885
7.4 0.016154423032 -0.048894154382 0.786839739849 0.083501077847 0.941168951926 -0.322932214740 0.054252729075
7.5 0.010056558998 -0.050652706870 0.790441454481 -0.080004350218 -0.941361752163 0.324476137468 -0.046396031333
7.6 0.001592594109 -0.054914791214 0.784909603253 -0.091126717860 -0.942523980715 0.316694299315 -0.055219451743
7.7 -0.002750683633 -0.056315396831 0.790160335020 0.096148684020 0.942200142678 -0.317416734488 0.047549325610
7.8 -0.005619338616 -0.063018142173 0.792709816664 0.107254468968 0.941257635795 -0.316250577914 0.050160880314
7.9 -0.005581960819 -0.072026708450 0.789746242020 0.117657888937 0.942962001704 -0.307345238583 0.050181558697
8.0 -0.002820017173 -0.082510255955 0.780773306246 -0.122375869221 -0.942529683986 0.306950571440 -0.049429628067
8.1 0.000877490773 -0.096582511915 0.787613917130 0.120073334739 0.946239453410 -0.294694669561 0.058037426086
8.2 0.001934773580 -0.102469410754 0.785179362761 0.127188932188 0.945274320523 -0.296136676880 0.050818334246
8.3 0.006772403322 -0.110401761367 0.788531938778 0.129037614747 0.946229321740 -0.292833833648 0.047410025636
8.4 0.006189105850 -0.116473418395 0.784349672368 0.129719640354 0.945180692498 -0.294615675655 0.054844116300
8.5 0.004077224773 -0.119324758540 0.789539009986 0.136043936394 0.943599470801 -0.296370983758 0.057239200389
8.6 0.005095798394 -0.113150551999 0.783292128538 0.142537946049 0.940510290149 -0.302538947948 0.059945917578
8.7 0.011914424120 -0.111407969600 0.792785609551 0.151144364176 0.938860683220 -0.305632248270 0.047800915258
8.8 0.010824941501 -0.109171825215 0.797468029024 0.155557387915 0.935351847268 -0.314260928836 0.046463851372
8.9 0.004053822116 -0.103793819342 0.799703315162 0.164143290058 0.931467639091 -0.320689400964 0.050826427816
9.0 0.002144228984 -0.110978930941 0.801443502458 0.166875791955 0.928762576597 -0.326208619056 0.056040014502
9.1 0.000394828827 -0.112891043212 0.806191626265 0.169706021947 0.928340018799 -0.325247382899 0.059990128590
9.2 -0.000876610465 -0.114577742165 0.806112971697 0.169894399226 0.928259599764 -0.326131150908 0.055753752919
9.3 -0.002572369924 -0.111679186888 0.807140481776 0.175380700717 0.925052317985 -0.331393450417 0.060812826168
9.4 -0.001962540137 -0.105619885485 0.808411926544 -0.181483322654 -0.922474428339 0.335494556689 -0.059566224417
9.5 -0.004060439094 -0.099943887145 0.806964803458 0.193311764375 0.916920667269 -0.344336552788 0.057614148461
9.6 -0.014740655538 -0.099857743173 0.799434433175 0.196990136511 0.913281803886 -0.348976210273 0.072985186662
9.7 -0.004067992545 -0.082688142269 0.787189559541 0.218265524851 0.902938472068 -0.363181094328 0.071845452493
9.8 0.001350900718 -0.096635631635 0.793126080409 -0.216529411568 -0.908559272574 0.349530557022 -0.073915166600
9.9 -0.023564065003 -0.099433854127 0.799659147834 0.228998798343 0.903863930779 -0.354264544833 0.071317440140
10.0 -0.036360047552 -0.112300266304 0.800791431067 0.228975977268 0.907216491368 -0.344658283136 0.075755577292
10.1 -0.042971220620 -0.115731136467 0.793804800531 0.227608615773 0.907452627527 -0.344545131790 0.077541595168
10.2 -0.048356756101 -0.112280051348 0.798897222081 0.227353883806 0.905585396316 -0.349432504002 0.078244658882
10.3 -0.053723616402 -0.111412814733 0.799988456191 0.224984650422 0.905811385396 -0.350307103753 0.078565731851
10.4 -0.056730445140 -0.111788900922 0.803922950879 0.220712124905 0.908049154303 -0.346718768410 0.080740243506
10.5 -0.058530923902 -0.109938620063 0.800971258386 0.221475939622 0.907497132289 -0.346248660227 0.086655803888
10.6 -0.062117865732 -0.104918122949 0.800744204564 0.221783591550 0.905508553332 -0.350317978391 0.090241965723
10.7 -0.066442870791 -0.101733935686 0.805526492863 0.220011973501 0.904947240564 -0.352907375793 0.090119961283
10.8 -0.070281539792 -0.095799739407 0.803472684173 0.220279463500 0.903716224989 -0.355441871941 0.091842355816
10.9 -0.070741720666 -0.091571952198 0.803455808044 0.218620188294 0.903795268075 -0.354600852726 0.098069169068
11.0 -0.069456070792 -0.087132097992 0.811422677235 0.217458837686 0.904008648991 -0.357137431589 0.089066668400
11.1 -0.066084757431 -0.084525178676 0.809987016098 0.218235465983 0.899699256034 -0.366874800640 0.091199839558
11.2 -0.067037450896 -0.088678044265 0.815609251977 0.217987546451 0.900184062542 -0.365468577282 0.092643413995
11.3 -0.071235369335 -0.091213955268 0.813644046002 0.214716255885 0.901217309264 -0.364678864373 0.093346755818
11.4 -0.073629159045 -0.093264479900 0.815970840735 0.214553363598 0.902023786880 -0.362765404878 0.093387381887
11.5 -0.078501396942 -0.093774183898 0.820119801369 0.213355568566 0.902600939943 -0.362202971629 0.092735925715
11.6 -0.082275097534 -0.086817759924 0.813239797313 0.221506668258 0.898311262323 -0.364441471543 0.105612905088
11.7 -0.087000190894 -0.082438711445 0.818142682130 0.217893134606 0.896928535054 -0.371890027478 0.098689373085
11.8 -0.088746542915 -0.082472255669 0.823180048214 0.219030891767 0.896735345154 -0.371666939928 0.098766770567
11.9 -0.086815165180 -0.085647961541 0.815598748884 0.222217315394 0.896082157723 -0.370302927188 0.102625403612
12.0 -0.087474227105 -0.087094236334 0.822407850565 0.222363880706 0.894267599319 -0.374981452349 0.101136915913
12.1 -0.088834257363 -0.093329996429 0.818510423158 0.229912557383 0.895931227769 -0.363672211145 0.110408214852
12.2 -0.089106514468 -0.102512990656 0.819990590838 0.229032222193 0.897392935577 -0.362758468414 0.103133185579
12.3 -0.090453320681 -0.110409255845 0.817478938495 0.230030815099 0.899185313830 -0.355639578457 0.109873043703
12.4 -0.092077116907 -0.116998358752 0.808536052500 0.234360068435 0.899237492058 -0.353702055646 0.106499516583
12.5 -0.088958303324 -0.121311650527 0.812628092479 0.229659224693 0.902311147745 -0.351597928170 0.097314593327
12.6 -0.088054096434 -0.121309226605 0.805478419268 0.231129063379 0.900831498731 -0.353133088451 0.101877322290
12.7 -0.088664900272 -0.118029022478 0.799838893342 0.234951029724 0.902038346520 -0.346112954035 0.106445563961
12.8 -0.090323485926 -0.111814586176 0.801312677627 0.232239477249 0.899519222630 -0.356447398666 0.099374268855
12.9 -0.091149164310 -0.113859914875 0.804655294829 0.233469902666 0.900705694551 -0.352137175601 0.101096319974
13.0 -0.090549141043 -0.117920709151 0.800967885652 0.234934193776 0.900160512156 -0.351818484185 0.103637498695
13.1 -0.092572205458 -0.125641014489 0.803286349663 0.238782294874 0.899929078558 -0.347767634450 0.110310206460
13.2 -0.093788282291 -0.131704748578 0.797745977117 0.243282089322 0.900075484668 -0.345657734107 0.105823805289
13.3 -0.094059506431 -0.138968440948 0.795347491640 0.247102039901 0.899641693913 -0.344819026606 0.103369450710
13.4 -0.095907074408 -0.145571376081 0.799275651868 0.247235857313 0.902319001170 -0.336954044380 0.105625863134
13.5 -0.096516222441 -0.148823463100 0.798083506032 0.243764806989 0.903945309278 -0.338157380009 0.095452517276
13.6 -0.093979122472 -0.148872673726 0.798880799124 0.245220467454 0.902764072852 -0.338726062328 0.100740288904
13.7 -0.089335466072 -0.149762924488 0.797614482806 0.245506870774 0.900267486110 -0.344948977766 0.101267134816
13.8 -0.079232524796 -0.148880438947 0.790245084472 0.245613054266 0.900098725728 -0.344167187557 0.105097376403
13.9 -0.063007579012 -0.147029600663 0.785657896149 0.242707949073 0.901152349794 -0.344796199229 0.100662182146
14.0 -0.046855142178 -0.148302090061 0.795835129028 0.230991456314 0.904622881085 -0.346310516040 0.091484515675
14.1 -0.032141591873 -0.148984794538 0.794712834546 0.226392956066 0.907052278184 -0.343463851253 0.089638033039
14.2 -0.020161002286 -0.149250887540 0.795783633439 0.221805884259 0.908040994185 -0.344936975650 0.085335721810
14.3 -0.010084433688 -0.148508716958 0.806042875974 0.217053852014 0.908632933449 -0.348227346756 0.077534073471
14.4 -0.003633741392 -0.147841364308 0.807267570523 0.205267134687 0.911010585963 -0.349579564566 0.075625681608
14.5 0.003210410488 -0.146968971324 0.806827916890 0.201658965716 0.910569291743 -0.353298163375 0.073332354638
14.6 0.009794687705 -0.146515403496 0.806038196018 0.199545926529 0.912637143703 -0.349937309335 0.069417192929
14.7 0.016323329691 -0.146500153503 0.805230669593 0.200514544805 0.912250609124 -0.350684483618 0.067920073795
14.8 0.020984215971 -0.142646291282 0.795845278743 0.205550277711 0.912066284463 -0.345691454438 0.079884882219
14.9 0.022498170856 -0.136404936217 0.797141619379 0.198876302113 0.911103521038 -0.355192698598 0.064627681941
15.0 0.022236822358 -0.134008468533 0.793818022097 0.204672424827 0.909561954336 -0.355520226698 0.066420013161
15.1 0.023851096630 -0.129642994557 0.787486856204 0.208329475281 0.909222291742 -0.352617554655 0.074662668570
15.2 0.027431941562 -0.128013974173 0.792296946718 0.208638069474 0.906879768010 -0.359553526428 0.068996405509
15.3 0.033053975418 -0.131691239074 0.791410890969 0.212564481544 0.906422174132 -0.357697900691 0.072576823219
15.4 0.042188971222 -0.134356888695 0.784696485430 0.208712631452 0.909328932225 -0.353884093481 0.065772173998
15.5 0.050918819930 -0.138579563487 0.782051229018 0.213330138559 0.909075865007 -0.351752941956 0.065887718655
15.6 0.057787813760 -0.147088591956 0.780506537553 0.212297570389 0.911637500880 -0.346760888851 0.060030780106
15.7 0.062941205416 -0.149228745561 0.785364016774 0.207296151695 0.915547228525 -0.339692184739 0.058402033009
15.8 0.066435931516 -0.140469759650 0.779202940689 0.213374239070 0.911630696443 -0.343247244251 0.074714367554
15.9 0.072722761165 -0.122806050745 0.776112532694 0.211391979903 0.908180367706 -0.356163869950 0.060573494935
16.0 0.078994406529 -0.114795182267 0.779121387520 0.214600493109 0.909207453787 -0.350367616975 0.067312460298
16.1 0.086382237744 -0.105746507558 0.784318821118 0.212637870424 0.907687494527 -0.355124153979 0.069104150397
16.2 0.090288853496 -0.094554480055 0.781805724862 0.210396309697 0.904320483283 -0.365574949345 0.065519560383
16.3 0.089708181869 -0.085137614133 0.781270216865 0.208558009132 0.904964566132 -0.365569501786 0.062463030958
16.4 0.088799951514 -0.070730751786 0.793753814324 0.218657624848 0.897721003683 -0.376374312057 0.068031021349
16.5 0.081068155082 -0.058189305384 0.788826845642 0.216975963524 0.895881049653 -0.382042981705 0.066043442185
16.6 0.073288132603 -0.044399354784 0.791472867657 0.222838910178 0.888836569637 -0.393969117738 0.071419233094
16.7 0.067781278231 -0.038062539798 0.806374591397 0.220846496047 0.889583115549 -0.393245786245 0.072294241226
16.8 0.061264580512 -0.035520699689 0.801818324019 0.221663784671 0.886341043397 -0.399251469589 0.076570133773
16.9 0.053683140461 -0.032519312392 0.799050872433 0.228047552953 0.886810938234 -0.393858016629 0.080228026008
17.0 0.045163393933 -0.028551669640 0.804748227526 0.234333651933 0.884769740722 -0.394317617578 0.082364203038
17.1 0.036868183926 -0.026653799251 0.804947491061 0.237754701758 0.884839980158 -0.390521482162 0.089576131173
17.2 0.030399087246 -0.024217127436 0.805696965786 0.239453071393 0.883161169937 -0.393374848003 0.089133627065
17.3 0.025074745616 -0.026815187482 0.800831299619 0.244792127902 0.883074427824 -0.390452954301 0.088333796016
17.4 0.022099334578 -0.027812800987 0.803933880216 0.247842408055 0.883169353819 -0.387509463655 0.091773900546
17.5 0.015279322037 -0.029181183911 0.798664532080 0.253851976506 0.880318365355 -0.388228645590 0.099384447407
17.6 0.010234574988 -0.034943204891 0.797706696215 0.255151041290 0.883414919817 -0.381875921518 0.092988204296
17.7 0.007467935566 -0.040912860590 0.791164973858 0.263423888884 0.883775317187 -0.373229770097 0.101235281449
17.8 0.004985862224 -0.052240187885 0.790035128948 0.266075588048 0.882420362218 -0.374594193723 0.101080541240
17.9 0.001163315911 -0.059326222438 0.793982922584 0.274640335788 0.884123106415 -0.365385375281 0.096915149442
18.0 -0.001436814538 -0.063918446390 0.791649802411 0.281564647167 0.883992029668 -0.359938468971 0.098609023441
18.1 -0.002988630043 -0.069542430034 0.795142770799 0.281698981155 0.886204161006 -0.355925879777 0.092761183349
18.2 -0.003467834044 -0.071975882331 0.791132707496 0.280366664093 0.886069454906 -0.355331470099 0.100074977418
18.3 -0.003016543073 -0.074889913570 0.791461467297 0.283281292225 0.889356167151 -0.346079844859 0.095005570410
18.4 -0.002318195160 -0.078143366921 0.791623250154 0.283255293049 0.888412601747 -0.346855926908 0.100898235790
18.5 -0.004834477565 -0.079903857449 0.796581909506 0.284402762704 0.888481383995 -0.346695277428 0.097561690589
18.6 -0.004475177488 -0.082810995125 0.786516939509 0.290669721378 0.885916903332 -0.344323453880 0.110016874039
18.7 -0.003084549208 -0.091730313442 0.784316658033 0.292692588340 0.888287174384 -0.338138338579 0.104591627479
18.8 -0.002939614679 -0.100316596219 0.789990095671 0.292573198761 0.891638560120 -0.331078095498 0.098837726372
18.9 -0.002770454676 -0.102968818602 0.791401566243 0.294880131409 0.892471055716 -0.327698338336 0.095681355871
19.0 -0.002382097418 -0.102639157746 0.799104932464 0.295050666260 0.892947763804 -0.326615542116 0.094401711345
19.1 -0.003154847458 -0.098481888515 0.795819649238 0.300192047511 0.889348443837 -0.329489395387 0.101886301257
19.2 -0.001627225337 -0.098854327654 0.797609391185 0.298152839568 0.887672532648 -0.337913669056 0.094639903344
19.3 -0.006620066812 -0.100018097887 0.796264914438 0.302013160131 0.888515324786 -0.328374373887 0.107232641035
19.4 -0.008693267041 -0.098421442908 0.801906723693 0.298824703987 0.889304782589 -0.330886052488 0.101760602496
19.5 -0.009395837573 -0.104947058677 0.794232226426 0.303584505760 0.888730763482 -0.325343429484 0.110207671213
19.6 -0.010649061239 -0.123310330480 0.796244014087 0.310906390093 0.891024110191 -0.313485777608 0.105545814195
19.7 -0.010358961574 -0.138615067230 0.791679797853 0.317752920784 0.891698594855 -0.306850060616 0.098740759399
19.8 -0.008475683810 -0.146204606439 0.797335389955 0.316852555397 0.894011781538 -0.304763671194 0.086408896128
19.9 -0.007676740013 -0.145870650963 0.794738802710 0.314671101952 0.894124541239 -0.305210053415 0.091488937278
20.0 -0.002192207534 -0.144052869093 0.790795933549 0.316620505796 0.894402751814 -0.301212263836 0.095217356466
20.1 0.007055618053 -0.142925376760 0.793134367582 0.308385766220 0.895895743167 -0.306787530214 0.090279830936
20.2 0.014292617902 -0.141537182317 0.791942172560 0.305671447645 0.895989428316 -0.309154772661 0.090505452774
20.3 0.020043770124 -0.141137153448 0.793273396489 0.302873532501 0.897001299368 -0.310767065264 0.084143469090
20.4 0.028946919291 -0.136137741405 0.785258593399 0.302020264433 0.896915184429 -0.312229409390 0.082702525499
20.5 0.038556583370 -0.130544029045 0.782530873665 0.299986180576 0.895311412035 -0.318833964711 0.082284080410
20.6 0.047967087936 -0.127247249682 0.788741143588 0.297237662418 0.897143426865 -0.316882855633 0.079804131965
20.7 0.063828308941 -0.110937752364 0.774098829975 -0.294371007353 -0.894609701173 0.324243576278 -0.088799188286
20.8 0.074786896683 -0.086244300636 0.782082797940 0.294785498402 0.889152581733 -0.340445129658 0.081279210265
20.9 0.081052243302 -0.077453789213 0.790689890041 0.290033138956 0.891236870502 -0.339112749297 0.081118199131
21.0 0.087285093388 -0.069880320150 0.788375149769 0.289560857869 0.889804478877 -0.342599730167 0.083832713480
21.1 0.088266852390 -0.059838683574 0.794786331210 0.286295834324 0.888087129565 -0.350239908773 0.081657527841
21.2 0.086585826888 -0.050194762688 0.791593100150 0.284055113495 0.885876110585 -0.357037258418 0.084027407990
21.3 0.087190896972 -0.043822944424 0.801556298648 0.281429988894 0.887262293602 -0.356460309124 0.080615331804
21.4 0.086948009466 -0.036360591680 0.794125778767 0.282035056124 0.884293572053 -0.362168155324 0.085529718879
21.5 0.087664312296 -0.027834886510 0.794840391941 0.282988857984 0.881589666715 -0.368217723646 0.084455158463
21.6 0.084775895395 -0.018381334893 0.788857739718 0.274207914821 0.881635949340 -0.375290979078 0.081760340656
21.7 0.083467870210 -0.007892127926 0.794117428046 0.272145007325 0.879387574940 -0.381396301966 0.084566239575
21.8 0.079857294115 -0.002326739774 0.791693492468 0.272162801748 0.880765131682 -0.377584712562 0.087235182110
21.9 0.076457094261 -0.009710157259 0.784919869921 0.274622897456 0.881629737485 -0.372397203227 0.092906367937
22.0 0.069539199828 -0.010674905325 0.778911729801 0.271450258222 0.882867649724 -0.373413263172 0.086151060749
22.1 0.065565619886 -0.018476017942 0.780458500829 0.267360439069 0.885255299340 -0.368462793817 0.095271297794
22.2 0.054032196273 -0.023282660042 0.764776766591 0.265339775235 0.889155407821 -0.358034962224 0.103963600577
22.3 0.045898247537 -0.017540091422 0.757530633135 0.270516179693 0.887690210276 -0.354002580807 0.116229341760
22.4 0.034368117937 -0.005021321635 0.742230229688 0.272678634881 0.884308974031 -0.358537708529 0.122860539189
22.5 0.024250578334 0.004180179046 0.759764422587 0.270112518902 0.883517880152 -0.363082790247 0.120856402443
22.6 0.015540895778 0.003526062729 0.751050484508 0.272756485411 0.883101169267 -0.361235809507 0.123470297786
22.7 0.008715179967 0.000084624866 0.746800710229 0.274219440081 0.884586130361 -0.355509938180 0.126189383509
22.8 0.001888239140 -0.006251377071 0.739197970697 0.273307012840 0.884877099043 -0.354239324342 0.129654531007
22.9 -0.008642995787 -0.012814808383 0.742467643877 0.278967228741 0.884519912504 -0.349956319108 0.131652513793
23.0 -0.018180823487 -0.016644124926 0.744189689388 0.280634251575 0.885853343545 -0.343492116963 0.136093483158
23.1 -0.026422443818 -0.017247168568 0.739478477594 0.285443886219 0.884501347865 -0.341804794559 0.139099374055
23.2 -0.036985489675 -0.017788306035 0.739707500081 0.287477028806 0.884917000527 -0.338858191335 0.139477547488
23.3 -0.045564228453 -0.019264746687 0.734332755638 0.290691500780 0.884595267642 -0.333339848584 0.147899321116
23.4 -0.051705196811 -0.021494474088 0.731787281062 0.296396759587 0.881778581222 -0.336637735869 0.145912745821
23.5 -0.057338170787 -0.021665946440 0.731796259290 0.299212873079 0.881890771086 -0.332704895100 0.148484939415
23.6 -0.061142366953 -0.023439171103 0.729875838999 0.301204140444 0.881798928143 -0.331514926766 0.147663703852
23.7 -0.063868277867 -0.030044252272 0.731324244887 0.306221228226 0.883403900275 -0.321204784106 0.150511112649
23.8 -0.062239927182 -0.037942934313 0.722482203866 0.308318692899 0.883265886504 -0.317653646240 0.154522226162
23.9 -0.062887819769 -0.044680944328 0.723587114106 0.303527159028 0.888028206966 -0.313357799055 0.145203502496
24.0 -0.067163301518 -0.047735513503 0.718821567625 0.306983835109 0.886744849293 -0.314141518225 0.144081934195
24.1 -0.071127166503 -0.052695293049 0.718603170551 0.309456009571 0.887281784289 -0.310539902709 0.143293343303
24.2 -0.072572523204 -0.058500586934 0.719229374872 0.310998922396 0.887196977050 -0.305750270516 0.150592052448
24.3 -0.071071517840 -0.065952851632 0.718380683206 0.307204348144 0.891174243716 -0.301878134037 0.142490519012
24.4 -0.067964604368 -0.074985196081 0.715605109688 0.302683455490 0.893613084794 -0.296579055811 0.147916341600
24.5 -0.066465370275 -0.082972052200 0.718143560252 0.296825089880 0.900142435527 -0.288172082810 0.136364630572
24.6 -0.064383043575 -0.083958552506 0.715385984723 0.293211274809 0.899540831856 -0.292280735597 0.139375075775
24.7 -0.060668048920 -0.090532698290 0.717366615855 0.288117518437 0.903276583586 -0.288024980523 0.134615451231
24.8 -0.055327391777 -0.094663213456 0.717629827301 0.284769031932 0.905358446051 -0.288118632558 0.127359083655
24.9 -0.048908018280 -0.100491010208 0.718935061195 0.282864792344 0.906116609173 -0.285983241986 0.130972459459
25.0 -0.042468880866 -0.111353459587 0.722298362453 0.273670433506 0.911697600862 -0.282439198743 0.118912057506
25.1 -0.036473147577 -0.118554157128 0.729433062315 0.266905045376 0.915900204058 -0.277315972016 0.113948956223
25.2 -0.032267489203 -0.126864982331 0.731310066587 0.259054492570 0.921886791899 -0.264357349860 0.114589285610
25.3 -0.029134751328 -0.136140839775 0.745704608677 0.246088339004 0.925440556138 -0.271119362802 0.097440225648
25.4 -0.026950815475 -0.137178605760 0.739247571330 0.236168429502 0.928347358238 -0.269381720877 0.099142038597
25.5 -0.023984999012 -0.137303889196 0.743975400174 0.232507133468 0.928967109896 -0.270757137451 0.098240084166
25.6 -0.016531637168 -0.130450562206 0.747064494272 0.226649462411 0.927866378319 -0.280466165421 0.095040703001
25.7 -0.007533058855 -0.117528907179 0.751088044305 0.215161732323 0.927833023413 -0.292032662325 0.086880571727
25.8 0.004580593688 -0.105449622391 0.748389118938 0.209930617500 0.926949251196 -0.299800655563 0.082545675038
25.9 0.013908201961 -0.099384573734 0.754870454276 0.202584824082 0.925519391753 -0.308092212030 0.086327477820
26.0 0.024546390975 -0.097258314838 0.760212054266 0.188329090747 0.930568057340 -0.303862692412 0.079010811901
26.1 0.030930438575 -0.096741301437 0.761840415607 0.180333784338 0.932818352085 -0.302592462456 0.075943728536
26.2 0.033961266387 -0.093765863057 0.756226324165 0.173221921688 0.934570947652 -0.301505658328 0.075270496531
26.3 0.036035662235 -0.092934177257 0.763228928392 0.163520794888 0.935184906963 -0.305513706223 0.073154047996
26.4 0.035799320302 -0.091525645569 0.765153405623 0.157923400017 0.936901070555 -0.301799758299 0.078698726865
26.5 0.039608391082 -0.088543638556 0.766522816974 0.145059623871 0.937605634192 -0.306522346448 0.076794735382
26.6 0.045393130466 -0.085500152487 0.769428243810 0.131934324735 0.938908978214 -0.309938511646 0.070578917427
26.7 0.047092409812 -0.079766775421 0.774540075968 0.117678750417 0.939355197310 -0.314452087335 0.069881397793
26.8 0.049601127167 -0.079777678831 0.773033982479 0.102576698335 0.940328854205 -0.317384571267 0.067280761221
26.9 0.055592526516 -0.074684620951 0.772803963118 0.099183292811 0.938646311303 -0.321750999037 0.074713260696
27.0 0.059761858265 -0.067703760458 0.772298098782 0.085863943402 0.939568604131 -0.323535386285 0.071854541797
27.1 0.061646349550 -0.058015689626 0.768202945637 0.072641392170 0.937455412540 -0.331389375537 0.077984994869
27.2 0.067264221809 -0.051438819648 0.776621248281 0.063508089189 0.936694548975 -0.336696593448 0.072148794098
27.3 0.073213183306 -0.042666881863 0.778914903196 0.056879221322 0.936703291440 -0.339127155715 0.065912595480
27.4 0.077592657454 -0.037229908943 0.776416879645 0.043871344707 0.935362701601 -0.344588510903 0.066563351178
27.5 0.072509959463 -0.035359144117 0.777496468218 0.036990268842 0.932312126321 -0.353036718151 0.069216289719
27.6 0.065022895625 -0.038068858975 0.781353205251 0.026466379201 0.932679190132 -0.352083140097 0.073800552350
27.7 0.060624456605 -0.044057455096 0.774650004449 0.016659947893 0.935012586430 -0.345716936626 0.077160281774
27.8 0.058221062338 -0.050847162037 0.784848056544 0.009296549208 0.935087279449 -0.346470840460 0.074049380122
27.9 0.056679692566 -0.054278766932 0.778264801151 0.005698516913 0.935647368805 -0.342057410577 0.086765523241
28.0 0.055850803289 -0.057631723193 0.779322812241 0.000314323871 0.937377592021 -0.339424111291 0.078194781485
28.1 0.057606051071 -0.062792203408 0.781767816781 -0.003328345272 0.938269779638 -0.336661404949 0.079358938713
28.2 0.056759677841 -0.064075503079 0.778618069463 -0.010929105445 0.937474915268 -0.338360020463 0.080832137482
28.3 0.056256274006 -0.064418075872 0.780750557183 -0.017145282929 0.936633953177 -0.340222855029 0.081677940380
28.4 0.059450203596 -0.063522679348 0.780870362008 -0.019681800231 0.933679868446 -0.349185389612 0.076968134184
28.5 0.059565208977 -0.058119789412 0.780217711359 -0.027926091991 0.936409745545 -0.340102822939 0.081774028056
28.6 0.056643543365 -0.048364636842 0.778242863653 -0.025180745770 0.932539623491 -0.349618088871 0.086619700966
28.7 0.053979072083 -0.040282223351 0.789887806955 -0.028788259125 0.930679399848 -0.358004423702 0.069569558319
28.8 0.050581099066 -0.040728900863 0.779739384256 -0.033966886165 0.926806390130 -0.364253878976 0.084824981634
28.9 0.042335046959 -0.042759944772 0.775802470668 -0.037664973709 0.928934523916 -0.357700540910 0.087819832979
29.0 0.032314439845 -0.045027850945 0.781594926314 -0.040465975747 0.927626886146 -0.362144914761 0.081987350354
29.1 0.026808925229 -0.047060384795 0.783667703423 -0.043707320778 0.924676283224 -0.367551177717 0.089272465591
29.2 0.023431380105 -0.049514208654 0.780200866145 -0.052776025406 0.928849359690 -0.353939664655 0.095813735598
29.3 0.020437563476 -0.049371629300 0.784188996936 -0.052635721998 0.929776459567 -0.351274549050 0.096702674188
29.4 0.020754447646 -0.048175662401 0.785473554869 -0.056462657793 0.928836668727 -0.352799672865 0.098014294516
29.5 0.024921660959 -0.048162584956 0.776726630803 -0.063554369898 0.927407225949 -0.354522174290 0.100949032988
29.6 0.030379322267 -0.051534062821 0.783337565970 -0.074591612103 0.929225225701 -0.349334627585 0.094561563513
29.7 0.033205641082 -0.054273838282 0.782294729575 -0.077474356162 0.931043555560 -0.343642444384 0.095212878361
29.8 0.037234361231 -0.056350328239 0.772035018234 -0.086713336969 0.928538837858 -0.347805443188 0.096580523243
29.9 0.043195639211 -0.055879884982 0.766257202452 -0.100898600805 0.931252539099 -0.339307761161 0.086362167606
30.0 0.051080909380 -0.051119748638 0.760830811609 -0.111589494948 0.931152255474 -0.335916507960 0.087540627272
30.1 0.057663454896 -0.043359596727 0.758130528772 -0.122951994278 0.928450206141 -0.340895870962 0.081566089653
30.2 0.062996415068 -0.036511091676 0.761512429665 -0.135020290012 0.926581920917 -0.341393647886 0.081644609728
30.3 0.069419663624 -0.039679106098 0.764535686728 -0.138298278250 0.925011599023 -0.343999280851 0.083015797769
30.4 0.070435374542 -0.042811856232 0.759941598801 -0.153245918188 0.924636213242 -0.338408543397 0.083923890972
30.5 0.065147445307 -0.045266841584 0.754774855455 -0.160242354030 0.925361805595 -0.331468109492 0.090315054734
30.6 0.056193425858 -0.047409951650 0.750723209892 -0.166216878653 0.925549011018 -0.327762508460 0.091119237828
30.7 0.045869447862 -0.050023079783 0.748571481691 -0.168793991973 0.923891913506 -0.326850503090 0.105361610952
30.8 0.034438386523 -0.048091158067 0.742837427213 -0.173579584301 0.921539842201 -0.329279301257 0.110497008619
30.9 0.026826832748 -0.052271060124 0.744884429815 -0.180518625894 0.921037156941 -0.328302727964 0.106399718282
31.0 0.021632583963 -0.056016692739 0.737516590595 -0.178666735518 0.921603539251 -0.325138114580 0.114062791949
31.1 0.016233532024 -0.064851586610 0.741634243706 -0.181529824477 0.923112038322 -0.315662574793 0.123564664873
31.2 0.016645514696 -0.070446648954 0.737061257954 -0.185476800222 0.920741319970 -0.321513419962 0.120261793862
31.3 0.022614759676 -0.077778522278 0.732067689061 -0.196230653089 0.922169274678 -0.313282441126 0.113804532908
31.4 0.030126642697 -0.083674670981 0.727897599675 -0.208725538241 0.919801940179 -0.313346890678 0.110506862372
31.5 0.034957629455 -0.083515864362 0.720374751005 -0.216477121304 0.918336788259 -0.313300646403 0.107879118673
31.6 0.040206812646 -0.075294005965 0.710473537009 -0.218753416951 0.918497864862 -0.310549682732 0.109852216049
31.7 0.048110721611 -0.064545160892 0.707792051062 -0.222102018785 0.917402565829 -0.313824359054 0.102749681881
31.8 0.054790185714 -0.055546844138 0.714564206305 -0.235322531358 0.910615714883 -0.326182208274 0.094907813422
31.9 0.054363839395 -0.056121768752 0.715653548663 -0.239520514497 0.909703076400 -0.326455035313 0.092181049257
32.0 0.052054197948 -0.055526285455 0.716553255369 -0.241023435306 0.910339947449 -0.321997832124 0.097500152918
32.1 0.048675093458 -0.058390132287 0.720562086098 -0.241139510815 0.909973749497 -0.323184449906 0.096702238278
32.2 0.045546806503 -0.058663790664 0.719642562302 -0.245271275909 0.906845987033 -0.329112899585 0.095692509330
32.3 0.045726291195 -0.056676607077 0.717440670004 -0.248649014041 0.906193215433 -0.327134517077 0.099852550571
32.4 0.048842905374 -0.055737426603 0.718674176469 -0.255194744110 0.904679919589 -0.327480328461 0.095846336093
32.5 0.053976960517 -0.056174655072 0.717832674895 -0.258362960140 0.905062054425 -0.323717313595 0.096531649457
32.6 0.057658759306 -0.056139872040 0.710455218629 -0.262003737125 0.904417473967 -0.323043107489 0.095006448299
32.7 0.059096485851 -0.050904858398 0.709941031966 -0.262074403498 0.904468472006 -0.321569768093 0.099230410797
32.8 0.062161435516 -0.047238278730 0.712912841021 -0.265343869245 0.901460123541 -0.330616106137 0.087494383149
32.9 0.064183691573 -0.045945545390 0.710006478295 -0.266672724907 0.901673071674 -0.328287108542 0.089993910761
33.0 0.066671869422 -0.045964747181 0.710887668683 -0.269369050334 0.900837183676 -0.328485580037 0.089609747994
33.1 0.067125070607 -0.045882296368 0.708761357336 -0.273132422896 0.900151693254 -0.327716287751 0.087907015855
33.2 0.067067186015 -0.045415717359 0.714717569521 -0.276272967068 0.900525485144 -0.323573313905 0.089595807949
33.3 0.065089918466 -0.045430237106 0.708323352178 -0.277543308726 0.898679267496 -0.328087335090 0.087772356171
33.4 0.062683230373 -0.046000515333 0.708009593231 -0.274890024366 0.899790883832 -0.326202949151 0.091670474209
33.5 0.060299502235 -0.047347603487 0.708507129313 -0.272065531113 0.899831322915 -0.329067062657 0.089436040584
33.6 0.056434443072 -0.050646218222 0.710105907231 -0.274224794291 0.901744209524 -0.321295836551 0.091799391077
33.7 0.051059147907 -0.050893905009 0.708194891361 -0.273050306473 0.900080626558 -0.325734879111 0.095891523919
33.8 0.047105735642 -0.052272859333 0.710098796636 -0.272178051943 0.899517820962 -0.328266033610 0.095016887919
33.9 0.044325597908 -0.057149218899 0.708393581663 -0.275532443316 0.900897206826 -0.319655253390 0.101422948060
34.0 0.043723232800 -0.063417660403 0.709866977481 -0.277302242389 0.901473046481 -0.315466787122 0.104549122704
34.1 0.047833057770 -0.067494699138 0.707124879676 -0.281741406659 0.899730254292 -0.317922790986 0.100161610693
34.2 0.051969169466 -0.069061268660 0.702385356125 -0.289672706811 0.898333471562 -0.317030965281 0.092617837666
34.3 0.057535893826 -0.073299998581 0.702429862144 -0.294513812914 0.900773565639 -0.306518984174 0.088964654720
34.4 0.059021610378 -0.075941527948 0.693553339404 -0.291984139344 0.900773479396 -0.308817390932 0.089354464051
34.5 0.058461687138 -0.072795535044 0.693995805549 -0.300869282573 0.899915261822 -0.303007224490 0.088412771989
34.6 0.053476804218 -0.065211439506 0.694201480199 -0.299144245437 0.899221889160 -0.306650978352 0.088757489559
34.7 0.046775911573 -0.058435963091 0.701725958040 -0.305097322754 0.897049952586 -0.309469905187 0.080283148902
34.8 0.037653995454 -0.053487363388 0.705179157626 -0.300692508197 0.892515568715 -0.323662735667 0.090787712027
34.9 0.032508693462 -0.056199882913 0.706159384188 -0.308691218531 0.891559064104 -0.319706131562 0.087293506390
35.0 0.028438807003 -0.059388207582 0.707078100578 -0.306515403368 0.890698529046 -0.319439054145 0.103262425597
35.1 0.026064963460 -0.064972622308 0.711093050662 -0.315435594126 0.889119198880 -0.318474961959 0.092418259813
35.2 0.022076012028 -0.066417310114 0.712551928382 -0.323501772949 0.887590744449 -0.314501057153 0.092835113600
35.3 0.019446379122 -0.064757628336 0.714296823420 -0.322702562620 0.889275586517 -0.310131724037 0.094182275668
35.4 0.019037484715 -0.062330469623 0.713414329134 -0.321634653916 0.889063215759 -0.311073264989 0.096701456005
35.5 0.022380794295 -0.060105564605 0.720121259434 -0.319761986362 0.887776964056 -0.317298350395 0.094477992184
35.6 0.028281399009 -0.056856516920 0.722444956242 -0.325274228011 0.887794934882 -0.313260654157 0.088795229303
35.7 0.033035798548 -0.054736083490 0.720648032099 -0.335444996115 0.885253551156 -0.311326392693 0.082937819838
35.8 0.037164661425 -0.054344981540 0.726900219308 -0.340374514985 0.882244821924 -0.316100120733 0.076615777812
35.9 0.038173908513 -0.053689613856 0.729570635906 -0.340473843590 0.884972808873 -0.307787776772 0.078532629247
36.0 0.036158566858 -0.052156982937 0.735605632852 -0.346901634718 0.882758039290 -0.309111787037 0.069623293609
36.1 0.030141706134 -0.052050960210 0.735541165626 -0.344246604276 0.884645715697 -0.306789483857 0.069111835007
36.2 0.023796588977 -0.049367755923 0.738358303803 -0.348511049526 0.883809221985 -0.305023029569 0.066198632345
36.3 0.016714883030 -0.046650106923 0.741475192231 -0.350320014401 0.884462426750 -0.299766232099 0.071709896601
36.4 0.011979870315 -0.043666347723 0.743905064991 -0.348864618709 0.881837971703 -0.309327441139 0.070511017819
36.5 0.009404405123 -0.047746931203 0.740420825574 -0.348361092685 0.882077630064 -0.308686151876 0.072776804572
36.6 0.014704929580 -0.057504541593 0.743532016117 -0.351775867936 0.888489811541 -0.289174897194 0.056722767548
36.7 0.014747940153 -0.058122995988 0.740473918407 -0.354244944504 0.887089475697 -0.288860382076 0.064361953577
36.8 0.015198086567 -0.063585975914 0.741260416942 -0.349267021128 0.888545344089 -0.289988041308 0.066382643433
36.9 0.019421455813 -0.070418471458 0.736758475285 -0.354520186673 0.889272287197 -0.282530821399 0.060717142747
37.0 0.023358307854 -0.070202370201 0.732541571201 -0.356131048475 0.888916316824 -0.280402160653 0.066129314963
37.1 0.026461103690 -0.070135540042 0.734309036353 -0.360477487613 0.888907860526 -0.276213561459 0.060040527026
37.2 0.029484469821 -0.071405285980 0.736360554140 -0.361478722947 0.889229589464 -0.273885664925 0.059920886396
37.3 0.033605547569 -0.073267515506 0.733085704604 -0.365350478426 0.887164838662 -0.277624427455 0.048808341870
37.4 0.037516636323 -0.077986586650 0.737199600516 -0.367354039896 0.889157240446 -0.267832422505 0.052117219700
37.5 0.031172980188 -0.081054228746 0.735798820777 -0.367635259116 0.889319649694 -0.265075667879 0.060743454135
37.6 0.024000693784 -0.084058889862 0.741018329856 -0.371415701184 0.888175924168 -0.263885655781 0.059651197095
37.7 0.021979683316 -0.084280283196 0.735389904896 -0.372045096930 0.887252988025 -0.266097998559 0.059635863820
37.8 0.021182283761 -0.081600144942 0.735259059534 -0.371178575850 0.886342048601 -0.270239191962 0.059958459275
37.9 0.020086555504 -0.080101786702 0.737821789404 -0.377338177681 0.885789701943 -0.264951828118 0.052849147330
38.0 0.018388441814 -0.075504499719 0.736576756300 -0.370840691963 0.886147702141 -0.271603842156 0.058743374949
38.1 0.016623572127 -0.074310582764 0.745640464063 -0.375689814648 0.884940460812 -0.269444984738 0.056008429606
38.2 0.014835606970 -0.078586190014 0.744943718957 -0.375837520739 0.885782176519 -0.266108701983 0.057638984158
38.3 0.014664451137 -0.079246157527 0.745504824331 -0.374961967005 0.885656238275 -0.268112363073 0.055967058805
38.4 0.019331961683 -0.082414549195 0.748001537259 -0.371409395198 0.888155484718 -0.265023312260 0.054749795273
38.5 0.022339263864 -0.083114264198 0.742465022276 -0.369914789502 0.889689993125 -0.261519988714 0.056763193573
38.6 0.027583590341 -0.078703168948 0.745816105964 -0.374848595691 0.889665070086 -0.256077518731 0.049080523401
38.7 0.031240016249 -0.073750888946 0.745179725140 -0.375541951372 0.887245459713 -0.263168913817 0.050058563488
38.8 0.033474956821 -0.064484215074 0.746913866303 -0.382124012707 0.883733307072 -0.266776507257 0.042743140510
38.9 0.033243469274 -0.055785278142 0.750485460451 -0.384585458203 0.882265252982 -0.268793729755 0.038104849596
39.0 0.030842089394 -0.050745276899 0.753784642410 -0.387224129546 0.879830084070 -0.272883467618 0.038614890443
39.1 0.025240273533 -0.046068856581 0.757464829284 -0.388764675368 0.877734135115 -0.277662466516 0.036720156979
39.2 0.022578915021 -0.042060006178 0.757461849560 -0.383615045488 0.880318476216 -0.276603349558 0.037006274080
39.3 0.020548645538 -0.040985363786 0.765876168995 -0.386887541833 0.879808752002 -0.273607373565 0.037330885425
39.4 0.018724410459 -0.040221544607 0.764524819236 -0.387101909553 0.878253244272 -0.278662380873 0.034214441870
39.5 0.020278307248 -0.039459999954 0.764448028078 -0.389671595366 0.876465735891 -0.280817038695 0.033251351139
39.6 0.027297148019 -0.047936975939 0.757390900109 -0.391910838689 0.883786109499 -0.254514215704 0.023463187755
39.7 0.038892973372 -0.056468321000 0.765515401316 -0.401174174355 0.876841974126 -0.263912069607 0.023618927931
39.8 0.040046020818 -0.058351641583 0.764729012232 -0.408131763820 0.874295845069 -0.260944229192 0.030713969259
39.9 0.039301076698 -0.058859565594 0.761284686631 -0.406535186545 0.874562288497 -0.262079574210 0.034412823504
40.0 0.041594746274 -0.059773212091 0.764050846973 -0.410721953188 0.873677804936 -0.259268936923 0.027824246226
40.1 0.042471215810 -0.061831017422 0.760498107608 -0.415650153155 0.872320512326 -0.256107463275 0.026473405763
40.2 0.039872615864 -0.064281816343 0.763691910157 -0.416310055876 0.871232090397 -0.257886179263 0.033694221835
40.3 0.037953498837 -0.063771246216 0.760258629599 -0.417344194314 0.871166683065 -0.256632309758 0.032129291583
40.4 0.035791138319 -0.064471025526 0.756670194990 -0.417651886731 0.871920219970 -0.253904076470 0.029236132933
40.5 0.038220586740 -0.065920561415 0.762457488141 -0.416564489255 0.871986164307 -0.255318752651 0.030438299768
40.6 0.040542438121 -0.067499790480 0.762537732035 -0.418328310238 0.872945369631 -0.249517207123 0.026626487600
40.7 0.044233764764 -0.064970491931 0.759458813834 -0.417294874336 0.873332148994 -0.249358305914 0.031247090406
40.8 0.050197332542 -0.058462702683 0.757662438949 -0.423952308309 0.870715611860 -0.248041526341 0.024375494951
40.9 0.055212928339 -0.051889892493 0.758914747071 -0.428824428970 0.869608626593 -0.243077532649 0.028350640098
41.0 0.055837140703 -0.050957104650 0.760913533739 -0.424579674071 0.872927859430 -0.239462514650 0.019666130127
41.1 0.057258166909 -0.054041736010 0.756187953223 -0.430910119438 0.867258176417 -0.248787772112 0.016863239651
41.2 0.053815299717 -0.053740311710 0.757356855134 -0.429304120312 0.870692528091 -0.238204210691 0.029176151533
41.3 0.047684009389 -0.053646475374 0.757796460454 -0.427684464817 0.871644777332 -0.237376497166 0.031205436975
41.4 0.042275210117 -0.056627698927 0.760293382796 -0.426731192078 0.871485706299 -0.239561944298 0.031987939418
41.5 0.036879115547 -0.056363419754 0.757502501362 -0.428040425578 0.868198694374 -0.249945358802 0.023232278680
41.6 0.036270270656 -0.057811443819 0.758774501583 -0.428899431134 0.869104833110 -0.244781874523 0.027998231068
41.7 0.032628728312 -0.061069449892 0.758804963585 -0.430170808364 0.869521443367 -0.240650859845 0.031188119732
41.8 0.030243907342 -0.059712162020 0.755327283511 -0.432547159005 0.868983173938 -0.238794445987 0.027357105370
41.9 0.029758739424 -0.058585275706 0.755049052390 -0.430777753314 0.866728906187 -0.249385250384 0.031914374825
42.0 0.027840372882 -0.059289002852 0.763404975784 -0.430655711591 0.867669002898 -0.245470112017 0.037823056348
42.1 0.026288513831 -0.058273152993 0.756924269757 -0.431231387383 0.868287641781 -0.243174928020 0.031337135314
42.2 0.021461571642 -0.054654863465 0.759462739076 -0.430044618010 0.866239832740 -0.251165099284 0.040078318289
42.3 0.020935748889 -0.054456977696 0.763096043520 -0.433032182735 0.865994420225 -0.246906269601 0.039674763847
42.4 0.024000330750 -0.054807974474 0.759467078210 -0.433002503565 0.867461205551 -0.242918620653 0.031787301094
42.5 0.025797064544 -0.057047687966 0.756216272672 -0.434840373698 0.865487806006 -0.246483593892 0.033023400777
42.6 0.021453531268 -0.059409086764 0.763304318791 -0.433180491316 0.867783010038 -0.240022512267 0.041188627527
42.7 0.015463899461 -0.063750144062 0.762179497373 -0.432121799392 0.868308783224 -0.240945116024 0.035440916059
42.8 0.014626592241 -0.066502846246 0.760396651768 -0.431594230833 0.867295909441 -0.244576258685 0.041311972420
42.9 0.014160803419 -0.067447610666 0.761963930412 -0.430080898749 0.868695025721 -0.242215485257 0.041605666929
43.0 0.015886422391 -0.061939914492 0.756544197650 -0.426176795509 0.871375794718 -0.239154930743 0.043387584061
43.1 0.017245397498 -0.061168002513 0.764265769623 -0.430151381329 0.869210306497 -0.241482610835 0.033606262585
43.2 0.012881635383 -0.069983136098 0.766531862679 -0.429195277587 0.871062680258 -0.235403063872 0.040331356016
43.3 0.009939814823 -0.070930386939 0.761814266724 -0.431509651608 0.869959681476 -0.235158018053 0.040869055784
43.4 0.007040455594 -0.071028104938 0.768805207803 -0.429362686612 0.870150762316 -0.238137281914 0.042142248968
43.5 0.000892621174 -0.079811131573 0.770633905777 -0.420015739549 0.875536502429 -0.232504505253 0.054445077673
43.6 -0.001802790007 -0.094511094853 0.760343105727 -0.426235528806 0.872975735597 -0.230040720007 0.057601268919
43.7 -0.003271099910 -0.113667579515 0.774420144393 -0.419927994318 0.878767378542 -0.216937247121 0.066080290631
43.8 -0.005043057032 -0.117769300101 0.767521033536 -0.419567656136 0.878819996300 -0.217105406692 0.067109152969
43.9 -0.004107048675 -0.113643564164 0.770016060672 -0.419905725309 0.878255392472 -0.221903289074 0.055727710744
44.0 -0.004634730201 -0.111753814345 0.770094664247 -0.419380189320 0.880386578967 -0.211691082929 0.065012412582
44.1 -0.001157724744 -0.099179439824 0.758239464614 -0.423546784697 0.874800268746 -0.228774499005 0.054725127498
44.2 0.000698181323 -0.086311105941 0.766398733248 -0.418846632150 0.877628068706 -0.225359343763 0.059578837974
44.3 0.003562670103 -0.082022664037 0.765176282575 -0.426231216703 0.872019476028 -0.236620441169 0.043814953583
44.4 0.003076364968 -0.078934006062 0.765239178927 -0.423935650621 0.872492168446 -0.238448154387 0.046673952082
44.5 0.004933344678 -0.073970843352 0.767574880460 -0.426061430296 0.870758703263 -0.242300125304 0.039263056221
44.6 0.005587899103 -0.069823053615 0.768418007564 -0.424502945398 0.872877742052 -0.236532456700 0.043978332235
44.7 0.004577496445 -0.062911244134 0.763438554581 -0.422295920530 0.873129839746 -0.239539959233 0.043943672809
44.8 0.003036888177 -0.055379347401 0.773560310589 -0.422602366119 0.869636487768 -0.251893332696 0.041101924980
44.9 0.002073905476 -0.050440614083 0.774820332452 -0.422783740709 0.870077724986 -0.248966484292 0.047268919749
45.0 0.004215485421 -0.040117141122 0.767014872688 -0.426671233310 0.867513961353 -0.252184984525 0.042117919019
45.1 0.008317327680 -0.029031882893 0.770450958329 -0.426440099919 0.864897651314 -0.261515062695 0.041361406118
45.2 0.014069896661 -0.020931436345 0.768724761212 -0.436296378887 0.859734282163 -0.263386303658 0.033616794754
45.3 0.018844690411 -0.015375849696 0.765568042661 -0.443006332688 0.855501167723 -0.266324074675 0.030571693960
45.4 0.022153023373 -0.009327591766 0.760294303814 -0.453798191054 0.851196999562 -0.262364473660 0.026377124447
45.5 0.025222106853 0.000966496501 0.758140118971 -0.457325155418 0.849014557299 -0.262643087971 0.032351075053
45.6 0.031421922206 0.004642611585 0.756508097304 -0.461665429532 0.844992836844 -0.268994504126 0.022228216464
45.7 0.034608416011 0.009468689946 0.754090833837 -0.468506716517 0.841289160625 -0.269087277636 0.018056627826
45.8 0.036484638134 0.006833829238 0.750836523947 -0.474432449090 0.842332877296 -0.254021303538 0.029365837713
45.9 0.037237628436 0.000575410991 0.744330383474 -0.478236339213 0.840625839527 -0.252702645118 0.027920869019
46.0 0.039113272196 -0.002567852322 0.743584758747 -0.482138034408 0.836537531298 -0.259377070842 0.021711969721
46.1 0.037998589177 -0.006748373770 0.734205438330 -0.486810057051 0.836633575253 -0.248954643503 0.032890949999
46.2 0.035795774850 -0.004737275169 0.732434134091 -0.490442518054 0.835332924640 -0.246090463592 0.033533941403
46.3 0.032584665820 0.000046319777 0.731076642603 -0.495606020330 0.831143801522 -0.249541073063 0.036109647733
46.4 0.031296548093 0.002165456618 0.722008991414 -0.494325889761 0.832470116209 -0.246956465282 0.040594637421
46.5 0.032843183313 0.005104495536 0.717996465818 -0.500580554182 0.829255079546 -0.243743421210 0.048417625290
46.6 0.035181140039 0.006489068151 0.714838455737 -0.505860440113 0.824996628488 -0.248553489694 0.041315140971
46.7 0.037275695780 0.004281382550 0.717333132990 -0.507606764775 0.825966368332 -0.241877515106 0.040127277830
46.8 0.037242218927 -0.001124351237 0.718733404971 -0.509543906911 0.825680328706 -0.237002672789 0.049464480280
46.9 0.035601493071 -0.005923105105 0.714965760863 -0.514470380515 0.824301238403 -0.230566117189 0.051835909796
47.0 0.037965050501 -0.010580240936 0.712744019052 -0.514731482672 0.825122400062 -0.224830420548 0.060628439353
47.1 0.037357238691 -0.012631687060 0.713531313664 -0.514179927014 0.823929971622 -0.232061474292 0.053906183951
47.2 0.034465161303 -0.015741422315 0.712183401853 -0.519116712308 0.824531943415 -0.215693391704 0.064352731620
47.3 0.029379044719 -0.018478778273 0.718339742163 -0.520020085876 0.821401073490 -0.224363162282 0.067383663932
47.4 0.027390312418 -0.021059100200 0.714807432963 -0.519648332993 0.821825287199 -0.221759833145 0.073426042664
47.5 0.029649816332 -0.022413229326 0.720809302724 -0.521630860823 0.821570145241 -0.217835709669 0.073968541141
47.6 0.030505114700 -0.023452638201 0.715430619920 -0.525265399892 0.819227251830 -0.217143886242 0.076233209320
47.7 0.031805770178 -0.026748891294 0.717912820292 -0.524718488417 0.821630986559 -0.205706514019 0.085310374110
47.8 0.031693513460 -0.033744339528 0.720336638361 -0.525021744917 0.822274570033 -0.200576585579 0.089362923847
47.9 0.033891301243 -0.042419070105 0.716665878622 -0.526991291881 0.822840884724 -0.191630875997 0.092144799495
48.0 0.036057152104 -0.048682647674 0.714437749331 -0.529296549857 0.822916936862 -0.187092126065 0.087460926706
48.1 0.036957921388 -0.046065749048 0.712217957010 -0.526401544217 0.822633251268 -0.191914094969 0.096669169370
48.2 0.036809675442 -0.042809990825 0.715703637370 -0.526844149655 0.822949350335 -0.189337451328 0.096648529643
48.3 0.035708892321 -0.035237119117 0.719363000690 -0.526656545221 0.821941220848 -0.192959565823 0.099056139661
48.4 0.036124473771 -0.033117273091 0.728120373713 -0.527893387492 0.819858279626 -0.203729653413 0.087494006035
48.5 0.034184081267 -0.037880104743 0.731568189677 -0.527838299988 0.821155759863 -0.193563083398 0.098098317290
48.6 0.034332989336 -0.052545936406 0.722346934185 -0.521522353587 0.827963692557 -0.173228346715 0.111725101974
48.7 0.038253934174 -0.065110855274 0.726101475623 -0.522245700264 0.826153459016 -0.187099327819 0.098608986612
48.8 0.036527520713 -0.054580831526 0.724028200956 -0.519160286172 0.827918261998 -0.185437982652 0.103134394370
48.9 0.033428976719 -0.045481489731 0.725361437741 -0.515535190331 0.829268157668 -0.195514169296 0.091170169532
49.0 0.029023012216 -0.044080350431 0.732437102301 -0.507776859213 0.831492195588 -0.202292650794 0.099302937308
49.1 0.031569277068 -0.043744571142 0.729949023048 -0.502871014792 0.835387226864 -0.202351363775 0.091119971761
49.2 0.034964670116 -0.044861998603 0.727371327784 -0.499843276543 0.836833950932 -0.202831720857 0.093407336313
49.3 0.040062403758 -0.052103864618 0.727915515016 -0.496488480494 0.843849451118 -0.178349458003 0.098024300122
49.4 0.043397203039 -0.062433437289 0.731943570230 -0.497670539835 0.842899036029 -0.181101806088 0.095117741107
49.5 0.043301861283 -0.067873992850 0.727282838375 -0.496024773942 0.844820952575 -0.179248304969 0.090039029827
49.6 0.043263770034 -0.071522801151 0.723101623512 -0.497905455391 0.842467501396 -0.182205881660 0.095601690739
49.7 0.043820947975 -0.074500289734 0.720369916253 -0.497137535831 0.844405515926 -0.174487619831 0.096889966801
49.8 0.042689080512 -0.069397433273 0.712591699317 -0.496897944586 0.845262261926 -0.163736445747 0.108694606881
49.9 0.043945091953 -0.062061782129 0.719536537058 -0.495151053632 0.843259842344 -0.186998672881 0.093647043299
50.0 0.043578251619 -0.053206657968 0.726363234884 -0.496989805608 0.841091893287 -0.195903057606 0.084779432588
50.1 0.042481323484 -0.053710369966 0.729387392512 -0.494907968119 0.842125308511 -0.196701894558 0.084849469854
50.2 0.038874059948 -0.052401983902 0.723165744802 -0.493356239176 0.843961407205 -0.186050071821 0.098560312445
50.3 0.037883813148 -0.048826249238 0.728176854205 -0.500723437344 0.839280539434 -0.185997485338 0.101435451742
50.4 0.033473368934 -0.044229636902 0.730126346852 -0.506307768489 0.835221740878 -0.188657865618 0.102300033590
50.5 0.030964587263 -0.042931272051 0.737632566668 -0.498848998820 0.837808110125 -0.195721273691 0.104500861287
50.6 0.034125104681 -0.048955289406 0.746024559234 -0.498984861676 0.837448690446 -0.205141090425 0.087240653986
50.7 0.040684258106 -0.055679350632 0.743432654890 -0.500291299876 0.838116226071 -0.201156128925 0.082498597929
50.8 0.040263584598 -0.059783481335 0.738143554944 -0.495252150873 0.842093172355 -0.192680419577 0.092079596223
50.9 0.046272203761 -0.059109802012 0.741978899805 -0.498815563008 0.839927437093 -0.196543505210 0.084116497067
51.0 0.051863238681 -0.057580693370 0.740456846589 -0.493845925502 0.842503079875 -0.191951957125 0.097258461958
51.1 0.051218748594 -0.051154604516 0.739206913226 -0.493380358159 0.843242648609 -0.189685482870 0.097657950714
51.2 0.053680007476 -0.046509658471 0.741951266154 -0.494358732331 0.842252106922 -0.196051686631 0.088230200736
51.3 0.056631832017 -0.039393178141 0.739003679442 -0.492735161714 0.842192588725 -0.202216708115 0.083857658361
51.4 0.054432806348 -0.037281509076 0.743710268431 -0.494412746695 0.842108719494 -0.200759643349 0.078131338521
51.5 0.051200538959 -0.035472790715 0.740602629805 -0.492919611814 0.841692861213 -0.201044626282 0.090357301392
51.6 0.049209029485 -0.037733532548 0.744192688676 -0.490688131813 0.844968887050 -0.198029469705 0.077698560759
51.7 0.048549564632 -0.049471986206 0.747381751292 -0.489720553109 0.845343518281 -0.195271354104 0.086239284724
51.8 0.047248312601 -0.052079666093 0.737008180651 -0.485082157149 0.848296584564 -0.190214099167 0.094375854491
51.9 0.044172203978 -0.053118919178 0.735996644538 -0.482724576657 0.849759624235 -0.191414123331 0.090808576147
52.0 0.042323429475 -0.061268526715 0.736855684690 -0.481431687234 0.853557080898 -0.174577004609 0.095847324625
52.1 0.041873837685 -0.068638846449 0.737014651784 -0.476610155736 0.853950726590 -0.184430055735 0.097961576896
52.2 0.041325821774 -0.070234105674 0.742795483546 -0.476207700805 0.852594998749 -0.194610462148 0.091840959411
52.3 0.040551860214 -0.071629702441 0.738900780803 -0.471714552179 0.855995378227 -0.187397850289 0.098180137623
52.4 0.040235639451 -0.074535567893 0.737876394595 -0.469305343677 0.859001953498 -0.178434133245 0.100146884007
52.5 0.037004228509 -0.071851241392 0.734004674410 -0.469300635416 0.859413296127 -0.180079091139 0.093473102938
52.6 0.037488604680 -0.064234597262 0.734157841774 -0.472033338116 0.856075201040 -0.185019764480 0.100436371013
52.7 0.036144717380 -0.056995962609 0.737984633706 -0.476065388141 0.854213923961 -0.186816313123 0.093701566025
52.8 0.036583731832 -0.049690881434 0.738760426377 -0.475609872210 0.851875860157 -0.197166548003 0.096063107831
52.9 0.036562614302 -0.046639310592 0.742715659863 -0.474778833348 0.852828803231 -0.198805975616 0.088001567280
53.0 0.033662607590 -0.047458147202 0.743826517182 -0.470503384295 0.854672682649 -0.198638209687 0.093295404778
53.1 0.030815676878 -0.049196074407 0.746574107019 -0.468528754384 0.855243703537 -0.201107799780 0.092707425506
