0.0 -0.086127497450 -0.108450955519 0.708659492742 0.029390679994 0.929547222238 0.353164146156 0.101750849772
0.1 -0.088550162525 -0.108180083728 0.712687797502 0.027555048605 0.929840588138 0.351575905026 0.105031342715
0.2 -0.087162524787 -0.107316810999 0.710941038168 0.029132638877 0.927029206469 0.361265027430 0.096206650819
0.3 -0.085393968688 -0.108697723393 0.712312696924 0.026911157736 0.928482093819 0.356670921980 0.099913184619
0.4 -0.084102232223 -0.111989901299 0.718596783916 0.023548141768 0.930452711111 0.353660986052 0.092882422184
0.5 -0.085092448070 -0.111765332996 0.716036064030 0.027158004709 0.929642559273 0.353793129365 0.099285328130
0.6 -0.086077098260 -0.105504787665 0.708858145114 0.030531930192 0.926410258043 0.362347763158 0.097652104773
0.7 -0.090090460899 -0.099369810163 0.710568227669 0.029434895116 0.925528879873 0.364195148493 0.099457394319
0.8 -0.092165644517 -0.096308153656 0.713205410755 0.032028643701 0.929892835810 0.349235559637 0.110941443009
0.9 -0.094125997486 -0.094731386740 0.711267262890 0.034757761656 0.927698979307 0.357404568622 0.102119910523
1.0 -0.098095656963 -0.094309807778 0.715326775487 0.031950913720 0.931356289134 0.344636927292 0.113048618522
1.1 -0.100049256284 -0.096137773361 0.714859893678 0.033500218609 0.931581895889 0.344333949165 0.111655891274
1.2 -0.100508527564 -0.097154233187 0.711672911790 0.032022242320 0.929945819145 0.349067783739 0.111027166978
1.3 -0.100928891812 -0.096202323642 0.712920690036 0.036180831173 0.929014451887 0.352846735322 0.105462206564
1.4 -0.099457682871 -0.093182279656 0.712486396011 0.034623382868 0.929112825150 0.353375586971 0.103326056893
1.5 -0.100501989396 -0.092034572027 0.716101705630 0.035717134070 0.931836264443 0.345175284599 0.106110722857
1.6 -0.099400167156 -0.093597556123 0.714416961149 0.036229244869 0.929688548350 0.350230327737 0.108191323200
1.7 -0.097891324856 -0.091982100763 0.713284622832 0.031880675154 0.927094071363 0.356990871036 0.109716559334
1.8 -0.097735613797 -0.089902526988 0.716546659543 0.030103734580 0.931628808357 0.346098572153 0.106664459675
1.9 -0.097793433678 -0.087648675037 0.719430814937 0.030277642626 0.932693154592 0.344024013945 0.103991449472
2.0 -0.095457604465 -0.084464613068 0.717720260998 0.033938923263 0.930206398214 0.350394661423 0.103864274204
2.1 -0.093496704785 -0.080988086037 0.718939010642 0.030965445471 0.933812842762 0.341126905534 0.103281896765
2.2 -0.094150550509 -0.078328921154 0.713554230484 0.034026690750 0.931910086415 0.345630079306 0.104525707048
2.3 -0.097138484957 -0.078709315667 0.717022319610 0.030279710590 0.932061347324 0.347097898391 0.099336966351
2.4 -0.099855856520 -0.077483388676 0.715400084995 0.031693994174 0.931473580802 0.347577537691 0.102675772670
2.5 -0.103084561584 -0.077258150551 0.714157986556 0.028679469419 0.933263384516 0.341426887351 0.107817548428
2.6 -0.105477188164 -0.076523623178 0.712324814751 0.031401227733 0.927118746127 0.359135623533 0.102403112195
2.7 -0.107296483093 -0.075623150066 0.710661300917 0.033428084798 0.928720945475 0.353319195274 0.107356950563
2.8 -0.108103810208 -0.073479707122 0.714491099566 0.033638100135 0.930386554311 0.350339403832 0.102526288822
2.9 -0.108894987354 -0.073540962776 0.719115891764 0.030780227821 0.928189314329 0.355369671681 0.105969669201
3.0 -0.112781613152 -0.076047076182 0.717128617518 0.033964481990 0.926986037109 0.358751613346 0.104118110283
3.1 -0.116906543226 -0.077524281337 0.714740851903 0.032035698163 0.925413426828 0.361880641247 0.107824417371
3.2 -0.122866814233 -0.080113272807 0.724166484835 0.033251044557 0.928620672222 0.353182229901 0.108721330197
3.3 -0.126013139340 -0.079921848863 0.720723007219 0.032555682893 0.926819458839 0.357493029408 0.110202323716
3.4 -0.125428305978 -0.081252424786 0.725766739102 0.037532387197 0.926487113814 0.357901430749 0.110088662972
3.5 -0.123952141469 -0.079561288276 0.726897714909 0.040468423794 0.927417044353 0.354780246426 0.111314461171
3.6 -0.120516600346 -0.076715271772 0.725525319292 0.037481637043 0.926912016949 0.355570849438 0.114011450084
3.7 -0.119382092408 -0.075736544611 0.726125176014 0.034916153301 0.926376423483 0.358969975317 0.108388842022
3.8 -0.118950268625 -0.074940396993 0.727396567399 0.038955251374 0.927959182021 0.355568800122 0.104618704224
3.9 -0.117831214392 -0.074408826950 0.730108359522 0.040072085641 0.927155646667 0.356982938334 0.106488574710
4.0 -0.113690156536 -0.072410873573 0.725242585151 0.039544912084 0.924615790209 0.363800394021 0.105693489557
4.1 -0.108542560267 -0.072666449811 0.724299228469 0.037594073573 0.925654213661 0.362939914071 0.100127823998
4.2 -0.103128087190 -0.075364698678 0.730198958629 0.039859100404 0.927186944269 0.360573224096 0.093394713755
4.3 -0.103211792670 -0.076777622505 0.726312754567 0.037067820073 0.920938993204 0.376287077660 0.094368335253
4.4 -0.105521357819 -0.078411833377 0.727145903806 0.040642650970 0.924375567003 0.366749919825 0.096811581740
4.5 -0.107507138523 -0.079075712527 0.726858529574 0.036392056520 0.923953279994 0.368679919303 0.095189661798
4.6 -0.107573617467 -0.076509329630 0.729517012099 0.034356280289 0.925863736475 0.365156799652 0.090865280243
4.7 -0.103175415377 -0.074685869366 0.732979989638 0.035596560280 0.925910670253 0.364894875590 0.090961779753
4.8 -0.100103146399 -0.071210586297 0.733800227800 0.038956762383 0.925925244092 0.363819440892 0.093702867866
4.9 -0.098390610978 -0.072403382335 0.741840603429 0.038112965494 0.923706763230 0.372336566231 0.081723306783
5.0 -0.099195393323 -0.075982310908 0.734917520809 0.037316837268 0.924347149411 0.369058324095 0.089363048565
5.1 -0.098735627940 -0.076361785312 0.733612258939 0.039242748871 0.923039914172 0.373539580547 0.083219620711
5.2 -0.094377874951 -0.072166321106 0.739836733999 0.041411106342 0.923929519624 0.371846329523 0.079810213999
5.3 -0.091731989195 -0.067704121771 0.744038417818 0.041267566257 0.925230370518 0.369610176651 0.075060420739
5.4 -0.091010837822 -0.065466121694 0.746830208760 0.040682494712 0.926435641741 0.366988165921 0.073359542046
5.5 -0.085885748876 -0.064860257031 0.745029463749 0.042434242440 0.921797428243 0.379372236551 0.067568798179
5.6 -0.079660167201 -0.070222554427 0.746749480319 0.040127086858 0.922951773239 0.377279010498 0.064887513533
5.7 -0.078757116240 -0.072356574729 0.752334139180 0.040198196812 0.921526531081 0.381716962768 0.058865251401
5.8 -0.078398660235 -0.073345783459 0.748674922795 0.039887898003 0.922147872105 0.380883771121 0.054587640201
5.9 -0.078400488856 -0.071942451142 0.747844849355 0.038240080194 0.921495434322 0.382718757034 0.053946397517
6.0 -0.078577930261 -0.070888605754 0.748119988992 0.041081289591 0.920193869486 0.384937174451 0.058128667041
6.1 -0.080013258776 -0.071767252083 0.749835325017 0.039014687134 0.921373326341 0.382371308294 0.057803376100
6.2 -0.081811085635 -0.073408010649 0.747529657850 0.037148075411 0.918144451208 0.390414932528 0.056630095083
6.3 -0.080517612056 -0.076821832153 0.743803097109 0.035439961316 0.915477933468 0.397674194071 0.049993978086
6.4 -0.076806768520 -0.081913800069 0.743763450346 0.034537925263 0.914855906127 0.399650664347 0.046099340893
6.5 -0.071554756065 -0.089326070057 0.749333004782 0.031548557002 0.914903206983 0.400695974231 0.037410515073
6.6 -0.068029190900 -0.094209714196 0.752957738199 0.029014381753 0.913537318679 0.404275979587 0.034185747921
6.7 -0.063991804923 -0.098813360918 0.746021405658 -0.025379491840 -0.910224305152 -0.412476616838 -0.026657761825
6.8 -0.055276141910 -0.097904342903 0.744198973784 0.020651240332 0.908995808950 0.415676929339 0.022645882596
6.9 -0.055957411548 -0.095449704891 0.750195134486 0.018959987092 0.914510086581 0.403433538273 0.023520217432
7.0 -0.058416462500 -0.093411583286 0.746622384187 -0.017959455238 -0.914152058662 -0.404300332891 -0.023339075294
7.1 -0.061009327580 -0.093976932468 0.752178264842 -0.016761721934 -0.915179659154 -0.402031776010 -0.023144917950
7.2 -0.062312398917 -0.094716357526 0.747586840807 -0.017184012218 -0.912670769287 -0.407891454208 -0.019008897843
7.3 -0.065810822660 -0.096894525465 0.752417767609 0.019773229678 0.913348134527 0.406228944994 0.019551183923
7.4 -0.065639636651 -0.098302656976 0.744426488731 -0.014648502394 -0.909805955561 -0.414253337963 -0.020801841042
7.5 -0.063962469749 -0.098430279676 0.747060772878 0.013335060425 0.907999729416 0.418454917228 0.015942076147
7.6 -0.060211450405 -0.100079972915 0.746416897491 -0.010075898115 -0.909166838076 -0.416024066765 -0.015430900606
7.7 -0.058441452643 -0.100244466494 0.747316307051 -0.010680579891 -0.913905618317 -0.405683901032 -0.009111446934
7.8 -0.053302358905 -0.097253112439 0.741745217014 -0.011410242759 -0.908529753406 -0.417614648494 -0.006441963894
7.9 -0.048545681153 -0.097956450298 0.747886912567 -0.008328907261 -0.911725569350 -0.410709748222 -0.002149002868
8.0 -0.043490844364 -0.095671646614 0.744851317246 -0.005383482505 -0.913612179887 -0.406540330754 0.002960126562
8.1 -0.042006844858 -0.093099386349 0.748627441112 0.001540246807 -0.912776642185 -0.408389895549 0.007356788360
8.2 -0.041110944873 -0.092763008987 0.743425226096 0.003351018248 -0.911139647552 -0.411963230473 0.009980484636
8.3 -0.042913915597 -0.092513990877 0.743132786971 0.007185216971 -0.912515612342 -0.408819308014 0.011419425715
8.4 -0.045523752687 -0.089701382402 0.740860961217 -0.011694847834 0.911340901001 0.411427066052 -0.006982980483
8.5 -0.047164741850 -0.085575580547 0.740263372834 0.014116629346 -0.911252857372 -0.411368471023 0.013961796292
8.6 -0.049720344982 -0.084099222707 0.739393737173 0.014070677266 -0.912248731815 -0.409161210046 0.013833710160
8.7 -0.049541480330 -0.083717530875 0.739094042568 0.014626824022 -0.912579272223 -0.408323573818 0.016030813849
8.8 -0.048878293077 -0.082995443829 0.734840496614 0.015367442726 -0.911456455336 -0.410690916528 0.018545695237
8.9 -0.047180600304 -0.081086864705 0.734471216252 0.018547277830 -0.913136956755 -0.406692018529 0.020940361928
9.0 -0.043593534048 -0.081482197613 0.733303204461 0.019822123573 -0.911619974755 -0.409836870660 0.024286714339
9.1 -0.041423057268 -0.082215184878 0.727760272392 0.018995250012 -0.910135628677 -0.412941819989 0.027773570045
9.2 -0.037786108745 -0.083096615953 0.731848449023 0.021477533380 -0.909996171965 -0.412527539986 0.035590888180
9.3 -0.034937296133 -0.082794394889 0.730186991639 0.022419727306 -0.910686523888 -0.410948323459 0.035621432901
9.4 -0.034608730939 -0.082929369319 0.727111585176 0.025300465882 -0.909492490484 -0.412799451158 0.042188971353
9.5 -0.035442765877 -0.082763380500 0.724187805114 0.026834475868 -0.906802054179 -0.418567240027 0.042325063716
9.6 -0.035694705943 -0.081907639940 0.724256894295 0.032896625669 -0.907061872016 -0.417712063520 0.040904820538
9.7 -0.036984187838 -0.081989366382 0.718888526392 0.034967802983 -0.906334774031 -0.418625866687 0.045682752505
9.8 -0.036179172756 -0.080061198800 0.718229289711 0.036868126578 -0.905007295824 -0.421041727349 0.048232764573
9.9 -0.034486900417 -0.077988980246 0.720439288393 0.037187917155 -0.905469492848 -0.419306523407 0.054074908848
10.0 -0.031309111195 -0.075608900951 0.717275759786 0.036823376054 -0.906721050564 -0.415945761746 0.059077057527
10.1 -0.028713805600 -0.076121391179 0.722882869036 0.042138614791 -0.907160301247 -0.414132999000 0.061468562071
10.2 -0.027228388293 -0.078143484075 0.716219074238 0.041849025481 -0.904148625071 -0.420109382838 0.065360762699
10.3 -0.027247485072 -0.081538748815 0.717911700323 0.044515263576 -0.903726984891 -0.420474016758 0.067063621431
10.4 -0.026819578147 -0.082803332646 0.715085371420 0.044995248214 -0.902012489896 -0.422908634965 0.074142984704
10.5 -0.028476996524 -0.084681629490 0.717439248085 0.048881233023 -0.904278268856 -0.417642413345 0.073934106537
10.6 -0.029734468871 -0.083406817494 0.715149904301 0.047378459647 -0.903452252965 -0.419176856589 0.076289390309
10.7 -0.029436113881 -0.082962993028 0.712199798710 0.047933480959 -0.902316654132 -0.421988096148 0.073844998398
10.8 -0.028039767299 -0.080003097494 0.715546417419 0.046139289262 -0.903461488209 -0.417639974927 0.084884372253
10.9 -0.025825441850 -0.077597596823 0.713857547106 0.047678723532 -0.902929408791 -0.416674180531 0.093956635430
11.0 -0.021925132619 -0.078483693571 0.716467883121 0.052651258994 -0.904551099431 -0.413218688490 0.090914624385
11.1 -0.019028750742 -0.077506454987 0.712708855324 0.052916252447 -0.902982353387 -0.415479534595 0.095914003307
11.2 -0.016843713942 -0.078452486114 0.717014415364 0.054066846639 -0.902465789452 -0.417508256637 0.091209268192
11.3 -0.016861398127 -0.080500244976 0.715995952918 0.053438982156 -0.901268523423 -0.417146356188 0.104154891354
11.4 -0.016768238132 -0.082911954788 0.710011757349 0.057959279999 -0.901251840041 -0.413819405558 0.114626970073
11.5 -0.022026485942 -0.083183396897 0.710973722109 0.063188951631 -0.902258313327 -0.412570539652 0.108271151448
11.6 -0.026439377800 -0.087229707899 0.714449690825 0.061291981771 -0.896912663408 -0.422793162507 0.114179284138
11.7 -0.030136746871 -0.094261093132 0.717562481517 0.062176163196 -0.895858331373 -0.425991628510 0.110014123088
11.8 -0.030419318512 -0.096995561997 0.711229562099 0.065249478896 -0.895775194000 -0.424641222278 0.114057615532
11.9 -0.027931335728 -0.097641116417 0.706242076992 0.067551796816 -0.895057000854 -0.424318389967 0.119430414489
12.0 -0.025497025325 -0.098669421777 0.713165680488 0.071725545698 -0.898950008893 -0.416001949947 0.116990192944
12.1 -0.025341208115 -0.099983755447 0.709390492622 0.072343794506 -0.895797042040 -0.421595374202 0.120711951853
12.2 -0.023818396279 -0.098377443687 0.708505131285 0.075078036836 -0.895452966551 -0.421916618844 0.120472568755
12.3 -0.022869485266 -0.098527837121 0.714507094605 0.075088783448 -0.894955307204 -0.423287297259 0.119350478366
12.4 -0.021203736582 -0.097525092248 0.709261143121 0.075668225691 -0.893890270718 -0.423787481795 0.125054683279
12.5 -0.020896402548 -0.098712841940 0.709886733093 0.083567220219 -0.896930899996 -0.416161944313 0.123857645878
12.6 -0.019504000965 -0.099971407839 0.712201199282 0.083602679151 -0.895077620610 -0.420430677230 0.122819749088
12.7 -0.018505904546 -0.103505082228 0.711840937152 0.085251816232 -0.894446435709 -0.420758855607 0.125138670703
12.8 -0.015632208196 -0.104367161867 0.711035916372 0.087564079223 -0.893705907482 -0.422011938398 0.124612225768
12.9 -0.015886064312 -0.100270350410 0.702173520233 0.089660144241 -0.891505521385 -0.423333031935 0.134045171294
13.0 -0.018154179258 -0.100926906144 0.707565708305 0.090958292825 -0.892445156881 -0.421194629414 0.133653713298
13.1 -0.022959343511 -0.103498181543 0.707736125303 0.091548315630 -0.890461995850 -0.426494927719 0.129608705273
13.2 -0.025566712610 -0.102961491626 0.710520259807 0.099525355717 -0.889380241325 -0.426445543700 0.131307608952
13.3 -0.027230671229 -0.101075983923 0.703114253772 0.097770524278 -0.893803518441 -0.416725491920 0.133776154040
13.4 -0.027250214333 -0.101263545940 0.702570028295 0.098245694986 -0.890629482051 -0.422430633200 0.136672123175
13.5 -0.027132472014 -0.104004587489 0.707287492132 0.101033392251 -0.889883733343 -0.423210841878 0.137083106543
13.6 -0.028104350274 -0.106433168994 0.707181130614 0.102899873083 -0.886798280537 -0.426480747475 0.145308629442
13.7 -0.026438981465 -0.115851013062 0.703994636473 0.107717250793 -0.886579635717 -0.425162488959 0.147004766576
13.8 -0.027201920110 -0.119790675692 0.701214929942 0.114936705956 -0.884602346945 -0.428898731434 0.142527609881
13.9 -0.029839293719 -0.123263977675 0.705988855278 0.109018923078 -0.886560462526 -0.426794332291 0.141322392498
14.0 -0.029046735663 -0.124513765334 0.696068413200 0.114020343245 -0.883851207708 -0.427921292435 0.150631243238
14.1 -0.028476967385 -0.123475230876 0.698109384716 0.116155358005 -0.885264616241 -0.425766580444 0.146755957342
14.2 -0.024272741745 -0.121691054947 0.697710425464 0.113029422471 -0.881771125149 -0.434061821956 0.145925896363
14.3 -0.024722127782 -0.120967213247 0.696795082815 0.111884644341 -0.883195448963 -0.428543542235 0.154266191048
14.4 -0.024032997243 -0.122712520352 0.698480160573 0.116462160125 -0.884387771410 -0.426826360365 0.148708080270
14.5 -0.022471665419 -0.133039400814 0.696534098097 0.129258888191 -0.882387588726 -0.423667275078 0.158714596413
14.6 -0.019996855004 -0.138687188548 0.687006004476 -0.131289675179 0.879425695378 0.431088180909 -0.153415930660
14.7 -0.014799723110 -0.136121819402 0.686099340905 0.125222115967 -0.879198552758 -0.432206291835 0.156611135617
14.8 -0.011595357726 -0.131619457754 0.693950448624 -0.126188367798 0.884902012443 0.423459973242 -0.147331514853
14.9 -0.010517929114 -0.129788162242 0.702293828824 -0.124613859100 0.891088451694 0.407686349659 -0.155642531718
15.0 -0.011198343017 -0.127050200312 0.710489121396 0.115630949089 -0.891702655839 -0.411290573702 0.149452069798
15.1 -0.013219845846 -0.124892696120 0.716796787215 0.114342005690 -0.896903479771 -0.400692513483 0.148106594546
15.2 -0.016839241306 -0.123520281388 0.723949219512 0.110558830995 -0.897636046675 -0.402207423064 0.142321682928
15.3 -0.017197510728 -0.122674764897 0.730648300020 0.107660315524 -0.904839194058 -0.387766889311 0.138968085944
15.4 -0.018267171170 -0.122817578866 0.733493798968 0.109531961660 -0.901191311274 -0.396338709584 0.137013127634
15.5 -0.015386918143 -0.120111697809 0.729355160020 0.105686101048 -0.898194106442 -0.399831498968 0.149038812500
15.6 -0.010820015326 -0.118816476782 0.743633934596 0.103620400807 -0.905652092395 -0.384321658296 0.146129952583
15.7 -0.006601582399 -0.115513338567 0.740998069897 0.101440733792 -0.903957644939 -0.385983248129 0.153581528344
15.8 -0.001050549501 -0.110467690089 0.741946903233 0.099976641793 -0.907156988482 -0.377302309937 0.157206349301
15.9 -0.000395941733 -0.107874604323 0.748733835716 0.097269775386 -0.908497740972 -0.374242250849 0.158471395288
16.0 0.000628581715 -0.105853337512 0.753234839710 0.098017123741 -0.912166255371 -0.365998211552 0.156175142572
16.1 0.000638193288 -0.106831394842 0.758121217663 0.097153457752 -0.912486412073 -0.361877391660 0.164239175702
16.2 -0.002715918932 -0.108861076118 0.754441770303 0.095817496832 -0.909921179985 -0.373456487885 0.152946739661
16.3 -0.006458662393 -0.107187780184 0.756378005013 0.091789038966 -0.911961397009 -0.367811400257 0.156894730734
16.4 -0.005282817440 -0.102845630485 0.760081075693 0.091217371452 -0.913197907566 -0.364500642176 0.157760117315
16.5 -0.008592336077 -0.096776739292 0.757248644334 0.091405787881 -0.909612610496 -0.367589393388 0.170669032447
16.6 -0.010363123131 -0.091041436505 0.753314497663 0.092539478126 -0.910072442502 -0.368327530928 0.165950065827
16.7 -0.017654472877 -0.086069433217 0.750843407152 0.098851832245 -0.908950833997 -0.364057882234 0.177478322681
16.8 -0.020964451129 -0.079345203083 0.749719854420 0.092672142577 -0.910061536697 -0.361793988572 0.179735870788
16.9 -0.020243816442 -0.071615019538 0.747995608100 0.100545550523 -0.909676030324 -0.356029321925 0.188741182720
17.0 -0.017738270202 -0.066868653248 0.749654347533 0.099939063009 -0.906554405956 -0.362914115228 0.190957161937
17.1 -0.016301682592 -0.069703554252 0.748695597331 0.100152729336 -0.901590946178 -0.369752559600 0.200963283328
17.2 -0.017396245434 -0.075854148896 0.743218526860 0.105706956760 -0.898585833910 -0.371070170319 0.208989155433
17.3 -0.017053770470 -0.082525899334 0.736378333696 0.108629586423 -0.892898843834 -0.376369602374 0.221984661728
17.4 -0.014707652100 -0.088802602473 0.738056343325 0.116546828178 -0.891316723844 -0.380492388739 0.217248421742
17.5 -0.011515192509 -0.091353616466 0.729797464525 0.121197345606 -0.885160824911 -0.382625895777 0.235369797002
17.6 -0.005040986570 -0.093459449887 0.725027521543 0.124149504511 -0.883874150668 -0.382869063059 0.238253366949
17.7 0.002517314164 -0.092004433579 0.721413397754 0.125326932698 -0.879676008538 -0.382940779337 0.252625492504
17.8 0.013795785372 -0.084406890302 0.710694863802 0.130373233054 -0.873667425898 -0.390435150022 0.259361605978
17.9 0.021725197985 -0.077557607721 0.713379703861 0.135703459617 -0.873826105697 -0.374375327923 0.279026202880
18.0 0.027774606825 -0.071873334257 0.708959510443 0.138184431897 -0.873608285241 -0.373275984311 0.279961901473
18.1 0.030281613620 -0.069843472915 0.717122704135 0.144085584633 -0.874342162205 -0.363116009340 0.287944250597
18.2 0.026642158130 -0.074877723200 0.711292305600 0.143258525020 -0.872019276566 -0.369649321656 0.287086668631
18.3 0.018625383750 -0.078390392030 0.710068039636 0.144912362153 -0.868434831238 -0.374666206687 0.290596945536
18.4 0.012715083588 -0.080281984845 0.712201986304 0.144635989518 -0.869739528109 -0.373867398250 0.287848488456
18.5 0.011710435678 -0.080651175893 0.714743220941 0.141345727675 -0.870920133082 -0.371771216356 0.288627215885
18.6 0.013979253835 -0.075755455652 0.709894202427 0.138870753308 -0.869786485411 -0.368680136655 0.297088102266
18.7 0.021397490192 -0.068282215147 0.713950740941 0.130991349059 -0.869767178630 -0.370683277655 0.298228484751
18.8 0.034138979204 -0.063255829873 0.706295584146 0.124563352253 -0.863200095828 -0.378617603230 0.309868159647
18.9 0.045207931866 -0.061075158987 0.721250963561 0.119259692377 -0.866077034612 -0.373299562497 0.310379014321
19.0 0.050294344097 -0.060942251556 0.732404422991 0.120993346832 -0.871854558416 -0.361782515433 0.307154115256
19.1 0.046897820544 -0.064690921112 0.722254832486 0.125355953170 -0.869258248245 -0.367408537884 0.306083238929
19.2 0.039347748789 -0.071643360542 0.722651830772 0.124401672637 -0.869517153172 -0.373026214551 0.298857135505
19.3 0.034506722218 -0.076907845961 0.724572828805 0.125496691412 -0.871143827928 -0.370855347757 0.296353374449
19.4 0.032876292829 -0.080565033358 0.733423402277 0.125466694281 -0.871666798515 -0.374286654663 0.290455850576
19.5 0.029086942794 -0.083731242859 0.725535030057 0.125540401415 -0.869592429730 -0.378518963491 0.291156329222
19.6 0.022562841272 -0.090327271948 0.724635457007 0.127309783744 -0.868642007355 -0.383663185744 0.286453908902
19.7 0.015367879425 -0.096516165785 0.725852691805 0.125742552900 -0.871139506568 -0.384474074370 0.278360300016
19.8 0.011190573747 -0.102209418733 0.732653039592 0.127080877387 -0.870251749993 -0.385344335585 0.279324337051
19.9 0.008414908068 -0.106838376995 0.734852372245 0.129747507633 -0.870721718227 -0.383622321805 0.279003920913
20.0 0.006124377611 -0.111773998984 0.734968548579 0.125697169135 -0.868508366738 -0.393960225495 0.273292479416
20.1 0.002643059964 -0.115736438354 0.730914516136 0.127766733803 -0.868264313568 -0.391292660058 0.276916589792
20.2 -0.000778983967 -0.117721289981 0.732748076041 0.124465892079 -0.868237309363 -0.397039719175 0.270243737646
20.3 -0.004987359954 -0.118590606072 0.733775269424 0.129998777991 -0.870079535458 -0.394433789425 0.265488051442
20.4 -0.006874219896 -0.118527387203 0.731376038195 0.125544658769 -0.868259833764 -0.399806336912 0.265552805845
20.5 -0.008382858138 -0.119185868693 0.733662364967 0.127155521515 -0.869070855935 -0.396322224958 0.267349985443
20.6 -0.012176587746 -0.120248006634 0.729384417546 0.128829803881 -0.870307302144 -0.390685394629 0.270800671879
20.7 -0.019266630548 -0.128609909084 0.726037900877 0.134670644326 -0.865818153286 -0.397678233804 0.272166796938
20.8 -0.026483388558 -0.128531483758 0.728980049185 0.139711653657 -0.868606183066 -0.391780561226 0.269280419670
20.9 -0.023227949157 -0.119850161069 0.722544408562 0.136788059942 -0.867223622748 -0.390490184397 0.277001138437
21.0 -0.016156020866 -0.116712679231 0.730416730138 0.133836436404 -0.866531696845 -0.389476874750 0.281990054238
21.1 -0.016682120215 -0.116129073923 0.731708677374 0.136696324156 -0.867982643025 -0.386540462433 0.280190501752
21.2 -0.019083128605 -0.111474059445 0.735516120274 0.137690984360 -0.868851886386 -0.381585382419 0.283778414037
21.3 -0.018199946587 -0.104045373996 0.735830672102 0.133114845861 -0.871194307252 -0.377108109658 0.284763744977
21.4 -0.016041886440 -0.100781814980 0.736856406060 0.131483061144 -0.869319881300 -0.376234527189 0.292305882868
21.5 -0.015073880127 -0.100816322122 0.737616509174 0.131791200699 -0.867887237565 -0.376508002339 0.296048216452
21.6 -0.014386726405 -0.101107692537 0.740758096643 0.131242146496 -0.869460551518 -0.370985028643 0.298636831052
21.7 -0.011035612505 -0.104460720215 0.746963555847 0.134838147862 -0.867671072243 -0.371101001228 0.302075538833
21.8 -0.002795291625 -0.102827946955 0.744904524353 0.134430644278 -0.863169517127 -0.376813695925 0.308023091903
21.9 0.006458136630 -0.098868597032 0.727910981324 0.135142053013 -0.859994832260 -0.372229815714 0.321854747188
22.0 0.016989883518 -0.098428439711 0.743797758950 0.136678125144 -0.860142436132 -0.371421052995 0.321745988421
22.1 0.022620409111 -0.096879740167 0.732902067086 0.141278302199 -0.857343338843 -0.366508367480 0.332677707754
22.2 0.030290429962 -0.095267906040 0.741818993670 0.140170573828 -0.856280489079 -0.364819910343 0.337701595012
22.3 0.032270244491 -0.101542304682 0.745278077621 0.144280615765 -0.857019477015 -0.359793844039 0.339483592716
22.4 0.030919889347 -0.103906188057 0.740828866798 0.144466883647 -0.855662533119 -0.363298110798 0.339095018595
22.5 0.038442897316 -0.100588845998 0.732180611971 0.137900038669 -0.848541516466 -0.366791635831 0.355562610595
22.6 0.047641087482 -0.096157417733 0.743359992473 0.140230662342 -0.853611002766 -0.357196857728 0.352269814382
22.7 0.050210923282 -0.093078411240 0.741172051508 0.138648581932 -0.853474259648 -0.355672574140 0.354760875593
22.8 0.049390144303 -0.089554901248 0.740884534899 0.137792415845 -0.851821401116 -0.352868868353 0.361797059805
22.9 0.047982660062 -0.084585986362 0.736673172652 0.130232003538 -0.851790902499 -0.350170064606 0.367250336321
23.0 0.050997458710 -0.081222149495 0.742613267316 0.130754980905 -0.853287718887 -0.344241759683 0.369189402144
23.1 0.051004004048 -0.073576876146 0.727824791944 0.130785490533 -0.853072149383 -0.334504320212 0.378510136155
23.2 0.048671147757 -0.066690685906 0.745164020201 0.125542902009 -0.860281327509 -0.333414715796 0.364677452807
23.3 0.050836102957 -0.061855252736 0.749079431688 0.116618454897 -0.861069065488 -0.331842850813 0.367206376308
23.4 0.053907382274 -0.068088407789 0.761122102137 0.116146892302 -0.861345511367 -0.330221517468 0.368167840608
23.5 0.058200907923 -0.074689453924 0.745992710579 0.115313071156 -0.852989849982 -0.338766187653 0.379932469726
23.6 0.068334321060 -0.078360470336 0.755827058484 0.121868129780 -0.853844122099 -0.334149251163 0.380056116972
23.7 0.077241014620 -0.078459361435 0.769826408536 0.119019996997 -0.856794188825 -0.330588253435 0.377424648111
23.8 0.085039041789 -0.077051273607 0.768625416010 0.113091087845 -0.853518424697 -0.334332523110 0.383325538600
23.9 0.095369093429 -0.079050343195 0.768730867366 0.115196365623 -0.851088012967 -0.330404623166 0.391422759332
24.0 0.104809404654 -0.078374917500 0.766873681777 0.109592075160 -0.848039224789 -0.336965663071 0.394047195388
24.1 0.108805000499 -0.085341924721 0.776269491176 0.118792429336 -0.848045728654 -0.330934285621 0.396471057512
24.2 0.101520033026 -0.089697977037 0.772680746716 0.123607550100 -0.851178091200 -0.327312917470 0.391258590546
24.3 0.089945524540 -0.093880600428 0.768232420651 0.118112508198 -0.851706087415 -0.330147618831 0.389421013618
24.4 0.081013743489 -0.097943325253 0.776688628629 0.125069994938 -0.853880575169 -0.330635077783 0.382002493519
24.5 0.071321858081 -0.105015556351 0.790930139836 0.119851458622 -0.857868869233 -0.329115354272 0.376004939660
24.6 0.061075401163 -0.109747780412 0.791726891197 0.127196733809 -0.858131231438 -0.331223532963 0.371110161207
24.7 0.050807119146 -0.110704655334 0.796383033481 0.120609250784 -0.861856615445 -0.333857777534 0.362209286765
24.8 0.049422979232 -0.102663230749 0.804303660824 0.118482366491 -0.868638781954 -0.320935411123 0.358370000423
24.9 0.046130605473 -0.101066328970 0.808234769465 0.119468038737 -0.868744977869 -0.316598943214 0.361627792494
25.0 0.047211870400 -0.099044504372 0.809342272114 0.114397981284 -0.866682991946 -0.320657707453 0.364626285394
25.1 0.048196892791 -0.098396591024 0.814159940826 0.112502278879 -0.871210485896 -0.309445164198 0.364114290939
25.2 0.051778097322 -0.090573278682 0.798202933700 0.106703614880 -0.866139829298 -0.322488500019 0.366629652416
25.3 0.060630646046 -0.086870133501 0.808508554765 0.109181108667 -0.868130543686 -0.313056759570 0.369356616181
25.4 0.061355682283 -0.086328939015 0.801998358816 0.114127604403 -0.867780784668 -0.308746957869 0.372299228687
25.5 0.064629988349 -0.083997247336 0.799051825961 0.112076667495 -0.863885080386 -0.314508730534 0.377128157139
25.6 0.066538207845 -0.079575030201 0.788173987863 0.115266968858 -0.861167358233 -0.301608900904 0.392602060489
25.7 0.066736120460 -0.075370594443 0.778182936678 0.121107624390 -0.858182599404 -0.302170171350 0.396924119877
25.8 0.072684202092 -0.066963653523 0.772054878489 0.116918640078 -0.854299963267 -0.297993568149 0.409513659976
25.9 0.075373585195 -0.060646019374 0.758568668226 0.119964520266 -0.853136510008 -0.302848750340 0.407491403083
26.0 0.083539173685 -0.066834945692 0.753211730778 0.125031871539 -0.841759076941 -0.313111001277 0.421628021324
26.1 0.081841254180 -0.078878513835 0.748135690723 0.129590347880 -0.846522095381 -0.302604320193 0.418374603877
26.2 0.074425499668 -0.088916869385 0.738388102904 0.138111481445 -0.840449057868 -0.311088478234 0.421656920413
26.3 0.069140374679 -0.093841952079 0.729844378616 0.133276019220 -0.838898090894 -0.315935600815 0.422696335367
26.4 0.065724434424 -0.097409868142 0.727682001625 0.141447946624 -0.838802656497 -0.315596710984 0.420477464158
26.5 0.062126027776 -0.097257095931 0.719813203314 0.142410370443 -0.835812491178 -0.320765202181 0.422192433673
26.6 0.059622654005 -0.095137125578 0.710571177424 0.142824790454 -0.833426318010 -0.324293883147 0.424069721902
26.7 0.056673816846 -0.090921375609 0.698100312935 0.151192261042 -0.830268154697 -0.315854874926 0.433625863484
26.8 0.055563550727 -0.094318156046 0.700742946231 0.154925009268 -0.825226465632 -0.319494616640 0.439229680078
26.9 0.053116463725 -0.094073577474 0.696456598801 0.153447600327 -0.826556244578 -0.324022625156 0.433898544466
27.0 0.052301895399 -0.094307690345 0.687414651773 0.157393557869 -0.823311120526 -0.325399374811 0.437608630665
27.1 0.053366235892 -0.093893906680 0.676024824751 0.163822162049 -0.819134513931 -0.320367116503 0.446705560712
27.2 0.059970667313 -0.093264952563 0.669912168377 0.171244363473 -0.810204076950 -0.322426610539 0.458569299550
27.3 0.067124295187 -0.088361853506 0.667165661033 0.184816721663 -0.808215631495 -0.305166755773 0.468512031405
27.4 0.072876956583 -0.081983892747 0.652151442631 0.182865101508 -0.797538575787 -0.318678461570 0.478473210236
27.5 0.084298418572 -0.079603068342 0.657669857319 0.185950223249 -0.790219248870 -0.326964301619 0.483808225080
27.6 0.091447622103 -0.073744812794 0.646750941012 0.190744636818 -0.789133682377 -0.313733494752 0.492398019019
27.7 0.098694117026 -0.071929671376 0.652017163764 0.201490039130 -0.782336045841 -0.316513377813 0.497163310367
27.8 0.101850266369 -0.069593200414 0.650746680259 0.204939732920 -0.781373357856 -0.312440397941 0.499836352457
27.9 0.104018306277 -0.069627029107 0.651254401567 0.208800334940 -0.776958782713 -0.317858124415 0.501700790151
28.0 0.104686552120 -0.069062069298 0.643955186050 0.209551185070 -0.774185239776 -0.312586559610 0.508935318189
28.1 0.105939697541 -0.070714190400 0.646735751600 0.212382514473 -0.776513455906 -0.311940101175 0.504592799813
28.2 0.106440193810 -0.071779674602 0.647766227512 0.214946545569 -0.772777043811 -0.315226968575 0.507193830197
28.3 0.105533031900 -0.075019133509 0.640974830671 0.219962038863 -0.771953001575 -0.313271411106 0.507509889364
28.4 0.105980382320 -0.078412665888 0.636869273791 0.225097669019 -0.769476110328 -0.315720503488 0.507501841094
28.5 0.103680766165 -0.080563107329 0.633369619331 0.225497576959 -0.760656777141 -0.320540308494 0.517499778556
28.6 0.101945042508 -0.086490882526 0.637606159181 0.229490492898 -0.761484304750 -0.323084619843 0.512925039074
28.7 0.100335074244 -0.089083060180 0.643010000989 0.226546464031 -0.758510810635 -0.328048263511 0.515482673416
28.8 0.096209866194 -0.092060042692 0.636743332613 0.239751256603 -0.758083212843 -0.320599022771 0.514825644235
28.9 0.092200759456 -0.096335414495 0.632484020459 0.236324012416 -0.754460661050 -0.328972122162 0.516446913945
29.0 0.091407981445 -0.099443735132 0.642006366336 0.243172059435 -0.751717341440 -0.328808499824 0.517371586514
29.1 0.091708053096 -0.099120958001 0.642693153116 0.244840512926 -0.751191569373 -0.328937426139 0.517266390767
29.2 0.090376035767 -0.098625650283 0.630511248760 0.246776975238 -0.746852681888 -0.330021312378 0.521917742010
29.3 0.091499297596 -0.097367185221 0.636912284906 0.254248581756 -0.743468602573 -0.326017486895 0.525665952771
29.4 0.092218054200 -0.094681471443 0.631529011448 0.255729033502 -0.740453620255 -0.322242610311 0.531498633842
29.5 0.092711305762 -0.095945235922 0.630637585552 0.262168453807 -0.737657305962 -0.319992669644 0.533604808977
29.6 0.090450695027 -0.096722105563 0.623398730927 0.260614717649 -0.737289252792 -0.326316183601 0.531038863909
29.7 0.088598603595 -0.099701420483 0.626687849985 0.264579100985 -0.739393796348 -0.327039940546 0.525680121872
29.8 0.088866953450 -0.100920468304 0.627771674507 0.269574014447 -0.737763216456 -0.323022213179 0.527912811904
29.9 0.091234856276 -0.104812817493 0.626867519804 0.269888495462 -0.733582172917 -0.325641841139 0.531953745071
30.0 0.091536807152 -0.101119622459 0.625016867819 0.277573444934 -0.728735263883 -0.323283030593 0.536083929970
30.1 0.090872499862 -0.101753262402 0.627788210150 0.277941986103 -0.731949633384 -0.322197065285 0.532153208834
30.2 0.091525562091 -0.104057148824 0.635962027299 0.284324177950 -0.732750695307 -0.319472294397 0.529314304996
30.3 0.095748611990 -0.106001625323 0.626252054157 0.288769854863 -0.723466163458 -0.319082641042 0.539810104981
30.4 0.096093686214 -0.100513364461 0.611947095093 0.282778263626 -0.718518130172 -0.333205024450 0.541056893419
30.5 0.106740725502 -0.097345396171 0.615140865560 0.276371504768 -0.716629904676 -0.330987973659 0.548185490842
30.6 0.114977233415 -0.096867693606 0.620187396905 0.283450887159 -0.713672551668 -0.319843546018 0.555001972640
30.7 0.115211456923 -0.097176201162 0.627151296764 0.285351529438 -0.713004095527 -0.320126841349 0.554723777980
30.8 0.110741485683 -0.099496738425 0.609139960181 0.289220683241 -0.708374068504 -0.323353392192 0.556776579263
30.9 0.109595328415 -0.104939438622 0.620017098827 0.291209594664 -0.713329602075 -0.317675933383 0.552666130795
31.0 0.104214702199 -0.103283185759 0.607142013273 0.290749140572 -0.710755333367 -0.323818090160 0.552660508660
31.1 0.104062534181 -0.105683670781 0.611885264919 0.297512774218 -0.710562934479 -0.322740907311 0.549931606720
31.2 0.104794414568 -0.106808863112 0.625738092405 0.300732322646 -0.709768051519 -0.322432665437 0.549387440171
31.3 0.100907120250 -0.107537348807 0.616896025686 0.301184723716 -0.708771336566 -0.321946084593 0.550710153600
31.4 0.099747733259 -0.107704220093 0.615785260373 0.306191669291 -0.709416766563 -0.321415150365 0.547418317279
31.5 0.099590035506 -0.107274842342 0.623708737963 0.301848603416 -0.709893208500 -0.324199477754 0.547570773293
31.6 0.097879985669 -0.102268602201 0.614655039665 0.305749140007 -0.708596240937 -0.316321259963 0.551678974777
31.7 0.099335052789 -0.100537009743 0.620739338454 0.311202949212 -0.707007297508 -0.313276678065 0.552404859368
31.8 0.096741115967 -0.097177402052 0.615240759200 0.312988317882 -0.704024359688 -0.312322026268 0.555736417506
31.9 0.092555215361 -0.096496215267 0.614157901119 0.321291347222 -0.699170568217 -0.309978043189 0.558431732157
32.0 0.086836925317 -0.090736526331 0.624535227609 0.321080429631 -0.706543391940 -0.297879850289 0.555851947739
32.1 0.080172562579 -0.087933827356 0.631459120853 0.324276606897 -0.705206905435 -0.299713277534 0.554706998347
32.2 0.074380675391 -0.088759215104 0.626410825816 0.314990389853 -0.710977748886 -0.309290766316 0.547385528454
32.3 0.068164336306 -0.083880287817 0.627271449225 0.324073104776 -0.713632253391 -0.295825737036 0.546070291252
32.4 0.063757236900 -0.077857502678 0.625006450883 0.320237351037 -0.714527655616 -0.302010819274 0.543771765911
32.5 0.064491304703 -0.072403186847 0.624146254561 0.318313451421 -0.713220289069 -0.297863427431 0.548881357402
32.6 0.064221183264 -0.067639780375 0.628457356092 0.315796905557 -0.715533322035 -0.297705742804 0.547408138594
32.7 0.065471775305 -0.064047992663 0.620656114537 0.306988180552 -0.719798912969 -0.296736913233 0.547352707324
32.8 0.066780753044 -0.064000458598 0.622804023844 0.302381783101 -0.720057141506 -0.300709113546 0.547409352538
32.9 0.067830174877 -0.065809900007 0.628773171557 0.300694605716 -0.722311465838 -0.304009097509 0.543532307268
33.0 0.067563760251 -0.067157264517 0.623694303658 0.289538557576 -0.726726323061 -0.311651353005 0.539360463157
33.1 0.068172163371 -0.070398464721 0.629455284493 0.288209071953 -0.725889544916 -0.313304521930 0.540240849959
33.2 0.065107109518 -0.072168511716 0.626054945811 0.280728390525 -0.728868199761 -0.319638850617 0.536445452312
33.3 0.062322177019 -0.071577165246 0.625548319715 0.276641842342 -0.729500297368 -0.323737951906 0.535249797479
33.4 0.060932266154 -0.075422180179 0.631304919198 0.276905627310 -0.735437764838 -0.321712387861 0.528162576401
33.5 0.059503902253 -0.077804352793 0.622075831363 0.275296911452 -0.733429602922 -0.321771112440 0.531748041183
33.6 0.059100508969 -0.087666882463 0.636823270214 0.265990529150 -0.734315091689 -0.341604893231 0.522815915443
33.7 0.056036571022 -0.089401103166 0.628799864768 0.260071416875 -0.739409413824 -0.343700295255 0.517210483184
33.8 0.054720085791 -0.093292892479 0.631501956901 0.253411395782 -0.740177622937 -0.353871260937 0.512537688053
33.9 0.053715455440 -0.096338981187 0.638115579413 0.244178846901 -0.745304356857 -0.348534294408 0.513246482694
34.0 0.052962742097 -0.099092955783 0.646182432659 0.243585362383 -0.745598951750 -0.354256360203 0.509166775858
34.1 0.051459188245 -0.099614548570 0.642311760236 0.243802455502 -0.747688090273 -0.354468198079 0.505841060913
34.2 0.052865784100 -0.106384412384 0.654434848881 0.246316580854 -0.748601648881 -0.357760015402 0.500930618617
34.3 0.052679659754 -0.111850476640 0.656038530822 0.252078926670 -0.752074387015 -0.352044244673 0.496895543265
34.4 0.050363959234 -0.114642398120 0.648578985608 0.242748496024 -0.749761116273 -0.358975060390 0.500068337551
34.5 0.049663377349 -0.116618823017 0.654916715497 0.237183748852 -0.750975857389 -0.363512952974 0.497631855813
34.6 0.049777648862 -0.116063651355 0.661096357974 0.229684603298 -0.755323025653 -0.362401019061 0.495376232080
34.7 0.045067461663 -0.116483997199 0.670276512703 0.224388943729 -0.759750986267 -0.368867550660 0.486173601575
34.8 0.040206181890 -0.110933999354 0.654100916682 0.214571907607 -0.763801229300 -0.367976966779 0.484932500979
34.9 0.033912250109 -0.111330411456 0.674520900550 0.207900924262 -0.777489869567 -0.368263970356 0.465476483347
35.0 0.027388819241 -0.107388134410 0.656526961828 0.192811274450 -0.777055247547 -0.378536427217 0.464455733062
35.1 0.020830914366 -0.114613233666 0.672438017609 0.183066104366 -0.788759636818 -0.380075649159 0.447087841118
35.2 0.015638679780 -0.115986552776 0.688164135646 0.170199768556 -0.813423751371 -0.360244159263 0.423790024901
35.3 0.015072172912 -0.117619769067 0.681554875381 0.158406163710 -0.807723110683 -0.380826645123 0.421262305615
35.4 0.016331497666 -0.123667906306 0.692148499945 0.157630771674 -0.811517012094 -0.377054801907 0.417639025070
35.5 0.014029532470 -0.122736469649 0.680374142214 0.159473773328 -0.798622281380 -0.397761825841 0.422558986660
35.6 0.009396347467 -0.122936340217 0.705571522246 0.144373530986 -0.820358983527 -0.377236919342 0.404795909543
35.7 0.005825001942 -0.121064554885 0.691442278679 0.147894237244 -0.809152448132 -0.391699358457 0.412275663673
35.8 0.005350859597 -0.122701290531 0.703327554722 0.138712266173 -0.818661792326 -0.382471926123 0.405298658680
35.9 0.006256769306 -0.120966886550 0.696747240299 0.149199518166 -0.818801352261 -0.378878261093 0.404666668489
36.0 0.007714505119 -0.120539504362 0.701055667017 0.138941308787 -0.818225523913 -0.390609921067 0.398279040741
36.1 0.010919816664 -0.121016040515 0.711636252221 0.131917150975 -0.825159785148 -0.385368193516 0.391408417997
36.2 0.010613731446 -0.122692196637 0.710830467819 0.129722806041 -0.827256290505 -0.382954866900 0.390082803172
36.3 0.012353524554 -0.123814757682 0.704351427072 0.128628864902 -0.824424641113 -0.391164252941 0.388290037807
36.4 0.013390399862 -0.126371166220 0.707815445933 0.138940590048 -0.823918664254 -0.389069147761 0.387915899896
36.5 0.012235481530 -0.126757852775 0.713191697379 0.133415319616 -0.830169897535 -0.381708866518 0.383818492181
36.6 0.010219136193 -0.129143161818 0.717505288378 0.120811717440 -0.833634648938 -0.388786670633 0.373232803700
36.7 0.006929781741 -0.132305857877 0.724742407848 0.116925896957 -0.836596581779 -0.394233278741 0.361959411964
36.8 0.004798436798 -0.132469437675 0.728264200834 0.108141385681 -0.839914386722 -0.391986697715 0.359438023161
36.9 0.002780886431 -0.131855421817 0.732601726448 0.101804310024 -0.842214923236 -0.394066768816 0.353583494034
37.0 0.003412894668 -0.131457955246 0.731546117457 0.103001269772 -0.844283957175 -0.395554689335 0.346571530606
37.1 0.005996434683 -0.134336514040 0.740669341593 0.101708979469 -0.843759740621 -0.395016264819 0.348836543571
37.2 0.006651148034 -0.135298638785 0.743432787206 0.105758084449 -0.844543968728 -0.392615424424 0.348444889421
37.3 0.003490138016 -0.136259384803 0.742485303248 0.101885969739 -0.844214301899 -0.399663857492 0.342330633531
37.4 0.001707817976 -0.139599120845 0.753569176774 0.099186456529 -0.847233385909 -0.404613764531 0.329613922939
37.5 0.002797065448 -0.138599934058 0.754723805165 0.097714799611 -0.853422351961 -0.394107061494 0.326805341435
37.6 0.000927491814 -0.138095054439 0.755905539545 0.093689921330 -0.851404388267 -0.398530195102 0.327881762030
37.7 0.000674044994 -0.136207258010 0.757866573411 0.094165317979 -0.857275642055 -0.390973059101 0.321483177609
37.8 0.001893894897 -0.140881790238 0.752768185745 0.099450561349 -0.858620202441 -0.381547114253 0.327570959353
37.9 0.004848747959 -0.143240879465 0.742496326084 0.111213145912 -0.858207708755 -0.387744723223 0.317435338964
38.0 0.015630864548 -0.145080914889 0.768885250173 0.115266128463 -0.855481772549 -0.384032996250 0.327693933812
38.1 0.023956609814 -0.143774420921 0.773458773193 0.116121906685 -0.856153777692 -0.380006490006 0.330320267747
38.2 0.029720223343 -0.143358371672 0.779715037851 0.124104522440 -0.858429187714 -0.378297556113 0.323401231026
38.3 0.034844600849 -0.143364326723 0.778237623373 0.127647825262 -0.857621011628 -0.379343802585 0.322940416426
38.4 0.040558816129 -0.143520607422 0.784116340000 0.134967280318 -0.858030825341 -0.377066984419 0.321539150446
38.5 0.044824866353 -0.138454747448 0.781973960408 0.139899507114 -0.856492573566 -0.372774757418 0.328462447728
38.6 0.048070539662 -0.134900707507 0.784452598120 0.144414485490 -0.860269811189 -0.364604683555 0.325797073449
38.7 0.052058084694 -0.131968615972 0.783666918853 0.141876923085 -0.859480588629 -0.370280813384 0.322577394907
38.8 0.056892230808 -0.130175230889 0.787658439393 0.138428418029 -0.859785978781 -0.366032385273 0.328063921677
38.9 0.062870171074 -0.131704775862 0.793748584591 0.134931907641 -0.863009356584 -0.369424304395 0.317070834470
39.0 0.063042563173 -0.132354846318 0.789613157897 0.134843117353 -0.861964028226 -0.367545783209 0.322095397347
39.1 0.060133421953 -0.136923590889 0.792770149475 0.131061437596 -0.866099163552 -0.371218197750 0.308045756551
39.2 0.061030174711 -0.145974745805 0.798762312201 0.127572536598 -0.863355880742 -0.380874007523 0.305412608594
39.3 0.061560612851 -0.148196928287 0.792271232988 0.127978183072 -0.865774237798 -0.377305267141 0.302815602653
39.4 0.061557530883 -0.147003189030 0.788257866819 0.127379302672 -0.868404631386 -0.376076201238 0.297009427965
39.5 0.064651693080 -0.142181992560 0.770141669127 0.121293050470 -0.864997496410 -0.382125024786 0.301741267552
39.6 0.066106429507 -0.139319059985 0.759444377607 0.121263046938 -0.864640965903 -0.386289785987 0.297441548497
39.7 0.067151430728 -0.139203905772 0.758247552119 0.117118653907 -0.869903901079 -0.384479247553 0.285877827045
39.8 0.069300117114 -0.141292813614 0.751788764569 0.113807901372 -0.869335251042 -0.390709712007 0.280445901780
39.9 0.065611754766 -0.141550779260 0.726153179600 0.113334358948 -0.868718323934 -0.392699193151 0.279769799016
40.0 0.061713506178 -0.140528095849 0.727341645741 0.109391816445 -0.871489751660 -0.392675943691 0.272662147159
40.1 0.060895290333 -0.136184238435 0.727349742823 0.111326090491 -0.875939129914 -0.387508660937 0.264904095777
40.2 0.052016588848 -0.132147261421 0.724599550198 0.110273170813 -0.873485560370 -0.394564507036 0.263024054815
40.3 0.045636841015 -0.131093545523 0.720675212050 0.110165103201 -0.874929420119 -0.397036363334 0.254409681494
40.4 0.038827866077 -0.131351858561 0.710950393681 0.107125690888 -0.874402398485 -0.399703424657 0.253341082718
40.5 0.038339812415 -0.129287659855 0.703668361969 0.103198317117 -0.878486671127 -0.397080016480 0.244823888761
40.6 0.037450624471 -0.126968394252 0.706172831603 0.097902855695 -0.878742296672 -0.402168571037 0.237670880330
40.7 0.032995610328 -0.126311792334 0.691165520500 0.101271905889 -0.876837081287 -0.405636027578 0.237402921398
40.8 0.029914614915 -0.128354527945 0.692081510358 0.098354898520 -0.877499413581 -0.410372050989 0.227850549414
40.9 0.029372486041 -0.128829514048 0.685151394710 0.098467867623 -0.877282429741 -0.411418880912 0.226746823446
41.0 0.026769919718 -0.128648915784 0.674356883080 0.102995862998 -0.876402130098 -0.417106605507 0.217562033010
41.1 0.023112021318 -0.123949460326 0.668624139428 0.100639767082 -0.879132099548 -0.410414567031 0.220359415491
41.2 0.014095241123 -0.115725722199 0.657213844791 0.092925798785 -0.881869208827 -0.413840550784 0.205930796556
41.3 0.006878387072 -0.114004339450 0.662109467608 0.093098121887 -0.884699332246 -0.408942167336 0.203484974872
41.4 -0.000341140196 -0.109876254693 0.656152507657 0.085537476987 -0.886340621755 -0.410125704191 0.197181512874
41.5 -0.003851402089 -0.106612895356 0.659712477426 0.082275308676 -0.889837049670 -0.408023161131 0.186916822674
41.6 -0.007297954853 -0.106481749044 0.657248590332 0.080609649616 -0.891354442565 -0.410109451440 0.175498091007
41.7 -0.008223446230 -0.102238644439 0.658415912494 0.076321399897 -0.893794310555 -0.404942468714 0.176998224196
41.8 -0.004691986483 -0.096999544935 0.654246626553 0.075177095129 -0.892621818012 -0.406013711691 0.180907601543
41.9 -0.001800674023 -0.085915170341 0.658655571190 0.068964519020 -0.899828019487 -0.397991414432 0.164791578974
42.0 -0.002713210877 -0.078915267471 0.660866770733 0.057928589569 -0.903902762990 -0.393859950932 0.156455784877
42.1 -0.003887053067 -0.069383862560 0.663840767513 0.048279201029 -0.908146689409 -0.391096315873 0.141359049849
42.2 -0.007711932926 -0.063597291516 0.669824269827 0.034357225507 -0.914877222647 -0.384185608110 0.119250438398
42.3 -0.012847949846 -0.062226882953 0.663869374636 0.031771513369 -0.912613090550 -0.392448982037 0.110053234365
42.4 -0.020890649562 -0.062681418319 0.661917838164 0.024750765137 -0.916204536001 -0.386593850147 0.102478499524
42.5 -0.031019984124 -0.064938377063 0.665040518101 0.016764957442 -0.914036431130 -0.397067220007 0.081203211538
42.6 -0.040851036709 -0.062224473535 0.666607470068 0.006620451365 -0.915966237194 -0.395663249813 0.066427514570
42.7 -0.046545535250 -0.060346656712 0.671396369144 0.003821104527 -0.919770178766 -0.390055786133 0.043182185173
42.8 -0.055179772939 -0.062035029824 0.669967028466 -0.002971506272 -0.919132663678 -0.391654859652 0.042341322864
42.9 -0.061779389493 -0.061072495208 0.672297932840 -0.010170400146 -0.922553959750 -0.385028393224 0.023321464836
43.0 -0.065598298840 -0.061483937332 0.678561206547 -0.014838498401 -0.923533384540 -0.383075646871 0.010906666765
43.1 -0.067066860454 -0.058293346251 0.677507558636 -0.021729123704 -0.923400849414 -0.383112234399 0.009150537566
43.2 -0.070491878990 -0.047723909768 0.669287528274 -0.032583193038 -0.926030384939 -0.376028142480 -0.002982911895
43.3 -0.079675851381 -0.033691306024 0.664943171452 0.048029685218 0.927117969973 0.371378664977 0.014943436415
43.4 -0.089538900430 -0.028278857933 0.678250787567 0.050773746417 0.928836955318 0.365715233867 0.030599098483
43.5 -0.099864594031 -0.027543785286 0.677515331403 0.052502662581 0.931445975439 0.357555724396 0.042494343300
43.6 -0.107365418258 -0.027896396885 0.679181675078 0.058311102844 0.932029882787 0.354274420478 0.049089182831
43.7 -0.110581941195 -0.027693810918 0.681830298367 0.054160485090 0.931803866577 0.354306312162 0.057229653586
43.8 -0.115519904913 -0.027906236912 0.680245747540 0.056139309739 0.931714959770 0.353133769933 0.063656517148
43.9 -0.119434435525 -0.031911386698 0.682162324499 0.053791795659 0.930271160823 0.357050111913 0.064940185127
44.0 -0.122318401968 -0.036702972632 0.680580489877 0.051202611576 0.928206147992 0.362149129615 0.068261609396
44.1 -0.124498152580 -0.038557220902 0.678937992835 0.055295448540 0.929255984535 0.357012196448 0.077252962165
44.2 -0.128773311181 -0.038201150969 0.674128251889 0.055296779248 0.928485423712 0.358438741375 0.079867094856
44.3 -0.132235976341 -0.037515371832 0.670648878725 0.057094722932 0.921997452645 0.372735876338 0.087913914823
44.4 -0.135751330017 -0.034791431937 0.669481940332 0.065250019334 0.928562437340 0.354869551382 0.087073741390
44.5 -0.133854955658 -0.042777844914 0.672205422766 0.058401062853 0.922839736789 0.368882776814 0.094242416308
44.6 -0.131749825057 -0.050312140684 0.667638325413 0.058715658327 0.924436402625 0.364901904336 0.093895735689
44.7 -0.131967797117 -0.054832135429 0.665284522325 0.060031153540 0.924552278670 0.363952345611 0.095593068447
44.8 -0.132574818104 -0.058110260997 0.663008184565 0.059458396037 0.924870178323 0.362108817376 0.099785052830
44.9 -0.133221593144 -0.058610699484 0.656466219710 0.060685169786 0.920491215815 0.371203684758 0.105929486912
45.0 -0.133172743119 -0.058963849616 0.650075888418 0.063848776231 0.919837614896 0.370579062501 0.111773227708
45.1 -0.129167199756 -0.060350864799 0.650559586539 0.065456023368 0.920757339686 0.366592210727 0.116325325930
45.2 -0.124714870459 -0.064032878569 0.650612598493 0.062854060300 0.920238967529 0.368401457843 0.116146354245
45.3 -0.121723392009 -0.066872975491 0.647742953593 0.068094630749 0.920256989932 0.366988513938 0.117514358194
45.4 -0.118521486855 -0.069225586974 0.647175546384 0.075566980807 0.918386030780 0.368872296042 0.121613975731
45.5 -0.115375257789 -0.072110013266 0.646104801807 0.074795670578 0.916581300350 0.373689021947 0.120999348706
45.6 -0.112684072389 -0.075471736882 0.647978604062 0.073683896344 0.917872527176 0.370408081633 0.121977704260
45.7 -0.110286354079 -0.079116169735 0.646689636473 0.068280913911 0.916572067180 0.375974327274 0.117799268639
45.8 -0.108791170538 -0.083970808460 0.649243196945 0.061454932642 0.919389601456 0.368493055454 0.123121566233
45.9 -0.105539137737 -0.083490478435 0.644573464031 0.059201380913 0.920838804770 0.365272212066 0.122993102327
46.0 -0.105013638489 -0.082900901947 0.643891906005 0.057848348121 0.921853949341 0.361855281364 0.126093695533
46.1 -0.105237679532 -0.090609808213 0.651506592867 0.058609946894 0.917089061668 0.372415293260 0.129689538668
46.2 -0.104345776908 -0.100552392042 0.639339011876 0.055456171221 0.915259425481 0.376003928809 0.133588332802
46.3 -0.109580481687 -0.111903897460 0.627879071206 0.049837404017 0.902269739154 0.403702392398 0.143003249406
46.4 -0.105631607397 -0.115950546360 0.626556006344 0.059793237230 0.908546272608 0.385598623581 0.149272036242
46.5 -0.097136804128 -0.117293807574 0.624882210739 0.058566978087 0.909726543820 0.383915996473 0.146887821821
46.6 -0.089827391056 -0.118718826239 0.629311158088 0.052654112360 0.910186774006 0.384362549870 0.145096557965
46.7 -0.087511526019 -0.122552889221 0.632642500035 0.054084511636 0.912795789760 0.377487705368 0.146224977666
46.8 -0.082436827873 -0.121811956136 0.631316004386 0.052652627579 0.913255159136 0.377448541263 0.143962890423
46.9 -0.079507080036 -0.120777608157 0.635760738100 0.053768512165 0.912272905091 0.380805489648 0.140905190781
47.0 -0.073780139739 -0.114536526604 0.636608636362 0.058103060375 0.910741383639 0.386921158092 0.132159690989
47.1 -0.068667273331 -0.108464956587 0.644706009110 0.062231405564 0.913535042861 0.377673853895 0.137635161608
47.2 -0.066093257177 -0.105897913334 0.648996240074 0.065280576547 0.917151681412 0.369745138447 0.133640458711
47.3 -0.066886469584 -0.108661509062 0.646320325723 0.069757657762 0.912684377847 0.379089516027 0.135765365455
47.4 -0.066592532093 -0.113177746112 0.643230427311 0.072112930344 0.911062968141 0.379092728510 0.145095473915
47.5 -0.061631516396 -0.116425950885 0.644315551935 0.075318078423 0.908470739190 0.386790915874 0.139287079430
47.6 -0.057227190771 -0.120889007784 0.643975414040 0.082243729544 0.910261551300 0.378530145894 0.146201251104
47.7 -0.054136943791 -0.122832715630 0.636214689809 0.089734659257 0.907637302602 0.378791731794 0.157031976928
47.8 -0.048964789060 -0.124142592581 0.633232605662 0.083991468195 0.903510246331 0.395155703695 0.143061657625
47.9 -0.040962697397 -0.121413600174 0.632227186005 0.085382330566 0.902888450705 0.394104517206 0.148942716265
48.0 -0.034172618968 -0.116377216052 0.631590182543 0.081682295955 0.898962656969 0.402133952309 0.153239773893
48.1 -0.025702336907 -0.110852270845 0.635864994138 0.093975428813 0.900027315837 0.404777439983 0.131433152621
48.2 -0.019662175694 -0.105097912110 0.652828792630 0.090524939980 0.905053442180 0.392638802448 0.136081860851
48.3 -0.021903878321 -0.095858225845 0.650205464046 0.085281363570 0.907499609863 0.387982964419 0.136531192209
48.4 -0.030691049490 -0.086683847442 0.647751146991 0.081831854992 0.906645540372 0.388283809798 0.143293735664
48.5 -0.036403151227 -0.076932038015 0.649742981841 0.082224077108 0.908682656441 0.381808677773 0.147503100320
48.6 -0.040917796881 -0.066699896720 0.648756924420 0.078091936767 0.908021171662 0.383531460549 0.149341286970
48.7 -0.047284046202 -0.057299835662 0.656401878465 0.086999093296 0.909915109019 0.378757880095 0.145010759639
48.8 -0.055206127764 -0.050309217010 0.661932084333 0.083964547124 0.913596072848 0.372563263326 0.139602239675
48.9 -0.061725147687 -0.045663562638 0.656073112399 0.078705455436 0.911402856023 0.371520400338 0.158501979329
49.0 -0.066885375425 -0.044919280351 0.660734992375 0.086723469922 0.910426846404 0.369395067146 0.164770390181
49.1 -0.067059364218 -0.042471326642 0.660677423299 0.085899067623 0.912394673045 0.362285007533 0.170020246139
49.2 -0.066646445902 -0.042488115215 0.659610458864 0.087856825993 0.910903068395 0.367038844496 0.166791081135
49.3 -0.067989710331 -0.040240959464 0.663045636787 0.089668909755 0.910476342554 0.368309717397 0.165348929066
49.4 -0.068936869689 -0.035119340614 0.659580297627 0.091010452023 0.905407581860 0.374477276930 0.178103838803
49.5 -0.073784186556 -0.030748628577 0.656208010697 0.086375860123 0.907967343440 0.369594880256 0.177578541842
49.6 -0.084410758996 -0.027937428287 0.660910966956 0.093822427438 0.906668575459 0.372212831963 0.174948718503
49.7 -0.089639822407 -0.022703332138 0.660723661693 0.092016914279 0.906786670761 0.365606816748 0.188686185941
49.8 -0.091097735899 -0.019762459601 0.657477764436 0.090484443306 0.907697639830 0.363823301791 0.188494470053
49.9 -0.091071521406 -0.017873176948 0.660474464755 0.091022935045 0.905714252974 0.366598122961 0.192359906159
50.0 -0.088396002107 -0.017110452294 0.663097411852 0.096000214936 0.908248997480 0.362027392428 0.186557992167
50.1 -0.086814019021 -0.016408219515 0.662332909194 0.095648523273 0.905634504377 0.367299949022 0.189124963783
50.2 -0.086146606982 -0.014458484701 0.660175212664 0.091468924561 0.908961755924 0.362174590026 0.185071684617
50.3 -0.088381000049 -0.010693039204 0.658754024617 0.083692817773 0.905424319152 0.367723465116 0.194889116536
50.4 -0.092339819118 -0.008301898527 0.660319220654 0.083969108491 0.908013630299 0.363046049704 0.191462794830
50.5 -0.092811980895 -0.004855061623 0.663063323899 0.085737817990 0.907289468000 0.359413686640 0.200740254253
50.6 -0.090856898048 -0.002336540744 0.665721371884 0.087769395740 0.907219138646 0.360809639177 0.197652148793
50.7 -0.095909107785 -0.004893624952 0.670272772989 0.075372986898 0.901295476436 0.374286608351 0.204682465814
50.8 -0.111606609001 -0.012590302596 0.666104315022 0.083202595370 0.897963059525 0.371068650021 0.221467218396
50.9 -0.118628144495 -0.016739864498 0.665126637285 0.088992911229 0.896259555540 0.372104868489 0.224359171200
51.0 -0.117152735025 -0.020197553088 0.674302334460 0.096833631203 0.897533522741 0.376278343445 0.208498037589
51.1 -0.114208630755 -0.032545474413 0.670234809407 0.097317650239 0.891679489796 0.385362790743 0.216639059127
51.2 -0.111985624159 -0.042996359443 0.669948742524 0.101034459690 0.885557055846 0.394422551556 0.223632711428
51.3 -0.106987056421 -0.052191212684 0.676533171928 0.104751657880 0.885404534555 0.398119735006 0.215839238692
51.4 -0.099265460408 -0.060293769317 0.673268467986 0.108888307911 0.881000209895 0.406977682482 0.215293131631
51.5 -0.090105495190 -0.064078617527 0.686346589657 0.114745741488 0.887451154548 0.396126646603 0.205785186426
51.6 -0.084667618966 -0.061226939740 0.682873361163 0.114364499858 0.884466126882 0.398582072297 0.213945701553
51.7 -0.085083576642 -0.060848072665 0.689201941571 0.119370590210 0.885968729150 0.397920106342 0.206081688002
51.8 -0.085040115555 -0.058937571391 0.690311194790 0.118226640665 0.884833821710 0.395419427311 0.216182899184
51.9 -0.087001023408 -0.059234402665 0.690160334642 0.119055613016 0.883963231870 0.399688759441 0.211385101860
52.0 -0.089476683329 -0.059232154688 0.690139799580 0.117233210008 0.883165837908 0.396564900012 0.221383733146
52.1 -0.089656062957 -0.056668047906 0.689351132401 0.118577465728 0.884257865210 0.396283781533 0.216763873674
52.2 -0.090980437645 -0.050434936556 0.690882009620 0.121047673349 0.884459935405 0.392537855548 0.221341626005
52.3 -0.092013675192 -0.044541665644 0.686288144465 0.115486488302 0.882537186693 0.394336518669 0.228669401466
52.4 -0.093423537982 -0.039265990870 0.686885966798 0.122594330174 0.884684601295 0.387427103040 0.228482004259
52.5 -0.090921912668 -0.037956989403 0.691181186005 0.123156096800 0.886010480068 0.385352023262 0.226543203824
52.6 -0.088333633297 -0.036406545202 0.696083618075 0.123690293819 0.885363400054 0.386646753360 0.226575923646
52.7 -0.086781722682 -0.033578585763 0.691535667507 0.125006617563 0.885863687794 0.384346157723 0.227808918299
52.8 -0.085396353291 -0.032850710332 0.697528594227 0.124642640520 0.886210640434 0.383584734742 0.227942238775
52.9 -0.083542152408 -0.034924280752 0.693142287206 0.126316237130 0.885186759006 0.385213371722 0.228252641089
53.0 -0.082899195072 -0.034601805647 0.694098891055 0.126156339603 0.885263238401 0.385700136634 0.227220116440
53.1 -0.082500411381 -0.033479467572 0.693880857583 0.128750092145 0.884432357372 0.384049998965 0.231750765481
53.2 -0.081104823873 -0.032228421545 0.693305793238 0.129878056506 0.884142666743 0.384747126999 0.231069434475
53.3 -0.080922290611 -0.031402997941 0.691220977984 0.127960444746 0.882369133468 0.386243707593 0.236361238843
53.4 -0.085366098802 -0.032228550397 0.692866958584 0.130044992661 0.883234133047 0.385233994556 0.233624775105
53.5 -0.086178794232 -0.030031891586 0.687864628869 0.127700992944 0.880061705101 0.391156099399 0.237024803593
53.6 -0.089086576021 -0.025317214918 0.686824828754 0.131561163461 0.880816875587 0.384517706639 0.242897972884
53.7 -0.091121232856 -0.019875622903 0.680509372102 0.127924615405 0.880241038603 0.383925233749 0.247815297396
53.8 -0.093518083104 -0.015202027052 0.685302305992 0.133458093030 0.880054256995 0.380636261646 0.250618192617
53.9 -0.094911223686 -0.014426319842 0.685825552959 0.135364559920 0.880126789498 0.378895037282 0.251975834255
54.0 -0.097040476093 -0.011126722954 0.674064890279 0.138657321827 0.874494154484 0.384876058629 0.260584996445
54.1 -0.100530729187 -0.009035130940 0.679125442834 0.136930049905 0.876532293210 0.382429036468 0.258242778136
54.2 -0.102334890621 -0.007744525138 0.678655172660 0.136530893787 0.874955954661 0.380561531229 0.266428814871
54.3 -0.100825756519 -0.007323417895 0.680382411930 0.139315398460 0.875970223956 0.380200346744 0.262135619157
54.4 -0.097578192043 -0.007596921907 0.678283545919 0.137946134905 0.875373816559 0.383273481768 0.260370857280
54.5 -0.100148345493 -0.007387535734 0.682644904295 0.138516701317 0.875943207945 0.378984211295 0.264400430222
54.6 -0.102945535333 -0.005363269164 0.681079495632 0.138457771263 0.872781343644 0.379449615977 0.274044085321
54.7 -0.105500074494 -0.004183046200 0.679738438744 0.142483937676 0.871885415255 0.381187676084 0.272415318533
54.8 -0.106674639659 -0.005540413820 0.680209924461 0.146483257179 0.869889538502 0.380770835745 0.277215470018
54.9 -0.108460877232 -0.008842162952 0.678345410886 0.148380616821 0.866678674553 0.385824925859 0.279267603227
55.0 -0.109559078213 -0.011177782835 0.674222736722 0.152415967563 0.866187029083 0.383073237685 0.282390329242
55.1 -0.108448061531 -0.011032292969 0.673314858887 0.153990228396 0.864877806237 0.385398749644 0.282384832473
55.2 -0.107378771346 -0.012485422017 0.675607469957 0.158119997767 0.861275404095 0.389475997355 0.285501649893
55.3 -0.105423061776 -0.016604468595 0.674088227862 0.159905643973 0.860958641730 0.387747031845 0.287806604428
55.4 -0.103125817451 -0.020994996462 0.672644667144 0.163271925819 0.856911049295 0.397337405700 0.284901242303
55.5 -0.100146575637 -0.022935131124 0.672410572459 0.167100179530 0.856465307152 0.398547297163 0.282320313776
55.6 -0.096084657104 -0.025584095782 0.668779531136 0.165295443318 0.856204186879 0.397565523278 0.285540647702
55.7 -0.096101701598 -0.026780889112 0.669049098966 0.166432198885 0.855584359805 0.397929364034 0.286230584793
55.8 -0.094342761623 -0.028666122835 0.666515967516 0.168610438692 0.853544191866 0.405115874663 0.280916287518
55.9 -0.090658541873 -0.029895699454 0.659789746015 0.166667432728 0.854185584868 0.403897415545 0.281879107398
56.0 -0.089214548711 -0.030258960227 0.657922990402 0.166995222873 0.851729166982 0.405380115038 0.286944217544
56.1 -0.087899302599 -0.029942424616 0.654800944296 0.166243735392 0.852477702202 0.407857844444 0.281596815352
56.2 -0.086032410941 -0.027395327414 0.647200229203 0.165268486957 0.849758765669 0.409311551840 0.288202048774
56.3 -0.085865632343 -0.025014943749 0.647765368037 0.167969140510 0.850783452284 0.408017227562 0.285439708465
56.4 -0.085383859375 -0.024144616800 0.645260458476 0.170288225097 0.848832129561 0.409900331369 0.287171820626
56.5 -0.083559429523 -0.024367522922 0.642189318197 0.173229967333 0.847516119645 0.410577178779 0.288329994323
56.6 -0.079974547516 -0.023633683962 0.642079808579 0.173390416656 0.848514145825 0.410288101284 0.285697710336
56.7 -0.074292057925 -0.021300748067 0.634401657195 0.177190525565 0.843764647646 0.412987195256 0.293438773149
56.8 -0.073013500067 -0.019240785054 0.628561897498 0.177607144539 0.843726384924 0.413977562537 0.291897357489
56.9 -0.072638590807 -0.018552749876 0.624427641936 0.183011495829 0.842495340387 0.416286305306 0.288815002786
57.0 -0.072117861424 -0.019582752861 0.619401874111 0.182587330132 0.838005123290 0.420035393231 0.296613466734
57.1 -0.069292144196 -0.021578224283 0.615408785538 0.180310772744 0.836344744681 0.421695599881 0.300313693190
57.2 -0.068188350691 -0.019927691662 0.616254994081 0.184765023737 0.833439369662 0.422373667815 0.304698519586
57.3 -0.066232491740 -0.017363910100 0.611808810013 0.184420774858 0.834335794946 0.421359855582 0.303856267299
57.4 -0.061300109765 -0.016629100599 0.610024752836 0.184960116948 0.837441869402 0.419809703766 0.297053333822
57.5 -0.056348126641 -0.017789594778 0.609426205348 0.185434750414 0.837501768610 0.420606441802 0.295457208457
57.6 -0.053485856250 -0.020869104993 0.609557357283 0.189948901806 0.830788805957 0.429486630274 0.298748404205
57.7 -0.051766435269 -0.021442435605 0.609719748341 0.186758584017 0.833867734935 0.425159135291 0.298371482566
57.8 -0.050127964228 -0.018217125385 0.610305444656 0.191977100049 0.834564147964 0.420216476630 0.300109294689
57.9 -0.049654789212 -0.015450429195 0.613486055153 0.190784348436 0.835724941684 0.419254450820 0.298983042508
58.0 -0.048502291772 -0.013776349925 0.616072717103 0.192404626795 0.834403248294 0.420193653993 0.300314788128
58.1 -0.045995942065 -0.014725775276 0.618285938351 0.191675605194 0.835426211978 0.420611384230 0.297337468494
58.2 -0.045188134963 -0.018023591629 0.616623931074 0.192241030675 0.833879507960 0.424246254047 0.296147713575
58.3 -0.044747027612 -0.016999782034 0.614266148488 0.193900174012 0.833826130715 0.421407114097 0.299253655688
58.4 -0.046650703479 -0.015964766362 0.615310597309 0.189688730054 0.835938427656 0.420109846531 0.297880593035
58.5 -0.050519383365 -0.012603163903 0.614882242748 0.194260056207 0.835539566446 0.417355796452 0.299917993181
58.6 -0.054663971438 -0.007311702721 0.613914718096 0.190335325426 0.833377441383 0.419018530526 0.306068579186
58.7 -0.057549584429 -0.001828637633 0.609489568390 0.190199284377 0.834413685498 0.415556384824 0.308043705840
58.8 -0.061797571715 0.002683329449 0.616404546668 0.192878776370 0.831115983938 0.419236386119 0.310298004220
58.9 -0.063644796997 0.005514452137 0.613806654191 0.189455240460 0.836081088310 0.413987119694 0.306087880126
59.0 -0.068095074942 0.008623592420 0.616291069452 0.188257532192 0.832867556150 0.414394273181 0.314909704266
59.1 -0.071988176803 0.010876005169 0.611147760163 0.187606432402 0.835185832118 0.411004829076 0.313597644804
59.2 -0.077847496386 0.015403714602 0.608091871265 0.186897621989 0.830197223362 0.413679701512 0.323590719542
59.3 -0.081436365181 0.019332536694 0.610004566155 0.193300487884 0.830316726081 0.413914878563 0.319191994069
59.4 -0.083227438471 0.021854720668 0.613777463594 0.191291921249 0.832561831729 0.408171442897 0.321938302190
59.5 -0.083573197319 0.023530315255 0.614844763447 0.191164449136 0.831330895681 0.410471609844 0.322270310120
59.6 -0.084929345925 0.023811138128 0.619941210858 0.196371666888 0.827318800888 0.413532249464 0.325534712118
59.7 -0.086231086021 0.022631753631 0.610303073496 0.195087233906 0.828873094491 0.408410229107 0.328803055274
59.8 -0.089538270313 0.022776142334 0.611179611188 0.196924294187 0.827613158668 0.409998926915 0.328904487484
59.9 -0.092329294485 0.021328954985 0.612330919863 0.195222501191 0.824897904016 0.416672814209 0.328352537494
60.0 -0.093501237990 0.020996577800 0.608089090263 0.196128235844 0.825067273006 0.414877196212 0.329658341593
60.1 -0.096528105577 0.019560835608 0.602877480192 0.191338852961 0.825332752871 0.420567646463 0.324558384784
60.2 -0.099400029696 0.017846663106 0.609210129392 0.192928830496 0.819143660915 0.422460225510 0.336614745679
60.3 -0.099337411139 0.015232367845 0.592883125005 0.191102351743 0.818470850708 0.430891817798 0.328508141534
60.4 -0.101283329494 0.013847108857 0.592316061044 0.186226488501 0.818603119663 0.433381670359 0.327702540813
60.5 -0.100433553442 0.013625001891 0.590466862811 0.184590195037 0.819741546023 0.433545359013 0.325559025829
60.6 -0.099721936843 0.010691843485 0.588437325351 0.189412397769 0.814472971747 0.442012791523 0.324625035995
60.7 -0.094987303204 0.008963641451 0.583954336330 0.186114986245 0.815116211537 0.444224822954 0.321886750669
60.8 -0.095312069683 0.008348291009 0.579386883994 0.179054789560 0.819697942719 0.442791363298 0.316181077274
60.9 -0.095485602156 0.009624100505 0.580222335393 0.179572208246 0.818958961015 0.445556305420 0.313910211523
61.0 -0.095514599946 0.010431193828 0.579398715652 0.179563285686 0.820029790658 0.445401863346 0.311328362015
61.1 -0.095024712049 0.010810411681 0.578720354877 0.177417502154 0.818760786597 0.447241480745 0.313255266775
61.2 -0.095088096684 0.007441694467 0.577743923492 0.175705223469 0.818602457516 0.449608008222 0.311239987690
61.3 -0.098567756229 0.001148624047 0.584173026473 0.175064297609 0.816698539129 0.457559197007 0.304951748842
61.4 -0.101967996960 -0.002527125223 0.572969991242 0.162170054631 0.819495346297 0.458534837802 0.303107329672
61.5 -0.104410579239 0.000448365305 0.575590396832 0.169239133701 0.816747885310 0.460879821140 0.303101959630
61.6 -0.103765698820 0.004023289958 0.578362369263 0.167702696432 0.817866783832 0.459470287868 0.303078841361
61.7 -0.105475044569 0.005061813454 0.582705146911 0.167895365567 0.818720577802 0.463881033927 0.293806310463
61.8 -0.102652645025 0.003331197370 0.581297708028 0.162908054226 0.817209205682 0.464280701301 0.300122492353
61.9 -0.101281642832 -0.000239187212 0.585346324874 0.166467238638 0.816696615454 0.471048606424 0.288805310118
62.0 -0.103266437975 -0.002518739403 0.579964900544 0.166234327366 0.814999161382 0.471784646615 0.292509423045
62.1 -0.105161124769 0.001359959968 0.580552037319 0.167972413974 0.812594186637 0.476160426351 0.291113730979
62.2 -0.107464007671 0.000831480791 0.584703701705 0.168164221126 0.811041889493 0.483334943174 0.283406388298
62.3 -0.106339130578 -0.001031246648 0.580051537785 0.166996539561 0.810179734984 0.486854681346 0.280523567723
62.4 -0.104625074985 -0.001651054394 0.579717847069 0.168988425709 0.810297636059 0.489587327969 0.274162180590
62.5 -0.099198180638 -0.000758224813 0.579442907842 0.167356183042 0.812172939674 0.491400133467 0.266257268234
62.6 -0.101549486053 0.001216151162 0.579487121575 0.161187522737 0.812654612107 0.495653780626 0.260649944727
62.7 -0.103780442467 0.002941451075 0.578038902827 0.162221834213 0.811115282088 0.498883081410 0.258634388183
62.8 -0.106830053951 0.001173643074 0.574912566993 0.157841328048 0.811009614260 0.500102337997 0.259320597460
62.9 -0.110038819960 -0.000735229931 0.577720293838 0.159122693342 0.808898482153 0.502512104995 0.260470340668
63.0 -0.109776342496 -0.001430365466 0.578604517417 0.153942384412 0.809347800928 0.502806466359 0.261617156934
63.1 -0.109083716736 -0.000407372431 0.573530617248 0.151745341102 0.811047368948 0.505227993809 0.252824427316
63.2 -0.108328711563 0.001862905898 0.572639541686 0.156700778778 0.811536805758 0.505577116705 0.247476580499
63.3 -0.109488055792 0.002263078020 0.572567928355 0.149824260238 0.813270360473 0.504319049180 0.248608745731
63.4 -0.110981328132 0.000056605032 0.575293881319 0.143163501333 0.816675399524 0.499868993484 0.250352737257
63.5 -0.111955388081 -0.004348295299 0.577198205356 0.148371307693 0.814851395736 0.502884754666 0.247204533626
63.6 -0.109129418353 -0.008307133038 0.573326923827 0.151949887912 0.809177546552 0.511968184032 0.245013281801
63.7 -0.108232189290 -0.008980873990 0.578624021424 0.148666106327 0.810457419688 0.511411926398 0.243956965960
63.8 -0.105373046601 -0.007858139269 0.573323738986 0.149666569004 0.808853192492 0.515679775364 0.239647241584
63.9 -0.104918337018 -0.007904386208 0.576624150349 0.146553773565 0.810209367002 0.517500402011 0.232972330963
64.0 -0.103379263566 -0.011030840301 0.577215581707 0.142017035500 0.811310499929 0.517397535864 0.232177139734
64.1 -0.101263892815 -0.012381975862 0.576692013470 0.143235009701 0.809262727648 0.522684667837 0.226667835484
64.2 -0.096902712372 -0.015399933843 0.578114617910 0.136021494867 0.815385660907 0.516933006189 0.222316540172
64.3 -0.090719034932 -0.020182783506 0.586156496582 0.135286779356 0.816296955480 0.518613833687 0.215398373518
64.4 -0.083639397585 -0.026781673844 0.588426608760 0.131721910332 0.814816025120 0.527172155786 0.202024012706
64.5 -0.079876549352 -0.029869611774 0.585114894000 0.127668867977 0.814998764639 0.531793738950 0.191502201032
64.6 -0.077080937489 -0.029698577186 0.583484278639 0.113339591354 0.822498159860 0.525662230462 0.185283926786
64.7 -0.074928512125 -0.028641251668 0.586117600836 0.111628632511 0.822143152760 0.531528752858 0.170578045655
64.8 -0.074470252644 -0.026750471812 0.585469588043 0.106743609618 0.824419882799 0.529546239764 0.168874031761
64.9 -0.078536772997 -0.024682824804 0.585900854776 0.108884785312 0.824075908237 0.528897046608 0.171204308010
65.0 -0.080577671626 -0.022907175542 0.583584788157 0.108474532190 0.824390540386 0.527317112926 0.174786084127
65.1 -0.081040037139 -0.023613696496 0.587081511239 0.104761454413 0.826709276045 0.528554416064 0.161885885208
65.2 -0.078898275110 -0.023799905157 0.583612551911 0.091128745605 0.828247268917 0.528023252993 0.163992248458
65.3 -0.075017140396 -0.026314597599 0.584878006813 0.087228749302 0.826905075104 0.534713037356 0.150668874502
65.4 -0.073911771346 -0.029011310344 0.582078446876 0.077016911442 0.825454743244 0.537608593292 0.153850130406
65.5 -0.075488427736 -0.029479977454 0.579631155238 0.073635217026 0.827252953845 0.536758686229 0.148729680714
65.6 -0.075967755011 -0.031556376368 0.581751769205 0.075716571530 0.826066242984 0.537953174745 0.149959810551
65.7 -0.073769008823 -0.032347434516 0.578874872244 0.068898122197 0.826635968001 0.539822454826 0.143240156485
65.8 -0.072754667375 -0.033036124875 0.580408012825 0.059208460741 0.830347039533 0.537992596755 0.132597578986
65.9 -0.074927087350 -0.031299975051 0.578563532433 0.041097696770 0.832482133044 0.538480395950 0.123787481837
66.0 -0.080054238384 -0.029883972774 0.576875127498 0.028510409129 0.831002342756 0.541829616511 0.122649621183
66.1 -0.082567383534 -0.029235314896 0.577186417058 0.023495025440 0.833409045105 0.539328000526 0.118332815251
66.2 -0.082848730457 -0.030129807086 0.579061662703 0.015386525318 0.833587456364 0.540127973153 0.114703879834
66.3 -0.076940227838 -0.035801871607 0.582404923848 0.020846451492 0.830048677036 0.547824861894 0.102335428380
66.4 -0.068133774633 -0.039259074449 0.579184511410 0.010609952786 0.829934600261 0.549614699563 0.094971944359
66.5 -0.062266282644 -0.041983316956 0.586450013117 0.002404887171 0.832930297928 0.547332517906 0.081538028884
66.6 -0.056269644802 -0.044504713660 0.582951363298 -0.007929919090 0.830185175686 0.552254020567 0.075797013283
66.7 -0.047382865348 -0.046574865203 0.581541102407 -0.013459437746 0.832509671605 0.550353458395 0.062109267044
66.8 -0.041454569026 -0.051881034504 0.585371026734 -0.018422433011 0.830742816687 0.554099468733 0.050007651763
66.9 -0.036153301852 -0.053702288556 0.584775698978 -0.029615867341 0.832531262814 0.551567252063 0.042286679827
67.0 -0.031831798955 -0.056403795383 0.583509987861 -0.044303249245 0.830180747620 0.554852405324 0.031240305591
67.1 -0.029564255451 -0.058613280644 0.581678317963 -0.047993326918 0.829639127243 0.555959899753 0.017439867705
67.2 -0.026605588660 -0.057843055789 0.582303046290 -0.052571691620 0.831326825200 0.552933023512 0.019924820005
67.3 -0.024500637250 -0.061703293922 0.582535485604 -0.062254023646 0.828850179011 0.555858168941 0.012390049006
67.4 -0.020700378370 -0.065052899084 0.581227992243 -0.067494548030 0.827358655806 0.557557146686 0.007222799167
67.5 -0.019219104252 -0.068444040640 0.581381366421 -0.069977362677 0.825027477512 0.560742814663 0.000570847263
67.6 -0.018316124730 -0.068419108981 0.580733665070 -0.074978722810 0.823645015528 0.562109006662 -0.004532565635
67.7 -0.017947308892 -0.070597403295 0.586305380332 -0.077701979919 0.827602796833 0.555888002838 -0.004953916799
67.8 -0.014743779753 -0.071669199579 0.590425541457 -0.081909422848 0.826996418855 0.556166428190 -0.006831822930
67.9 -0.009882155813 -0.072020147135 0.581562338243 0.085315434849 -0.823494663342 -0.560190950949 0.027639003211
68.0 -0.007305441614 -0.071859997094 0.588014783437 -0.090955348072 0.827514180264 0.553179046500 -0.030665104474
68.1 -0.009346429407 -0.074437622795 0.584954859645 -0.095518162056 0.823469098495 0.558200250739 -0.034458737892
68.2 -0.011358067705 -0.077213493965 0.586245974973 -0.090114800841 0.825308881944 0.556877868933 -0.025131875122
68.3 -0.011564279368 -0.077174668323 0.586486708062 0.097812826533 -0.825290827604 -0.555339627120 0.030423664956
68.4 -0.013556894295 -0.078052043849 0.585032560311 -0.101623455499 0.823705548464 0.557122880123 -0.028212393821
68.5 -0.016819644354 -0.076941556596 0.581004025238 -0.106347533183 0.824452729099 0.555151079766 -0.027842024037
68.6 -0.015274836921 -0.074073747795 0.584702911001 -0.105481018591 0.824508963057 0.555094229813 -0.030481479362
68.7 -0.012940798497 -0.072268035120 0.586021269875 0.108400834804 -0.824185508268 -0.554402633655 0.040065281358
68.8 -0.008678899622 -0.073731021905 0.581033289942 0.112064471670 -0.817922979528 -0.562498875517 0.045150512626
68.9 -0.003441936119 -0.078882530432 0.574067641534 -0.113210200706 0.815559491379 0.565815731347 -0.043574357580
69.0 -0.001498839580 -0.080971224687 0.579356133689 -0.116932007022 0.818716543455 0.559678405025 -0.052822439888
69.1 0.002549723256 -0.085033022714 0.572714045610 -0.122193615641 0.810059695058 0.570442955406 -0.058879923291
69.2 0.005211015923 -0.092945324916 0.580254804992 -0.125361131440 0.810560284655 0.568676469050 -0.062319220261
69.3 0.000207024837 -0.095659829953 0.581357648920 -0.136463829429 0.808717168355 0.567702930554 -0.071186708775
69.4 -0.005326403529 -0.098045738130 0.584616547710 -0.129796450539 0.813701605576 0.562814483893 -0.065440318091
69.5 -0.005912577588 -0.099987900300 0.589711378739 -0.131245527355 0.814157083302 0.562459553763 -0.059683378242
69.6 -0.000586669678 -0.108727464337 0.584593609115 -0.132709876746 0.800180112370 0.581231459147 -0.065344221461
69.7 0.004058937378 -0.114332874159 0.560507998713 -0.161464820662 0.794496186968 0.583612376207 -0.045842283101
69.8 0.006966486327 -0.119568202264 0.571627328361 0.123665219586 -0.798491122664 -0.582534287416 0.088162602481
69.9 0.009623924306 -0.119622846685 0.580625505442 0.124073341328 -0.799937775981 -0.579547020698 0.093971332493
70.0 0.012639330687 -0.120753240980 0.600189690853 -0.147507230982 0.809177429389 0.562041106234 -0.087082142132
70.1 0.011188703011 -0.117833480667 0.575790635828 0.133439978293 -0.795385296014 -0.581233683835 0.108274687039
70.2 0.011536068025 -0.119275256529 0.577825005874 0.131753914406 -0.796221961017 -0.579640942806 0.112640455681
70.3 0.012058770222 -0.120090682174 0.570747072913 0.139944793152 -0.792316276250 -0.579547282378 0.129519576695
70.4 0.013470904329 -0.123602828109 0.569615581648 0.144482222575 -0.784315131231 -0.591549349927 0.118507505598
70.5 0.014494850764 -0.123681376308 0.565907002745 0.158441830405 -0.783333911034 -0.587182991521 0.128453511708
70.6 0.013706211003 -0.117439342690 0.565124966236 0.158068409846 -0.784258569026 -0.585008851274 0.133107169791
70.7 0.015678203807 -0.116315342083 0.577115730361 0.161273982348 -0.784815875235 -0.584888311757 0.126334505847
70.8 0.016260364827 -0.110184081384 0.560899143579 0.166316994633 -0.782105624529 -0.584035192882 0.139829692311
70.9 0.020682908422 -0.108869803696 0.598690909754 -0.191021781703 0.794016882453 0.563209497307 -0.125868707147
71.0 0.020749805555 -0.106497861621 0.599195772641 -0.190204405813 0.796508820654 0.558835129040 -0.130764219800
71.1 0.022000137061 -0.104668556838 0.602496025085 0.194438239681 -0.800703383481 -0.549910631799 0.136624154770
71.2 0.026343710254 -0.105266102624 0.604387098538 -0.194516281509 0.793738374685 0.559742914556 -0.137224918960
71.3 0.030141660288 -0.107250476628 0.606134954674 0.192555138462 -0.794753637028 -0.557784428584 0.142006008013
71.4 0.030442077232 -0.106539813308 0.602970014921 0.196843202808 -0.791719809125 -0.560983841149 0.140462191774
71.5 0.029392529374 -0.106474284397 0.603629993263 0.198176254074 -0.788405646840 -0.564676972779 0.142417080316
71.6 0.027047221947 -0.108168625034 0.602110752722 -0.201234976813 0.792565614581 0.558951127491 -0.137542239936
71.7 0.025653576594 -0.109745749136 0.601325493237 -0.201569834326 0.792982440215 0.557666866642 -0.139843188073
