0.0 0.000000000000 0.000000000000 0.000000000000 0.000000000000 0.000000000000 0.000000000000 0.000000000000
0.1 0.000000000000 0.000000000000 0.000000000000 0.000000000000 0.000000000000 0.000000000000 0.000000000000
0.2 0.000000000000 0.000000000000 0.000000000000 0.000000000000 0.000000000000 0.000000000000 0.000000000000
0.3 0.000000000000 0.000000000000 0.000000000000 0.000000000000 0.000000000000 0.000000000000 0.000000000000
0.4 0.000000000000 0.000000000000 0.000000000000 0.000000000000 0.000000000000 0.000000000000 0.000000000000
0.5 0.000000000000 0.000000000000 0.000000000000 0.000000000000 0.000000000000 0.000000000000 0.000000000000
0.6 0.000000000000 0.000000000000 0.000000000000 0.000000000000 0.000000000000 0.000000000000 0.000000000000
0.7 0.000000000000 0.000000000000 0.000000000000 0.000000000000 0.000000000000 0.000000000000 0.000000000000
0.8 0.000000000000 0.000000000000 0.000000000000 0.000000000000 0.000000000000 0.000000000000 0.000000000000
0.9 0.000000000000 0.000000000000 0.000000000000 0.000000000000 0.000000000000 0.000000000000 0.000000000000
1.0 0.000000000000 0.000000000000 0.000000000000 0.000000000000 0.000000000000 0.000000000000 0.000000000000
1.1 0.000000000000 0.000000000000 0.000000000000 0.000000000000 0.000000000000 0.000000000000 0.000000000000
1.2 0.000000000000 0.000000000000 0.000000000000 0.000000000000 0.000000000000 0.000000000000 0.000000000000
1.3 0.000000000000 0.000000000000 0.000000000000 0.000000000000 0.000000000000 0.000000000000 0.000000000000
1.4 0.000000000000 0.000000000000 0.000000000000 0.000000000000 0.000000000000 0.000000000000 0.000000000000
1.5 0.000000000000 0.000000000000 0.000000000000 0.000000000000 0.000000000000 0.000000000000 0.000000000000
1.6 0.000000000000 0.000000000000 0.000000000000 0.000000000000 0.000000000000 0.000000000000 0.000000000000
1.7 0.000000000000 0.000000000000 0.000000000000 0.000000000000 0.000000000000 0.000000000000 0.000000000000
1.8 0.000000000000 0.000000000000 0.000000000000 0.000000000000 0.000000000000 0.000000000000 0.000000000000
1.9 0.000000000000 0.000000000000 0.000000000000 0.000000000000 0.000000000000 0.000000000000 0.000000000000
2.0 0.000000000000 0.000000000000 0.000000000000 0.000000000000 0.000000000000 0.000000000000 0.000000000000
2.1 0.000000000000 0.000000000000 0.000000000000 0.000000000000 0.000000000000 0.000000000000 0.000000000000
2.2 0.000000000000 0.000000000000 0.000000000000 0.000000000000 0.000000000000 0.000000000000 0.000000000000
2.3 0.000000000000 0.000000000000 0.000000000000 0.000000000000 0.000000000000 0.000000000000 0.000000000000
2.4 0.000000000000 0.000000000000 0.000000000000 0.000000000000 0.000000000000 0.000000000000 0.000000000000
2.5 0.000000000000 0.000000000000 0.000000000000 0.000000000000 0.000000000000 0.000000000000 0.000000000000
2.6 0.000000000000 0.000000000000 0.000000000000 0.000000000000 0.000000000000 0.000000000000 0.000000000000
2.7 0.000000000000 0.000000000000 0.000000000000 0.000000000000 0.000000000000 0.000000000000 0.000000000000
2.8 0.000000000000 0.000000000000 0.000000000000 0.000000000000 0.000000000000 0.000000000000 0.000000000000
2.9 0.000000000000 0.000000000000 0.000000000000 0.000000000000 0.000000000000 0.000000000000 0.000000000000
3.0 0.000000000000 0.000000000000 0.000000000000 0.000000000000 0.000000000000 0.000000000000 0.000000000000
3.1 0.000000000000 0.000000000000 0.000000000000 0.000000000000 0.000000000000 0.000000000000 0.000000000000
3.2 0.000000000000 0.000000000000 0.000000000000 0.000000000000 0.000000000000 0.000000000000 0.000000000000
3.3 0.000000000000 0.000000000000 0.000000000000 0.000000000000 0.000000000000 0.000000000000 0.000000000000
3.4 0.000000000000 0.000000000000 0.000000000000 0.000000000000 0.000000000000 0.000000000000 0.000000000000
3.5 0.000000000000 0.000000000000 0.000000000000 0.000000000000 0.000000000000 0.000000000000 0.000000000000
3.6 0.000000000000 0.000000000000 0.000000000000 0.000000000000 0.000000000000 0.000000000000 0.000000000000
3.7 0.000000000000 0.000000000000 0.000000000000 0.000000000000 0.000000000000 0.000000000000 0.000000000000
3.8 0.000000000000 0.000000000000 0.000000000000 0.000000000000 0.000000000000 0.000000000000 0.000000000000
3.9 0.000000000000 0.000000000000 0.000000000000 0.000000000000 0.000000000000 0.000000000000 0.000000000000
4.0 0.000000000000 0.000000000000 0.000000000000 0.000000000000 0.000000000000 0.000000000000 0.000000000000
4.1 0.000000000000 0.000000000000 0.000000000000 0.000000000000 0.000000000000 0.000000000000 0.000000000000
4.2 0.000000000000 0.000000000000 0.000000000000 0.000000000000 0.000000000000 0.000000000000 0.000000000000
4.3 0.000000000000 0.000000000000 0.000000000000 0.000000000000 0.000000000000 0.000000000000 0.000000000000
4.4 0.000000000000 0.000000000000 0.000000000000 0.000000000000 0.000000000000 0.000000000000 0.000000000000
4.5 0.000000000000 0.000000000000 0.000000000000 0.000000000000 0.000000000000 0.000000000000 0.000000000000
4.6 0.000000000000 0.000000000000 0.000000000000 0.000000000000 0.000000000000 0.000000000000 0.000000000000
4.7 0.000000000000 0.000000000000 0.000000000000 0.000000000000 0.000000000000 0.000000000000 0.000000000000
4.8 0.000000000000 0.000000000000 0.000000000000 0.000000000000 0.000000000000 0.000000000000 0.000000000000
4.9 0.000000000000 0.000000000000 0.000000000000 0.000000000000 0.000000000000 0.000000000000 0.000000000000
5.0 0.000000000000 0.000000000000 0.000000000000 0.000000000000 0.000000000000 0.000000000000 0.000000000000
5.1 0.095072326648 0.008842960981 0.731660413745 0.663417082221 -0.627558344014 0.313083574074 0.260819814279
5.2 0.091071485327 0.010920038780 0.731583333040 0.678744279891 -0.666058169408 0.235366573201 0.200687054138
5.3 0.000000000000 0.000000000000 0.000000000000 0.000000000000 0.000000000000 0.000000000000 0.000000000000
5.4 0.097415193698 0.002115381555 0.774318661168 0.681600112179 -0.675111437966 0.201626159672 0.197465756883
5.5 0.079677637156 0.003238652402 0.697090058566 0.686090119697 -0.658479827286 0.218217429997 0.219239179793
5.6 0.082076774396 0.001098165587 0.707838893098 0.691816697691 -0.652813909979 0.211081252579 0.225096336141
5.7 0.085457786939 0.000349332768 0.721871615653 0.685326319107 -0.649898498884 0.220137573600 0.243924632166
5.8 0.080203703102 0.002616605714 0.706384575703 0.690481790185 -0.642867826473 0.215447812550 0.252067640083
5.9 0.077399456103 0.001981464546 0.693248856797 0.688943685847 -0.632771396907 0.236738812302 0.262510365011
6.0 0.083939923160 0.004556127773 0.719474667828 0.691596315769 -0.641468427486 0.216300356037 0.251847073700
6.1 0.000000000000 0.000000000000 0.000000000000 0.000000000000 0.000000000000 0.000000000000 0.000000000000
6.2 0.089591168429 0.005908681856 0.725212132252 0.689939814453 -0.633643706072 0.247576291027 0.247355384639
6.3 0.105302713376 0.009936329196 0.778871452898 0.691473665281 -0.644965862736 0.229015212871 0.231160633330
6.4 0.086388385724 0.013907070688 0.711956143806 0.699112145872 -0.637105798310 0.208977893734 0.248327705227
6.5 0.084692745679 0.015165975667 0.714530707290 0.691079111164 -0.630576196123 0.214910522089 0.280351191349
6.6 0.091803849772 0.025172988007 0.736523395236 0.676375223325 -0.654255105259 0.182691330926 0.284764274655
6.7 0.091348387516 0.022599011642 0.749312527020 0.678767752278 -0.649715701779 0.205621397617 0.273612291703
6.8 0.083112841139 0.019847268877 0.722079587725 0.676619512900 -0.642321453192 0.225219420674 0.280865444801
6.9 0.083009012915 0.018226032952 0.715510187545 0.680078775879 -0.637850723887 0.239458813155 0.270737491748
7.0 0.256216679819 0.026461662486 0.686852444109 0.086575128452 0.371325313439 -0.694099758619 0.610612629920
7.1 0.000000000000 0.000000000000 0.000000000000 0.000000000000 0.000000000000 0.000000000000 0.000000000000
7.2 0.000000000000 0.000000000000 0.000000000000 0.000000000000 0.000000000000 0.000000000000 0.000000000000
7.3 0.000000000000 0.000000000000 0.000000000000 0.000000000000 0.000000000000 0.000000000000 0.000000000000
7.4 0.000000000000 0.000000000000 0.000000000000 0.000000000000 0.000000000000 0.000000000000 0.000000000000
7.5 0.000000000000 0.000000000000 0.000000000000 0.000000000000 0.000000000000 0.000000000000 0.000000000000
7.6 0.060840955709 0.000726840835 0.714011704727 0.664359704500 -0.637417922690 0.270197446526 0.281634363602
7.7 0.062134369563 -0.000898889048 0.730865986667 0.664938360478 -0.643328963377 0.268863427076 0.267763476272
7.8 0.052956439439 0.001673937390 0.688027825613 0.657606430149 -0.638136154146 0.282627092132 0.283651121260
7.9 0.058839448343 0.000543002153 0.712536208319 0.658630132535 -0.641224308681 0.278795027772 0.278048677327
8.0 0.232325364682 0.002722817714 0.698765238645 0.138070796466 0.393606843355 -0.687527502181 0.594403938220
8.1 0.000000000000 0.000000000000 0.000000000000 0.000000000000 0.000000000000 0.000000000000 0.000000000000
8.2 0.000000000000 0.000000000000 0.000000000000 0.000000000000 0.000000000000 0.000000000000 0.000000000000
8.3 0.000000000000 0.000000000000 0.000000000000 0.000000000000 0.000000000000 0.000000000000 0.000000000000
8.4 0.066177823949 -0.023375040834 0.829168770737 0.664862703857 -0.647770495302 0.294123266572 0.227689425530
8.5 0.047684822596 -0.016244219486 0.725976650187 0.644957685354 -0.651766723483 0.272925523567 0.291103728674
8.6 0.043959960396 -0.019207943689 0.720128490277 0.651346143491 -0.639963874934 0.279358079331 0.296906557103
8.7 0.050292909402 -0.019798692976 0.762035435429 0.649768484480 -0.655605747810 0.265585796065 0.278291582596
8.8 0.045802754676 -0.015389035968 0.742078993370 0.649417491712 -0.647040298547 0.281390767331 0.283575403686
8.9 0.000000000000 0.000000000000 0.000000000000 0.000000000000 0.000000000000 0.000000000000 0.000000000000
9.0 0.000000000000 0.000000000000 0.000000000000 0.000000000000 0.000000000000 0.000000000000 0.000000000000
9.1 0.000000000000 0.000000000000 0.000000000000 0.000000000000 0.000000000000 0.000000000000 0.000000000000
9.2 0.000000000000 0.000000000000 0.000000000000 0.000000000000 0.000000000000 0.000000000000 0.000000000000
9.3 0.070166757126 0.006722455273 0.731619978337 0.662810142082 -0.632440994623 0.258409227136 0.306473123135
9.4 0.070329647472 0.007083504327 0.724584453414 0.672236446031 -0.625196866051 0.266355085849 0.293737991330
9.5 0.075370529151 0.009405301544 0.730486077797 0.674410398928 -0.616165151968 0.269266818287 0.304969670437
9.6 0.000000000000 0.000000000000 0.000000000000 0.000000000000 0.000000000000 0.000000000000 0.000000000000
9.7 0.104443399139 0.014595963573 0.804772592332 0.669801531439 -0.642051152259 0.206781419820 0.310447533058
9.8 0.099946656054 0.010881736712 0.773517213812 0.682731158127 -0.626388389850 0.225085320747 0.301417234357
9.9 0.000000000000 0.000000000000 0.000000000000 0.000000000000 0.000000000000 0.000000000000 0.000000000000
10.0 0.000000000000 0.000000000000 0.000000000000 0.000000000000 0.000000000000 0.000000000000 0.000000000000
10.1 0.000000000000 0.000000000000 0.000000000000 0.000000000000 0.000000000000 0.000000000000 0.000000000000
10.2 0.000000000000 0.000000000000 0.000000000000 0.000000000000 0.000000000000 0.000000000000 0.000000000000
10.3 0.000000000000 0.000000000000 0.000000000000 0.000000000000 0.000000000000 0.000000000000 0.000000000000
10.4 0.000000000000 0.000000000000 0.000000000000 0.000000000000 0.000000000000 0.000000000000 0.000000000000
10.5 0.000000000000 0.000000000000 0.000000000000 0.000000000000 0.000000000000 0.000000000000 0.000000000000
10.6 0.000000000000 0.000000000000 0.000000000000 0.000000000000 0.000000000000 0.000000000000 0.000000000000
10.7 0.000000000000 0.000000000000 0.000000000000 0.000000000000 0.000000000000 0.000000000000 0.000000000000
10.8 0.131513454743 0.041250402624 0.835290794956 0.760720595992 -0.530262637653 0.165400249978 0.335810165495
10.9 0.122097859755 0.045743654295 0.794869708868 0.749044123692 -0.556583404622 0.170677973706 0.316254397208
11.0 0.156379339169 0.043129016082 0.931698275977 0.780525437017 -0.588176108287 -0.025463477307 0.210191624791
11.1 0.000000000000 0.000000000000 0.000000000000 0.000000000000 0.000000000000 0.000000000000 0.000000000000
11.2 0.000000000000 0.000000000000 0.000000000000 0.000000000000 0.000000000000 0.000000000000 0.000000000000
11.3 0.079762180403 -0.069347843076 0.480227081435 0.969636791855 0.088607847317 -0.075909352132 0.214920709875
11.4 0.248805512159 0.077891764330 0.691969781425 0.115921104197 0.327562322476 -0.610662933019 0.711586962171
11.5 0.101390653647 0.036838319517 0.810801387168 0.762577412533 -0.551651900929 0.157033005996 0.299159664936
11.6 0.249360523582 0.077782484455 0.701571745040 0.112223608507 0.333779917444 -0.598393663102 0.719667876429
11.7 0.094293672855 0.033343520648 0.787036186820 0.780317605076 -0.529544713907 0.162449457930 0.290339464765
11.8 0.084613694875 -0.070365142375 0.489390077865 0.972413124372 0.095858708185 -0.087410882363 0.193863769846
11.9 0.094839405021 0.042700130439 0.785781452207 0.770881833682 -0.531814631291 0.184405887541 0.298175896216
12.0 0.085104290400 0.036137370000 0.756345367841 0.780925851025 -0.512602366172 0.207590266077 0.290344469255
12.1 0.245269159354 0.086846682303 0.712555994117 0.114151784586 0.307755278551 -0.586783019417 0.740230873933
12.2 0.239510244455 0.087847646426 0.698824934519 0.108536119632 0.330742884266 -0.577161700730 0.738724188350
12.3 0.077477639705 0.025494699591 0.771030555716 0.805010041780 -0.494828726127 0.185446206528 0.269653609129
12.4 0.000000000000 0.000000000000 0.000000000000 0.000000000000 0.000000000000 0.000000000000 0.000000000000
12.5 0.067817772865 0.021576363225 0.781965706739 0.800292434793 -0.502229998174 0.179186511141 0.274206568068
12.6 0.214196513609 0.081982031746 0.695991949910 0.132885976711 0.328464366846 -0.548855794613 0.757106197060
12.7 0.215593102563 0.080337269635 0.701913544986 0.138040822479 0.334672451514 -0.547701155944 0.754296046194
12.8 0.079177838902 -0.080968313110 0.489462299356 0.967616661941 0.154457526001 -0.070248051319 0.186885204020
12.9 0.211284457306 0.086139960224 0.679809464021 0.129736850841 0.339111539716 -0.531302890401 0.765433832423
13.0 0.219240344980 0.086782065014 0.706522573048 0.131945443374 0.306261492009 -0.541665076104 0.771617291029
13.1 0.079098023881 -0.075908901761 0.485961068331 0.968630359164 0.144377523872 -0.070006569132 0.189761529781
13.2 0.214873089461 0.090944905179 0.698985994963 0.126450940750 0.303504705110 -0.533852177880 0.779035882186
13.3 0.210851972618 0.091669532544 0.697983177156 0.123034801389 0.304452995463 -0.535332692300 0.778196453189
13.4 0.213907783429 0.093842777519 0.724032613507 0.125300771686 0.285877506094 -0.533482253343 0.786110967671
13.5 0.053341208129 0.014890568154 0.751784158623 0.828638938802 -0.452042228846 0.191696309653 0.268826816568
13.6 0.201460954612 0.090382051568 0.694196362750 0.144079115743 0.285977322121 -0.528363391269 0.786314381406
13.7 0.053413321161 0.014311550062 0.793362126544 0.834700471563 -0.461926479673 0.153808504312 0.257375201119
13.8 0.191210372917 0.091704763670 0.695086896032 0.131441480895 0.295665481056 -0.502651989078 0.801652068099
13.9 0.190568001173 0.087800151568 0.671411028074 0.139342965858 0.308827058712 -0.513909630041 0.788102961436
14.0 0.052453341708 0.010789387327 0.781807225020 0.841029967359 -0.457398238034 0.148794318186 0.247620065266
14.1 0.198259328296 0.096052399558 0.712158299716 0.110944395358 0.269762578327 -0.509539010445 0.809499530147
14.2 0.082103621776 -0.077364570895 0.482056675339 0.959257311986 0.212932965127 -0.047653382276 0.179482915403
14.3 0.079852802228 -0.078746556217 0.473917799020 0.963077768756 0.205528168487 -0.058721891442 0.163679939982
14.4 0.189606489785 0.094478840228 0.680190835649 0.123345635803 0.299490580278 -0.497849696674 0.804510364119
14.5 0.047741597927 0.005962209006 0.757373025432 0.849172875575 -0.434467310048 0.167578844759 0.249120281545
14.6 0.080288074924 -0.086178566387 0.491449578362 0.963630452559 0.190268411487 -0.107471310856 0.153831725704
14.7 0.185554974189 0.086294641683 0.683955050922 0.126206601985 0.294095936479 -0.488028280273 0.812039328737
14.8 0.183985262244 0.080730785466 0.681820554064 0.145917427138 0.291114006791 -0.496633183716 0.804559643743
14.9 0.177367925201 0.083872482169 0.662787520419 0.144570652321 0.313181673245 -0.474932020369 0.809602459272
15.0 -0.022906118102 0.070724428008 0.217679366382 0.014686167443 0.541228371971 0.128928023049 0.830803063747
15.1 0.185167665456 0.087587106148 0.711555838789 0.112224566456 0.266838196271 -0.486199937271 0.824507516456
15.2 0.190006936616 0.085186462247 0.714530152086 0.140611154624 0.234166283303 -0.511311353268 0.814834556814
15.3 0.183617244942 0.090870070953 0.691943238851 0.128893526218 0.287647676252 -0.484055207617 0.816293960057
15.4 0.000000000000 0.000000000000 0.000000000000 0.000000000000 0.000000000000 0.000000000000 0.000000000000
15.5 0.187867964338 0.074936627920 0.709734490018 0.145067951241 0.261485903867 -0.503972071506 0.810303994031
15.6 0.000000000000 0.000000000000 0.000000000000 0.000000000000 0.000000000000 0.000000000000 0.000000000000
15.7 0.184026512370 0.075291395539 0.732383210088 0.153801746364 0.250952852822 -0.525446813171 0.798294015388
15.8 0.056552138572 -0.087037209636 0.477482319986 0.973742504090 0.153442334615 -0.060267917570 0.156999247730
15.9 0.058754357664 -0.086314557070 0.493864875930 0.971129088978 0.151920412882 -0.067093324312 0.171251179625
16.0 0.179509254484 0.075929470681 0.712468406025 0.147674053070 0.296434533947 -0.525353639294 0.783787276506
16.1 0.181333317304 0.078899647900 0.700323562087 0.153393251060 0.296869014660 -0.521896901545 0.784833054109
16.2 0.059720088487 -0.086881099227 0.473507709589 0.971484764563 0.159886232770 -0.059957779123 0.164495621568
16.3 0.186647648210 0.076951614434 0.710234639724 0.159705524524 0.296341500688 -0.530495184983 0.777978610963
16.4 0.187680605328 0.076904123429 0.716593178323 0.158047827863 0.293765245075 -0.531410760154 0.778669036810
16.5 0.186145735923 0.078162668026 0.719286024072 0.146292048088 0.308110144285 -0.524418307597 0.780161659089
16.6 0.048627963912 -0.000870791244 0.878111756757 0.845302071369 -0.504554730532 0.030438368885 0.173096613880
16.7 0.051869564323 -0.011484818114 0.894307496982 0.856740200104 -0.476939070607 0.076054448342 0.180944945610
16.8 0.052795103923 -0.091386899798 0.505616162058 0.977839888104 0.096339207814 -0.050121932405 0.178985200958
16.9 0.059437461682 -0.018274165691 0.938096054300 0.848392076686 -0.490961994675 0.058486502048 0.189120419522
17.0 0.035529628131 0.002020437093 0.803492619259 0.754293889739 -0.533864860970 0.162205034618 0.346003706438
17.1 0.043737560063 -0.011904955625 0.842526441112 0.794098036306 -0.520435282232 0.178339438088 0.258361124332
17.2 0.064711510100 -0.029011235608 0.947049444202 0.832910685033 -0.535343423268 0.018202864600 0.139053463251
17.3 0.046590687379 -0.100497762104 0.489934723093 0.979909621832 0.068311515455 -0.046137699276 0.181609423221
17.4 0.205473265699 0.035703918732 0.736487012023 0.176970505578 0.315351646560 -0.576107615411 0.733031237147
17.5 0.045627213072 -0.014648362553 0.781070718467 0.775264102003 -0.536519978895 0.201202449896 0.265762033683
17.6 0.000000000000 0.000000000000 0.000000000000 0.000000000000 0.000000000000 0.000000000000 0.000000000000
17.7 0.000000000000 0.000000000000 0.000000000000 0.000000000000 0.000000000000 0.000000000000 0.000000000000
17.8 0.000000000000 0.000000000000 0.000000000000 0.000000000000 0.000000000000 0.000000000000 0.000000000000
17.9 0.000000000000 0.000000000000 0.000000000000 0.000000000000 0.000000000000 0.000000000000 0.000000000000
18.0 0.218917239576 0.079580479920 0.717291794566 0.127793275066 0.293250658209 -0.575677348172 0.752508153517
18.1 0.218452913302 0.085382999217 0.711213400391 0.125686323716 0.313877695965 -0.549328674330 0.764147726271
18.2 0.231069267051 0.078526995201 0.757374974883 0.138308698196 0.250435786368 -0.578220700772 0.764076856152
18.3 0.000000000000 0.000000000000 0.000000000000 0.000000000000 0.000000000000 0.000000000000 0.000000000000
18.4 0.000000000000 0.000000000000 0.000000000000 0.000000000000 0.000000000000 0.000000000000 0.000000000000
18.5 0.000000000000 0.000000000000 0.000000000000 0.000000000000 0.000000000000 0.000000000000 0.000000000000
18.6 0.096008783404 0.008582393311 0.810582697732 0.852573008769 -0.441645444953 0.119491193663 0.252567654911
18.7 0.112467722837 0.015895206021 0.894572864195 0.855254914687 -0.484922317301 -0.066562178040 0.170173010616
18.8 0.000000000000 0.000000000000 0.000000000000 0.000000000000 0.000000000000 0.000000000000 0.000000000000
18.9 0.000000000000 0.000000000000 0.000000000000 0.000000000000 0.000000000000 0.000000000000 0.000000000000
19.0 0.000000000000 0.000000000000 0.000000000000 0.000000000000 0.000000000000 0.000000000000 0.000000000000
19.1 0.000000000000 0.000000000000 0.000000000000 0.000000000000 0.000000000000 0.000000000000 0.000000000000
19.2 0.000000000000 0.000000000000 0.000000000000 0.000000000000 0.000000000000 0.000000000000 0.000000000000
19.3 0.000000000000 0.000000000000 0.000000000000 0.000000000000 0.000000000000 0.000000000000 0.000000000000
19.4 0.048652932181 0.020257255770 0.773514773057 0.857790009268 -0.416103598778 0.131372735472 0.271652902542
19.5 0.037845743050 0.015625552116 0.728836743997 0.861494896688 -0.409089018373 0.185663000900 0.236647349709
19.6 0.034198863838 0.013964195250 0.711330190967 0.859612818019 -0.404607220643 0.189655062835 0.247769564802
19.7 0.000000000000 0.000000000000 0.000000000000 0.000000000000 0.000000000000 0.000000000000 0.000000000000
19.8 0.049581965361 0.019755909409 0.821607051436 0.882701808010 -0.420725835854 0.004316327047 0.209305180303
19.9 0.027226084154 0.014573841341 0.709198245352 0.872209620799 -0.386759663860 0.172365196569 0.244862367074
20.0 0.031754374457 0.011145900293 0.746847606864 0.887682012254 -0.372591186181 0.141008084616 0.230896455524
20.1 0.027364870185 0.009722477592 0.738371274508 0.888201275781 -0.373370469984 0.101375737532 0.247822407551
20.2 0.068296437341 0.083385323194 0.133320789011 0.039622291954 0.249597041695 -0.378922118063 0.890252446894
20.3 0.137031144333 0.108594020614 0.617751210771 0.132190335460 0.269559400592 -0.398742710217 0.866526223384
20.4 0.135868787579 0.110098474356 0.640743946632 0.123529419119 0.255836540577 -0.389499986476 0.876115236515
20.5 0.133097685051 0.108531197925 0.622710334678 0.137481087275 0.260595610099 -0.394386274840 0.870429976998
20.6 0.131537677106 0.113135632293 0.629610205360 0.121032319288 0.249016173735 -0.380714988863 0.882268791334
20.7 0.132828898926 0.115365507167 0.639712941209 0.125516298884 0.244047515744 -0.385338797536 0.881022406008
20.8 0.008857864216 -0.000466980036 0.667632661477 0.890016264056 -0.340162537647 0.189836148234 0.236902373396
20.9 0.011148859242 -0.000366797899 0.677784381149 0.894313075885 -0.334381355074 0.180336556932 0.236372498217
21.0 0.133309737766 0.116270103371 0.640014738440 0.126883447274 0.238234664704 -0.375078763495 0.886826226786
21.1 0.132741785980 0.115932968504 0.625093493500 0.118405996820 0.251639353705 -0.371448042330 0.885823914462
21.2 0.017312609127 -0.001955775604 0.694135145405 0.898183953501 -0.329363995901 0.160956570960 0.242647740857
21.3 0.139907432365 0.122349079344 0.714222206591 0.062810500506 0.135258851795 -0.344727383242 0.926780942446
21.4 0.012312861779 -0.005549984447 0.649875526856 0.886400686601 -0.317598398333 0.190954882117 0.277419020914
21.5 0.128400919679 0.115179814233 0.640993430594 0.113565109457 0.222419315123 -0.340887574473 0.906326804052
21.6 0.120760469327 0.117229520166 0.623856608148 0.105285703487 0.255716812984 -0.322689479480 0.905204580209
21.7 0.010154259926 -0.008600728579 0.655967100672 0.896904360439 -0.303076962899 0.184309619580 0.264077425986
21.8 0.012521940255 -0.008835572507 0.673997730100 0.904677655919 -0.299793608978 0.171453898792 0.249571014915
21.9 0.013936791751 -0.008986067401 0.665465893511 0.905445733098 -0.293940491269 0.171971091502 0.253363287977
22.0 0.018872586514 -0.008835920011 0.688297502379 0.915701435446 -0.284588949888 0.155127702344 0.237561374574
22.1 0.101570023691 -0.027213773202 0.220536346240 -0.639899327715 -0.290689198004 -0.466816559161 0.536759667493
22.2 -0.003206083545 0.057230572316 0.557981027496 0.202534547272 0.114779270888 0.322729414829 0.917415500708
22.3 0.114739970576 0.120102004510 0.659252860439 0.115544340183 0.160046828997 -0.305676206442 0.931448643133
22.4 0.000000000000 0.000000000000 0.000000000000 0.000000000000 0.000000000000 0.000000000000 0.000000000000
22.5 0.102541402654 0.113794328655 0.614786959815 0.130848172493 0.236667115306 -0.296544779566 0.915930470069
22.6 0.003243405997 -0.019066981655 0.663855198507 0.924643135935 -0.259856888382 0.139711446683 0.240811503867
22.7 0.002597001172 -0.010579715492 0.680128987097 0.915437833919 -0.279593084218 0.141532085669 0.252527123716
22.8 0.000000000000 0.000000000000 0.000000000000 0.000000000000 0.000000000000 0.000000000000 0.000000000000
22.9 0.000000000000 0.000000000000 0.000000000000 0.000000000000 0.000000000000 0.000000000000 0.000000000000
23.0 0.000000000000 0.000000000000 0.000000000000 0.000000000000 0.000000000000 0.000000000000 0.000000000000
23.1 0.000000000000 0.000000000000 0.000000000000 0.000000000000 0.000000000000 0.000000000000 0.000000000000
23.2 0.000000000000 0.000000000000 0.000000000000 0.000000000000 0.000000000000 0.000000000000 0.000000000000
23.3 0.014004250402 0.019655803307 0.651904431142 0.904118325836 -0.252275023826 0.170169928931 0.299949263258
23.4 0.014639631119 0.025560556453 0.670714501639 0.900256252236 -0.256680579803 0.163582777791 0.311278709635
23.5 0.009221678673 0.024155357044 0.640142408260 0.895104726483 -0.258390233144 0.190678692011 0.309295412924
23.6 0.000000000000 0.000000000000 0.000000000000 0.000000000000 0.000000000000 0.000000000000 0.000000000000
23.7 -0.009408441174 0.072305650827 0.535359416251 0.203821015795 0.092517570534 0.418085737980 0.880398664447
23.8 0.000000000000 0.000000000000 0.000000000000 0.000000000000 0.000000000000 0.000000000000 0.000000000000
23.9 0.000000000000 0.000000000000 0.000000000000 0.000000000000 0.000000000000 0.000000000000 0.000000000000
24.0 0.000000000000 0.000000000000 0.000000000000 0.000000000000 0.000000000000 0.000000000000 0.000000000000
24.1 -0.011308069866 0.065854144412 0.537495338311 0.219649708630 0.089485926674 0.415062579732 0.878333267804
24.2 0.000000000000 0.000000000000 0.000000000000 0.000000000000 0.000000000000 0.000000000000 0.000000000000
24.3 0.010761250502 0.017660275635 0.649395993273 0.894579475473 -0.259833958863 0.179114914107 0.316435970505
24.4 -0.009864893767 0.076826034867 0.503959107996 0.235414376162 0.113310085031 0.297576547937 0.918253284363
24.5 0.010133148511 0.022216878140 0.660997609763 0.892138273270 -0.272827990852 0.168600826305 0.318163401642
24.6 0.000000000000 0.000000000000 0.000000000000 0.000000000000 0.000000000000 0.000000000000 0.000000000000
24.7 0.016058878031 0.016348399400 0.639169940951 0.892483073149 -0.257785237666 0.183643032808 0.321396907088
24.8 0.014188752382 0.020374485103 0.637198738482 0.878182066748 -0.268920444265 0.185429310005 0.349419551955
24.9 0.000000000000 0.000000000000 0.000000000000 0.000000000000 0.000000000000 0.000000000000 0.000000000000
25.0 0.016630287032 0.020323052915 0.661013599759 0.896286395676 -0.262872707769 0.160967780420 0.318838532963
25.1 0.116016431112 0.140504398481 0.600848231945 0.175872958889 0.248559544268 -0.308223007332 0.901268790670
25.2 0.046672121977 0.029111825964 0.832185307404 0.845650096368 -0.182435798032 0.260536812767 0.428618318907
25.3 0.000000000000 0.000000000000 0.000000000000 0.000000000000 0.000000000000 0.000000000000 0.000000000000
25.4 0.016779759265 0.026097047520 0.656704291133 0.876492387347 -0.264828232853 0.186404335608 0.356202927660
25.5 0.000000000000 0.000000000000 0.000000000000 0.000000000000 0.000000000000 0.000000000000 0.000000000000
25.6 0.120558829378 0.145711740911 0.604374350243 0.165310725272 0.262796755203 -0.305491898374 0.900158280300
25.7 0.000000000000 0.000000000000 0.000000000000 0.000000000000 0.000000000000 0.000000000000 0.000000000000
25.8 0.000000000000 0.000000000000 0.000000000000 0.000000000000 0.000000000000 0.000000000000 0.000000000000
25.9 0.000000000000 0.000000000000 0.000000000000 0.000000000000 0.000000000000 0.000000000000 0.000000000000
26.0 0.000000000000 0.000000000000 0.000000000000 0.000000000000 0.000000000000 0.000000000000 0.000000000000
26.1 0.000000000000 0.000000000000 0.000000000000 0.000000000000 0.000000000000 0.000000000000 0.000000000000
26.2 0.000000000000 0.000000000000 0.000000000000 0.000000000000 0.000000000000 0.000000000000 0.000000000000
26.3 0.000000000000 0.000000000000 0.000000000000 0.000000000000 0.000000000000 0.000000000000 0.000000000000
26.4 0.000000000000 0.000000000000 0.000000000000 0.000000000000 0.000000000000 0.000000000000 0.000000000000
26.5 0.000000000000 0.000000000000 0.000000000000 0.000000000000 0.000000000000 0.000000000000 0.000000000000
26.6 0.000000000000 0.000000000000 0.000000000000 0.000000000000 0.000000000000 0.000000000000 0.000000000000
26.7 0.021384834612 0.016539543717 0.658282601706 0.887779181196 -0.265732878333 0.161667340434 0.339260716624
26.8 0.000000000000 0.000000000000 0.000000000000 0.000000000000 0.000000000000 0.000000000000 0.000000000000
26.9 0.000000000000 0.000000000000 0.000000000000 0.000000000000 0.000000000000 0.000000000000 0.000000000000
27.0 0.000000000000 0.000000000000 0.000000000000 0.000000000000 0.000000000000 0.000000000000 0.000000000000
27.1 0.000000000000 0.000000000000 0.000000000000 0.000000000000 0.000000000000 0.000000000000 0.000000000000
27.2 0.035520243785 0.017810262777 0.753845197435 0.847812705318 -0.265689384544 0.061445015588 0.454804658838
27.3 0.000000000000 0.000000000000 0.000000000000 0.000000000000 0.000000000000 0.000000000000 0.000000000000
27.4 0.010267752429 -0.011758892952 0.619343833366 0.876358693763 -0.281526019050 0.189655477172 0.341715291497
27.5 0.000000000000 0.000000000000 0.000000000000 0.000000000000 0.000000000000 0.000000000000 0.000000000000
27.6 0.118670782581 0.097765811146 0.593362086167 0.246615374895 0.268407503728 -0.307483109234 0.878972358123
27.7 0.000000000000 0.000000000000 0.000000000000 0.000000000000 0.000000000000 0.000000000000 0.000000000000
27.8 0.017806546656 -0.024341091712 0.660474823966 0.906439565525 -0.262445741002 0.162247725100 0.288383811578
27.9 0.028848642562 0.003172747801 0.739087559979 0.861811124542 -0.236322217870 0.085597224073 0.440575203782
28.0 0.001411368503 -0.012853984760 0.603736890761 0.860641718634 -0.284110836306 0.211384520343 0.365914538383
28.1 0.000000000000 0.000000000000 0.000000000000 0.000000000000 0.000000000000 0.000000000000 0.000000000000
28.2 0.000000000000 0.000000000000 0.000000000000 0.000000000000 0.000000000000 0.000000000000 0.000000000000
28.3 0.000000000000 0.000000000000 0.000000000000 0.000000000000 0.000000000000 0.000000000000 0.000000000000
28.4 0.019988828941 0.013603712334 0.753701081487 0.847200652248 -0.250500844039 0.087708273435 0.460225641112
28.5 0.015306772949 0.011602035650 0.729863895081 0.847753006654 -0.247555261170 0.106079043596 0.456922825962
28.6 0.000000000000 0.000000000000 0.000000000000 0.000000000000 0.000000000000 0.000000000000 0.000000000000
28.7 0.000851015947 -0.019393974660 0.657927632987 0.902381808597 -0.256130857035 0.171401177676 0.301207058150
28.8 0.007448382640 0.013586388972 0.744427232891 0.841794735444 -0.263457172487 0.095237388413 0.461412810282
28.9 0.101692731153 0.115459948585 0.645311314236 0.181451018881 0.189569036016 -0.287753855781 0.921052021774
29.0 0.007335435327 -0.013946707911 0.690791958883 0.919757580426 -0.241730223410 0.144372628680 0.273439273745
29.1 0.022147289503 0.028612054545 0.778894787523 0.821551076278 -0.258693029731 0.023499600007 0.507522919910
29.2 0.000814937896 -0.005516315598 0.645675490904 0.884572687519 -0.259478953845 0.190092914434 0.337737348968
29.3 0.016834169785 0.019648962500 0.758519371433 0.842547805190 -0.236949738925 0.058267610736 0.480180073235
29.4 0.000000000000 0.000000000000 0.000000000000 0.000000000000 0.000000000000 0.000000000000 0.000000000000
29.5 0.019815369287 0.007918231539 0.732872262473 0.858134371106 -0.237154444182 0.096442197145 0.445041653491
29.6 0.001953572804 -0.015751255999 0.632095716633 0.883395061366 -0.257348826736 0.191374932106 0.341702183623
29.7 0.000000000000 0.000000000000 0.000000000000 0.000000000000 0.000000000000 0.000000000000 0.000000000000
29.8 0.027604101294 0.015865909735 0.768828716948 0.841220103303 -0.232605722407 0.042403164314 0.486256400840
29.9 0.000000000000 0.000000000000 0.000000000000 0.000000000000 0.000000000000 0.000000000000 0.000000000000
30.0 0.000000000000 0.000000000000 0.000000000000 0.000000000000 0.000000000000 0.000000000000 0.000000000000
30.1 0.000000000000 0.000000000000 0.000000000000 0.000000000000 0.000000000000 0.000000000000 0.000000000000
30.2 0.000000000000 0.000000000000 0.000000000000 0.000000000000 0.000000000000 0.000000000000 0.000000000000
30.3 0.000000000000 0.000000000000 0.000000000000 0.000000000000 0.000000000000 0.000000000000 0.000000000000
30.4 0.000000000000 0.000000000000 0.000000000000 0.000000000000 0.000000000000 0.000000000000 0.000000000000
30.5 0.060266047581 0.027762985293 0.959129388229 0.752862171874 -0.153267019338 0.359626951369 0.529505643778
30.6 0.000000000000 0.000000000000 0.000000000000 0.000000000000 0.000000000000 0.000000000000 0.000000000000
30.7 0.000000000000 0.000000000000 0.000000000000 0.000000000000 0.000000000000 0.000000000000 0.000000000000
30.8 0.000000000000 0.000000000000 0.000000000000 0.000000000000 0.000000000000 0.000000000000 0.000000000000
30.9 0.000000000000 0.000000000000 0.000000000000 0.000000000000 0.000000000000 0.000000000000 0.000000000000
31.0 0.000000000000 0.000000000000 0.000000000000 0.000000000000 0.000000000000 0.000000000000 0.000000000000
31.1 0.000000000000 0.000000000000 0.000000000000 0.000000000000 0.000000000000 0.000000000000 0.000000000000
31.2 0.000000000000 0.000000000000 0.000000000000 0.000000000000 0.000000000000 0.000000000000 0.000000000000
31.3 0.015860433977 -0.020033659850 0.625087182601 0.893988601713 -0.236694137825 0.180235775080 0.335075111739
31.4 0.000000000000 0.000000000000 0.000000000000 0.000000000000 0.000000000000 0.000000000000 0.000000000000
31.5 0.000000000000 0.000000000000 0.000000000000 0.000000000000 0.000000000000 0.000000000000 0.000000000000
31.6 0.000000000000 0.000000000000 0.000000000000 0.000000000000 0.000000000000 0.000000000000 0.000000000000
31.7 0.017167126753 -0.020281087716 0.654983725210 0.917192366466 -0.230279964970 0.145287021996 0.290896857786
31.8 0.000000000000 0.000000000000 0.000000000000 0.000000000000 0.000000000000 0.000000000000 0.000000000000
31.9 0.000000000000 0.000000000000 0.000000000000 0.000000000000 0.000000000000 0.000000000000 0.000000000000
32.0 0.000000000000 0.000000000000 0.000000000000 0.000000000000 0.000000000000 0.000000000000 0.000000000000
32.1 0.000000000000 0.000000000000 0.000000000000 0.000000000000 0.000000000000 0.000000000000 0.000000000000
32.2 0.000000000000 0.000000000000 0.000000000000 0.000000000000 0.000000000000 0.000000000000 0.000000000000
32.3 0.000000000000 0.000000000000 0.000000000000 0.000000000000 0.000000000000 0.000000000000 0.000000000000
32.4 0.021787768736 0.040246455205 0.749372781976 0.743324360757 -0.100381503779 0.259826967431 0.608179574962
32.5 0.000000000000 0.000000000000 0.000000000000 0.000000000000 0.000000000000 0.000000000000 0.000000000000
32.6 0.004303326914 0.011289948654 0.654706194584 0.891216525167 -0.246549914875 0.162309397108 0.344386272019
32.7 0.000749781306 0.010415115387 0.649050430210 0.887522799546 -0.246627834594 0.178268395085 0.345974523344
32.8 0.000000000000 0.000000000000 0.000000000000 0.000000000000 0.000000000000 0.000000000000 0.000000000000
32.9 0.019272067723 0.050631499346 0.752312952799 0.801735759216 -0.240197361474 0.069213225815 0.542894583973
33.0 0.000000000000 0.000000000000 0.000000000000 0.000000000000 0.000000000000 0.000000000000 0.000000000000
33.1 0.000000000000 0.000000000000 0.000000000000 0.000000000000 0.000000000000 0.000000000000 0.000000000000
33.2 0.000000000000 0.000000000000 0.000000000000 0.000000000000 0.000000000000 0.000000000000 0.000000000000
33.3 0.027999376363 -0.015971008870 0.658740885787 0.905258298786 -0.234319588787 0.141448090163 0.324952582045
33.4 0.021138618787 -0.013605546464 0.616270276342 0.887550079455 -0.238241566991 0.187333649314 0.346989792431
33.5 0.052702464445 0.018076105201 0.733957552166 0.824539229363 -0.209555770424 0.019764734731 0.525195957319
33.6 0.000000000000 0.000000000000 0.000000000000 0.000000000000 0.000000000000 0.000000000000 0.000000000000
33.7 0.000000000000 0.000000000000 0.000000000000 0.000000000000 0.000000000000 0.000000000000 0.000000000000
33.8 0.000000000000 0.000000000000 0.000000000000 0.000000000000 0.000000000000 0.000000000000 0.000000000000
33.9 0.047123397473 0.000910997831 0.694563293252 0.832482937159 -0.184158735140 0.071244596993 0.517669708415
34.0 0.047672963849 -0.004350004346 0.703079344124 0.835150170863 -0.186933162633 0.047718195831 0.515075876548
34.1 0.024034964691 -0.031056639148 0.594989257141 0.900920255992 -0.206200763146 0.125793188650 0.360555143231
34.2 0.000000000000 0.000000000000 0.000000000000 0.000000000000 0.000000000000 0.000000000000 0.000000000000
34.3 0.000000000000 0.000000000000 0.000000000000 0.000000000000 0.000000000000 0.000000000000 0.000000000000
34.4 0.000000000000 0.000000000000 0.000000000000 0.000000000000 0.000000000000 0.000000000000 0.000000000000
34.5 0.000000000000 0.000000000000 0.000000000000 0.000000000000 0.000000000000 0.000000000000 0.000000000000
34.6 0.000000000000 0.000000000000 0.000000000000 0.000000000000 0.000000000000 0.000000000000 0.000000000000
34.7 0.000000000000 0.000000000000 0.000000000000 0.000000000000 0.000000000000 0.000000000000 0.000000000000
34.8 0.000000000000 0.000000000000 0.000000000000 0.000000000000 0.000000000000 0.000000000000 0.000000000000
34.9 0.000000000000 0.000000000000 0.000000000000 0.000000000000 0.000000000000 0.000000000000 0.000000000000
35.0 0.000000000000 0.000000000000 0.000000000000 0.000000000000 0.000000000000 0.000000000000 0.000000000000
35.1 0.000000000000 0.000000000000 0.000000000000 0.000000000000 0.000000000000 0.000000000000 0.000000000000
35.2 0.000000000000 0.000000000000 0.000000000000 0.000000000000 0.000000000000 0.000000000000 0.000000000000
35.3 0.000000000000 0.000000000000 0.000000000000 0.000000000000 0.000000000000 0.000000000000 0.000000000000
35.4 0.000000000000 0.000000000000 0.000000000000 0.000000000000 0.000000000000 0.000000000000 0.000000000000
35.5 0.000000000000 0.000000000000 0.000000000000 0.000000000000 0.000000000000 0.000000000000 0.000000000000
35.6 0.000000000000 0.000000000000 0.000000000000 0.000000000000 0.000000000000 0.000000000000 0.000000000000
35.7 0.000000000000 0.000000000000 0.000000000000 0.000000000000 0.000000000000 0.000000000000 0.000000000000
35.8 0.000000000000 0.000000000000 0.000000000000 0.000000000000 0.000000000000 0.000000000000 0.000000000000
35.9 0.000000000000 0.000000000000 0.000000000000 0.000000000000 0.000000000000 0.000000000000 0.000000000000
36.0 0.000000000000 0.000000000000 0.000000000000 0.000000000000 0.000000000000 0.000000000000 0.000000000000
36.1 0.000000000000 0.000000000000 0.000000000000 0.000000000000 0.000000000000 0.000000000000 0.000000000000
36.2 0.000000000000 0.000000000000 0.000000000000 0.000000000000 0.000000000000 0.000000000000 0.000000000000
36.3 0.000000000000 0.000000000000 0.000000000000 0.000000000000 0.000000000000 0.000000000000 0.000000000000
36.4 0.000000000000 0.000000000000 0.000000000000 0.000000000000 0.000000000000 0.000000000000 0.000000000000
36.5 0.000000000000 0.000000000000 0.000000000000 0.000000000000 0.000000000000 0.000000000000 0.000000000000
36.6 0.000000000000 0.000000000000 0.000000000000 0.000000000000 0.000000000000 0.000000000000 0.000000000000
36.7 0.000000000000 0.000000000000 0.000000000000 0.000000000000 0.000000000000 0.000000000000 0.000000000000
36.8 0.000000000000 0.000000000000 0.000000000000 0.000000000000 0.000000000000 0.000000000000 0.000000000000
36.9 0.000000000000 0.000000000000 0.000000000000 0.000000000000 0.000000000000 0.000000000000 0.000000000000
37.0 0.000000000000 0.000000000000 0.000000000000 0.000000000000 0.000000000000 0.000000000000 0.000000000000
37.1 0.000000000000 0.000000000000 0.000000000000 0.000000000000 0.000000000000 0.000000000000 0.000000000000
37.2 0.000000000000 0.000000000000 0.000000000000 0.000000000000 0.000000000000 0.000000000000 0.000000000000
37.3 0.000000000000 0.000000000000 0.000000000000 0.000000000000 0.000000000000 0.000000000000 0.000000000000
37.4 0.000000000000 0.000000000000 0.000000000000 0.000000000000 0.000000000000 0.000000000000 0.000000000000
37.5 0.000000000000 0.000000000000 0.000000000000 0.000000000000 0.000000000000 0.000000000000 0.000000000000
37.6 0.000994527749 0.008747779638 0.620987481625 0.955643145794 -0.079605383350 -0.018189602434 0.282981093365
37.7 0.000000000000 0.000000000000 0.000000000000 0.000000000000 0.000000000000 0.000000000000 0.000000000000
37.8 0.000000000000 0.000000000000 0.000000000000 0.000000000000 0.000000000000 0.000000000000 0.000000000000
37.9 -0.006734925441 0.014561143898 0.622090771969 0.944490066916 -0.088912310635 0.012611906834 0.316028565673
38.0 0.000000000000 0.000000000000 0.000000000000 0.000000000000 0.000000000000 0.000000000000 0.000000000000
38.1 0.000000000000 0.000000000000 0.000000000000 0.000000000000 0.000000000000 0.000000000000 0.000000000000
38.2 0.000000000000 0.000000000000 0.000000000000 0.000000000000 0.000000000000 0.000000000000 0.000000000000
38.3 0.000000000000 0.000000000000 0.000000000000 0.000000000000 0.000000000000 0.000000000000 0.000000000000
38.4 0.000000000000 0.000000000000 0.000000000000 0.000000000000 0.000000000000 0.000000000000 0.000000000000
38.5 0.000000000000 0.000000000000 0.000000000000 0.000000000000 0.000000000000 0.000000000000 0.000000000000
38.6 0.000000000000 0.000000000000 0.000000000000 0.000000000000 0.000000000000 0.000000000000 0.000000000000
38.7 0.000000000000 0.000000000000 0.000000000000 0.000000000000 0.000000000000 0.000000000000 0.000000000000
38.8 0.000000000000 0.000000000000 0.000000000000 0.000000000000 0.000000000000 0.000000000000 0.000000000000
38.9 0.000000000000 0.000000000000 0.000000000000 0.000000000000 0.000000000000 0.000000000000 0.000000000000
39.0 0.000000000000 0.000000000000 0.000000000000 0.000000000000 0.000000000000 0.000000000000 0.000000000000
39.1 0.000000000000 0.000000000000 0.000000000000 0.000000000000 0.000000000000 0.000000000000 0.000000000000
39.2 0.000000000000 0.000000000000 0.000000000000 0.000000000000 0.000000000000 0.000000000000 0.000000000000
39.3 0.000000000000 0.000000000000 0.000000000000 0.000000000000 0.000000000000 0.000000000000 0.000000000000
39.4 0.000000000000 0.000000000000 0.000000000000 0.000000000000 0.000000000000 0.000000000000 0.000000000000
39.5 0.000000000000 0.000000000000 0.000000000000 0.000000000000 0.000000000000 0.000000000000 0.000000000000
39.6 0.000000000000 0.000000000000 0.000000000000 0.000000000000 0.000000000000 0.000000000000 0.000000000000
39.7 0.000000000000 0.000000000000 0.000000000000 0.000000000000 0.000000000000 0.000000000000 0.000000000000
39.8 0.000000000000 0.000000000000 0.000000000000 0.000000000000 0.000000000000 0.000000000000 0.000000000000
39.9 0.000000000000 0.000000000000 0.000000000000 0.000000000000 0.000000000000 0.000000000000 0.000000000000
40.0 0.000000000000 0.000000000000 0.000000000000 0.000000000000 0.000000000000 0.000000000000 0.000000000000
40.1 0.000000000000 0.000000000000 0.000000000000 0.000000000000 0.000000000000 0.000000000000 0.000000000000
40.2 0.000000000000 0.000000000000 0.000000000000 0.000000000000 0.000000000000 0.000000000000 0.000000000000
40.3 0.000000000000 0.000000000000 0.000000000000 0.000000000000 0.000000000000 0.000000000000 0.000000000000
40.4 0.000000000000 0.000000000000 0.000000000000 0.000000000000 0.000000000000 0.000000000000 0.000000000000
40.5 0.000000000000 0.000000000000 0.000000000000 0.000000000000 0.000000000000 0.000000000000 0.000000000000
40.6 0.000000000000 0.000000000000 0.000000000000 0.000000000000 0.000000000000 0.000000000000 0.000000000000
40.7 0.000000000000 0.000000000000 0.000000000000 0.000000000000 0.000000000000 0.000000000000 0.000000000000
40.8 0.000000000000 0.000000000000 0.000000000000 0.000000000000 0.000000000000 0.000000000000 0.000000000000
40.9 0.000000000000 0.000000000000 0.000000000000 0.000000000000 0.000000000000 0.000000000000 0.000000000000
41.0 0.000000000000 0.000000000000 0.000000000000 0.000000000000 0.000000000000 0.000000000000 0.000000000000
41.1 0.000000000000 0.000000000000 0.000000000000 0.000000000000 0.000000000000 0.000000000000 0.000000000000
41.2 0.000000000000 0.000000000000 0.000000000000 0.000000000000 0.000000000000 0.000000000000 0.000000000000
41.3 0.000000000000 0.000000000000 0.000000000000 0.000000000000 0.000000000000 0.000000000000 0.000000000000
41.4 0.000000000000 0.000000000000 0.000000000000 0.000000000000 0.000000000000 0.000000000000 0.000000000000
41.5 0.000000000000 0.000000000000 0.000000000000 0.000000000000 0.000000000000 0.000000000000 0.000000000000
41.6 0.000000000000 0.000000000000 0.000000000000 0.000000000000 0.000000000000 0.000000000000 0.000000000000
41.7 0.000000000000 0.000000000000 0.000000000000 0.000000000000 0.000000000000 0.000000000000 0.000000000000
41.8 0.000000000000 0.000000000000 0.000000000000 0.000000000000 0.000000000000 0.000000000000 0.000000000000
41.9 0.000000000000 0.000000000000 0.000000000000 0.000000000000 0.000000000000 0.000000000000 0.000000000000
42.0 0.000000000000 0.000000000000 0.000000000000 0.000000000000 0.000000000000 0.000000000000 0.000000000000
42.1 0.000000000000 0.000000000000 0.000000000000 0.000000000000 0.000000000000 0.000000000000 0.000000000000
42.2 0.000000000000 0.000000000000 0.000000000000 0.000000000000 0.000000000000 0.000000000000 0.000000000000
42.3 0.000000000000 0.000000000000 0.000000000000 0.000000000000 0.000000000000 0.000000000000 0.000000000000
42.4 0.000000000000 0.000000000000 0.000000000000 0.000000000000 0.000000000000 0.000000000000 0.000000000000
42.5 0.000000000000 0.000000000000 0.000000000000 0.000000000000 0.000000000000 0.000000000000 0.000000000000
42.6 0.000000000000 0.000000000000 0.000000000000 0.000000000000 0.000000000000 0.000000000000 0.000000000000
42.7 0.000000000000 0.000000000000 0.000000000000 0.000000000000 0.000000000000 0.000000000000 0.000000000000
42.8 0.000000000000 0.000000000000 0.000000000000 0.000000000000 0.000000000000 0.000000000000 0.000000000000
42.9 0.007462692460 0.034410844506 0.743863397150 0.903150623034 -0.145614159599 0.096832984092 0.392095449897
43.0 0.016943460138 0.035886132147 0.821428803791 0.915569870569 -0.187175487721 0.007505333016 0.355866293541
43.1 0.010920082157 0.034722662318 0.750332548135 0.925253000526 -0.169346319788 0.096015248239 0.325591432778
43.2 0.013688742387 0.027906715372 0.770503898786 0.921106592197 -0.178304413848 0.089480892600 0.334310262589
43.3 0.000000000000 0.000000000000 0.000000000000 0.000000000000 0.000000000000 0.000000000000 0.000000000000
43.4 0.033963148203 0.034511898387 0.877359553806 0.921653221763 -0.251678594428 0.064981914055 0.288080847623
43.5 0.027012184438 0.031238336888 0.779530341287 0.913770219165 -0.188822085332 0.093153322936 0.347408498866
43.6 0.000000000000 0.000000000000 0.000000000000 0.000000000000 0.000000000000 0.000000000000 0.000000000000
43.7 0.000000000000 0.000000000000 0.000000000000 0.000000000000 0.000000000000 0.000000000000 0.000000000000
43.8 0.000000000000 0.000000000000 0.000000000000 0.000000000000 0.000000000000 0.000000000000 0.000000000000
43.9 0.000000000000 0.000000000000 0.000000000000 0.000000000000 0.000000000000 0.000000000000 0.000000000000
44.0 0.000000000000 0.000000000000 0.000000000000 0.000000000000 0.000000000000 0.000000000000 0.000000000000
44.1 0.000000000000 0.000000000000 0.000000000000 0.000000000000 0.000000000000 0.000000000000 0.000000000000
44.2 0.000000000000 0.000000000000 0.000000000000 0.000000000000 0.000000000000 0.000000000000 0.000000000000
44.3 0.000000000000 0.000000000000 0.000000000000 0.000000000000 0.000000000000 0.000000000000 0.000000000000
44.4 0.000000000000 0.000000000000 0.000000000000 0.000000000000 0.000000000000 0.000000000000 0.000000000000
44.5 0.000000000000 0.000000000000 0.000000000000 0.000000000000 0.000000000000 0.000000000000 0.000000000000
44.6 0.000000000000 0.000000000000 0.000000000000 0.000000000000 0.000000000000 0.000000000000 0.000000000000
44.7 0.000000000000 0.000000000000 0.000000000000 0.000000000000 0.000000000000 0.000000000000 0.000000000000
44.8 0.000000000000 0.000000000000 0.000000000000 0.000000000000 0.000000000000 0.000000000000 0.000000000000
44.9 0.000000000000 0.000000000000 0.000000000000 0.000000000000 0.000000000000 0.000000000000 0.000000000000
45.0 0.000000000000 0.000000000000 0.000000000000 0.000000000000 0.000000000000 0.000000000000 0.000000000000
45.1 0.000000000000 0.000000000000 0.000000000000 0.000000000000 0.000000000000 0.000000000000 0.000000000000
45.2 0.012771380360 0.082368019668 0.461132848345 0.027996942071 -0.027358372695 0.345516695050 0.937595810635
45.3 0.000000000000 0.000000000000 0.000000000000 0.000000000000 0.000000000000 0.000000000000 0.000000000000
45.4 0.000000000000 0.000000000000 0.000000000000 0.000000000000 0.000000000000 0.000000000000 0.000000000000
45.5 0.000000000000 0.000000000000 0.000000000000 0.000000000000 0.000000000000 0.000000000000 0.000000000000
45.6 0.000000000000 0.000000000000 0.000000000000 0.000000000000 0.000000000000 0.000000000000 0.000000000000
45.7 0.106132767543 0.046908099378 0.763738568915 0.826847708483 -0.443835111381 0.106708468961 0.328552223451
45.8 0.116356627452 -0.045545009352 0.237202696436 -0.717241902055 -0.176680646310 -0.522575925195 0.425749228493
45.9 0.000000000000 0.000000000000 0.000000000000 0.000000000000 0.000000000000 0.000000000000 0.000000000000
46.0 0.000000000000 0.000000000000 0.000000000000 0.000000000000 0.000000000000 0.000000000000 0.000000000000
46.1 0.000000000000 0.000000000000 0.000000000000 0.000000000000 0.000000000000 0.000000000000 0.000000000000
46.2 0.091424508091 0.046682680213 0.796015643111 0.803050066462 -0.482338450086 0.133122829773 0.323633314907
46.3 0.041167155222 0.082282273534 0.502163992627 0.183092805926 0.093484581994 0.172500222936 0.963317876111
46.4 0.093538004044 -0.063812847335 0.512438818098 0.962211634844 0.131547684895 -0.087710616715 0.221699851342
46.5 0.100679335636 -0.067057117949 0.500382305978 0.958747326169 0.168528398873 -0.097552397073 0.207087597798
46.6 0.000000000000 0.000000000000 0.000000000000 0.000000000000 0.000000000000 0.000000000000 0.000000000000
46.7 0.054835824288 0.092519187807 0.473707816806 0.179488345160 0.136567830028 0.068983899460 0.971789269013
46.8 0.082540127771 0.039372685311 0.747628730031 0.787257092663 -0.492495872519 0.190876262810 0.318182868645
46.9 0.073282918091 0.032243636803 0.705093070058 0.797229640409 -0.467424887032 0.227876020143 0.306612776772
47.0 0.000000000000 0.000000000000 0.000000000000 0.000000000000 0.000000000000 0.000000000000 0.000000000000
47.1 0.233398863992 0.098526613012 0.673464879479 0.130201784818 0.319243899688 -0.581227632567 0.737092441206
47.2 0.235927674483 0.101239989848 0.677991823322 0.137227101691 0.311732235297 -0.577249281440 0.742142171767
47.3 0.100211085740 0.063520982749 0.833691253848 0.780088914103 -0.525834818269 0.096421504000 0.325056800507
47.4 0.069496242566 0.051241803363 0.710556730516 0.777892712768 -0.482270834551 0.228159665804 0.332025505743
47.5 0.073048593238 0.053923484183 0.734606552214 0.782156480246 -0.491690689598 0.201116804246 0.325612556916
47.6 0.049072679777 0.103058989560 0.462886756665 0.171857548343 0.162497013589 0.052297461199 0.970218882111
47.7 0.087083524149 -0.054536007322 0.522732196352 0.960900907445 0.116839095645 -0.077276873228 0.238843791344
47.8 0.083334182788 -0.056747934954 0.522404366092 0.960287044630 0.102634566376 -0.096204637709 0.240955608742
47.9 0.000000000000 0.000000000000 0.000000000000 0.000000000000 0.000000000000 0.000000000000 0.000000000000
48.0 0.061156170578 0.052686963768 0.760171696708 0.784548585568 -0.492275188861 0.185787959020 0.328072384694
48.1 0.000000000000 0.000000000000 0.000000000000 0.000000000000 0.000000000000 0.000000000000 0.000000000000
48.2 0.065758771854 0.061532325298 0.804360126251 0.794930352863 -0.496942989179 0.139087715610 0.319042327863
48.3 0.000000000000 0.000000000000 0.000000000000 0.000000000000 0.000000000000 0.000000000000 0.000000000000
48.4 0.000000000000 0.000000000000 0.000000000000 0.000000000000 0.000000000000 0.000000000000 0.000000000000
48.5 0.000000000000 0.000000000000 0.000000000000 0.000000000000 0.000000000000 0.000000000000 0.000000000000
48.6 0.000000000000 0.000000000000 0.000000000000 0.000000000000 0.000000000000 0.000000000000 0.000000000000
48.7 0.027329667500 0.040227049381 0.708105291700 0.807907466013 -0.448232268348 0.232078557424 0.304159338435
48.8 0.000000000000 0.000000000000 0.000000000000 0.000000000000 0.000000000000 0.000000000000 0.000000000000
48.9 0.029920332960 0.050657297149 0.733660989317 0.806795434759 -0.460313704787 0.205795709620 0.307961922222
49.0 0.022529086136 0.048158323960 0.698177006415 0.805007677217 -0.448325158049 0.220635746530 0.319823481996
49.1 0.012168065169 0.099183073351 0.476948551642 0.177008181326 0.116482073136 0.131213611167 0.968443606322
49.2 0.000000000000 0.000000000000 0.000000000000 0.000000000000 0.000000000000 0.000000000000 0.000000000000
49.3 0.000000000000 0.000000000000 0.000000000000 0.000000000000 0.000000000000 0.000000000000 0.000000000000
49.4 0.023101331604 0.036670816923 0.704466717633 0.815816388508 -0.433795252986 0.232145906332 0.303930217158
49.5 0.000000000000 0.000000000000 0.000000000000 0.000000000000 0.000000000000 0.000000000000 0.000000000000
49.6 0.000000000000 0.000000000000 0.000000000000 0.000000000000 0.000000000000 0.000000000000 0.000000000000
49.7 0.014810474812 0.053687908317 0.770192520536 0.786091532836 -0.480575997731 0.205795316605 0.329780381575
49.8 0.000000000000 0.000000000000 0.000000000000 0.000000000000 0.000000000000 0.000000000000 0.000000000000
49.9 0.000000000000 0.000000000000 0.000000000000 0.000000000000 0.000000000000 0.000000000000 0.000000000000
50.0 0.000000000000 0.000000000000 0.000000000000 0.000000000000 0.000000000000 0.000000000000 0.000000000000
50.1 0.000000000000 0.000000000000 0.000000000000 0.000000000000 0.000000000000 0.000000000000 0.000000000000
50.2 0.000000000000 0.000000000000 0.000000000000 0.000000000000 0.000000000000 0.000000000000 0.000000000000
50.3 0.000000000000 0.000000000000 0.000000000000 0.000000000000 0.000000000000 0.000000000000 0.000000000000
50.4 0.000000000000 0.000000000000 0.000000000000 0.000000000000 0.000000000000 0.000000000000 0.000000000000
50.5 0.000000000000 0.000000000000 0.000000000000 0.000000000000 0.000000000000 0.000000000000 0.000000000000
50.6 0.000000000000 0.000000000000 0.000000000000 0.000000000000 0.000000000000 0.000000000000 0.000000000000
50.7 0.000000000000 0.000000000000 0.000000000000 0.000000000000 0.000000000000 0.000000000000 0.000000000000
50.8 0.063299507999 -0.011003182712 0.772766083673 0.702982085702 -0.578895070765 0.232427668524 0.341575852676
50.9 0.052766656004 -0.010838131984 0.723960054788 0.690719630929 -0.575037890301 0.256627974897 0.355499505861
51.0 0.056305513680 -0.009888478406 0.759986668744 0.684865402757 -0.591228720744 0.240384542050 0.351600983812
51.1 0.000000000000 0.000000000000 0.000000000000 0.000000000000 0.000000000000 0.000000000000 0.000000000000
51.2 0.042528042230 -0.007987207869 0.719026207380 0.659282216125 -0.610133127835 0.251244211209 0.360500862903
51.3 0.000000000000 0.000000000000 0.000000000000 0.000000000000 0.000000000000 0.000000000000 0.000000000000
51.4 0.000000000000 0.000000000000 0.000000000000 0.000000000000 0.000000000000 0.000000000000 0.000000000000
51.5 0.000000000000 0.000000000000 0.000000000000 0.000000000000 0.000000000000 0.000000000000 0.000000000000
51.6 0.000000000000 0.000000000000 0.000000000000 0.000000000000 0.000000000000 0.000000000000 0.000000000000
51.7 0.000000000000 0.000000000000 0.000000000000 0.000000000000 0.000000000000 0.000000000000 0.000000000000
51.8 0.000000000000 0.000000000000 0.000000000000 0.000000000000 0.000000000000 0.000000000000 0.000000000000
51.9 0.000000000000 0.000000000000 0.000000000000 0.000000000000 0.000000000000 0.000000000000 0.000000000000
52.0 0.000000000000 0.000000000000 0.000000000000 0.000000000000 0.000000000000 0.000000000000 0.000000000000
52.1 0.000000000000 0.000000000000 0.000000000000 0.000000000000 0.000000000000 0.000000000000 0.000000000000
52.2 0.000000000000 0.000000000000 0.000000000000 0.000000000000 0.000000000000 0.000000000000 0.000000000000
52.3 0.000000000000 0.000000000000 0.000000000000 0.000000000000 0.000000000000 0.000000000000 0.000000000000
52.4 0.118291481212 -0.013555832358 0.752052517081 0.669776352625 -0.581091687495 0.249118214459 0.389451156646
52.5 0.000000000000 0.000000000000 0.000000000000 0.000000000000 0.000000000000 0.000000000000 0.000000000000
52.6 0.000000000000 0.000000000000 0.000000000000 0.000000000000 0.000000000000 0.000000000000 0.000000000000
52.7 0.000000000000 0.000000000000 0.000000000000 0.000000000000 0.000000000000 0.000000000000 0.000000000000
52.8 0.000000000000 0.000000000000 0.000000000000 0.000000000000 0.000000000000 0.000000000000 0.000000000000
52.9 0.000000000000 0.000000000000 0.000000000000 0.000000000000 0.000000000000 0.000000000000 0.000000000000
53.0 0.000000000000 0.000000000000 0.000000000000 0.000000000000 0.000000000000 0.000000000000 0.000000000000
53.1 0.000000000000 0.000000000000 0.000000000000 0.000000000000 0.000000000000 0.000000000000 0.000000000000
53.2 0.000000000000 0.000000000000 0.000000000000 0.000000000000 0.000000000000 0.000000000000 0.000000000000
53.3 0.000000000000 0.000000000000 0.000000000000 0.000000000000 0.000000000000 0.000000000000 0.000000000000
53.4 0.000000000000 0.000000000000 0.000000000000 0.000000000000 0.000000000000 0.000000000000 0.000000000000
53.5 0.000000000000 0.000000000000 0.000000000000 0.000000000000 0.000000000000 0.000000000000 0.000000000000
53.6 0.000000000000 0.000000000000 0.000000000000 0.000000000000 0.000000000000 0.000000000000 0.000000000000
53.7 0.000000000000 0.000000000000 0.000000000000 0.000000000000 0.000000000000 0.000000000000 0.000000000000
53.8 0.000000000000 0.000000000000 0.000000000000 0.000000000000 0.000000000000 0.000000000000 0.000000000000
53.9 0.000000000000 0.000000000000 0.000000000000 0.000000000000 0.000000000000 0.000000000000 0.000000000000
54.0 0.000000000000 0.000000000000 0.000000000000 0.000000000000 0.000000000000 0.000000000000 0.000000000000
54.1 0.099169510475 0.010228635866 0.765208643980 0.649901795503 -0.590769940960 0.304958378201 0.368264742577
54.2 0.000000000000 0.000000000000 0.000000000000 0.000000000000 0.000000000000 0.000000000000 0.000000000000
54.3 0.000000000000 0.000000000000 0.000000000000 0.000000000000 0.000000000000 0.000000000000 0.000000000000
54.4 0.000000000000 0.000000000000 0.000000000000 0.000000000000 0.000000000000 0.000000000000 0.000000000000
54.5 0.000000000000 0.000000000000 0.000000000000 0.000000000000 0.000000000000 0.000000000000 0.000000000000
54.6 0.000000000000 0.000000000000 0.000000000000 0.000000000000 0.000000000000 0.000000000000 0.000000000000
54.7 0.000000000000 0.000000000000 0.000000000000 0.000000000000 0.000000000000 0.000000000000 0.000000000000
54.8 0.000000000000 0.000000000000 0.000000000000 0.000000000000 0.000000000000 0.000000000000 0.000000000000
54.9 0.000000000000 0.000000000000 0.000000000000 0.000000000000 0.000000000000 0.000000000000 0.000000000000
55.0 0.000000000000 0.000000000000 0.000000000000 0.000000000000 0.000000000000 0.000000000000 0.000000000000
55.1 0.000000000000 0.000000000000 0.000000000000 0.000000000000 0.000000000000 0.000000000000 0.000000000000
55.2 0.000000000000 0.000000000000 0.000000000000 0.000000000000 0.000000000000 0.000000000000 0.000000000000
55.3 0.063138686462 -0.027303937056 0.693154480734 0.581806618384 -0.666605277084 0.305867952411 0.351544106842
55.4 0.000000000000 0.000000000000 0.000000000000 0.000000000000 0.000000000000 0.000000000000 0.000000000000
55.5 0.000000000000 0.000000000000 0.000000000000 0.000000000000 0.000000000000 0.000000000000 0.000000000000
55.6 0.061589299340 -0.017291778709 0.687532879011 0.563170843081 -0.677246031586 0.304854179048 0.362271091480
55.7 0.068376508917 -0.022956551738 0.717611458326 0.570999216095 -0.678484818287 0.322678990739 0.330902577065
55.8 0.000000000000 0.000000000000 0.000000000000 0.000000000000 0.000000000000 0.000000000000 0.000000000000
55.9 0.000000000000 0.000000000000 0.000000000000 0.000000000000 0.000000000000 0.000000000000 0.000000000000
56.0 0.000000000000 0.000000000000 0.000000000000 0.000000000000 0.000000000000 0.000000000000 0.000000000000
56.1 0.000000000000 0.000000000000 0.000000000000 0.000000000000 0.000000000000 0.000000000000 0.000000000000
56.2 0.000000000000 0.000000000000 0.000000000000 0.000000000000 0.000000000000 0.000000000000 0.000000000000
56.3 0.000000000000 0.000000000000 0.000000000000 0.000000000000 0.000000000000 0.000000000000 0.000000000000
56.4 0.000000000000 0.000000000000 0.000000000000 0.000000000000 0.000000000000 0.000000000000 0.000000000000
56.5 0.000000000000 0.000000000000 0.000000000000 0.000000000000 0.000000000000 0.000000000000 0.000000000000
56.6 0.000000000000 0.000000000000 0.000000000000 0.000000000000 0.000000000000 0.000000000000 0.000000000000
56.7 0.000000000000 0.000000000000 0.000000000000 0.000000000000 0.000000000000 0.000000000000 0.000000000000
56.8 0.000000000000 0.000000000000 0.000000000000 0.000000000000 0.000000000000 0.000000000000 0.000000000000
56.9 0.000000000000 0.000000000000 0.000000000000 0.000000000000 0.000000000000 0.000000000000 0.000000000000
57.0 0.000000000000 0.000000000000 0.000000000000 0.000000000000 0.000000000000 0.000000000000 0.000000000000
57.1 0.000000000000 0.000000000000 0.000000000000 0.000000000000 0.000000000000 0.000000000000 0.000000000000
57.2 0.000000000000 0.000000000000 0.000000000000 0.000000000000 0.000000000000 0.000000000000 0.000000000000
57.3 0.000000000000 0.000000000000 0.000000000000 0.000000000000 0.000000000000 0.000000000000 0.000000000000
57.4 0.000000000000 0.000000000000 0.000000000000 0.000000000000 0.000000000000 0.000000000000 0.000000000000
57.5 0.000000000000 0.000000000000 0.000000000000 0.000000000000 0.000000000000 0.000000000000 0.000000000000
57.6 0.000000000000 0.000000000000 0.000000000000 0.000000000000 0.000000000000 0.000000000000 0.000000000000
57.7 0.000000000000 0.000000000000 0.000000000000 0.000000000000 0.000000000000 0.000000000000 0.000000000000
57.8 0.000000000000 0.000000000000 0.000000000000 0.000000000000 0.000000000000 0.000000000000 0.000000000000
57.9 0.000000000000 0.000000000000 0.000000000000 0.000000000000 0.000000000000 0.000000000000 0.000000000000
58.0 0.000000000000 0.000000000000 0.000000000000 0.000000000000 0.000000000000 0.000000000000 0.000000000000
58.1 0.000000000000 0.000000000000 0.000000000000 0.000000000000 0.000000000000 0.000000000000 0.000000000000
58.2 0.000000000000 0.000000000000 0.000000000000 0.000000000000 0.000000000000 0.000000000000 0.000000000000
58.3 0.000000000000 0.000000000000 0.000000000000 0.000000000000 0.000000000000 0.000000000000 0.000000000000
58.4 0.000000000000 0.000000000000 0.000000000000 0.000000000000 0.000000000000 0.000000000000 0.000000000000
58.5 0.000000000000 0.000000000000 0.000000000000 0.000000000000 0.000000000000 0.000000000000 0.000000000000
58.6 0.000000000000 0.000000000000 0.000000000000 0.000000000000 0.000000000000 0.000000000000 0.000000000000
58.7 0.000000000000 0.000000000000 0.000000000000 0.000000000000 0.000000000000 0.000000000000 0.000000000000
58.8 0.000000000000 0.000000000000 0.000000000000 0.000000000000 0.000000000000 0.000000000000 0.000000000000
58.9 0.000000000000 0.000000000000 0.000000000000 0.000000000000 0.000000000000 0.000000000000 0.000000000000
59.0 0.000000000000 0.000000000000 0.000000000000 0.000000000000 0.000000000000 0.000000000000 0.000000000000
59.1 0.000000000000 0.000000000000 0.000000000000 0.000000000000 0.000000000000 0.000000000000 0.000000000000
59.2 0.000000000000 0.000000000000 0.000000000000 0.000000000000 0.000000000000 0.000000000000 0.000000000000
59.3 0.000000000000 0.000000000000 0.000000000000 0.000000000000 0.000000000000 0.000000000000 0.000000000000
59.4 0.000000000000 0.000000000000 0.000000000000 0.000000000000 0.000000000000 0.000000000000 0.000000000000
59.5 0.000000000000 0.000000000000 0.000000000000 0.000000000000 0.000000000000 0.000000000000 0.000000000000
59.6 0.000000000000 0.000000000000 0.000000000000 0.000000000000 0.000000000000 0.000000000000 0.000000000000
59.7 0.000000000000 0.000000000000 0.000000000000 0.000000000000 0.000000000000 0.000000000000 0.000000000000
59.8 0.000000000000 0.000000000000 0.000000000000 0.000000000000 0.000000000000 0.000000000000 0.000000000000
59.9 0.000000000000 0.000000000000 0.000000000000 0.000000000000 0.000000000000 0.000000000000 0.000000000000
60.0 0.000000000000 0.000000000000 0.000000000000 0.000000000000 0.000000000000 0.000000000000 0.000000000000
60.1 0.000000000000 0.000000000000 0.000000000000 0.000000000000 0.000000000000 0.000000000000 0.000000000000
60.2 0.000000000000 0.000000000000 0.000000000000 0.000000000000 0.000000000000 0.000000000000 0.000000000000
60.3 0.000000000000 0.000000000000 0.000000000000 0.000000000000 0.000000000000 0.000000000000 0.000000000000
60.4 0.000000000000 0.000000000000 0.000000000000 0.000000000000 0.000000000000 0.000000000000 0.000000000000
60.5 0.000000000000 0.000000000000 0.000000000000 0.000000000000 0.000000000000 0.000000000000 0.000000000000
60.6 0.000000000000 0.000000000000 0.000000000000 0.000000000000 0.000000000000 0.000000000000 0.000000000000
60.7 0.000000000000 0.000000000000 0.000000000000 0.000000000000 0.000000000000 0.000000000000 0.000000000000
60.8 0.000000000000 0.000000000000 0.000000000000 0.000000000000 0.000000000000 0.000000000000 0.000000000000
60.9 0.000000000000 0.000000000000 0.000000000000 0.000000000000 0.000000000000 0.000000000000 0.000000000000
61.0 0.000000000000 0.000000000000 0.000000000000 0.000000000000 0.000000000000 0.000000000000 0.000000000000
61.1 0.000000000000 0.000000000000 0.000000000000 0.000000000000 0.000000000000 0.000000000000 0.000000000000
61.2 0.000000000000 0.000000000000 0.000000000000 0.000000000000 0.000000000000 0.000000000000 0.000000000000
61.3 0.000000000000 0.000000000000 0.000000000000 0.000000000000 0.000000000000 0.000000000000 0.000000000000
61.4 0.000000000000 0.000000000000 0.000000000000 0.000000000000 0.000000000000 0.000000000000 0.000000000000
61.5 0.000000000000 0.000000000000 0.000000000000 0.000000000000 0.000000000000 0.000000000000 0.000000000000
61.6 0.000000000000 0.000000000000 0.000000000000 0.000000000000 0.000000000000 0.000000000000 0.000000000000
61.7 0.000000000000 0.000000000000 0.000000000000 0.000000000000 0.000000000000 0.000000000000 0.000000000000
61.8 0.000000000000 0.000000000000 0.000000000000 0.000000000000 0.000000000000 0.000000000000 0.000000000000
61.9 0.000000000000 0.000000000000 0.000000000000 0.000000000000 0.000000000000 0.000000000000 0.000000000000
62.0 0.000000000000 0.000000000000 0.000000000000 0.000000000000 0.000000000000 0.000000000000 0.000000000000
62.1 0.000000000000 0.000000000000 0.000000000000 0.000000000000 0.000000000000 0.000000000000 0.000000000000
62.2 0.000000000000 0.000000000000 0.000000000000 0.000000000000 0.000000000000 0.000000000000 0.000000000000
62.3 0.000000000000 0.000000000000 0.000000000000 0.000000000000 0.000000000000 0.000000000000 0.000000000000
62.4 0.000000000000 0.000000000000 0.000000000000 0.000000000000 0.000000000000 0.000000000000 0.000000000000
62.5 0.000000000000 0.000000000000 0.000000000000 0.000000000000 0.000000000000 0.000000000000 0.000000000000
62.6 0.000000000000 0.000000000000 0.000000000000 0.000000000000 0.000000000000 0.000000000000 0.000000000000
62.7 0.000000000000 0.000000000000 0.000000000000 0.000000000000 0.000000000000 0.000000000000 0.000000000000
62.8 0.000000000000 0.000000000000 0.000000000000 0.000000000000 0.000000000000 0.000000000000 0.000000000000
62.9 0.000000000000 0.000000000000 0.000000000000 0.000000000000 0.000000000000 0.000000000000 0.000000000000
63.0 0.000000000000 0.000000000000 0.000000000000 0.000000000000 0.000000000000 0.000000000000 0.000000000000
63.1 0.000000000000 0.000000000000 0.000000000000 0.000000000000 0.000000000000 0.000000000000 0.000000000000
63.2 0.000000000000 0.000000000000 0.000000000000 0.000000000000 0.000000000000 0.000000000000 0.000000000000
63.3 0.000000000000 0.000000000000 0.000000000000 0.000000000000 0.000000000000 0.000000000000 0.000000000000
63.4 0.000000000000 0.000000000000 0.000000000000 0.000000000000 0.000000000000 0.000000000000 0.000000000000
63.5 0.000000000000 0.000000000000 0.000000000000 0.000000000000 0.000000000000 0.000000000000 0.000000000000
63.6 0.000000000000 0.000000000000 0.000000000000 0.000000000000 0.000000000000 0.000000000000 0.000000000000
63.7 0.000000000000 0.000000000000 0.000000000000 0.000000000000 0.000000000000 0.000000000000 0.000000000000
63.8 0.000000000000 0.000000000000 0.000000000000 0.000000000000 0.000000000000 0.000000000000 0.000000000000
63.9 0.000000000000 0.000000000000 0.000000000000 0.000000000000 0.000000000000 0.000000000000 0.000000000000
64.0 0.000000000000 0.000000000000 0.000000000000 0.000000000000 0.000000000000 0.000000000000 0.000000000000
64.1 0.000000000000 0.000000000000 0.000000000000 0.000000000000 0.000000000000 0.000000000000 0.000000000000
64.2 0.000000000000 0.000000000000 0.000000000000 0.000000000000 0.000000000000 0.000000000000 0.000000000000
64.3 0.000000000000 0.000000000000 0.000000000000 0.000000000000 0.000000000000 0.000000000000 0.000000000000
64.4 0.000000000000 0.000000000000 0.000000000000 0.000000000000 0.000000000000 0.000000000000 0.000000000000
64.5 0.000000000000 0.000000000000 0.000000000000 0.000000000000 0.000000000000 0.000000000000 0.000000000000
64.6 0.000000000000 0.000000000000 0.000000000000 0.000000000000 0.000000000000 0.000000000000 0.000000000000
64.7 0.000000000000 0.000000000000 0.000000000000 0.000000000000 0.000000000000 0.000000000000 0.000000000000
64.8 0.000000000000 0.000000000000 0.000000000000 0.000000000000 0.000000000000 0.000000000000 0.000000000000
64.9 0.000000000000 0.000000000000 0.000000000000 0.000000000000 0.000000000000 0.000000000000 0.000000000000
65.0 0.000000000000 0.000000000000 0.000000000000 0.000000000000 0.000000000000 0.000000000000 0.000000000000
65.1 0.000000000000 0.000000000000 0.000000000000 0.000000000000 0.000000000000 0.000000000000 0.000000000000
65.2 0.000000000000 0.000000000000 0.000000000000 0.000000000000 0.000000000000 0.000000000000 0.000000000000
65.3 0.000000000000 0.000000000000 0.000000000000 0.000000000000 0.000000000000 0.000000000000 0.000000000000
65.4 0.000000000000 0.000000000000 0.000000000000 0.000000000000 0.000000000000 0.000000000000 0.000000000000
65.5 0.000000000000 0.000000000000 0.000000000000 0.000000000000 0.000000000000 0.000000000000 0.000000000000
65.6 0.000000000000 0.000000000000 0.000000000000 0.000000000000 0.000000000000 0.000000000000 0.000000000000
65.7 0.000000000000 0.000000000000 0.000000000000 0.000000000000 0.000000000000 0.000000000000 0.000000000000
65.8 0.000000000000 0.000000000000 0.000000000000 0.000000000000 0.000000000000 0.000000000000 0.000000000000
65.9 0.000000000000 0.000000000000 0.000000000000 0.000000000000 0.000000000000 0.000000000000 0.000000000000
66.0 0.000000000000 0.000000000000 0.000000000000 0.000000000000 0.000000000000 0.000000000000 0.000000000000
66.1 0.000000000000 0.000000000000 0.000000000000 0.000000000000 0.000000000000 0.000000000000 0.000000000000
66.2 0.000000000000 0.000000000000 0.000000000000 0.000000000000 0.000000000000 0.000000000000 0.000000000000
66.3 0.000000000000 0.000000000000 0.000000000000 0.000000000000 0.000000000000 0.000000000000 0.000000000000
66.4 0.000000000000 0.000000000000 0.000000000000 0.000000000000 0.000000000000 0.000000000000 0.000000000000
66.5 0.098373960613 0.017165578883 0.790173327557 0.725669339485 -0.648119583008 0.152430219580 0.173522459675
66.6 0.101648016942 0.009027467778 0.820111752466 0.754798258395 -0.620236799787 0.142365992057 0.159115761693
66.7 0.000000000000 0.000000000000 0.000000000000 0.000000000000 0.000000000000 0.000000000000 0.000000000000
66.8 0.093372047697 -0.005995747945 0.782119037195 0.740330045681 -0.640957438062 0.135889870637 0.150395907901
66.9 0.000000000000 0.000000000000 0.000000000000 0.000000000000 0.000000000000 0.000000000000 0.000000000000
67.0 0.000000000000 0.000000000000 0.000000000000 0.000000000000 0.000000000000 0.000000000000 0.000000000000
67.1 0.000000000000 0.000000000000 0.000000000000 0.000000000000 0.000000000000 0.000000000000 0.000000000000
67.2 0.000000000000 0.000000000000 0.000000000000 0.000000000000 0.000000000000 0.000000000000 0.000000000000
67.3 0.127403175127 0.024232993084 0.864744157932 0.726674587419 -0.671749315519 0.030725450291 0.140544824889
67.4 0.000000000000 0.000000000000 0.000000000000 0.000000000000 0.000000000000 0.000000000000 0.000000000000
67.5 0.000000000000 0.000000000000 0.000000000000 0.000000000000 0.000000000000 0.000000000000 0.000000000000
67.6 0.000000000000 0.000000000000 0.000000000000 0.000000000000 0.000000000000 0.000000000000 0.000000000000
67.7 0.000000000000 0.000000000000 0.000000000000 0.000000000000 0.000000000000 0.000000000000 0.000000000000
67.8 0.000000000000 0.000000000000 0.000000000000 0.000000000000 0.000000000000 0.000000000000 0.000000000000
67.9 0.000000000000 0.000000000000 0.000000000000 0.000000000000 0.000000000000 0.000000000000 0.000000000000
68.0 0.000000000000 0.000000000000 0.000000000000 0.000000000000 0.000000000000 0.000000000000 0.000000000000
68.1 0.000000000000 0.000000000000 0.000000000000 0.000000000000 0.000000000000 0.000000000000 0.000000000000
68.2 0.000000000000 0.000000000000 0.000000000000 0.000000000000 0.000000000000 0.000000000000 0.000000000000
68.3 0.055631545521 0.025464225873 0.817926679536 0.671616123062 -0.696430221228 0.185963231944 0.171272900860
68.4 0.000000000000 0.000000000000 0.000000000000 0.000000000000 0.000000000000 0.000000000000 0.000000000000
68.5 0.000000000000 0.000000000000 0.000000000000 0.000000000000 0.000000000000 0.000000000000 0.000000000000
68.6 0.074105976535 0.025472700355 0.812832088795 0.671862973559 -0.686690067204 0.189430358939 0.202911398091
68.7 0.086864288319 0.014027655533 0.884443453450 0.704526466146 -0.695137772683 0.075045293574 0.121631161308
68.8 0.083383597258 0.016339542899 0.814256079882 0.679522637040 -0.689291107965 0.175129363094 0.180156766215
68.9 0.083122966058 0.018093749273 0.791449482857 0.670643265488 -0.693615362711 0.195739004041 0.175560762596
69.0 0.091586269263 0.016882571900 0.809727885891 0.679452540530 -0.690134233548 0.171986172342 0.180221367699
69.1 0.000000000000 0.000000000000 0.000000000000 0.000000000000 0.000000000000 0.000000000000 0.000000000000
69.2 0.000000000000 0.000000000000 0.000000000000 0.000000000000 0.000000000000 0.000000000000 0.000000000000
69.3 0.000000000000 0.000000000000 0.000000000000 0.000000000000 0.000000000000 0.000000000000 0.000000000000
69.4 0.000000000000 0.000000000000 0.000000000000 0.000000000000 0.000000000000 0.000000000000 0.000000000000
69.5 0.000000000000 0.000000000000 0.000000000000 0.000000000000 0.000000000000 0.000000000000 0.000000000000
69.6 0.141837856970 -0.024717327225 0.854526370409 0.733105903714 -0.672751749529 -0.000799643872 0.099800691454
69.7 0.000000000000 0.000000000000 0.000000000000 0.000000000000 0.000000000000 0.000000000000 0.000000000000
69.8 0.000000000000 0.000000000000 0.000000000000 0.000000000000 0.000000000000 0.000000000000 0.000000000000
69.9 0.000000000000 0.000000000000 0.000000000000 0.000000000000 0.000000000000 0.000000000000 0.000000000000
70.0 0.000000000000 0.000000000000 0.000000000000 0.000000000000 0.000000000000 0.000000000000 0.000000000000
70.1 0.000000000000 0.000000000000 0.000000000000 0.000000000000 0.000000000000 0.000000000000 0.000000000000
70.2 0.000000000000 0.000000000000 0.000000000000 0.000000000000 0.000000000000 0.000000000000 0.000000000000
70.3 0.000000000000 0.000000000000 0.000000000000 0.000000000000 0.000000000000 0.000000000000 0.000000000000
70.4 0.000000000000 0.000000000000 0.000000000000 0.000000000000 0.000000000000 0.000000000000 0.000000000000
70.5 0.000000000000 0.000000000000 0.000000000000 0.000000000000 0.000000000000 0.000000000000 0.000000000000
70.6 0.000000000000 0.000000000000 0.000000000000 0.000000000000 0.000000000000 0.000000000000 0.000000000000
70.7 0.000000000000 0.000000000000 0.000000000000 0.000000000000 0.000000000000 0.000000000000 0.000000000000
70.8 0.000000000000 0.000000000000 0.000000000000 0.000000000000 0.000000000000 0.000000000000 0.000000000000
70.9 0.000000000000 0.000000000000 0.000000000000 0.000000000000 0.000000000000 0.000000000000 0.000000000000
71.0 0.000000000000 0.000000000000 0.000000000000 0.000000000000 0.000000000000 0.000000000000 0.000000000000
71.1 0.000000000000 0.000000000000 0.000000000000 0.000000000000 0.000000000000 0.000000000000 0.000000000000
71.2 0.000000000000 0.000000000000 0.000000000000 0.000000000000 0.000000000000 0.000000000000 0.000000000000
71.3 -0.022736657965 0.006103983244 0.383160630073 0.707136063359 -0.699432959490 -0.025976328210 0.100386022176
71.4 0.209830898915 -0.008299409311 0.703410970876 -0.009017773060 0.165553543202 -0.723556017140 0.670057754348
71.5 0.205740099734 -0.005894538965 0.686122427485 0.020717730200 0.201426141036 -0.720829533347 0.662874851852
71.6 0.000000000000 0.000000000000 0.000000000000 0.000000000000 0.000000000000 0.000000000000 0.000000000000
71.7 0.000000000000 0.000000000000 0.000000000000 0.000000000000 0.000000000000 0.000000000000 0.000000000000
71.8 0.000000000000 0.000000000000 0.000000000000 0.000000000000 0.000000000000 0.000000000000 0.000000000000
71.9 0.000000000000 0.000000000000 0.000000000000 0.000000000000 0.000000000000 0.000000000000 0.000000000000
72.0 0.000000000000 0.000000000000 0.000000000000 0.000000000000 0.000000000000 0.000000000000 0.000000000000
72.1 0.000000000000 0.000000000000 0.000000000000 0.000000000000 0.000000000000 0.000000000000 0.000000000000
72.2 0.000000000000 0.000000000000 0.000000000000 0.000000000000 0.000000000000 0.000000000000 0.000000000000
72.3 0.000000000000 0.000000000000 0.000000000000 0.000000000000 0.000000000000 0.000000000000 0.000000000000
72.4 0.000000000000 0.000000000000 0.000000000000 0.000000000000 0.000000000000 0.000000000000 0.000000000000
72.5 0.000000000000 0.000000000000 0.000000000000 0.000000000000 0.000000000000 0.000000000000 0.000000000000
72.6 0.000000000000 0.000000000000 0.000000000000 0.000000000000 0.000000000000 0.000000000000 0.000000000000
72.7 0.000000000000 0.000000000000 0.000000000000 0.000000000000 0.000000000000 0.000000000000 0.000000000000
72.8 0.000000000000 0.000000000000 0.000000000000 0.000000000000 0.000000000000 0.000000000000 0.000000000000
72.9 0.000000000000 0.000000000000 0.000000000000 0.000000000000 0.000000000000 0.000000000000 0.000000000000
73.0 0.000000000000 0.000000000000 0.000000000000 0.000000000000 0.000000000000 0.000000000000 0.000000000000
73.1 0.000000000000 0.000000000000 0.000000000000 0.000000000000 0.000000000000 0.000000000000 0.000000000000
73.2 0.000000000000 0.000000000000 0.000000000000 0.000000000000 0.000000000000 0.000000000000 0.000000000000
73.3 0.000000000000 0.000000000000 0.000000000000 0.000000000000 0.000000000000 0.000000000000 0.000000000000
73.4 0.000000000000 0.000000000000 0.000000000000 0.000000000000 0.000000000000 0.000000000000 0.000000000000
73.5 0.000000000000 0.000000000000 0.000000000000 0.000000000000 0.000000000000 0.000000000000 0.000000000000
73.6 0.000000000000 0.000000000000 0.000000000000 0.000000000000 0.000000000000 0.000000000000 0.000000000000
73.7 0.000000000000 0.000000000000 0.000000000000 0.000000000000 0.000000000000 0.000000000000 0.000000000000
73.8 0.000000000000 0.000000000000 0.000000000000 0.000000000000 0.000000000000 0.000000000000 0.000000000000
73.9 0.000000000000 0.000000000000 0.000000000000 0.000000000000 0.000000000000 0.000000000000 0.000000000000
74.0 0.032083250627 0.033249315639 0.712966444649 0.647984420451 -0.731672241357 0.151085743734 0.148138516672
74.1 0.026292543319 0.022388135478 0.737843102109 0.710731949085 -0.686025681127 0.103988028041 0.115824658031
74.2 0.000000000000 0.000000000000 0.000000000000 0.000000000000 0.000000000000 0.000000000000 0.000000000000
74.3 0.000000000000 0.000000000000 0.000000000000 0.000000000000 0.000000000000 0.000000000000 0.000000000000
74.4 0.000000000000 0.000000000000 0.000000000000 0.000000000000 0.000000000000 0.000000000000 0.000000000000
74.5 0.000000000000 0.000000000000 0.000000000000 0.000000000000 0.000000000000 0.000000000000 0.000000000000
74.6 0.000000000000 0.000000000000 0.000000000000 0.000000000000 0.000000000000 0.000000000000 0.000000000000
74.7 0.000000000000 0.000000000000 0.000000000000 0.000000000000 0.000000000000 0.000000000000 0.000000000000
74.8 0.000000000000 0.000000000000 0.000000000000 0.000000000000 0.000000000000 0.000000000000 0.000000000000
74.9 0.000000000000 0.000000000000 0.000000000000 0.000000000000 0.000000000000 0.000000000000 0.000000000000
75.0 0.000000000000 0.000000000000 0.000000000000 0.000000000000 0.000000000000 0.000000000000 0.000000000000
75.1 0.000000000000 0.000000000000 0.000000000000 0.000000000000 0.000000000000 0.000000000000 0.000000000000
75.2 0.000000000000 0.000000000000 0.000000000000 0.000000000000 0.000000000000 0.000000000000 0.000000000000
