0.0 0.130296042518 -0.074650213019 0.612448080308 -0.254320737320 -0.076258121496 -0.592889934077 0.760254685974
0.1 -0.040687670149 -0.096401299440 0.611597918519 -0.694244952716 0.587362669067 0.250877902553 0.331797104607
0.2 0.000000000000 0.000000000000 0.000000000000 0.000000000000 0.000000000000 0.000000000000 0.000000000000
0.3 -0.030712406708 -0.116172124316 0.689597801237 -0.710100715947 0.586377399320 0.242540885736 0.305110533290
0.4 0.000000000000 0.000000000000 0.000000000000 0.000000000000 0.000000000000 0.000000000000 0.000000000000
0.5 0.000000000000 0.000000000000 0.000000000000 0.000000000000 0.000000000000 0.000000000000 0.000000000000
0.6 0.000000000000 0.000000000000 0.000000000000 0.000000000000 0.000000000000 0.000000000000 0.000000000000
0.7 0.000000000000 0.000000000000 0.000000000000 0.000000000000 0.000000000000 0.000000000000 0.000000000000
0.8 0.000000000000 0.000000000000 0.000000000000 0.000000000000 0.000000000000 0.000000000000 0.000000000000
0.9 0.000000000000 0.000000000000 0.000000000000 0.000000000000 0.000000000000 0.000000000000 0.000000000000
1.0 0.000000000000 0.000000000000 0.000000000000 0.000000000000 0.000000000000 0.000000000000 0.000000000000
1.1 0.000000000000 0.000000000000 0.000000000000 0.000000000000 0.000000000000 0.000000000000 0.000000000000
1.2 0.000000000000 0.000000000000 0.000000000000 0.000000000000 0.000000000000 0.000000000000 0.000000000000
1.3 -0.028556617791 -0.122760774716 0.666823914468 -0.711751054534 0.585346997032 0.275271868831 0.273869910114
1.4 -0.030853775157 -0.121240657719 0.639222649872 -0.745372166351 0.568418562053 0.268942061454 0.221338743837
1.5 0.000000000000 0.000000000000 0.000000000000 0.000000000000 0.000000000000 0.000000000000 0.000000000000
1.6 -0.031051155250 -0.123209638438 0.660647590219 -0.715032139172 0.588566500058 0.254918324875 0.278092003849
1.7 0.000000000000 0.000000000000 0.000000000000 0.000000000000 0.000000000000 0.000000000000 0.000000000000
1.8 -0.035470581980 -0.119847007612 0.669590046368 -0.717746525524 0.584138249629 0.253513230982 0.281697483366
1.9 -0.032023940991 -0.132981408260 0.715594721913 -0.734398251926 0.587238477711 0.249720842332 0.231191865704
2.0 0.000000000000 0.000000000000 0.000000000000 0.000000000000 0.000000000000 0.000000000000 0.000000000000
2.1 -0.031101000661 -0.133824054796 0.691251325756 -0.738491213367 0.584221771121 0.238359534266 0.237698090763
2.2 0.000000000000 0.000000000000 0.000000000000 0.000000000000 0.000000000000 0.000000000000 0.000000000000
2.3 0.000000000000 0.000000000000 0.000000000000 0.000000000000 0.000000000000 0.000000000000 0.000000000000
2.4 -0.028345389018 -0.127251766836 0.706798626078 -0.744369034775 0.603952909594 0.174663099288 0.225052049110
2.5 -0.029588296059 -0.121270789197 0.640753112841 -0.726599797799 0.576499712938 0.279497517677 0.248157112397
2.6 0.000000000000 0.000000000000 0.000000000000 0.000000000000 0.000000000000 0.000000000000 0.000000000000
2.7 0.000000000000 0.000000000000 0.000000000000 0.000000000000 0.000000000000 0.000000000000 0.000000000000
2.8 -0.020539488138 -0.116210214878 0.657807685864 -0.707951838132 0.605255089897 0.250346520086 0.264191390700
2.9 -0.012311820202 -0.134521843289 0.724646306581 -0.736057276008 0.593267373732 0.238375502799 0.222330001048
3.0 -0.015258522488 -0.132062175138 0.695446133475 -0.741089168573 0.580486132149 0.255979335547 0.219766408667
3.1 -0.016845004781 -0.130991867199 0.695154695467 -0.741145639008 0.577957677658 0.248423410511 0.234422425819
3.2 -0.018134338338 -0.123753278858 0.663561852338 -0.716978274175 0.582367991009 0.275430185490 0.266322906131
3.3 0.000000000000 0.000000000000 0.000000000000 0.000000000000 0.000000000000 0.000000000000 0.000000000000
3.4 -0.012686509113 -0.117677703351 0.665901065877 -0.712875608905 0.589701114372 0.282250853198 0.253762522462
3.5 -0.014102147262 -0.118419926572 0.654865707369 -0.730185896232 0.572507956272 0.280475512284 0.245757368065
3.6 -0.013762322305 -0.119491124170 0.671369044549 -0.724147829614 0.570197845381 0.280681624017 0.267772597416
3.7 -0.015892660078 -0.111570465586 0.647195541773 -0.721114300514 0.592614424647 0.273574209224 0.232291759091
3.8 -0.015583980131 -0.105227972373 0.660127400159 -0.696406409492 0.617386645198 0.233667139203 0.281516449264
3.9 0.000000000000 0.000000000000 0.000000000000 0.000000000000 0.000000000000 0.000000000000 0.000000000000
4.0 -0.018049694516 -0.114741834118 0.672444269888 -0.706446457411 0.608762694067 0.259102654389 0.251410420651
4.1 -0.017382812564 -0.119690081250 0.713077674896 -0.695653941118 0.612077751332 0.234508724377 0.293993331086
4.2 0.000000000000 0.000000000000 0.000000000000 0.000000000000 0.000000000000 0.000000000000 0.000000000000
4.3 -0.012692607150 -0.135237568195 0.809510698903 -0.690581743009 0.645034605470 0.195678587688 0.262177619733
4.4 -0.027138455846 -0.118551825662 0.679942193973 -0.698651876163 0.623376869991 0.242066927820 0.254343146850
4.5 -0.029898805596 -0.124222132177 0.682843477804 -0.713101927518 0.601795671402 0.228687545588 0.277542100132
4.6 0.000000000000 0.000000000000 0.000000000000 0.000000000000 0.000000000000 0.000000000000 0.000000000000
4.7 0.000000000000 0.000000000000 0.000000000000 0.000000000000 0.000000000000 0.000000000000 0.000000000000
4.8 0.000000000000 0.000000000000 0.000000000000 0.000000000000 0.000000000000 0.000000000000 0.000000000000
4.9 -0.033391974772 -0.108478407338 0.657456726707 -0.698081670575 0.621353916364 0.234014056457 0.268027448608
5.0 0.000000000000 0.000000000000 0.000000000000 0.000000000000 0.000000000000 0.000000000000 0.000000000000
5.1 0.000000000000 0.000000000000 0.000000000000 0.000000000000 0.000000000000 0.000000000000 0.000000000000
5.2 0.000000000000 0.000000000000 0.000000000000 0.000000000000 0.000000000000 0.000000000000 0.000000000000
5.3 -0.048853502600 -0.110319058007 0.678318417147 -0.681911170027 0.628149874224 0.247536633176 0.281336998882
5.4 -0.049529234486 -0.109333878674 0.771509943384 -0.625279992530 0.683174399905 0.236960497512 0.293508761154
5.5 -0.049569098859 -0.110010364625 0.659759942286 -0.698689964322 0.616637468709 0.265626620676 0.247048708414
5.6 -0.048925002750 -0.103056248215 0.659666384089 -0.682518700261 0.638650059272 0.241025186560 0.261153565992
5.7 0.000000000000 0.000000000000 0.000000000000 0.000000000000 0.000000000000 0.000000000000 0.000000000000
5.8 -0.055051891030 -0.095772603970 0.651120792151 -0.661659935022 0.632832613796 0.212642907179 0.341338552363
5.9 -0.054671007254 -0.093080700502 0.650661661494 -0.670690314069 0.639569365321 0.207410654108 0.313219332289
6.0 -0.048864954647 -0.087926923751 0.720567139445 -0.619437776065 0.689548500261 0.164979842339 0.337048006956
6.1 -0.057482779054 -0.089951457451 0.639575678705 -0.669321713882 0.638821848823 0.206128137992 0.318474927617
6.2 -0.051317339924 -0.099761253983 0.771923582521 -0.634961772795 0.684227202394 0.212978236321 0.288612115906
6.3 0.000000000000 0.000000000000 0.000000000000 0.000000000000 0.000000000000 0.000000000000 0.000000000000
6.4 -0.050811887273 -0.095929827427 0.735235844638 -0.629920852013 0.687664235835 0.168645055678 0.319180926981
6.5 -0.055018292936 -0.100752558092 0.674389843228 -0.660449443241 0.638268300215 0.201754929138 0.340169161493
6.6 0.000000000000 0.000000000000 0.000000000000 0.000000000000 0.000000000000 0.000000000000 0.000000000000
6.7 -0.051398259073 -0.090865743347 0.660364391681 -0.656597352749 0.659420747998 0.210478639964 0.299571252947
6.8 -0.042706567938 -0.100779775315 0.720797657707 -0.689693609176 0.663268621584 0.170508404066 0.235211277846
6.9 -0.046842660090 -0.089471069179 0.641582389052 -0.652539929150 0.653766442024 0.212464594974 0.318810093992
7.0 -0.037613920844 -0.097710869521 0.717433681973 -0.631615099590 0.680366869063 0.198296623871 0.314391059690
7.1 0.000000000000 0.000000000000 0.000000000000 0.000000000000 0.000000000000 0.000000000000 0.000000000000
7.2 0.000000000000 0.000000000000 0.000000000000 0.000000000000 0.000000000000 0.000000000000 0.000000000000
7.3 -0.019978408862 -0.102853924299 0.732376155405 -0.684623535528 0.671132068983 0.176564755507 0.222928795124
7.4 -0.025049698969 -0.086832568292 0.646960984466 -0.628275131494 0.673957594292 0.211959074610 0.325768124488
7.5 -0.019792629755 -0.101558239836 0.679806001558 -0.657166212342 0.663819375044 0.256581978144 0.248278261562
7.6 0.000000000000 0.000000000000 0.000000000000 0.000000000000 0.000000000000 0.000000000000 0.000000000000
7.7 0.000000000000 0.000000000000 0.000000000000 0.000000000000 0.000000000000 0.000000000000 0.000000000000
7.8 0.000000000000 0.000000000000 0.000000000000 0.000000000000 0.000000000000 0.000000000000 0.000000000000
7.9 0.000000000000 0.000000000000 0.000000000000 0.000000000000 0.000000000000 0.000000000000 0.000000000000
8.0 0.000000000000 0.000000000000 0.000000000000 0.000000000000 0.000000000000 0.000000000000 0.000000000000
8.1 0.000000000000 0.000000000000 0.000000000000 0.000000000000 0.000000000000 0.000000000000 0.000000000000
8.2 0.000000000000 0.000000000000 0.000000000000 0.000000000000 0.000000000000 0.000000000000 0.000000000000
8.3 -0.000000000000 -0.000000000000 0.000000000000 0.663157446665 -0.712497892833 0.099391703912 -0.206616172730
8.4 0.000000000000 0.000000000000 0.000000000000 0.000000000000 0.000000000000 0.000000000000 0.000000000000
8.5 0.000000000000 0.000000000000 0.000000000000 0.000000000000 0.000000000000 0.000000000000 0.000000000000
8.6 -0.039147127407 -0.121264366810 0.691541571119 -0.676766206428 0.664859084586 0.227574366464 0.219453428338
8.7 0.000000000000 0.000000000000 0.000000000000 0.000000000000 0.000000000000 0.000000000000 0.000000000000
8.8 0.000000000000 0.000000000000 0.000000000000 0.000000000000 0.000000000000 0.000000000000 0.000000000000
8.9 0.000000000000 0.000000000000 0.000000000000 0.000000000000 0.000000000000 0.000000000000 0.000000000000
9.0 -0.041262996587 -0.093518192695 0.607554742996 -0.647710754923 0.659395684369 0.234657863704 0.301004645138
9.1 -0.026889721521 -0.106748511500 0.719572234629 -0.672799498830 0.696865027142 0.132636211038 0.210065713150
9.2 -0.032438410952 -0.100812031391 0.636632562633 -0.663590063723 0.658408753591 0.239447331121 0.262318730062
9.3 0.000000000000 0.000000000000 0.000000000000 0.000000000000 0.000000000000 0.000000000000 0.000000000000
9.4 0.000000000000 0.000000000000 0.000000000000 0.000000000000 0.000000000000 0.000000000000 0.000000000000
9.5 0.000000000000 0.000000000000 0.000000000000 0.000000000000 0.000000000000 0.000000000000 0.000000000000
9.6 0.000000000000 0.000000000000 0.000000000000 0.000000000000 0.000000000000 0.000000000000 0.000000000000
9.7 0.000000000000 0.000000000000 0.000000000000 0.000000000000 0.000000000000 0.000000000000 0.000000000000
9.8 0.000000000000 0.000000000000 0.000000000000 0.000000000000 0.000000000000 0.000000000000 0.000000000000
9.9 0.000000000000 0.000000000000 0.000000000000 0.000000000000 0.000000000000 0.000000000000 0.000000000000
10.0 0.000000000000 0.000000000000 0.000000000000 0.000000000000 0.000000000000 0.000000000000 0.000000000000
10.1 0.000000000000 0.000000000000 0.000000000000 0.000000000000 0.000000000000 0.000000000000 0.000000000000
10.2 0.000000000000 0.000000000000 0.000000000000 0.000000000000 0.000000000000 0.000000000000 0.000000000000
10.3 0.000000000000 0.000000000000 0.000000000000 0.000000000000 0.000000000000 0.000000000000 0.000000000000
10.4 0.000000000000 0.000000000000 0.000000000000 0.000000000000 0.000000000000 0.000000000000 0.000000000000
10.5 0.000000000000 0.000000000000 0.000000000000 0.000000000000 0.000000000000 0.000000000000 0.000000000000
10.6 0.000000000000 0.000000000000 0.000000000000 0.000000000000 0.000000000000 0.000000000000 0.000000000000
10.7 0.000000000000 0.000000000000 0.000000000000 0.000000000000 0.000000000000 0.000000000000 0.000000000000
10.8 0.000000000000 0.000000000000 0.000000000000 0.000000000000 0.000000000000 0.000000000000 0.000000000000
10.9 0.000000000000 0.000000000000 0.000000000000 0.000000000000 0.000000000000 0.000000000000 0.000000000000
11.0 0.000000000000 0.000000000000 0.000000000000 0.000000000000 0.000000000000 0.000000000000 0.000000000000
11.1 0.000000000000 0.000000000000 0.000000000000 0.000000000000 0.000000000000 0.000000000000 0.000000000000
11.2 0.000000000000 0.000000000000 0.000000000000 0.000000000000 0.000000000000 0.000000000000 0.000000000000
11.3 0.000000000000 0.000000000000 0.000000000000 0.000000000000 0.000000000000 0.000000000000 0.000000000000
11.4 0.000000000000 0.000000000000 0.000000000000 0.000000000000 0.000000000000 0.000000000000 0.000000000000
11.5 0.000000000000 0.000000000000 0.000000000000 0.000000000000 0.000000000000 0.000000000000 0.000000000000
11.6 0.000000000000 0.000000000000 0.000000000000 0.000000000000 0.000000000000 0.000000000000 0.000000000000
11.7 0.000000000000 0.000000000000 0.000000000000 0.000000000000 0.000000000000 0.000000000000 0.000000000000
11.8 0.000000000000 0.000000000000 0.000000000000 0.000000000000 0.000000000000 0.000000000000 0.000000000000
11.9 0.000000000000 0.000000000000 0.000000000000 0.000000000000 0.000000000000 0.000000000000 0.000000000000
12.0 -0.024168926861 -0.132726973220 0.761511575945 -0.532005673598 0.720059688359 0.242666840346 0.373626568991
12.1 0.000000000000 0.000000000000 0.000000000000 0.000000000000 0.000000000000 0.000000000000 0.000000000000
12.2 0.000000000000 0.000000000000 0.000000000000 0.000000000000 0.000000000000 0.000000000000 0.000000000000
12.3 0.000000000000 0.000000000000 0.000000000000 0.000000000000 0.000000000000 0.000000000000 0.000000000000
12.4 0.000000000000 0.000000000000 0.000000000000 0.000000000000 0.000000000000 0.000000000000 0.000000000000
12.5 0.000000000000 0.000000000000 0.000000000000 0.000000000000 0.000000000000 0.000000000000 0.000000000000
12.6 0.000000000000 0.000000000000 0.000000000000 0.000000000000 0.000000000000 0.000000000000 0.000000000000
12.7 0.000000000000 0.000000000000 0.000000000000 0.000000000000 0.000000000000 0.000000000000 0.000000000000
12.8 0.000000000000 0.000000000000 0.000000000000 0.000000000000 0.000000000000 0.000000000000 0.000000000000
12.9 0.000000000000 0.000000000000 0.000000000000 0.000000000000 0.000000000000 0.000000000000 0.000000000000
13.0 0.000000000000 0.000000000000 0.000000000000 0.000000000000 0.000000000000 0.000000000000 0.000000000000
13.1 0.000000000000 0.000000000000 0.000000000000 0.000000000000 0.000000000000 0.000000000000 0.000000000000
13.2 0.000000000000 0.000000000000 0.000000000000 0.000000000000 0.000000000000 0.000000000000 0.000000000000
13.3 0.000000000000 0.000000000000 0.000000000000 0.000000000000 0.000000000000 0.000000000000 0.000000000000
13.4 0.000000000000 0.000000000000 0.000000000000 0.000000000000 0.000000000000 0.000000000000 0.000000000000
13.5 0.000000000000 0.000000000000 0.000000000000 0.000000000000 0.000000000000 0.000000000000 0.000000000000
13.6 0.000000000000 0.000000000000 0.000000000000 0.000000000000 0.000000000000 0.000000000000 0.000000000000
13.7 -0.029578142387 -0.116443754896 0.732229977320 0.085708150914 0.291159040481 0.847529107725 0.435402041304
13.8 0.000000000000 0.000000000000 0.000000000000 0.000000000000 0.000000000000 0.000000000000 0.000000000000
13.9 0.000000000000 0.000000000000 0.000000000000 0.000000000000 0.000000000000 0.000000000000 0.000000000000
14.0 0.000000000000 0.000000000000 0.000000000000 0.000000000000 0.000000000000 0.000000000000 0.000000000000
14.1 0.000000000000 0.000000000000 0.000000000000 0.000000000000 0.000000000000 0.000000000000 0.000000000000
14.2 0.000000000000 0.000000000000 0.000000000000 0.000000000000 0.000000000000 0.000000000000 0.000000000000
14.3 0.000000000000 0.000000000000 0.000000000000 0.000000000000 0.000000000000 0.000000000000 0.000000000000
14.4 -0.019430016911 -0.087360587741 0.651507676019 -0.522544866955 0.735182232192 0.185521601749 0.389917533298
14.5 -0.018396240359 -0.086698251790 0.648809144094 -0.515919532170 0.732666307303 0.185077083479 0.403452093364
14.6 -0.002783284833 -0.083524225245 0.700887188844 -0.493601957846 0.759692773258 0.028794527402 0.422368171932
14.7 -0.007783754901 -0.087004508422 0.699923276534 -0.499033397488 0.755580784723 0.069615553284 0.418589322237
14.8 -0.019200311924 -0.092374449393 0.677881125329 -0.533076159429 0.740926868274 0.175660739459 0.368782440920
14.9 -0.019049812158 -0.089047614376 0.672809000028 -0.527294081051 0.737656636806 0.168737707370 0.386459861274
15.0 0.000000000000 0.000000000000 0.000000000000 0.000000000000 0.000000000000 0.000000000000 0.000000000000
15.1 -0.023885260279 -0.075642256189 0.644783084919 -0.515498524220 0.735022450346 0.184340464358 0.400027326834
15.2 0.000000000000 0.000000000000 0.000000000000 0.000000000000 0.000000000000 0.000000000000 0.000000000000
15.3 0.000000000000 0.000000000000 0.000000000000 0.000000000000 0.000000000000 0.000000000000 0.000000000000
15.4 0.000000000000 0.000000000000 0.000000000000 0.000000000000 0.000000000000 0.000000000000 0.000000000000
15.5 -0.036827213674 -0.085625487821 0.692742063926 -0.529679518989 0.735077515952 0.167379742931 0.388696120848
15.6 -0.032777504011 -0.068865285394 0.672838519709 -0.489876422826 0.748410957140 0.075333321085 0.440711947111
15.7 -0.031097777683 -0.076009713574 0.706398260922 -0.489904185870 0.748403517188 0.066773305954 0.442071702034
15.8 -0.038559018863 -0.080251861266 0.679125445166 -0.517510301151 0.733047310837 0.140672159391 0.418373125151
15.9 -0.037274771184 -0.080513415676 0.670775934000 -0.517413934234 0.736038862548 0.129319916000 0.416900435122
16.0 -0.038082452110 -0.083358010397 0.674472533014 -0.516634480425 0.731379366876 0.145666353941 0.420659421234
16.1 0.000000000000 0.000000000000 0.000000000000 0.000000000000 0.000000000000 0.000000000000 0.000000000000
16.2 -0.047526031184 -0.078842174947 0.627477127394 -0.529177039508 0.731080860172 0.168171619744 0.396498099694
16.3 -0.048387558827 -0.079993787702 0.640079158488 -0.526905472288 0.727849769950 0.160750897124 0.408368075063
16.4 0.000000000000 0.000000000000 0.000000000000 0.000000000000 0.000000000000 0.000000000000 0.000000000000
16.5 0.000000000000 0.000000000000 0.000000000000 0.000000000000 0.000000000000 0.000000000000 0.000000000000
16.6 0.000000000000 0.000000000000 0.000000000000 0.000000000000 0.000000000000 0.000000000000 0.000000000000
16.7 -0.064391807643 -0.095379167240 0.660984269139 -0.550350691225 0.725020851627 0.157649615108 0.382890950834
16.8 -0.062979283136 -0.103292685565 0.706854200865 -0.555267472886 0.741812121101 0.113393891040 0.358517274364
16.9 0.000000000000 0.000000000000 0.000000000000 0.000000000000 0.000000000000 0.000000000000 0.000000000000
17.0 0.000000000000 0.000000000000 0.000000000000 0.000000000000 0.000000000000 0.000000000000 0.000000000000
17.1 0.000000000000 0.000000000000 0.000000000000 0.000000000000 0.000000000000 0.000000000000 0.000000000000
17.2 0.000000000000 0.000000000000 0.000000000000 0.000000000000 0.000000000000 0.000000000000 0.000000000000
17.3 -0.076455190530 -0.107444608570 0.757053145814 0.085416732120 0.254282731157 0.847992489818 0.457113784218
17.4 0.000000000000 0.000000000000 0.000000000000 0.000000000000 0.000000000000 0.000000000000 0.000000000000
17.5 0.000000000000 0.000000000000 0.000000000000 0.000000000000 0.000000000000 0.000000000000 0.000000000000
17.6 0.000000000000 0.000000000000 0.000000000000 0.000000000000 0.000000000000 0.000000000000 0.000000000000
17.7 0.000000000000 0.000000000000 0.000000000000 0.000000000000 0.000000000000 0.000000000000 0.000000000000
17.8 0.000000000000 0.000000000000 0.000000000000 0.000000000000 0.000000000000 0.000000000000 0.000000000000
17.9 0.000000000000 0.000000000000 0.000000000000 0.000000000000 0.000000000000 0.000000000000 0.000000000000
18.0 0.000000000000 0.000000000000 0.000000000000 0.000000000000 0.000000000000 0.000000000000 0.000000000000
18.1 0.000000000000 0.000000000000 0.000000000000 0.000000000000 0.000000000000 0.000000000000 0.000000000000
18.2 0.000000000000 0.000000000000 0.000000000000 0.000000000000 0.000000000000 0.000000000000 0.000000000000
18.3 0.000000000000 0.000000000000 0.000000000000 0.000000000000 0.000000000000 0.000000000000 0.000000000000
18.4 0.000000000000 0.000000000000 0.000000000000 0.000000000000 0.000000000000 0.000000000000 0.000000000000
18.5 0.000000000000 0.000000000000 0.000000000000 0.000000000000 0.000000000000 0.000000000000 0.000000000000
18.6 0.000000000000 0.000000000000 0.000000000000 0.000000000000 0.000000000000 0.000000000000 0.000000000000
18.7 0.000000000000 0.000000000000 0.000000000000 0.000000000000 0.000000000000 0.000000000000 0.000000000000
18.8 0.000000000000 0.000000000000 0.000000000000 0.000000000000 0.000000000000 0.000000000000 0.000000000000
18.9 0.000000000000 0.000000000000 0.000000000000 0.000000000000 0.000000000000 0.000000000000 0.000000000000
19.0 0.000000000000 0.000000000000 0.000000000000 0.000000000000 0.000000000000 0.000000000000 0.000000000000
19.1 0.000000000000 0.000000000000 0.000000000000 0.000000000000 0.000000000000 0.000000000000 0.000000000000
19.2 0.000000000000 0.000000000000 0.000000000000 0.000000000000 0.000000000000 0.000000000000 0.000000000000
19.3 0.000000000000 0.000000000000 0.000000000000 0.000000000000 0.000000000000 0.000000000000 0.000000000000
19.4 0.000000000000 0.000000000000 0.000000000000 0.000000000000 0.000000000000 0.000000000000 0.000000000000
19.5 0.000000000000 0.000000000000 0.000000000000 0.000000000000 0.000000000000 0.000000000000 0.000000000000
19.6 0.000000000000 0.000000000000 0.000000000000 0.000000000000 0.000000000000 0.000000000000 0.000000000000
19.7 -0.000000000000 -0.000000000000 0.000000000000 -0.211625057427 0.629589136003 0.509663081704 0.546878321060
19.8 0.000000000000 0.000000000000 0.000000000000 0.000000000000 0.000000000000 0.000000000000 0.000000000000
19.9 0.000000000000 0.000000000000 0.000000000000 0.000000000000 0.000000000000 0.000000000000 0.000000000000
20.0 0.000000000000 0.000000000000 0.000000000000 0.000000000000 0.000000000000 0.000000000000 0.000000000000
20.1 -0.033771194566 -0.137756917933 0.803716755208 0.135642282718 0.213121483186 0.856465768040 0.450163073474
20.2 0.000000000000 0.000000000000 0.000000000000 0.000000000000 0.000000000000 0.000000000000 0.000000000000
20.3 0.000000000000 0.000000000000 0.000000000000 0.000000000000 0.000000000000 0.000000000000 0.000000000000
20.4 0.000000000000 0.000000000000 0.000000000000 0.000000000000 0.000000000000 0.000000000000 0.000000000000
20.5 0.000000000000 0.000000000000 0.000000000000 0.000000000000 0.000000000000 0.000000000000 0.000000000000
20.6 0.000000000000 0.000000000000 0.000000000000 0.000000000000 0.000000000000 0.000000000000 0.000000000000
20.7 0.000000000000 0.000000000000 0.000000000000 0.000000000000 0.000000000000 0.000000000000 0.000000000000
20.8 0.000000000000 0.000000000000 0.000000000000 0.000000000000 0.000000000000 0.000000000000 0.000000000000
20.9 0.000000000000 0.000000000000 0.000000000000 0.000000000000 0.000000000000 0.000000000000 0.000000000000
21.0 -0.013760739515 -0.107307463722 0.759178918365 -0.475348232758 0.778043769573 0.007436225490 0.410653933128
21.1 -0.010679610289 -0.104250741027 0.735926603996 -0.490118691452 0.757571814242 0.022502718668 0.430537155431
21.2 -0.010239019486 -0.110147319305 0.764783006813 -0.471767782843 0.794380718251 -0.012348104691 0.382415948743
21.3 -0.026124125220 -0.110648017248 0.752882085991 0.189530479412 0.303381741924 0.838737817279 0.410556439368
21.4 -0.000000000000 -0.000000000000 0.000000000000 -0.208612731396 0.650795692637 0.490716377927 0.540502665284
21.5 -0.016090591268 -0.111575754895 0.753126152839 -0.469906493081 0.780081712130 0.008999186378 0.413012620636
21.6 0.000000000000 0.000000000000 0.000000000000 0.000000000000 0.000000000000 0.000000000000 0.000000000000
21.7 -0.034210262602 -0.102143501090 0.714261511810 0.202024011466 0.332787906484 0.830434574350 0.398518413393
21.8 0.000000000000 0.000000000000 0.000000000000 0.000000000000 0.000000000000 0.000000000000 0.000000000000
21.9 0.000000000000 0.000000000000 0.000000000000 0.000000000000 0.000000000000 0.000000000000 0.000000000000
22.0 0.000000000000 0.000000000000 0.000000000000 0.000000000000 0.000000000000 0.000000000000 0.000000000000
22.1 0.000000000000 0.000000000000 0.000000000000 0.000000000000 0.000000000000 0.000000000000 0.000000000000
22.2 0.000000000000 0.000000000000 0.000000000000 0.000000000000 0.000000000000 0.000000000000 0.000000000000
22.3 0.000000000000 0.000000000000 0.000000000000 0.000000000000 0.000000000000 0.000000000000 0.000000000000
22.4 -0.037647029417 -0.097924683490 0.714458985226 -0.552950363189 0.731390998156 0.099684869167 0.386491954022
22.5 -0.045557754196 -0.088588480240 0.687552010313 -0.562547946441 0.739462914874 0.116152888593 0.351059698561
22.6 0.000000000000 0.000000000000 0.000000000000 0.000000000000 0.000000000000 0.000000000000 0.000000000000
22.7 0.000000000000 0.000000000000 0.000000000000 0.000000000000 0.000000000000 0.000000000000 0.000000000000
22.8 -0.055204857238 -0.065119189232 0.690074617923 -0.510801005601 0.733692464298 0.023226515466 0.447479864897
22.9 0.000000000000 0.000000000000 0.000000000000 0.000000000000 0.000000000000 0.000000000000 0.000000000000
23.0 0.000000000000 0.000000000000 0.000000000000 0.000000000000 0.000000000000 0.000000000000 0.000000000000
23.1 0.000000000000 0.000000000000 0.000000000000 0.000000000000 0.000000000000 0.000000000000 0.000000000000
23.2 0.000000000000 0.000000000000 0.000000000000 0.000000000000 0.000000000000 0.000000000000 0.000000000000
23.3 -0.087996327751 -0.052312109924 0.656330613965 -0.535530157624 0.748523535930 0.012332802223 0.390855303691
23.4 -0.084889142823 -0.056867594703 0.715391200058 -0.477075532690 0.732608303650 -0.044356447328 0.483442359659
23.5 0.000000000000 0.000000000000 0.000000000000 0.000000000000 0.000000000000 0.000000000000 0.000000000000
23.6 -0.092022427309 -0.061575451731 0.708192498523 -0.488188819373 0.726348167227 -0.040541854837 0.482126927906
23.7 -0.094657391037 -0.060681669869 0.694104764303 -0.495739262409 0.720950751743 -0.066006347513 0.479703824620
23.8 -0.097452454977 -0.049921466281 0.672946485509 -0.490349033416 0.721773629942 -0.046855003617 0.486215241621
23.9 0.000000000000 0.000000000000 0.000000000000 0.000000000000 0.000000000000 0.000000000000 0.000000000000
24.0 -0.100583087544 -0.058479056883 0.667297898719 -0.503863695741 0.711632789063 -0.074237078149 0.483930786242
24.1 -0.106577758648 -0.065155129167 0.677571359717 -0.529962195152 0.713713578463 -0.039351448233 0.456294272535
24.2 -0.104038154098 -0.061243600748 0.659734400298 -0.516863090263 0.700685208597 -0.065686964751 0.487419744203
24.3 -0.104953815335 -0.064571223102 0.684869997717 -0.512986181087 0.711577754269 -0.073587462709 0.474433517973
24.4 -0.107471006984 -0.062900868032 0.653967245422 -0.535119335974 0.703106600155 -0.060259114075 0.464389108675
24.5 -0.105489973678 -0.067099374730 0.682010726047 -0.523041109524 0.705255819198 -0.072745320683 0.473022563472
24.6 0.000000000000 0.000000000000 0.000000000000 0.000000000000 0.000000000000 0.000000000000 0.000000000000
24.7 -0.105657844374 -0.061620944755 0.684797027250 -0.529527035984 0.700089277014 -0.073616826768 0.473346263521
24.8 -0.111039388353 -0.062126892704 0.667287017334 -0.541756389523 0.704025530380 -0.040626322365 0.457381207436
24.9 -0.112211660900 -0.066787046950 0.697945405664 -0.528502493554 0.696462599111 -0.061350713654 0.481519524299
25.0 -0.111764614702 -0.063156903313 0.690696310099 -0.533572704537 0.695482352519 -0.068782846074 0.476312278230
25.1 0.000000000000 0.000000000000 0.000000000000 0.000000000000 0.000000000000 0.000000000000 0.000000000000
25.2 0.000000000000 0.000000000000 0.000000000000 0.000000000000 0.000000000000 0.000000000000 0.000000000000
25.3 0.000000000000 0.000000000000 0.000000000000 0.000000000000 0.000000000000 0.000000000000 0.000000000000
25.4 -0.118786889355 -0.081363377745 0.708252063792 -0.540054789799 0.697985926543 -0.044572051731 0.468155746059
25.5 0.000000000000 0.000000000000 0.000000000000 0.000000000000 0.000000000000 0.000000000000 0.000000000000
25.6 0.000000000000 0.000000000000 0.000000000000 0.000000000000 0.000000000000 0.000000000000 0.000000000000
25.7 0.000000000000 0.000000000000 0.000000000000 0.000000000000 0.000000000000 0.000000000000 0.000000000000
25.8 0.000000000000 0.000000000000 0.000000000000 0.000000000000 0.000000000000 0.000000000000 0.000000000000
25.9 0.000000000000 0.000000000000 0.000000000000 0.000000000000 0.000000000000 0.000000000000 0.000000000000
26.0 -0.121878896297 -0.107922549341 0.667376349390 -0.638150175396 0.684831170237 0.035862418777 0.349977869063
26.1 -0.105241781842 -0.087446166228 0.650329280186 -0.541329191923 0.682197155170 -0.107588900319 0.479577288847
26.2 -0.121215942788 -0.106135186532 0.675053311849 -0.628552978091 0.686875340214 0.046721578886 0.361857036417
26.3 -0.122724995218 -0.111400803389 0.684775032589 -0.644245047831 0.678695721521 0.033674304502 0.350979311570
26.4 -0.123242071394 -0.106908436974 0.670430312164 -0.646749771735 0.688713274605 0.040095879755 0.325240032238
26.5 0.000000000000 0.000000000000 0.000000000000 0.000000000000 0.000000000000 0.000000000000 0.000000000000
26.6 -0.125408050638 -0.110265411604 0.677628289150 -0.652471958688 0.680336604174 0.072296052422 0.325876861638
26.7 0.000000000000 0.000000000000 0.000000000000 0.000000000000 0.000000000000 0.000000000000 0.000000000000
26.8 0.000000000000 0.000000000000 0.000000000000 0.000000000000 0.000000000000 0.000000000000 0.000000000000
26.9 0.000000000000 0.000000000000 0.000000000000 0.000000000000 0.000000000000 0.000000000000 0.000000000000
27.0 0.000000000000 0.000000000000 0.000000000000 0.000000000000 0.000000000000 0.000000000000 0.000000000000
27.1 0.000000000000 0.000000000000 0.000000000000 0.000000000000 0.000000000000 0.000000000000 0.000000000000
27.2 0.000000000000 0.000000000000 0.000000000000 0.000000000000 0.000000000000 0.000000000000 0.000000000000
27.3 0.000000000000 0.000000000000 0.000000000000 0.000000000000 0.000000000000 0.000000000000 0.000000000000
27.4 0.000000000000 0.000000000000 0.000000000000 0.000000000000 0.000000000000 0.000000000000 0.000000000000
27.5 0.000000000000 0.000000000000 0.000000000000 0.000000000000 0.000000000000 0.000000000000 0.000000000000
27.6 0.000000000000 0.000000000000 0.000000000000 0.000000000000 0.000000000000 0.000000000000 0.000000000000
27.7 0.000000000000 0.000000000000 0.000000000000 0.000000000000 0.000000000000 0.000000000000 0.000000000000
27.8 0.000000000000 0.000000000000 0.000000000000 0.000000000000 0.000000000000 0.000000000000 0.000000000000
27.9 0.000000000000 0.000000000000 0.000000000000 0.000000000000 0.000000000000 0.000000000000 0.000000000000
28.0 0.000000000000 0.000000000000 0.000000000000 0.000000000000 0.000000000000 0.000000000000 0.000000000000
28.1 0.000000000000 0.000000000000 0.000000000000 0.000000000000 0.000000000000 0.000000000000 0.000000000000
28.2 0.000000000000 0.000000000000 0.000000000000 0.000000000000 0.000000000000 0.000000000000 0.000000000000
28.3 0.000000000000 0.000000000000 0.000000000000 0.000000000000 0.000000000000 0.000000000000 0.000000000000
28.4 0.000000000000 0.000000000000 0.000000000000 0.000000000000 0.000000000000 0.000000000000 0.000000000000
28.5 0.000000000000 0.000000000000 0.000000000000 0.000000000000 0.000000000000 0.000000000000 0.000000000000
28.6 0.000000000000 0.000000000000 0.000000000000 0.000000000000 0.000000000000 0.000000000000 0.000000000000
28.7 0.000000000000 0.000000000000 0.000000000000 0.000000000000 0.000000000000 0.000000000000 0.000000000000
28.8 0.000000000000 0.000000000000 0.000000000000 0.000000000000 0.000000000000 0.000000000000 0.000000000000
28.9 0.000000000000 0.000000000000 0.000000000000 0.000000000000 0.000000000000 0.000000000000 0.000000000000
29.0 0.000000000000 0.000000000000 0.000000000000 0.000000000000 0.000000000000 0.000000000000 0.000000000000
29.1 0.000000000000 0.000000000000 0.000000000000 0.000000000000 0.000000000000 0.000000000000 0.000000000000
29.2 0.000000000000 0.000000000000 0.000000000000 0.000000000000 0.000000000000 0.000000000000 0.000000000000
29.3 0.000000000000 0.000000000000 0.000000000000 0.000000000000 0.000000000000 0.000000000000 0.000000000000
29.4 0.000000000000 0.000000000000 0.000000000000 0.000000000000 0.000000000000 0.000000000000 0.000000000000
29.5 0.000000000000 0.000000000000 0.000000000000 0.000000000000 0.000000000000 0.000000000000 0.000000000000
29.6 0.000000000000 0.000000000000 0.000000000000 0.000000000000 0.000000000000 0.000000000000 0.000000000000
29.7 0.022675795402 -0.101516415554 0.755304936816 -0.664652151242 0.685404534504 0.081772020512 0.285957127192
29.8 0.010980018202 -0.087063525669 0.681558545386 -0.662557573545 0.665589853192 0.066261591676 0.337071224720
29.9 0.000000000000 0.000000000000 0.000000000000 0.000000000000 0.000000000000 0.000000000000 0.000000000000
30.0 0.000000000000 0.000000000000 0.000000000000 0.000000000000 0.000000000000 0.000000000000 0.000000000000
30.1 0.000000000000 0.000000000000 0.000000000000 0.000000000000 0.000000000000 0.000000000000 0.000000000000
30.2 0.000000000000 0.000000000000 0.000000000000 0.000000000000 0.000000000000 0.000000000000 0.000000000000
30.3 0.000000000000 0.000000000000 0.000000000000 0.000000000000 0.000000000000 0.000000000000 0.000000000000
30.4 0.000000000000 0.000000000000 0.000000000000 0.000000000000 0.000000000000 0.000000000000 0.000000000000
30.5 -0.005538623415 -0.057385169546 0.719741828176 -0.670367602879 0.683464390998 0.088312468307 0.275108362633
30.6 0.000000000000 0.000000000000 0.000000000000 0.000000000000 0.000000000000 0.000000000000 0.000000000000
30.7 0.000000000000 0.000000000000 0.000000000000 0.000000000000 0.000000000000 0.000000000000 0.000000000000
30.8 0.000000000000 0.000000000000 0.000000000000 0.000000000000 0.000000000000 0.000000000000 0.000000000000
30.9 0.000000000000 0.000000000000 0.000000000000 0.000000000000 0.000000000000 0.000000000000 0.000000000000
31.0 0.000000000000 0.000000000000 0.000000000000 0.000000000000 0.000000000000 0.000000000000 0.000000000000
31.1 0.000000000000 0.000000000000 0.000000000000 0.000000000000 0.000000000000 0.000000000000 0.000000000000
31.2 0.000000000000 0.000000000000 0.000000000000 0.000000000000 0.000000000000 0.000000000000 0.000000000000
31.3 0.000000000000 0.000000000000 0.000000000000 0.000000000000 0.000000000000 0.000000000000 0.000000000000
31.4 0.000000000000 0.000000000000 0.000000000000 0.000000000000 0.000000000000 0.000000000000 0.000000000000
31.5 0.000000000000 0.000000000000 0.000000000000 0.000000000000 0.000000000000 0.000000000000 0.000000000000
31.6 0.050007723205 -0.027415529581 0.764352975882 -0.689205200653 0.681622832554 0.069995092712 0.235557195879
31.7 0.000000000000 0.000000000000 0.000000000000 0.000000000000 0.000000000000 0.000000000000 0.000000000000
31.8 0.000000000000 0.000000000000 0.000000000000 0.000000000000 0.000000000000 0.000000000000 0.000000000000
31.9 0.000000000000 0.000000000000 0.000000000000 0.000000000000 0.000000000000 0.000000000000 0.000000000000
32.0 0.000000000000 0.000000000000 0.000000000000 0.000000000000 0.000000000000 0.000000000000 0.000000000000
32.1 0.000000000000 0.000000000000 0.000000000000 0.000000000000 0.000000000000 0.000000000000 0.000000000000
32.2 0.000000000000 0.000000000000 0.000000000000 0.000000000000 0.000000000000 0.000000000000 0.000000000000
32.3 0.000000000000 0.000000000000 0.000000000000 0.000000000000 0.000000000000 0.000000000000 0.000000000000
32.4 0.000000000000 0.000000000000 0.000000000000 0.000000000000 0.000000000000 0.000000000000 0.000000000000
32.5 0.000000000000 0.000000000000 0.000000000000 0.000000000000 0.000000000000 0.000000000000 0.000000000000
32.6 0.000000000000 0.000000000000 0.000000000000 0.000000000000 0.000000000000 0.000000000000 0.000000000000
32.7 0.000000000000 0.000000000000 0.000000000000 0.000000000000 0.000000000000 0.000000000000 0.000000000000
32.8 0.000000000000 0.000000000000 0.000000000000 0.000000000000 0.000000000000 0.000000000000 0.000000000000
32.9 0.000000000000 0.000000000000 0.000000000000 0.000000000000 0.000000000000 0.000000000000 0.000000000000
33.0 0.000000000000 0.000000000000 0.000000000000 0.000000000000 0.000000000000 0.000000000000 0.000000000000
33.1 0.000000000000 0.000000000000 0.000000000000 0.000000000000 0.000000000000 0.000000000000 0.000000000000
33.2 0.000000000000 0.000000000000 0.000000000000 0.000000000000 0.000000000000 0.000000000000 0.000000000000
33.3 0.000000000000 0.000000000000 0.000000000000 0.000000000000 0.000000000000 0.000000000000 0.000000000000
33.4 0.000000000000 0.000000000000 0.000000000000 0.000000000000 0.000000000000 0.000000000000 0.000000000000
33.5 0.000000000000 0.000000000000 0.000000000000 0.000000000000 0.000000000000 0.000000000000 0.000000000000
33.6 0.000000000000 0.000000000000 0.000000000000 0.000000000000 0.000000000000 0.000000000000 0.000000000000
33.7 0.000000000000 0.000000000000 0.000000000000 0.000000000000 0.000000000000 0.000000000000 0.000000000000
33.8 0.000000000000 0.000000000000 0.000000000000 0.000000000000 0.000000000000 0.000000000000 0.000000000000
33.9 0.000000000000 0.000000000000 0.000000000000 0.000000000000 0.000000000000 0.000000000000 0.000000000000
34.0 0.000000000000 0.000000000000 0.000000000000 0.000000000000 0.000000000000 0.000000000000 0.000000000000
34.1 0.000000000000 0.000000000000 0.000000000000 0.000000000000 0.000000000000 0.000000000000 0.000000000000
34.2 0.000000000000 0.000000000000 0.000000000000 0.000000000000 0.000000000000 0.000000000000 0.000000000000
34.3 0.000000000000 0.000000000000 0.000000000000 0.000000000000 0.000000000000 0.000000000000 0.000000000000
34.4 0.000000000000 0.000000000000 0.000000000000 0.000000000000 0.000000000000 0.000000000000 0.000000000000
34.5 0.000000000000 0.000000000000 0.000000000000 0.000000000000 0.000000000000 0.000000000000 0.000000000000
34.6 -0.080515201964 -0.032797531323 0.566887155286 -0.689444832338 0.638887465633 0.104206634822 0.325007087120
34.7 0.000000000000 0.000000000000 0.000000000000 0.000000000000 0.000000000000 0.000000000000 0.000000000000
34.8 0.000000000000 0.000000000000 0.000000000000 0.000000000000 0.000000000000 0.000000000000 0.000000000000
34.9 -0.081770164976 -0.042730412625 0.583688436268 -0.697559616897 0.620898801913 0.111812902300 0.339695648392
35.0 0.000000000000 0.000000000000 0.000000000000 0.000000000000 0.000000000000 0.000000000000 0.000000000000
35.1 0.000000000000 0.000000000000 0.000000000000 0.000000000000 0.000000000000 0.000000000000 0.000000000000
35.2 -0.076508838630 -0.053375183828 0.597818222986 -0.694309894707 0.612684102672 0.138143766884 0.351380506170
35.3 0.000000000000 0.000000000000 0.000000000000 0.000000000000 0.000000000000 0.000000000000 0.000000000000
35.4 0.000000000000 0.000000000000 0.000000000000 0.000000000000 0.000000000000 0.000000000000 0.000000000000
35.5 0.000000000000 0.000000000000 0.000000000000 0.000000000000 0.000000000000 0.000000000000 0.000000000000
35.6 0.000000000000 0.000000000000 0.000000000000 0.000000000000 0.000000000000 0.000000000000 0.000000000000
35.7 0.000000000000 0.000000000000 0.000000000000 0.000000000000 0.000000000000 0.000000000000 0.000000000000
35.8 0.000000000000 0.000000000000 0.000000000000 0.000000000000 0.000000000000 0.000000000000 0.000000000000
35.9 0.000000000000 0.000000000000 0.000000000000 0.000000000000 0.000000000000 0.000000000000 0.000000000000
36.0 0.000000000000 0.000000000000 0.000000000000 0.000000000000 0.000000000000 0.000000000000 0.000000000000
36.1 0.000000000000 0.000000000000 0.000000000000 0.000000000000 0.000000000000 0.000000000000 0.000000000000
36.2 0.000000000000 0.000000000000 0.000000000000 0.000000000000 0.000000000000 0.000000000000 0.000000000000
36.3 0.000000000000 0.000000000000 0.000000000000 0.000000000000 0.000000000000 0.000000000000 0.000000000000
36.4 0.000000000000 0.000000000000 0.000000000000 0.000000000000 0.000000000000 0.000000000000 0.000000000000
36.5 0.000000000000 0.000000000000 0.000000000000 0.000000000000 0.000000000000 0.000000000000 0.000000000000
36.6 0.083365454923 0.034326265655 0.056410414601 0.217361551765 0.318677700478 -0.561041929716 0.732414112462
36.7 0.000000000000 0.000000000000 0.000000000000 0.000000000000 0.000000000000 0.000000000000 0.000000000000
36.8 0.000000000000 0.000000000000 0.000000000000 0.000000000000 0.000000000000 0.000000000000 0.000000000000
36.9 0.000000000000 0.000000000000 0.000000000000 0.000000000000 0.000000000000 0.000000000000 0.000000000000
37.0 -0.066781758221 -0.085411337232 0.627139564707 -0.717997102919 0.604676379310 0.172545459703 0.298453850437
37.1 -0.067231423516 -0.081724340910 0.606209125123 -0.702197470396 0.592003393124 0.206317557357 0.337466680762
37.2 -0.067859321229 -0.079816445438 0.608066703421 -0.708758073926 0.601630951688 0.195280838396 0.312358103419
37.3 0.000000000000 0.000000000000 0.000000000000 0.000000000000 0.000000000000 0.000000000000 0.000000000000
37.4 0.000000000000 0.000000000000 0.000000000000 0.000000000000 0.000000000000 0.000000000000 0.000000000000
37.5 0.000000000000 0.000000000000 0.000000000000 0.000000000000 0.000000000000 0.000000000000 0.000000000000
37.6 0.000000000000 0.000000000000 0.000000000000 0.000000000000 0.000000000000 0.000000000000 0.000000000000
37.7 0.000000000000 0.000000000000 0.000000000000 0.000000000000 0.000000000000 0.000000000000 0.000000000000
37.8 0.000000000000 0.000000000000 0.000000000000 0.000000000000 0.000000000000 0.000000000000 0.000000000000
37.9 0.000000000000 0.000000000000 0.000000000000 0.000000000000 0.000000000000 0.000000000000 0.000000000000
38.0 0.000000000000 0.000000000000 0.000000000000 0.000000000000 0.000000000000 0.000000000000 0.000000000000
38.1 -0.043141668704 -0.079480938652 0.665515568806 -0.714843465215 0.613028603225 0.191095734981 0.276906431741
38.2 0.000000000000 0.000000000000 0.000000000000 0.000000000000 0.000000000000 0.000000000000 0.000000000000
38.3 0.000000000000 0.000000000000 0.000000000000 0.000000000000 0.000000000000 0.000000000000 0.000000000000
38.4 0.000000000000 0.000000000000 0.000000000000 0.000000000000 0.000000000000 0.000000000000 0.000000000000
38.5 0.000000000000 0.000000000000 0.000000000000 0.000000000000 0.000000000000 0.000000000000 0.000000000000
38.6 0.000000000000 0.000000000000 0.000000000000 0.000000000000 0.000000000000 0.000000000000 0.000000000000
38.7 -0.017984853397 -0.073491220401 0.693153657577 -0.754060027299 0.589629799977 0.199764321742 0.209342757145
38.8 -0.015450133340 -0.071890207711 0.695925103887 -0.756519224433 0.588722950027 0.190702723013 0.211462579694
38.9 -0.014220330008 -0.071533991415 0.707035442319 -0.779873271545 0.583980023012 0.165419623406 0.152975034709
39.0 0.000000000000 0.000000000000 0.000000000000 0.000000000000 0.000000000000 0.000000000000 0.000000000000
39.1 0.000000000000 0.000000000000 0.000000000000 0.000000000000 0.000000000000 0.000000000000 0.000000000000
39.2 0.000000000000 0.000000000000 0.000000000000 0.000000000000 0.000000000000 0.000000000000 0.000000000000
39.3 0.000000000000 0.000000000000 0.000000000000 0.000000000000 0.000000000000 0.000000000000 0.000000000000
39.4 0.000000000000 0.000000000000 0.000000000000 0.000000000000 0.000000000000 0.000000000000 0.000000000000
39.5 0.000000000000 0.000000000000 0.000000000000 0.000000000000 0.000000000000 0.000000000000 0.000000000000
39.6 -0.054162281563 -0.078711389725 0.730408103274 -0.770825081950 0.583987587010 0.175216473661 0.184624967468
39.7 -0.051111923195 -0.081924380976 0.758813646435 -0.798971732429 0.577127826918 0.123875258991 0.114989401191
39.8 0.000000000000 0.000000000000 0.000000000000 0.000000000000 0.000000000000 0.000000000000 0.000000000000
39.9 0.000000000000 0.000000000000 0.000000000000 0.000000000000 0.000000000000 0.000000000000 0.000000000000
40.0 0.000000000000 0.000000000000 0.000000000000 0.000000000000 0.000000000000 0.000000000000 0.000000000000
40.1 0.000000000000 0.000000000000 0.000000000000 0.000000000000 0.000000000000 0.000000000000 0.000000000000
40.2 0.000000000000 0.000000000000 0.000000000000 0.000000000000 0.000000000000 0.000000000000 0.000000000000
40.3 0.000000000000 0.000000000000 0.000000000000 0.000000000000 0.000000000000 0.000000000000 0.000000000000
40.4 0.000000000000 0.000000000000 0.000000000000 0.000000000000 0.000000000000 0.000000000000 0.000000000000
40.5 0.000000000000 0.000000000000 0.000000000000 0.000000000000 0.000000000000 0.000000000000 0.000000000000
40.6 0.142978918750 -0.032782581473 0.664129567549 -0.191016533863 -0.112426719402 -0.568316649147 0.792394537372
40.7 0.000000000000 0.000000000000 0.000000000000 0.000000000000 0.000000000000 0.000000000000 0.000000000000
40.8 0.142318943140 -0.027768280489 0.667668142456 -0.206014284053 -0.129359548643 -0.558538245960 0.793006462610
40.9 -0.023353347128 -0.077763219964 0.700056300152 -0.754721114879 0.559979733346 0.264185541203 0.216851877596
41.0 0.142285807606 -0.033465419716 0.677740661192 -0.220545011201 -0.149816959410 -0.565747998836 0.780284549713
41.1 0.000000000000 0.000000000000 0.000000000000 0.000000000000 0.000000000000 0.000000000000 0.000000000000
41.2 0.000000000000 0.000000000000 0.000000000000 0.000000000000 0.000000000000 0.000000000000 0.000000000000
41.3 0.000000000000 0.000000000000 0.000000000000 0.000000000000 0.000000000000 0.000000000000 0.000000000000
41.4 -0.024433768495 -0.063633579110 0.682368045543 -0.767177464495 0.566225869183 0.246702519791 0.173103638807
41.5 0.143179194035 -0.013027311993 0.679475236341 -0.171906037274 -0.112229653407 -0.566786885151 0.797875583074
41.6 -0.018583662451 -0.069986706094 0.813312653906 -0.814488296790 0.563001509029 0.114582553957 0.080678085943
41.7 0.000000000000 0.000000000000 0.000000000000 0.000000000000 0.000000000000 0.000000000000 0.000000000000
41.8 0.000000000000 0.000000000000 0.000000000000 0.000000000000 0.000000000000 0.000000000000 0.000000000000
41.9 0.000000000000 0.000000000000 0.000000000000 0.000000000000 0.000000000000 0.000000000000 0.000000000000
42.0 -0.014869682479 -0.063216950323 0.719302162423 -0.770159006198 0.565935956541 0.240004734889 0.170203776390
42.1 -0.007300843990 -0.070208485716 0.763603473053 -0.759878864517 0.564744865678 0.282149133626 0.155045845943
42.2 -0.013603813573 -0.063643028168 0.708575984659 -0.763637337554 0.559221213743 0.262592958901 0.187548896900
42.3 0.000000000000 0.000000000000 0.000000000000 0.000000000000 0.000000000000 0.000000000000 0.000000000000
42.4 -0.011214886416 -0.059073943522 0.721817225483 -0.791988219596 0.554846187563 0.212614782490 0.140340024353
42.5 -0.007844563183 -0.060572248321 0.714617755732 -0.780280562713 0.549834733613 0.257865132954 0.149497767115
42.6 0.000000000000 0.000000000000 0.000000000000 0.000000000000 0.000000000000 0.000000000000 0.000000000000
42.7 0.000000000000 0.000000000000 0.000000000000 0.000000000000 0.000000000000 0.000000000000 0.000000000000
42.8 0.000000000000 0.000000000000 0.000000000000 0.000000000000 0.000000000000 0.000000000000 0.000000000000
42.9 0.020401635512 -0.044712741080 0.840939756739 -0.808843508753 0.566782168663 0.133901003558 0.081244525233
43.0 0.000000000000 0.000000000000 0.000000000000 0.000000000000 0.000000000000 0.000000000000 0.000000000000
43.1 0.166061024532 0.018519540704 0.637301188359 -0.249249100297 -0.197813083460 -0.506716847999 0.801238357774
43.2 0.163844885665 0.024308623093 0.634549633649 -0.187714746363 -0.160918359041 -0.533228803778 0.809033681959
43.3 0.163553944988 0.017516997205 0.656644098011 -0.244195328304 -0.194109181140 -0.499512628422 0.808193913290
43.4 0.000000000000 0.000000000000 0.000000000000 0.000000000000 0.000000000000 0.000000000000 0.000000000000
43.5 0.000628245837 -0.047348135513 0.660057666347 -0.779542901418 0.530168882840 0.297426104785 0.150902394645
43.6 -0.000519294959 -0.048173803681 0.645289068014 -0.786117221153 0.525295258544 0.282537053887 0.162041411799
43.7 0.012485308267 -0.053805365677 0.718721539907 -0.788581325822 0.518827054567 0.302624837052 0.131818769577
43.8 0.021668885375 -0.039916030616 0.813926772113 -0.807376449989 0.556382252260 0.170759162086 0.097074022976
43.9 0.000000000000 0.000000000000 0.000000000000 0.000000000000 0.000000000000 0.000000000000 0.000000000000
44.0 0.000000000000 0.000000000000 0.000000000000 0.000000000000 0.000000000000 0.000000000000 0.000000000000
44.1 0.000000000000 0.000000000000 0.000000000000 0.000000000000 0.000000000000 0.000000000000 0.000000000000
44.2 0.031534820393 -0.054299227424 0.735632043884 -0.769844955736 0.507268606266 0.377211989440 0.087911434104
44.3 0.032110084117 -0.052825772938 0.734510429227 -0.767180895371 0.508255708027 0.383814752168 0.076130447618
44.4 0.030075156795 -0.051933584411 0.725424485389 -0.784008627405 0.486120055049 0.368104279610 0.116262649060
44.5 0.000000000000 0.000000000000 0.000000000000 0.000000000000 0.000000000000 0.000000000000 0.000000000000
44.6 0.000000000000 0.000000000000 0.000000000000 0.000000000000 0.000000000000 0.000000000000 0.000000000000
44.7 0.000000000000 0.000000000000 0.000000000000 0.000000000000 0.000000000000 0.000000000000 0.000000000000
44.8 0.000000000000 0.000000000000 0.000000000000 0.000000000000 0.000000000000 0.000000000000 0.000000000000
44.9 0.000000000000 0.000000000000 0.000000000000 0.000000000000 0.000000000000 0.000000000000 0.000000000000
45.0 0.020144569393 -0.028339128499 0.744402660091 -0.780253655151 0.499723738293 0.372023603556 0.055487452700
45.1 0.016869579071 -0.032375321170 0.749334335919 -0.796938790287 0.488848453597 0.343322831168 0.089694969480
45.2 0.000000000000 0.000000000000 0.000000000000 0.000000000000 0.000000000000 0.000000000000 0.000000000000
45.3 0.000000000000 0.000000000000 0.000000000000 0.000000000000 0.000000000000 0.000000000000 0.000000000000
45.4 0.000000000000 0.000000000000 0.000000000000 0.000000000000 0.000000000000 0.000000000000 0.000000000000
45.5 0.000000000000 0.000000000000 0.000000000000 0.000000000000 0.000000000000 0.000000000000 0.000000000000
45.6 0.000000000000 0.000000000000 0.000000000000 0.000000000000 0.000000000000 0.000000000000 0.000000000000
45.7 0.000000000000 0.000000000000 0.000000000000 0.000000000000 0.000000000000 0.000000000000 0.000000000000
45.8 0.000000000000 0.000000000000 0.000000000000 0.000000000000 0.000000000000 0.000000000000 0.000000000000
45.9 0.000000000000 0.000000000000 0.000000000000 0.000000000000 0.000000000000 0.000000000000 0.000000000000
46.0 0.000000000000 0.000000000000 0.000000000000 0.000000000000 0.000000000000 0.000000000000 0.000000000000
46.1 0.000000000000 0.000000000000 0.000000000000 0.000000000000 0.000000000000 0.000000000000 0.000000000000
46.2 0.000000000000 0.000000000000 0.000000000000 0.000000000000 0.000000000000 0.000000000000 0.000000000000
46.3 0.000000000000 0.000000000000 0.000000000000 0.000000000000 0.000000000000 0.000000000000 0.000000000000
46.4 0.000000000000 0.000000000000 0.000000000000 0.000000000000 0.000000000000 0.000000000000 0.000000000000
46.5 0.000000000000 0.000000000000 0.000000000000 0.000000000000 0.000000000000 0.000000000000 0.000000000000
46.6 0.000000000000 0.000000000000 0.000000000000 0.000000000000 0.000000000000 0.000000000000 0.000000000000
46.7 0.000000000000 0.000000000000 0.000000000000 0.000000000000 0.000000000000 0.000000000000 0.000000000000
46.8 0.000000000000 0.000000000000 0.000000000000 0.000000000000 0.000000000000 0.000000000000 0.000000000000
46.9 0.129220980644 -0.008462490083 0.666871816919 -0.126995865971 -0.243968319990 -0.497808276017 0.822519561589
47.0 -0.021207055436 -0.095841909958 0.673475931691 -0.793820569793 0.458874790196 0.368988573707 0.152086364835
47.1 0.000000000000 0.000000000000 0.000000000000 0.000000000000 0.000000000000 0.000000000000 0.000000000000
47.2 0.000000000000 0.000000000000 0.000000000000 0.000000000000 0.000000000000 0.000000000000 0.000000000000
47.3 0.003825837227 -0.114532726357 0.845242597526 -0.822142831813 0.461162893794 0.294865878890 0.156409919607
47.4 0.000000000000 0.000000000000 0.000000000000 0.000000000000 0.000000000000 0.000000000000 0.000000000000
47.5 0.000000000000 0.000000000000 0.000000000000 0.000000000000 0.000000000000 0.000000000000 0.000000000000
47.6 0.000000000000 0.000000000000 0.000000000000 0.000000000000 0.000000000000 0.000000000000 0.000000000000
47.7 0.000000000000 0.000000000000 0.000000000000 0.000000000000 0.000000000000 0.000000000000 0.000000000000
47.8 0.000000000000 0.000000000000 0.000000000000 0.000000000000 0.000000000000 0.000000000000 0.000000000000
47.9 0.000000000000 0.000000000000 0.000000000000 0.000000000000 0.000000000000 0.000000000000 0.000000000000
48.0 0.000000000000 0.000000000000 0.000000000000 0.000000000000 0.000000000000 0.000000000000 0.000000000000
48.1 0.173020951173 -0.028795359432 0.755957908912 -0.043276046892 -0.084225302624 -0.523121773909 0.846981045730
48.2 0.168825265752 -0.028904656912 0.672183949552 -0.142362810069 -0.223294312159 -0.489870633256 0.830601735575
48.3 0.017497710695 -0.112564202155 0.748686328478 -0.795423146699 0.513481310346 0.296007602664 0.126564058036
48.4 0.174677130236 -0.033324292278 0.713798852867 -0.123845345867 -0.173773765762 -0.507906895207 0.834563115912
48.5 0.016811145849 -0.109079263706 0.731334199844 -0.811077859875 0.498340295656 0.290596001455 0.096765793976
48.6 0.013578359857 -0.119228432187 0.676140317394 -0.788814191679 0.440478015394 0.394542297757 0.167593747621
48.7 0.020519806117 -0.121107262626 0.745128216910 -0.813225398711 0.457181882097 0.335265477908 0.131324928696
48.8 0.163276559675 -0.019005135028 0.685802692755 -0.107975474000 -0.236168311347 -0.449210241735 0.854854364468
48.9 0.000000000000 0.000000000000 0.000000000000 0.000000000000 0.000000000000 0.000000000000 0.000000000000
49.0 0.023467303942 -0.115458240846 0.710562153756 -0.810590152113 0.446512444046 0.346796387757 0.152651590387
49.1 0.000000000000 0.000000000000 0.000000000000 0.000000000000 0.000000000000 0.000000000000 0.000000000000
49.2 0.000000000000 0.000000000000 0.000000000000 0.000000000000 0.000000000000 0.000000000000 0.000000000000
49.3 0.000000000000 0.000000000000 0.000000000000 0.000000000000 0.000000000000 0.000000000000 0.000000000000
49.4 0.000000000000 0.000000000000 0.000000000000 0.000000000000 0.000000000000 0.000000000000 0.000000000000
49.5 0.000000000000 0.000000000000 0.000000000000 0.000000000000 0.000000000000 0.000000000000 0.000000000000
49.6 0.000000000000 0.000000000000 0.000000000000 0.000000000000 0.000000000000 0.000000000000 0.000000000000
49.7 0.000000000000 0.000000000000 0.000000000000 0.000000000000 0.000000000000 0.000000000000 0.000000000000
49.8 0.039978118688 -0.079005122552 0.711731700124 -0.768783186575 0.436975456800 0.465476648756 0.036828679813
49.9 0.039116973075 -0.078575032275 0.698848427499 -0.766538002944 0.430448556312 0.475032128637 0.038444858885
50.0 0.125026063436 -0.167370298907 1.038947703878 -0.478122167583 0.024251928155 0.752758430903 0.451847077616
50.1 0.000000000000 0.000000000000 0.000000000000 0.000000000000 0.000000000000 0.000000000000 0.000000000000
50.2 0.000000000000 0.000000000000 0.000000000000 0.000000000000 0.000000000000 0.000000000000 0.000000000000
50.3 0.000000000000 0.000000000000 0.000000000000 0.000000000000 0.000000000000 0.000000000000 0.000000000000
50.4 0.000000000000 0.000000000000 0.000000000000 0.000000000000 0.000000000000 0.000000000000 0.000000000000
50.5 0.000000000000 0.000000000000 0.000000000000 0.000000000000 0.000000000000 0.000000000000 0.000000000000
50.6 0.000000000000 0.000000000000 0.000000000000 0.000000000000 0.000000000000 0.000000000000 0.000000000000
50.7 0.000000000000 0.000000000000 0.000000000000 0.000000000000 0.000000000000 0.000000000000 0.000000000000
50.8 0.000000000000 0.000000000000 0.000000000000 0.000000000000 0.000000000000 0.000000000000 0.000000000000
50.9 0.000000000000 0.000000000000 0.000000000000 0.000000000000 0.000000000000 0.000000000000 0.000000000000
51.0 -0.007105550636 -0.083348615963 0.687479606188 -0.776887880794 0.416368849232 0.471639087058 0.025273971285
51.1 -0.002650671016 -0.088726549038 0.706477327031 -0.763875517233 0.401301350158 0.503844283082 0.039904372439
51.2 0.000000000000 0.000000000000 0.000000000000 0.000000000000 0.000000000000 0.000000000000 0.000000000000
51.3 0.000000000000 0.000000000000 0.000000000000 0.000000000000 0.000000000000 0.000000000000 0.000000000000
51.4 0.000000000000 0.000000000000 0.000000000000 0.000000000000 0.000000000000 0.000000000000 0.000000000000
51.5 0.000000000000 0.000000000000 0.000000000000 0.000000000000 0.000000000000 0.000000000000 0.000000000000
51.6 0.000000000000 0.000000000000 0.000000000000 0.000000000000 0.000000000000 0.000000000000 0.000000000000
51.7 0.021241498304 -0.075706974062 0.691102542682 0.769697301061 -0.403769864328 -0.494485011442 0.004531540470
51.8 0.000000000000 0.000000000000 0.000000000000 0.000000000000 0.000000000000 0.000000000000 0.000000000000
51.9 0.024636471242 -0.074080552927 0.718224721476 0.784176345206 -0.417646201055 -0.458818337494 0.011173340699
52.0 0.021989031275 -0.073613640456 0.683230737172 -0.775777183670 0.398265789544 0.489410589772 0.005603284233
52.1 0.023025654006 -0.072408861287 0.699868635954 -0.781454989996 0.401265910768 0.477819753962 0.001431848067
52.2 0.023112016843 -0.071899842001 0.689493065949 0.775644397866 -0.399125128084 -0.488935731111 0.004092802744
52.3 0.023548965354 -0.072096651947 0.684294398636 0.775887885324 -0.398526865987 -0.489024038301 0.005460444868
52.4 0.032244734108 -0.072731869133 0.712724580347 0.775779052367 -0.390100995715 -0.494700531978 0.035488853349
52.5 0.029378677868 -0.071807493977 0.689223311546 0.774031835569 -0.388968017535 -0.499383230676 0.013963802494
52.6 0.000000000000 0.000000000000 0.000000000000 0.000000000000 0.000000000000 0.000000000000 0.000000000000
52.7 0.145776274052 0.049128301771 0.677555039283 -0.002782133691 -0.394084217805 -0.393905364769 0.830378499610
52.8 0.000000000000 0.000000000000 0.000000000000 0.000000000000 0.000000000000 0.000000000000 0.000000000000
52.9 0.000000000000 0.000000000000 0.000000000000 0.000000000000 0.000000000000 0.000000000000 0.000000000000
53.0 0.000000000000 0.000000000000 0.000000000000 0.000000000000 0.000000000000 0.000000000000 0.000000000000
53.1 0.000000000000 0.000000000000 0.000000000000 0.000000000000 0.000000000000 0.000000000000 0.000000000000
53.2 0.000000000000 0.000000000000 0.000000000000 0.000000000000 0.000000000000 0.000000000000 0.000000000000
53.3 0.000000000000 0.000000000000 0.000000000000 0.000000000000 0.000000000000 0.000000000000 0.000000000000
53.4 0.000000000000 0.000000000000 0.000000000000 0.000000000000 0.000000000000 0.000000000000 0.000000000000
53.5 0.000000000000 0.000000000000 0.000000000000 0.000000000000 0.000000000000 0.000000000000 0.000000000000
53.6 0.047159075996 -0.104525659979 0.800267790578 -0.778273029582 0.433517080559 0.451673858600 -0.048422698669
53.7 0.029454702443 -0.099541625497 0.693933863985 0.755008183732 -0.422374505252 -0.501420854165 0.011812993654
53.8 0.000000000000 0.000000000000 0.000000000000 0.000000000000 0.000000000000 0.000000000000 0.000000000000
53.9 0.056377370576 -0.102031429534 0.788109001328 -0.774044645300 0.429276722776 0.462354992535 -0.052955105907
54.0 0.036056831107 -0.097948772419 0.704953270475 0.755604274798 -0.440139563457 -0.484998573445 0.010757710857
54.1 0.045436494624 -0.101952584765 0.801163729245 0.771837011161 -0.466962536211 -0.430535983487 0.029195631536
54.2 0.164488124380 -0.002083611141 0.694931246906 -0.009543474002 -0.295145590061 -0.488000790500 0.821372772402
54.3 0.000000000000 0.000000000000 0.000000000000 0.000000000000 0.000000000000 0.000000000000 0.000000000000
54.4 0.158507919915 -0.007809444443 0.717901082543 -0.008345381764 -0.262494623148 -0.479516331654 0.837311778908
54.5 0.000000000000 0.000000000000 0.000000000000 0.000000000000 0.000000000000 0.000000000000 0.000000000000
54.6 0.000000000000 0.000000000000 0.000000000000 0.000000000000 0.000000000000 0.000000000000 0.000000000000
54.7 0.035030683246 -0.117597681187 0.822369870021 0.759021240470 -0.507877491480 -0.404667455040 0.046813043003
54.8 0.000000000000 0.000000000000 0.000000000000 0.000000000000 0.000000000000 0.000000000000 0.000000000000
54.9 0.012878501284 -0.109058168478 0.723551575315 -0.770886836644 0.488599969927 0.405856968340 0.047787819858
55.0 0.007650154933 0.063386777102 0.271153014288 -0.101620036665 0.701044045237 -0.103556377338 0.698202471707
55.1 -0.003317500745 -0.092458483826 0.672445270281 -0.763041289741 0.533039519949 0.361950131021 0.051273413933
55.2 0.000000000000 0.000000000000 0.000000000000 0.000000000000 0.000000000000 0.000000000000 0.000000000000
55.3 -0.002969709190 -0.103588118871 0.749648765151 -0.753728416881 0.535385574025 0.380613874518 0.019719007007
55.4 0.146587697850 -0.035564983949 0.714334822455 0.000604932756 -0.218176584871 -0.592446760685 0.775503351136
55.5 0.000000000000 0.000000000000 0.000000000000 0.000000000000 0.000000000000 0.000000000000 0.000000000000
55.6 0.000000000000 0.000000000000 0.000000000000 0.000000000000 0.000000000000 0.000000000000 0.000000000000
55.7 0.000000000000 0.000000000000 0.000000000000 0.000000000000 0.000000000000 0.000000000000 0.000000000000
55.8 0.000000000000 0.000000000000 0.000000000000 0.000000000000 0.000000000000 0.000000000000 0.000000000000
55.9 0.000000000000 0.000000000000 0.000000000000 0.000000000000 0.000000000000 0.000000000000 0.000000000000
56.0 0.000000000000 0.000000000000 0.000000000000 0.000000000000 0.000000000000 0.000000000000 0.000000000000
56.1 -0.051020180447 -0.090687612200 0.813458225113 -0.785271462313 0.575386219081 0.220426493768 0.060758457962
56.2 0.000000000000 0.000000000000 0.000000000000 0.000000000000 0.000000000000 0.000000000000 0.000000000000
56.3 -0.032560573014 -0.030322943162 0.067662458255 -0.556728065811 0.452811142025 0.696323996470 0.012199276043
56.4 -0.070097488910 -0.093281608684 0.878442473749 -0.777282556533 0.618614727221 0.096929946067 0.061255466115
56.5 -0.071046231720 -0.103532916197 0.948063555267 -0.763449805068 0.633804584078 0.087248831115 0.088452166804
56.6 0.000000000000 0.000000000000 0.000000000000 0.000000000000 0.000000000000 0.000000000000 0.000000000000
56.7 0.000000000000 0.000000000000 0.000000000000 0.000000000000 0.000000000000 0.000000000000 0.000000000000
56.8 0.000000000000 0.000000000000 0.000000000000 0.000000000000 0.000000000000 0.000000000000 0.000000000000
56.9 -0.104309940257 -0.137356526652 1.108371679115 -0.777069873920 0.613970455879 0.092310179090 0.103351445031
57.0 0.072366903457 -0.084002812720 0.920788331377 0.041525229001 0.010255036531 -0.663552533277 0.746905968087
57.1 0.000000000000 0.000000000000 0.000000000000 0.000000000000 0.000000000000 0.000000000000 0.000000000000
57.2 0.000000000000 0.000000000000 0.000000000000 0.000000000000 0.000000000000 0.000000000000 0.000000000000
57.3 0.000000000000 0.000000000000 0.000000000000 0.000000000000 0.000000000000 0.000000000000 0.000000000000
57.4 0.000000000000 0.000000000000 0.000000000000 0.000000000000 0.000000000000 0.000000000000 0.000000000000
57.5 0.000000000000 0.000000000000 0.000000000000 0.000000000000 0.000000000000 0.000000000000 0.000000000000
57.6 0.000000000000 0.000000000000 0.000000000000 0.000000000000 0.000000000000 0.000000000000 0.000000000000
57.7 0.000000000000 0.000000000000 0.000000000000 0.000000000000 0.000000000000 0.000000000000 0.000000000000
57.8 0.000000000000 0.000000000000 0.000000000000 0.000000000000 0.000000000000 0.000000000000 0.000000000000
57.9 0.000000000000 0.000000000000 0.000000000000 0.000000000000 0.000000000000 0.000000000000 0.000000000000
58.0 0.098242104154 0.000330111296 0.219674981944 0.154612326550 0.225491172400 -0.608196819785 0.745214994516
58.1 0.000000000000 0.000000000000 0.000000000000 0.000000000000 0.000000000000 0.000000000000 0.000000000000
58.2 0.000000000000 0.000000000000 0.000000000000 0.000000000000 0.000000000000 0.000000000000 0.000000000000
58.3 0.000000000000 0.000000000000 0.000000000000 0.000000000000 0.000000000000 0.000000000000 0.000000000000
58.4 0.000000000000 0.000000000000 0.000000000000 0.000000000000 0.000000000000 0.000000000000 0.000000000000
58.5 0.000000000000 0.000000000000 0.000000000000 0.000000000000 0.000000000000 0.000000000000 0.000000000000
58.6 0.000000000000 0.000000000000 0.000000000000 0.000000000000 0.000000000000 0.000000000000 0.000000000000
58.7 -0.069117315669 -0.135033020447 0.805382589584 0.748776149099 -0.602127863963 -0.262114515977 -0.089845948680
58.8 -0.065687650547 -0.127108256019 0.769736372705 0.745344323120 -0.598563917509 -0.287381492320 -0.059957939596
58.9 -0.078249268051 -0.127133778051 0.811744752801 -0.760218792019 0.635444263112 0.107619714672 0.081828929802
59.0 -0.079700206914 -0.127979093882 0.808904591413 -0.756241460180 0.636314318554 0.109892072542 0.105483052190
59.1 -0.078120184968 -0.132948647300 0.816738833968 -0.760210713409 0.627333397717 0.138348174775 0.096913682541
59.2 0.000000000000 0.000000000000 0.000000000000 0.000000000000 0.000000000000 0.000000000000 0.000000000000
59.3 0.000000000000 0.000000000000 0.000000000000 0.000000000000 0.000000000000 0.000000000000 0.000000000000
59.4 0.000000000000 0.000000000000 0.000000000000 0.000000000000 0.000000000000 0.000000000000 0.000000000000
59.5 0.000000000000 0.000000000000 0.000000000000 0.000000000000 0.000000000000 0.000000000000 0.000000000000
59.6 0.000000000000 0.000000000000 0.000000000000 0.000000000000 0.000000000000 0.000000000000 0.000000000000
59.7 0.000000000000 0.000000000000 0.000000000000 0.000000000000 0.000000000000 0.000000000000 0.000000000000
59.8 0.000000000000 0.000000000000 0.000000000000 0.000000000000 0.000000000000 0.000000000000 0.000000000000
59.9 0.000000000000 0.000000000000 0.000000000000 0.000000000000 0.000000000000 0.000000000000 0.000000000000
60.0 0.000000000000 0.000000000000 0.000000000000 0.000000000000 0.000000000000 0.000000000000 0.000000000000
60.1 -0.046793641932 -0.148141728904 0.851367048176 -0.757147055500 0.611008828345 0.159468873182 0.167231057278
60.2 -0.051797541392 -0.140789489318 0.835697266913 -0.750307697326 0.646660370015 0.099075176130 0.095146385430
60.3 0.000000000000 0.000000000000 0.000000000000 0.000000000000 0.000000000000 0.000000000000 0.000000000000
60.4 0.000000000000 0.000000000000 0.000000000000 0.000000000000 0.000000000000 0.000000000000 0.000000000000
60.5 0.000000000000 0.000000000000 0.000000000000 0.000000000000 0.000000000000 0.000000000000 0.000000000000
60.6 0.000000000000 0.000000000000 0.000000000000 0.000000000000 0.000000000000 0.000000000000 0.000000000000
60.7 0.000000000000 0.000000000000 0.000000000000 0.000000000000 0.000000000000 0.000000000000 0.000000000000
60.8 0.000000000000 0.000000000000 0.000000000000 0.000000000000 0.000000000000 0.000000000000 0.000000000000
60.9 0.000000000000 0.000000000000 0.000000000000 0.000000000000 0.000000000000 0.000000000000 0.000000000000
61.0 -0.096233351565 -0.141438531855 0.813248297959 -0.740033741963 0.647258745535 0.147097584604 0.108482614681
61.1 -0.091312835502 -0.141250326600 0.766728128822 -0.734729807026 0.622646753414 0.236016810794 0.129534536529
61.2 -0.095267857499 -0.139504751619 0.797485610409 -0.705045788811 0.662223063662 0.164987664121 0.192743664803
61.3 0.000000000000 0.000000000000 0.000000000000 0.000000000000 0.000000000000 0.000000000000 0.000000000000
61.4 0.000000000000 0.000000000000 0.000000000000 0.000000000000 0.000000000000 0.000000000000 0.000000000000
61.5 0.000000000000 0.000000000000 0.000000000000 0.000000000000 0.000000000000 0.000000000000 0.000000000000
61.6 0.000000000000 0.000000000000 0.000000000000 0.000000000000 0.000000000000 0.000000000000 0.000000000000
61.7 0.000000000000 0.000000000000 0.000000000000 0.000000000000 0.000000000000 0.000000000000 0.000000000000
61.8 0.000000000000 0.000000000000 0.000000000000 0.000000000000 0.000000000000 0.000000000000 0.000000000000
61.9 0.000000000000 0.000000000000 0.000000000000 0.000000000000 0.000000000000 0.000000000000 0.000000000000
62.0 0.000000000000 0.000000000000 0.000000000000 0.000000000000 0.000000000000 0.000000000000 0.000000000000
62.1 0.000000000000 0.000000000000 0.000000000000 0.000000000000 0.000000000000 0.000000000000 0.000000000000
62.2 0.000000000000 0.000000000000 0.000000000000 0.000000000000 0.000000000000 0.000000000000 0.000000000000
62.3 0.000000000000 0.000000000000 0.000000000000 0.000000000000 0.000000000000 0.000000000000 0.000000000000
62.4 0.000000000000 0.000000000000 0.000000000000 0.000000000000 0.000000000000 0.000000000000 0.000000000000
62.5 0.000000000000 0.000000000000 0.000000000000 0.000000000000 0.000000000000 0.000000000000 0.000000000000
62.6 0.000000000000 0.000000000000 0.000000000000 0.000000000000 0.000000000000 0.000000000000 0.000000000000
62.7 -0.049087913770 -0.139370420639 0.794670940334 -0.707695185329 0.659487636161 0.219606584368 0.126556432137
62.8 -0.048944455999 -0.141451734919 0.800733774055 -0.715224873496 0.650302637106 0.202562710890 0.156614841767
62.9 0.000000000000 0.000000000000 0.000000000000 0.000000000000 0.000000000000 0.000000000000 0.000000000000
63.0 0.000000000000 0.000000000000 0.000000000000 0.000000000000 0.000000000000 0.000000000000 0.000000000000
63.1 0.000000000000 0.000000000000 0.000000000000 0.000000000000 0.000000000000 0.000000000000 0.000000000000
63.2 0.000000000000 0.000000000000 0.000000000000 0.000000000000 0.000000000000 0.000000000000 0.000000000000
63.3 0.000000000000 0.000000000000 0.000000000000 0.000000000000 0.000000000000 0.000000000000 0.000000000000
63.4 0.118858008923 -0.088074044423 0.765326929313 -0.099823730763 -0.063155753187 -0.692460718403 0.711719556486
63.5 0.115263114841 -0.084053218909 0.774713688427 -0.093589111975 -0.037298502866 -0.675790484649 0.730176088804
63.6 0.114256682269 -0.085089612880 0.772644478519 -0.110876648803 -0.044979092876 -0.672596495203 0.730272007265
63.7 0.117461596942 -0.086074201483 0.774797155988 -0.093696546533 -0.048656353338 -0.684120193566 0.721687659035
63.8 -0.058652503164 -0.091876616044 0.750512644475 -0.708265374571 0.655141179070 0.198094403669 0.172941614150
63.9 0.119795895969 -0.077535095822 0.739137434764 -0.099598071381 -0.048748994754 -0.678233246029 0.726431981447
64.0 -0.050315738527 -0.095526384730 0.834843945746 -0.713287035778 0.675417446075 0.130075176828 0.134585758910
64.1 0.128580184538 -0.086539536917 0.787553153456 -0.108515952930 -0.067800201208 -0.686615999786 0.715671635258
64.2 0.131923303601 -0.090762611634 0.813207624761 -0.131868314571 -0.045698555766 -0.677913453314 0.721772636935
64.3 -0.047516367691 -0.087904203438 0.749514213139 -0.700635256066 0.654819299335 0.196376660972 0.204348061407
64.4 -0.044837951417 -0.088126094863 0.758740429055 -0.700262868025 0.655133201953 0.205167896356 0.195802292296
64.5 0.000000000000 0.000000000000 0.000000000000 0.000000000000 0.000000000000 0.000000000000 0.000000000000
64.6 0.000000000000 0.000000000000 0.000000000000 0.000000000000 0.000000000000 0.000000000000 0.000000000000
64.7 0.000000000000 0.000000000000 0.000000000000 0.000000000000 0.000000000000 0.000000000000 0.000000000000
64.8 -0.040618916897 -0.071460608559 0.763907291655 -0.697542940358 0.669018568792 0.176391589460 0.186370620367
64.9 0.000000000000 0.000000000000 0.000000000000 0.000000000000 0.000000000000 0.000000000000 0.000000000000
65.0 0.000000000000 0.000000000000 0.000000000000 0.000000000000 0.000000000000 0.000000000000 0.000000000000
65.1 -0.049474842650 -0.087404110443 0.810048522629 -0.696726651318 0.651078167478 0.211897790779 0.213935783450
65.2 -0.050927908895 -0.084188318987 0.783346289484 -0.679358869931 0.665288021119 0.208541930511 0.228852874181
65.3 0.000000000000 0.000000000000 0.000000000000 0.000000000000 0.000000000000 0.000000000000 0.000000000000
65.4 -0.044413166994 -0.080449484711 0.806824673261 -0.709695442728 0.674276036189 0.132661355453 0.155193976563
65.5 0.136069137674 -0.077539389271 0.777751098998 -0.154506861247 -0.059157759400 -0.677782676058 0.716406751340
65.6 0.138319067228 -0.078701240070 0.794581930740 -0.165725202215 -0.056668593148 -0.671545537594 0.719965567815
65.7 0.142479717304 -0.085943954365 0.804997793422 -0.162165513469 -0.086838286143 -0.670498341708 0.718744344025
65.8 -0.038522763108 -0.090165125990 0.760402174208 -0.697993261211 0.644683111672 0.221045830719 0.219835924160
65.9 -0.040102384043 -0.090645938717 0.745106361783 -0.711080968712 0.637884766116 0.211778343237 0.206438403473
66.0 0.134268857398 -0.078846236041 0.756801187050 -0.143388257483 -0.062539554120 -0.658766821065 0.735904129116
66.1 0.130453364016 -0.079456442084 0.766782211367 -0.137127072643 -0.059279853994 -0.646690863461 0.747979272423
66.2 0.131103021150 -0.085940683412 0.782565163127 -0.145743988278 -0.082959503643 -0.654982723224 0.736799866256
66.3 0.131726984371 -0.085347318081 0.771389312231 -0.142990741308 -0.084614327901 -0.656130883553 0.736129286920
66.4 0.000000000000 0.000000000000 0.000000000000 0.000000000000 0.000000000000 0.000000000000 0.000000000000
66.5 -0.029845993313 -0.106148380103 0.844268068451 -0.727116715683 0.660817399892 0.128286807717 0.134774406846
66.6 0.096445421457 0.010258489354 0.152663123869 0.190601432281 0.276518190124 -0.619537443473 0.709494285162
66.7 -0.029009196161 -0.092146508028 0.739947338391 -0.697706291955 0.645336413956 0.227566017388 0.212039031120
66.8 -0.028455730372 -0.092127284295 0.741471211971 -0.706851046148 0.639725300912 0.221572093528 0.204985231913
66.9 0.000000000000 0.000000000000 0.000000000000 0.000000000000 0.000000000000 0.000000000000 0.000000000000
67.0 0.000000000000 0.000000000000 0.000000000000 0.000000000000 0.000000000000 0.000000000000 0.000000000000
67.1 0.000000000000 0.000000000000 0.000000000000 0.000000000000 0.000000000000 0.000000000000 0.000000000000
67.2 0.000000000000 0.000000000000 0.000000000000 0.000000000000 0.000000000000 0.000000000000 0.000000000000
67.3 -0.053727569387 -0.096437869617 0.726110087538 -0.703351336039 0.628933654993 0.236288670956 0.232178852799
67.4 0.000000000000 0.000000000000 0.000000000000 0.000000000000 0.000000000000 0.000000000000 0.000000000000
67.5 -0.058915206529 -0.093838009286 0.714641147313 -0.699465127303 0.648607024439 0.202505299980 0.221470239569
67.6 0.120840597215 -0.101632227448 0.818449102440 -0.196873795879 -0.121519668872 -0.653798239288 0.720431496311
67.7 0.114527842751 -0.077539779541 0.725422477488 -0.159449238455 -0.099395005413 -0.643570459427 0.741966061898
67.8 0.114004712380 -0.073948603787 0.706647354045 -0.163065218678 -0.106167485298 -0.639044398764 0.744150828751
67.9 -0.059436726444 -0.095494297248 0.751303182899 -0.715359600241 0.645438131233 0.198432916190 0.179707091861
68.0 0.112659222327 -0.070762453027 0.701852259807 -0.152140809470 -0.085612481033 -0.640396146837 0.747941476521
68.1 0.115092250153 -0.076459801645 0.720803340689 -0.174760674238 -0.107542012564 -0.637018276220 0.743035085332
68.2 0.000000000000 0.000000000000 0.000000000000 0.000000000000 0.000000000000 0.000000000000 0.000000000000
68.3 0.000000000000 0.000000000000 0.000000000000 0.000000000000 0.000000000000 0.000000000000 0.000000000000
68.4 0.000000000000 0.000000000000 0.000000000000 0.000000000000 0.000000000000 0.000000000000 0.000000000000
68.5 -0.066840721461 -0.091034190020 0.672237061525 -0.711360015401 0.622188240213 0.222002631965 0.239924058047
68.6 0.112959074709 -0.078747554137 0.703601135254 -0.159223840559 -0.099631705954 -0.642623297525 0.742803196846
68.7 0.000000000000 0.000000000000 0.000000000000 0.000000000000 0.000000000000 0.000000000000 0.000000000000
68.8 0.120229014317 -0.097400245870 0.748911720190 -0.189771021489 -0.131450045297 -0.630622069137 0.740961301899
68.9 -0.057580536736 -0.103253670430 0.673638365653 -0.698210038238 0.607774726211 0.264326314122 0.270636701771
69.0 0.000000000000 0.000000000000 0.000000000000 0.000000000000 0.000000000000 0.000000000000 0.000000000000
69.1 0.000000000000 0.000000000000 0.000000000000 0.000000000000 0.000000000000 0.000000000000 0.000000000000
69.2 0.109734830565 -0.104790306036 0.835198675886 -0.126978521107 -0.048319376960 -0.643767359914 0.753063927763
69.3 0.104992295074 -0.085137064923 0.710771052593 -0.149508622174 -0.110236349026 -0.629336700790 0.754606146468
69.4 0.000000000000 0.000000000000 0.000000000000 0.000000000000 0.000000000000 0.000000000000 0.000000000000
69.5 0.000000000000 0.000000000000 0.000000000000 0.000000000000 0.000000000000 0.000000000000 0.000000000000
69.6 0.000000000000 0.000000000000 0.000000000000 0.000000000000 0.000000000000 0.000000000000 0.000000000000
69.7 0.000000000000 0.000000000000 0.000000000000 0.000000000000 0.000000000000 0.000000000000 0.000000000000
69.8 -0.018364351276 -0.163553641595 0.858173693564 -0.751488509876 0.576521207907 0.244637534367 0.207462751201
69.9 0.000000000000 0.000000000000 0.000000000000 0.000000000000 0.000000000000 0.000000000000 0.000000000000
70.0 0.000000000000 0.000000000000 0.000000000000 0.000000000000 0.000000000000 0.000000000000 0.000000000000
70.1 0.000000000000 0.000000000000 0.000000000000 0.000000000000 0.000000000000 0.000000000000 0.000000000000
70.2 0.000000000000 0.000000000000 0.000000000000 0.000000000000 0.000000000000 0.000000000000 0.000000000000
70.3 0.000000000000 0.000000000000 0.000000000000 0.000000000000 0.000000000000 0.000000000000 0.000000000000
70.4 0.000000000000 0.000000000000 0.000000000000 0.000000000000 0.000000000000 0.000000000000 0.000000000000
70.5 0.133656975780 -0.071453570529 0.693759799526 -0.256573532008 -0.165208400960 -0.575017904072 0.759098555474
70.6 0.136731200035 -0.065422553015 0.694324225000 -0.239410739166 -0.196643821564 -0.570811282529 0.760386865451
70.7 -0.032068730497 -0.103801784009 0.768672993269 -0.751609936733 0.578143669733 0.232900665872 0.215846426860
70.8 -0.021325081925 -0.122658590526 0.943647691425 -0.787796708345 0.579191302171 0.163519394782 0.131054146597
70.9 0.000000000000 0.000000000000 0.000000000000 0.000000000000 0.000000000000 0.000000000000 0.000000000000
71.0 -0.044447513480 -0.092281388709 0.673878628010 -0.717410925597 0.557503713953 0.294170662361 0.296605452021
71.1 0.000000000000 0.000000000000 0.000000000000 0.000000000000 0.000000000000 0.000000000000 0.000000000000
71.2 0.000000000000 0.000000000000 0.000000000000 0.000000000000 0.000000000000 0.000000000000 0.000000000000
71.3 0.000000000000 0.000000000000 0.000000000000 0.000000000000 0.000000000000 0.000000000000 0.000000000000
71.4 0.000000000000 0.000000000000 0.000000000000 0.000000000000 0.000000000000 0.000000000000 0.000000000000
71.5 0.000000000000 0.000000000000 0.000000000000 0.000000000000 0.000000000000 0.000000000000 0.000000000000
71.6 -0.038417186934 -0.084345365961 0.741060629461 -0.734828241294 0.549073255322 0.301829239875 0.259701994687
71.7 -0.036884080318 -0.089129797396 0.779226037551 -0.747982373991 0.546633238267 0.283581744105 0.247580018238
71.8 0.000000000000 0.000000000000 0.000000000000 0.000000000000 0.000000000000 0.000000000000 0.000000000000
71.9 -0.036648797881 -0.081889006766 0.804689859644 -0.753705332244 0.556738333499 0.264620726524 0.227917904636
72.0 -0.041389433446 -0.073238439264 0.729351040835 -0.706480288200 0.564800668129 0.329792263958 0.270412407813
72.1 -0.042290005589 -0.074425284813 0.699980692161 -0.715472056347 0.542705764069 0.331294729474 0.289506463581
72.2 -0.043319766601 -0.071691539198 0.704200638508 -0.725525500179 0.569036069129 0.278447500587 0.268845104171
72.3 -0.037428435393 -0.076324073175 0.790892055500 -0.758969215401 0.547260130222 0.270619394995 0.226356407012
72.4 0.129712399745 -0.026085239292 0.702507275119 -0.260511344989 -0.246821440603 -0.544753456367 0.757929209997
72.5 -0.041289190579 -0.068442547015 0.682563225812 -0.709457316070 0.538578465350 0.351854516625 0.287753284023
72.6 -0.033751288469 -0.075161639270 0.800984258677 -0.750614743040 0.549892238027 0.280180233930 0.235998030931
72.7 0.000000000000 0.000000000000 0.000000000000 0.000000000000 0.000000000000 0.000000000000 0.000000000000
72.8 0.000000000000 0.000000000000 0.000000000000 0.000000000000 0.000000000000 0.000000000000 0.000000000000
72.9 0.000000000000 0.000000000000 0.000000000000 0.000000000000 0.000000000000 0.000000000000 0.000000000000
73.0 -0.036657785450 -0.095126891808 0.689211358251 -0.717123653670 0.521875983918 0.359589857277 0.289955612637
73.1 0.000000000000 0.000000000000 0.000000000000 0.000000000000 0.000000000000 0.000000000000 0.000000000000
73.2 -0.015254676462 -0.117633359375 0.950085007451 -0.847415658055 0.515309706973 -0.112106735223 0.061438492003
73.3 0.000000000000 0.000000000000 0.000000000000 0.000000000000 0.000000000000 0.000000000000 0.000000000000
73.4 0.000000000000 0.000000000000 0.000000000000 0.000000000000 0.000000000000 0.000000000000 0.000000000000
73.5 0.000000000000 0.000000000000 0.000000000000 0.000000000000 0.000000000000 0.000000000000 0.000000000000
73.6 0.000000000000 0.000000000000 0.000000000000 0.000000000000 0.000000000000 0.000000000000 0.000000000000
73.7 0.000000000000 0.000000000000 0.000000000000 0.000000000000 0.000000000000 0.000000000000 0.000000000000
73.8 0.000000000000 0.000000000000 0.000000000000 0.000000000000 0.000000000000 0.000000000000 0.000000000000
73.9 -0.001228980456 -0.132773175633 0.875654278891 -0.778349958195 0.522707978847 0.269603796355 0.219685011819
74.0 -0.016837675808 -0.115002070119 0.694822171075 -0.723557845385 0.499983204270 0.374440610475 0.293726180410
74.1 -0.013354305229 -0.114397359323 0.697202493278 -0.730212984218 0.494813693593 0.376726208624 0.282888264246
74.2 -0.017340538440 -0.109845243851 0.669133679972 -0.711391059983 0.500844174743 0.386656254383 0.305900005474
74.3 0.000000000000 0.000000000000 0.000000000000 0.000000000000 0.000000000000 0.000000000000 0.000000000000
74.4 0.000000000000 0.000000000000 0.000000000000 0.000000000000 0.000000000000 0.000000000000 0.000000000000
74.5 0.000000000000 0.000000000000 0.000000000000 0.000000000000 0.000000000000 0.000000000000 0.000000000000
74.6 -0.021601652983 -0.101745031149 0.664196023331 -0.716193074729 0.497725489897 0.379900423566 0.308240952164
74.7 0.000000000000 0.000000000000 0.000000000000 0.000000000000 0.000000000000 0.000000000000 0.000000000000
74.8 0.000000000000 0.000000000000 0.000000000000 0.000000000000 0.000000000000 0.000000000000 0.000000000000
74.9 0.000000000000 0.000000000000 0.000000000000 0.000000000000 0.000000000000 0.000000000000 0.000000000000
75.0 0.000000000000 0.000000000000 0.000000000000 0.000000000000 0.000000000000 0.000000000000 0.000000000000
75.1 0.000000000000 0.000000000000 0.000000000000 0.000000000000 0.000000000000 0.000000000000 0.000000000000
75.2 0.000000000000 0.000000000000 0.000000000000 0.000000000000 0.000000000000 0.000000000000 0.000000000000
75.3 0.000000000000 0.000000000000 0.000000000000 0.000000000000 0.000000000000 0.000000000000 0.000000000000
75.4 0.000000000000 0.000000000000 0.000000000000 0.000000000000 0.000000000000 0.000000000000 0.000000000000
75.5 0.154727261785 -0.050975127432 0.714787546463 -0.253094808514 -0.226263933220 -0.486462068326 0.805048015032
75.6 0.000000000000 0.000000000000 0.000000000000 0.000000000000 0.000000000000 0.000000000000 0.000000000000
75.7 0.000000000000 0.000000000000 0.000000000000 0.000000000000 0.000000000000 0.000000000000 0.000000000000
75.8 0.000000000000 0.000000000000 0.000000000000 0.000000000000 0.000000000000 0.000000000000 0.000000000000
75.9 0.151828864771 -0.036073088362 0.719139343198 -0.193221402163 -0.165110747469 -0.479454750290 0.839956590093
76.0 0.000000000000 0.000000000000 0.000000000000 0.000000000000 0.000000000000 0.000000000000 0.000000000000
76.1 -0.015555491803 -0.109347792238 0.657806046090 -0.714299886567 0.485199436936 0.356554158222 0.356687973868
76.2 0.000000000000 0.000000000000 0.000000000000 0.000000000000 0.000000000000 0.000000000000 0.000000000000
76.3 0.000000000000 0.000000000000 0.000000000000 0.000000000000 0.000000000000 0.000000000000 0.000000000000
76.4 0.000000000000 0.000000000000 0.000000000000 0.000000000000 0.000000000000 0.000000000000 0.000000000000
76.5 0.000000000000 0.000000000000 0.000000000000 0.000000000000 0.000000000000 0.000000000000 0.000000000000
76.6 0.000000000000 0.000000000000 0.000000000000 0.000000000000 0.000000000000 0.000000000000 0.000000000000
76.7 -0.017239844936 -0.122051263764 0.689652768313 -0.722841428002 0.482237034076 0.347621373645 0.352288366986
76.8 -0.019365225502 -0.123878925916 0.675986612597 -0.718097473109 0.476563502487 0.363354097221 0.353831947746
76.9 0.000000000000 0.000000000000 0.000000000000 0.000000000000 0.000000000000 0.000000000000 0.000000000000
77.0 0.000000000000 0.000000000000 0.000000000000 0.000000000000 0.000000000000 0.000000000000 0.000000000000
77.1 0.000000000000 0.000000000000 0.000000000000 0.000000000000 0.000000000000 0.000000000000 0.000000000000
77.2 0.000000000000 0.000000000000 0.000000000000 0.000000000000 0.000000000000 0.000000000000 0.000000000000
77.3 0.141320200348 -0.062123931311 0.754927087657 -0.262148877189 -0.185268422707 -0.490560639593 0.810125815302
77.4 0.000000000000 0.000000000000 0.000000000000 0.000000000000 0.000000000000 0.000000000000 0.000000000000
77.5 0.000000000000 0.000000000000 0.000000000000 0.000000000000 0.000000000000 0.000000000000 0.000000000000
77.6 0.000000000000 0.000000000000 0.000000000000 0.000000000000 0.000000000000 0.000000000000 0.000000000000
77.7 0.000000000000 0.000000000000 0.000000000000 0.000000000000 0.000000000000 0.000000000000 0.000000000000
