0.0 -0.039263966265 0.011933647857 0.916580766701 0.086426017534 0.901193118680 0.350134833803 0.240389484994
0.1 -0.037892695541 0.016326181333 0.904957411900 0.068756152990 0.896552733964 0.328387930851 0.289183598289
0.2 -0.042177126695 0.019882673041 0.947031650177 0.089184246855 0.906825110279 0.347749891176 0.220871914618
0.3 -0.040080879339 0.014150208532 0.890450480897 0.074425330661 0.891630125744 0.378361033533 0.237275193237
0.4 -0.042703874911 0.014943268320 0.968847989909 0.041855100691 0.899217053562 0.365569793702 0.236676080459
0.5 -0.044010154861 0.023849897761 0.898495763480 0.076006156378 0.899247366506 0.338714386087 0.266176262434
0.6 -0.048077245427 0.021500437877 0.890049703364 0.075213923823 0.903682977337 0.342553015054 0.245677377902
0.7 -0.043001362823 0.022206138670 0.871383730544 0.071244885572 0.893711240832 0.357553560439 0.261457139333
0.8 -0.045324444586 0.025320303797 0.907286624837 0.049373750767 0.901418704793 0.362269135065 0.231878470677
0.9 -0.046293267872 0.026998212748 0.887677134161 0.067513591556 0.897504789157 0.349966826803 0.259711933751
1.0 -0.045891380633 0.023175978171 0.930970592479 0.075043547072 0.890335426660 0.411042513403 0.180873840707
1.1 -0.054350448075 0.025596404288 0.914675715082 0.080147208275 0.882193250130 0.412363525964 0.212762348373
1.2 -0.060610580255 0.035799508103 0.951041838312 0.048124825726 0.913917479489 0.351247079270 0.197646986156
1.3 -0.067220131977 0.034070159311 0.928598947940 0.036836085559 0.901720324790 0.357932777095 0.239640743075
1.4 0.000000000000 0.000000000000 0.000000000000 0.000000000000 0.000000000000 0.000000000000 0.000000000000
1.5 -0.072901902234 0.037054401920 0.900461038193 0.047751692963 0.904660831401 0.326628301521 0.269485637083
1.6 -0.079912140162 0.037438202629 0.986193391360 0.063813536606 0.903816005616 0.352644188556 0.233851527291
1.7 -0.077233575908 0.027560588601 0.864836816300 -0.008998185336 -0.873353266578 -0.398143961429 -0.280454078944
1.8 -0.081746361176 0.042463034594 0.883385229261 0.075184164665 0.910581790303 0.305511004036 0.268050687306
1.9 -0.080495665270 0.038546491967 0.898975826925 0.056610066732 0.903171497811 0.350968056822 0.240619967951
2.0 -0.084703618507 0.042044874554 0.975894582959 0.056151364812 0.909022357402 0.350273533069 0.218709464827
2.1 -0.080692572544 0.039948965834 0.906685163707 0.047904555094 0.894655700855 0.349131454860 0.274597082569
2.2 -0.074295692293 0.037956639792 0.866886228472 0.040520288694 0.881146188720 0.365947595495 0.296684778275
2.3 -0.070326674086 0.042418359237 0.915286837461 0.058476074667 0.916964688088 0.327704590735 0.219922738030
2.4 -0.073797881712 0.044764361432 0.917045248634 0.058272703000 0.900715428381 0.365667531865 0.227163521063
2.5 -0.074678291997 0.046484014432 0.959169138066 0.046205554606 0.900382222694 0.357967727188 0.242973262054
2.6 -0.067533057727 0.038754483358 0.875719625309 0.066802618094 0.899370294607 0.382297589911 0.201293408096
2.7 -0.072280464160 0.040470071480 0.916043630575 0.049802672522 0.914317540008 0.360578913262 0.177555560755
2.8 -0.081086159629 0.042406287987 0.926695468855 0.050268993577 0.897195578823 0.351218500051 0.262980392517
2.9 -0.079883857923 0.042556630988 0.876319729183 0.060260891752 0.901358417621 0.361406418177 0.230883149686
3.0 -0.084193162849 0.045136615444 0.911300328373 0.039119729413 0.922614321853 0.319897008181 0.211939529204
3.1 -0.084004416651 0.042642344885 0.894723421043 0.051378724676 0.901732336520 0.342722158847 0.258419313832
3.2 -0.085984768401 0.042487359699 0.912074773358 0.038007200191 0.910230192035 0.333175028609 0.242962652590
3.3 -0.090954518249 0.041918029388 0.940878960220 0.028687457275 0.902444113763 0.367489991038 0.222986003632
3.4 -0.089166349762 0.042566947970 0.907906414569 0.044532286587 0.908942358054 0.349874253686 0.222325598601
3.5 -0.093322062636 0.040596064458 0.926276384393 0.046667310383 0.901308973667 0.326351951179 0.280995907604
3.6 -0.085863574446 0.041291872299 0.849589107355 0.068716887190 0.906109206556 0.308270874418 0.281448331305
3.7 -0.093463754323 0.038411189241 0.906094069185 0.041398207533 0.896398265488 0.372069269154 0.237320030750
3.8 -0.094366198181 0.044851621665 0.899266443017 0.040250257139 0.901613845954 0.352852337376 0.246916215736
3.9 -0.095276171440 0.044660484100 0.882104712469 0.007911933643 0.911960049340 0.315292062125 0.262406526739
4.0 -0.097329666505 0.047396345805 0.954336258354 0.038338267981 0.919804864364 0.307368554147 0.240860458819
4.1 -0.101550406846 0.049054614827 0.965271281333 0.032506350683 0.917800772320 0.301065988249 0.256796320484
4.2 -0.095426156526 0.039201658767 0.894869778069 0.026319939438 0.901207881234 0.353705706900 0.249045956593
4.3 -0.099093508408 0.042916449479 0.947000178788 0.044266805916 0.893894674208 0.360974673345 0.262087860307
4.4 -0.100574170506 0.044316044519 0.967251119394 0.034762423997 0.899580103541 0.358998889521 0.246306736640
4.5 -0.092519844986 0.034434191777 0.871184934090 0.012253885861 0.876853227204 0.411577095594 0.248158325683
4.6 0.000000000000 0.000000000000 0.000000000000 0.000000000000 0.000000000000 0.000000000000 0.000000000000
4.7 -0.101604083281 0.044092718218 0.862993228521 0.034761809784 0.906317541991 0.290323955052 0.305110030618
4.8 -0.097734228262 0.042959536017 0.845824592869 0.030051666503 0.902726363007 0.322205811990 0.283487963754
4.9 -0.112589916364 0.043744674294 0.979714125432 0.012282854921 0.910658765288 0.326818454091 0.252466716112
5.0 -0.111689238187 0.038022418518 0.985252927279 -0.014897483949 0.896584089176 0.401619943390 0.186054984021
5.1 -0.111998460437 0.049528793726 0.912364693481 0.031650844075 0.910803207657 0.344926995177 0.224635502511
5.2 -0.113862414818 0.050446765204 0.917564400618 0.018758459246 0.908090188310 0.315305110821 0.274960028352
5.3 -0.114727088374 0.044168618071 0.904489976822 -0.003753831307 0.882535801390 0.402967240045 0.242350719962
5.4 -0.116347174880 0.054326525703 0.879763930972 -0.003726191879 0.905447379962 0.342346290668 0.250898734315
5.5 -0.120232143361 0.055760871946 0.896423943281 0.006274915976 0.902749949426 0.354941314701 0.242939945993
5.6 -0.123866382284 0.053262874816 0.910147373561 0.002933053279 0.907142192732 0.347016268092 0.238042326158
5.7 0.000000000000 0.000000000000 0.000000000000 0.000000000000 0.000000000000 0.000000000000 0.000000000000
5.8 -0.118135372667 0.052872458873 0.838676561043 -0.011593934390 0.897448771358 0.369623719244 0.240477836079
5.9 -0.124641196266 0.051746059661 0.930116866728 -0.010962471242 0.893227845683 0.374242281408 0.248930823177
6.0 0.000000000000 0.000000000000 0.000000000000 0.000000000000 0.000000000000 0.000000000000 0.000000000000
6.1 -0.117261592258 0.053821159527 0.934014139176 -0.001104519257 0.904996572835 0.351434384230 0.239737057574
6.2 -0.117284204514 0.055639606235 0.924831418377 -0.006000640712 0.913871310823 0.322220054385 0.246936137732
6.3 0.000000000000 0.000000000000 0.000000000000 0.000000000000 0.000000000000 0.000000000000 0.000000000000
6.4 -0.102247901698 0.054202476326 0.902878819537 0.022043551658 0.908831446030 0.358213063096 0.212656732708
6.5 -0.112065687714 0.057627193819 0.952496833416 0.022774277448 0.904498289458 0.352994888036 0.238241024333
6.6 -0.105343119731 0.054310874139 0.916430401128 -0.010703444502 0.920182288183 0.332455589689 0.206454047370
6.7 -0.107511417704 0.055604304086 0.909530977484 0.010360858524 0.902043175200 0.354448736084 0.246123660329
6.8 -0.101343957411 0.050749257263 0.901092455208 0.010104178308 0.903419244943 0.372809822228 0.211528744852
6.9 -0.097684858463 0.051706812662 0.833735355359 0.013311934403 0.900003218898 0.361776786150 0.242764403031
7.0 -0.105833096895 0.056939442069 0.913680603944 0.010599171346 0.903796442617 0.356614591649 0.236359220051
7.1 -0.100520952906 0.057835562022 0.872237369153 0.022363884665 0.902473053319 0.319974217028 0.287504339329
7.2 0.000000000000 0.000000000000 0.000000000000 0.000000000000 0.000000000000 0.000000000000 0.000000000000
7.3 0.000000000000 0.000000000000 0.000000000000 0.000000000000 0.000000000000 0.000000000000 0.000000000000
7.4 -0.101692093810 0.054313907490 0.840477650476 -0.030756300735 0.894351134388 0.371434936090 0.247439258478
7.5 -0.104312190200 0.053632288576 0.883003108558 -0.017642762240 0.904963383334 0.372074827479 0.205646129362
7.6 -0.108809240447 0.056771974983 0.888900858269 0.006787419194 0.906647567764 0.337394977781 0.253197053255
7.7 -0.104089063463 0.052811530125 0.890593418475 0.001095143967 0.903061050190 0.369370184370 0.219192169542
7.8 -0.105509719943 0.050561657230 0.912588714731 -0.001940207643 0.883757796162 0.410510932214 0.224608922019
7.9 -0.109026721204 0.057436152043 0.927762706523 0.008736353411 0.928961993780 0.307379764037 0.206084863352
8.0 -0.106843853179 0.052000067219 0.931962281733 -0.014731863127 0.926390130769 0.311541934327 0.211011660765
8.1 -0.106727060171 0.053967047068 0.910748064920 -0.019346856091 0.921880824215 0.326332230812 0.208011346413
8.2 -0.103323152730 0.048471222651 0.905600814740 0.023759022703 0.911106620964 0.369275106593 0.181538232136
8.3 -0.103290353673 0.053646399048 0.901148952849 0.022587540690 0.910156524061 0.347079972648 0.225034213622
8.4 -0.105890620893 0.055576882826 0.894028011121 0.024127639700 0.903378568761 0.359749642540 0.232174962471
8.5 -0.103397866036 0.051980555901 0.902538770358 0.009582857083 0.922843082946 0.319867837363 0.214367394277
8.6 -0.103166477727 0.048634646751 0.873359243374 0.010788352923 0.903875992714 0.354608825421 0.239048911669
8.7 -0.097334986610 0.047928386003 0.901956054287 0.016859580331 0.910819536640 0.360104469434 0.201117620609
8.8 -0.096783873469 0.040773645829 0.841772073156 -0.011118730558 0.866105691454 0.440183474630 0.236592082973
8.9 -0.115589079250 0.050273779118 1.027855881869 -0.263409763724 -0.819278423786 -0.085735713664 0.502043372724
9.0 -0.137322233606 0.053430590574 1.087886195326 -0.172026094713 -0.934077825142 -0.177234562862 0.257863430991
9.1 -0.098874323659 0.044078919014 0.899193495221 -0.031152997335 0.915476933385 0.350717049794 0.194753757808
9.2 -0.095435909923 0.043381692293 0.905024359199 0.012044521852 0.918313724411 0.338294895379 0.205210615737
9.3 0.000000000000 0.000000000000 0.000000000000 0.000000000000 0.000000000000 0.000000000000 0.000000000000
9.4 -0.085679916784 0.035292423595 0.914037097761 0.026724465952 -0.886084702165 -0.397628337838 -0.236709544498
9.5 0.000000000000 0.000000000000 0.000000000000 0.000000000000 0.000000000000 0.000000000000 0.000000000000
9.6 -0.085365318170 0.031579380243 0.925074211093 -0.030247139101 0.904581287723 0.377037512589 0.196622782449
9.7 -0.075848382502 0.028868911634 0.927044827507 0.014889519263 0.911456702207 0.360956016243 0.196813964333
9.8 -0.077713832711 0.028343012981 0.923734607687 -0.012968612585 0.904485490706 0.382172957498 0.188895851590
9.9 -0.076215882671 0.026988528899 0.904465272739 0.035957393460 -0.909682009339 -0.345694399895 -0.227334752341
10.0 -0.077099271708 0.028400278133 0.952684861325 -0.006021728195 0.916785927205 0.359210368950 0.174456909600
10.1 -0.076849155403 0.027466081955 0.906177362487 -0.021982837052 0.912873190829 0.348741792208 0.211088736573
10.2 -0.075924819177 0.026170702607 0.885605577058 0.007586843718 0.912024092673 0.363399313024 0.189987982462
10.3 -0.074624505065 0.030098114214 0.830776738682 -0.016300909921 0.908834763140 0.354134994330 0.219868277464
10.4 -0.081412204960 0.035621644771 0.908372069152 -0.013157678760 0.921378691315 0.322974965363 0.215813239699
10.5 -0.081285468445 0.035697073885 0.906747519593 -0.006552572584 0.918225944108 0.354962554615 0.175555587153
10.6 -0.083421696332 0.035665823967 0.911141053719 -0.037136935745 0.910775183146 0.352929630954 0.211068920883
10.7 -0.084583318904 0.035213173642 0.925396680950 -0.026781651165 0.918461053166 0.341972608946 0.196892792422
10.8 -0.081918183154 0.031891323591 0.895902128822 -0.009231747393 0.917276886395 0.355133629267 0.179994427385
10.9 -0.084033266572 0.035099531133 0.861084679018 -0.044809817875 0.912191587898 0.360115046673 0.190304336131
11.0 -0.083705972654 0.036035497694 0.877465036798 -0.023441739165 0.921435824518 0.336848141353 0.192197387666
11.1 -0.089862838751 0.039838073599 0.945449638477 -0.018698570380 0.916341182440 0.347907245678 0.197306232122
11.2 -0.094577267080 0.042681430142 0.966647253983 0.005524542110 0.913950479560 0.348525832671 0.207831047505
11.3 -0.089831812273 0.042074229357 0.921649561904 -0.001868543814 0.926345866682 0.310919148431 0.212624379985
11.4 -0.086432738149 0.033902038423 0.871227250557 -0.035208777271 0.916696831500 0.337044639302 0.211726645086
11.5 -0.092299636830 0.035948046818 0.928738740681 -0.030452201935 0.919960899032 0.333250391039 0.204178315505
11.6 -0.087052310262 0.030489279199 0.896599669322 -0.054359439620 0.910908343062 0.358313086606 0.197237861050
11.7 -0.091436218000 0.036170296309 0.949079069627 -0.013735650975 0.915556815794 0.334251310788 0.223255705824
11.8 -0.086744232116 0.031596460454 0.930932883219 -0.005862612383 0.910876163227 0.367562743225 0.187530996996
11.9 -0.079519915324 0.028929140693 0.894839986297 0.001737956641 0.912862815032 0.349737585102 0.210623080419
12.0 -0.078312743740 0.028170163274 0.895642488890 0.015423650640 0.920860632486 0.348440886394 0.174260595738
12.1 -0.073728137742 0.023432275465 0.836231837382 -0.048150490457 0.906245447341 0.360741795021 0.215095506155
12.2 -0.076629962400 0.027085244967 0.882579206137 -0.020547547322 0.931595977033 0.315909202289 0.178628412591
12.3 -0.079020218922 0.032765724356 0.895156139998 -0.008845608708 0.922222455876 0.333187114190 0.195994499979
12.4 -0.078623078435 0.029677138693 0.880650073415 -0.013261505893 0.918155228754 0.327168613436 0.223104923197
12.5 -0.077628592023 0.030890719005 0.847743501351 -0.025051319614 0.905881725605 0.343646865551 0.246287560381
12.6 -0.081291078477 0.036742201857 0.950461620701 -0.009859933420 0.918723386643 0.342412989532 0.196477645415
12.7 -0.082295189128 0.038177787517 0.937040889618 -0.039278393133 0.920481014310 0.327699655619 0.209248287532
12.8 -0.084914103314 0.041191623794 0.920087667016 0.036607242812 -0.920114977100 -0.332789242423 -0.203223174903
12.9 -0.072382914719 0.037875106018 0.823012873649 0.032957107283 -0.911203995099 -0.360262559272 -0.197058358823
13.0 0.000000000000 0.000000000000 0.000000000000 0.000000000000 0.000000000000 0.000000000000 0.000000000000
13.1 0.000000000000 0.000000000000 0.000000000000 0.000000000000 0.000000000000 0.000000000000 0.000000000000
13.2 -0.084199813075 0.046875170487 0.973251883177 -0.017032141414 0.921586035033 0.319221173250 0.220197476689
13.3 0.000000000000 0.000000000000 0.000000000000 0.000000000000 0.000000000000 0.000000000000 0.000000000000
13.4 0.000000000000 0.000000000000 0.000000000000 0.000000000000 0.000000000000 0.000000000000 0.000000000000
13.5 -0.091320516933 0.042656830098 0.937418172871 -0.013414360976 0.928030526780 0.305509440386 0.212704908545
13.6 -0.083400106884 0.039258956268 0.866367969661 0.011067178990 0.910897545021 0.349940085050 0.218369221504
13.7 -0.086733045319 0.035481551803 0.910705856136 -0.021799142480 0.908694017764 0.365282237730 0.200920049440
13.8 0.000000000000 0.000000000000 0.000000000000 0.000000000000 0.000000000000 0.000000000000 0.000000000000
13.9 0.000000000000 0.000000000000 0.000000000000 0.000000000000 0.000000000000 0.000000000000 0.000000000000
14.0 0.000000000000 0.000000000000 0.000000000000 0.000000000000 0.000000000000 0.000000000000 0.000000000000
14.1 0.000000000000 0.000000000000 0.000000000000 0.000000000000 0.000000000000 0.000000000000 0.000000000000
14.2 0.000000000000 0.000000000000 0.000000000000 0.000000000000 0.000000000000 0.000000000000 0.000000000000
14.3 -0.089069548421 0.042568366408 0.879028487994 -0.034742835079 -0.906459983847 -0.309906219249 -0.284747903179
14.4 -0.094952922511 0.044220134816 0.948852456881 0.019035416112 0.930257925950 0.280373195086 0.235899799951
14.5 -0.096901432099 0.046827521218 0.911943829151 0.045664097211 0.919015474647 0.271227179840 0.282420191383
14.6 -0.101734491950 0.044753446642 0.926833438858 -0.006187553754 0.924956426202 0.261066575610 0.276154969002
14.7 0.000000000000 0.000000000000 0.000000000000 0.000000000000 0.000000000000 0.000000000000 0.000000000000
14.8 0.000000000000 0.000000000000 0.000000000000 0.000000000000 0.000000000000 0.000000000000 0.000000000000
14.9 -0.105123120070 0.041428736308 0.904432497611 0.034733930143 0.920054225783 0.291146845850 0.259860135203
15.0 -0.105636527704 0.040754880878 0.899064145381 0.022668047696 0.917604798022 0.305094899786 0.253780803815
15.1 0.000000000000 0.000000000000 0.000000000000 0.000000000000 0.000000000000 0.000000000000 0.000000000000
15.2 0.000000000000 0.000000000000 0.000000000000 0.000000000000 0.000000000000 0.000000000000 0.000000000000
15.3 -0.112406155029 0.042010593991 0.941329178982 0.043093004697 0.905274024191 0.284080990624 0.312921595352
15.4 0.000000000000 0.000000000000 0.000000000000 0.000000000000 0.000000000000 0.000000000000 0.000000000000
15.5 -0.089489912280 0.058556899322 1.324541901459 0.071337659874 0.594834922087 0.240937842999 0.763564869255
15.6 0.000000000000 0.000000000000 0.000000000000 0.000000000000 0.000000000000 0.000000000000 0.000000000000
15.7 0.000000000000 0.000000000000 0.000000000000 0.000000000000 0.000000000000 0.000000000000 0.000000000000
15.8 -0.091358687342 0.034334401441 0.738147920341 0.006564622362 0.904464935292 0.320303167573 0.281613152043
15.9 -0.104325052922 0.042167214308 0.886622913912 -0.050734462698 -0.922025725800 -0.279801607638 -0.262689237733
16.0 0.000000000000 0.000000000000 0.000000000000 0.000000000000 0.000000000000 0.000000000000 0.000000000000
16.1 0.000000000000 0.000000000000 0.000000000000 0.000000000000 0.000000000000 0.000000000000 0.000000000000
16.2 0.000000000000 0.000000000000 0.000000000000 0.000000000000 0.000000000000 0.000000000000 0.000000000000
16.3 -0.103129663068 0.040320681481 0.889282696619 0.047814576546 0.901189704775 0.336323999402 0.269178471841
16.4 0.000000000000 0.000000000000 0.000000000000 0.000000000000 0.000000000000 0.000000000000 0.000000000000
16.5 -0.107379439722 0.041701785776 0.947092894820 0.072427336997 0.907395198097 0.295441284746 0.290004625126
16.6 -0.108033983722 0.041292874252 0.939004096224 0.030363297756 0.909962505712 0.308243289104 0.275739701657
16.7 0.000000000000 0.000000000000 0.000000000000 0.000000000000 0.000000000000 0.000000000000 0.000000000000
16.8 -0.108294546292 0.040517912525 0.909929158402 0.052301690892 0.900394582964 0.314121342585 0.296448832400
16.9 0.000000000000 0.000000000000 0.000000000000 0.000000000000 0.000000000000 0.000000000000 0.000000000000
17.0 -0.112405789994 0.040412361566 0.976456012318 0.019842316660 0.901185097038 0.260424690250 0.345905599918
17.1 -0.109355867956 0.040409018343 0.956447787143 0.048829634156 0.902233763117 0.291629400950 0.313914313184
17.2 -0.110664565280 0.041805865769 0.948706834441 0.050629773073 0.900939715175 0.269476798718 0.336342846887
17.3 -0.109602120961 0.036692571262 0.944424574123 0.034274078981 0.894444752556 0.242915033056 0.373879872220
17.4 -0.115238111901 0.042092498761 0.956654572479 0.051823792012 0.903381378111 0.263448308568 0.334382070356
17.5 -0.116799570506 0.039729821822 0.938014810772 0.053226276824 0.909420087350 0.327376284559 0.250892081359
17.6 -0.118270649473 0.038067594047 0.946125905273 0.067594293257 0.900271844532 0.256697648453 0.345033237154
17.7 -0.118142882465 0.037803593997 0.937828478668 0.064198967388 0.899120744486 0.286994072109 0.324183253726
17.8 -0.115469456356 0.039404686604 0.895722392035 0.059604207348 0.907978620442 0.299021596230 0.287416506615
17.9 -0.126006211417 0.037467363850 0.972455859601 0.062063616248 0.902267175805 0.298390286767 0.305000471747
18.0 -0.120896520588 0.036575998438 0.946232338526 0.067092572829 0.897084174772 0.267219359595 0.345445196669
18.1 -0.124261163186 0.037488630683 0.957467704640 0.040502051025 0.907019792638 0.226938124700 0.352382983674
18.2 -0.101209544490 -0.023933585991 0.578564535567 0.378990619509 0.475608939769 0.300458838334 0.734769850499
18.3 -0.125836373636 0.036402566038 0.976475451645 0.042680203378 0.890196102489 0.242751603427 0.383146131895
18.4 -0.123284264284 0.037376270753 0.953124168203 0.064270418048 0.898978093696 0.255295969322 0.350045237742
18.5 -0.123060471091 0.038848109796 0.961373563840 0.066890086238 0.903307756520 0.276891613566 0.320767591429
18.6 -0.120886241192 0.035852936401 0.946550149738 0.067060023114 0.896684178703 0.269850616990 0.344443146939
18.7 -0.107896721203 0.026536835339 0.889266358314 0.014595278444 0.857767505730 0.130789746211 0.496906355610
18.8 -0.120953121264 0.035563994888 0.977302453974 0.059250877919 0.892881130155 0.286632019330 0.342191037833
18.9 -0.120310333196 0.035428188852 0.955965899352 0.075152873179 0.891793843291 0.295275424673 0.334467054142
19.0 -0.119557504947 0.033688518196 0.989753565037 0.064347207118 0.897241203054 0.270666524713 0.342866290088
19.1 -0.164662330648 0.038572240556 1.205871573366 0.279336680998 -0.365208332650 0.097307952411 0.882680607474
19.2 0.000000000000 0.000000000000 0.000000000000 0.000000000000 0.000000000000 0.000000000000 0.000000000000
19.3 -0.117347423193 0.034164835427 0.991662280291 0.249854567041 -0.360245798734 -0.057310092601 0.896945490601
19.4 -0.121496477227 0.032938055523 1.041411328395 0.069879916924 0.879975168733 0.283901845934 0.374379809149
19.5 -0.110688467785 0.038568115324 0.947854906443 0.084244878628 0.892935791277 0.246435958629 0.367202657093
19.6 -0.192824267263 0.044778940591 1.378207292159 0.181983632704 0.777801601657 0.045028651512 0.599899196891
19.7 0.000000000000 0.000000000000 0.000000000000 0.000000000000 0.000000000000 0.000000000000 0.000000000000
19.8 -0.116262303475 0.037295691613 0.986604612622 0.071149327263 0.893118230808 0.258498496176 0.361187107333
19.9 -0.110595903691 0.034240970941 0.967726217259 0.032886642216 0.887475427553 0.210200890965 0.408804867499
20.0 -0.115590080874 0.036191245240 0.978666345322 0.049092187726 0.888345565122 0.226408105932 0.396448588850
20.1 -0.167179387918 0.050544802229 1.239986569030 0.006106515088 0.835950973121 0.313923552743 0.450111857260
20.2 -0.159485856048 0.032844550261 0.958742686057 0.020776070296 0.493761516183 0.063299537872 0.867041572559
20.3 0.000000000000 0.000000000000 0.000000000000 0.000000000000 0.000000000000 0.000000000000 0.000000000000
20.4 -0.124956045947 0.038071824202 0.992222661576 0.023224911781 0.870939541326 0.289434717411 0.396424599622
20.5 -0.115155231154 0.037384881184 0.955921193409 0.039686168920 0.892511543950 0.239802163992 0.379925090061
20.6 -0.125447117001 0.037457143351 0.997096967483 0.039166439723 0.884336725305 0.270535822916 0.378450676832
20.7 -0.119337741601 0.038227418139 0.963112841774 0.055543106279 0.902030310466 0.228768374123 0.361830503616
20.8 -0.130706614494 0.033678381842 1.005832598766 0.064290285260 0.880060370454 0.213067019879 0.419479378059
20.9 -0.122229519158 0.035200990423 0.964664511414 0.060784913813 0.906386124126 0.265963932902 0.322540810813
21.0 -0.126980924310 0.036498846494 0.991803231761 0.060170854929 0.887574543724 0.249568834380 0.382500058112
21.1 -0.126311086069 0.038121327013 0.988069702348 0.081283212385 0.887426351541 0.229074404306 0.391653453025
21.2 -0.199808838987 0.039818471099 1.442113040154 0.228009553395 -0.487517803364 0.124387388441 0.833586115864
21.3 -0.122710712974 0.034719606923 0.965215981092 0.053353985700 0.887988280437 0.267832336141 0.369994602304
21.4 -0.169175033023 0.043101524234 1.203878476951 0.080509696539 -0.565004072943 0.146168211377 0.808036781529
21.5 -0.120812303463 0.035284338809 0.971100062020 0.062631583777 0.878187641326 0.255364930898 0.399565393150
21.6 -0.129664678642 0.036605616387 1.004266869885 0.238222516381 -0.366366142162 -0.024913853967 0.899113553700
21.7 -0.124325486497 0.037039894328 0.993932442715 0.069505073167 0.878074461935 0.239513365490 0.408396415083
21.8 -0.126073300203 0.035763435976 1.000051893977 0.048695041496 0.874865499917 0.242813875459 0.416269830607
21.9 0.000000000000 0.000000000000 0.000000000000 0.000000000000 0.000000000000 0.000000000000 0.000000000000
22.0 -0.125997258913 0.038947901300 1.013409035041 0.082170707171 0.883156104022 0.252350114029 0.386785070500
22.1 -0.122920301362 0.039993962128 0.998894774064 0.068982465321 0.876223490760 0.272983716506 0.391092961124
22.2 -0.120446958334 0.041786258865 0.968256280171 0.076696844156 0.885947193524 0.295932884355 0.348767676743
22.3 -0.125479385975 0.041385481070 1.012413403529 0.064175052454 0.881239326008 0.254422300039 0.393151505379
22.4 -0.125575601080 0.038802891445 1.000920892883 0.079061922049 0.880886658987 0.255680125748 0.390404379839
22.5 -0.122665518692 0.039230933312 0.985966922407 0.072589793274 0.882762634691 0.234244934988 0.400737024915
22.6 -0.124550953708 0.039658513051 1.008921855454 0.076480624601 0.882684531902 0.272757079308 0.374996409168
22.7 -0.127059910387 0.034296571765 1.024497236072 0.044255056321 0.858274610250 0.277176656636 0.429626913037
22.8 -0.125174335828 0.033517801663 1.000817583023 0.058339608868 0.869836861164 0.251689435005 0.420276995926
22.9 -0.121079170758 0.033894074360 0.965552142590 0.100033638406 0.877725090031 0.243943104304 0.400104610546
23.0 -0.128145580495 0.031422567770 0.987157212373 0.047656118024 0.867687627238 0.256320381601 0.423257531449
23.1 -0.126388912846 0.036400629183 0.944731946191 0.073224739462 0.876158093696 0.209180281495 0.428052265752
23.2 -0.124670433663 0.034589075301 0.958315370526 0.081419331410 0.875053673449 0.252121279204 0.405076315807
23.3 -0.131006956794 0.040016549915 0.999919914198 0.059963560850 0.874906816214 0.233113148540 0.420238853856
23.4 -0.127371031478 0.040413303462 0.982398545550 0.054172072511 0.873882684445 0.213999960187 0.433126375816
23.5 -0.128513465309 0.039723515971 0.991219062605 0.059065280269 0.871771659379 0.246097514286 0.419477627571
23.6 -0.217695324275 0.065726444706 1.449055628728 0.233507852630 0.891769226697 0.124215456835 0.367140639754
23.7 -0.124025364955 0.058459694133 1.015923185181 -0.132473998786 0.908944335091 0.047995326800 0.392386651095
23.8 -0.116993651482 0.037502885400 0.896667327595 0.048458095668 0.852330426017 0.169799454811 0.492293411489
23.9 -0.127654100751 0.041898193962 0.977372815058 0.059278117077 0.870536659526 0.263676770411 0.411250033437
24.0 0.000000000000 0.000000000000 0.000000000000 0.000000000000 0.000000000000 0.000000000000 0.000000000000
24.1 -0.125656830451 0.043897466901 0.975596954469 0.045583109335 0.867883839622 0.240388464355 0.432334601058
24.2 -0.128922574913 0.044498794961 0.975543413266 0.090797716365 0.869930605839 0.226837788305 0.428393666532
24.3 -0.119266819925 0.044419717651 0.931504445552 0.058060265336 0.873359448358 0.239851851800 0.419932576423
24.4 -0.118439688019 0.045172636988 0.926068770337 0.078558557572 0.880936893614 0.218234319224 0.412495484114
24.5 -0.121662122663 0.046141954280 0.964762694079 0.054161972136 0.869104346786 0.242170113590 0.427875859631
24.6 -0.123323237473 0.038068459610 0.984305562983 0.045992304998 0.832428269316 0.019483758374 0.551877040185
24.7 -0.121892266455 0.040070266587 0.954950119331 0.056235862037 0.856417269001 0.281982228581 0.428804165025
24.8 -0.126346835139 0.037741569494 1.005603974101 0.088907231434 0.866709857753 0.248727911636 0.423135856015
24.9 -0.119493147477 0.039565890665 0.962340280097 0.063345392809 0.868293302526 0.233463591246 0.433069109451
25.0 -0.116541140282 0.034160004871 0.971795873831 0.074380062208 0.865989600552 0.236684251806 0.434177593882
25.1 -0.115292807365 0.031965857820 0.964474221187 0.078043592116 0.873474841583 0.254381944496 0.407726287067
25.2 -0.110259538045 0.029563555468 0.926673392114 0.051794405461 0.874154635608 0.217978950245 0.430878393352
25.3 -0.118630764444 0.025033450813 0.981713817460 0.063864956973 0.871245900717 0.249792131395 0.417678990192
25.4 -0.116532384711 0.024426545199 0.970804959537 0.075837046756 0.857617606348 0.285546404161 0.420956095920
25.5 -0.117501789043 0.021409681427 0.967938384679 0.075059413020 0.862590963810 0.251333342182 0.432590412260
25.6 -0.116128424542 0.015024661130 0.957414730730 0.076850233222 0.857767161097 0.277399615817 0.425886125793
25.7 -0.118681636190 0.014616644920 0.982202850015 0.084829547810 0.865966509944 0.254016249131 0.422352573866
25.8 -0.115736159853 0.018680931402 0.979972903302 0.066456162704 0.867939644279 0.250415201738 0.423741169899
25.9 -0.162385277731 0.017839971954 1.080940175556 -0.209998889061 0.174761176060 0.223881131725 0.935540612049
26.0 -0.109855039025 0.014236404742 0.959095910681 0.085926094351 0.865269425663 0.271314349391 0.412691229780
26.1 -0.110994323363 0.016521996173 0.959933024081 0.086764545096 0.876480946298 0.258493467710 0.396779777259
26.2 -0.105317725039 0.019947057446 0.908641060840 0.089780725491 0.881328965791 0.226001054069 0.405119980929
26.3 -0.116664603918 0.018355363322 0.987244358079 0.254240151635 -0.386699729410 -0.081477094104 0.882715553113
26.4 -0.111152408153 0.020473083793 0.963054257109 0.078620326054 0.881154776752 0.222754292062 0.409592027640
26.5 -0.111141792662 0.020006296812 0.961470306033 0.098648948000 0.846491599064 0.272213451398 0.446788758421
26.6 -0.112349142106 0.021595915061 0.982266889511 0.056076361172 0.852053186174 0.274340084659 0.442264997030
26.7 -0.115747201173 0.023942092939 0.993097615117 0.100952516677 0.868956984570 0.260466659506 0.408508834211
26.8 -0.106541252587 0.016253816048 0.944440875749 0.077100068369 0.846103347132 0.267765932789 0.454385420834
26.9 -0.104072429948 0.014822831321 0.937971049936 0.088869516069 0.856743068804 0.266975148890 0.432224239307
27.0 -0.103953134112 0.015204006112 0.943969361379 0.071790761284 0.867950999203 0.254286143495 0.420530268594
27.1 -0.102839988189 0.017223232619 0.956884882242 0.075323673790 0.857229048345 0.271885814396 0.430770016100
27.2 -0.104631830931 0.014579397234 0.990523939089 0.077032043810 0.856378766121 0.273704987191 0.431007022159
27.3 -0.099866338067 0.014477205539 0.959704294241 0.066567218685 0.871761619400 0.245710141722 0.418601254886
27.4 -0.091872904784 0.013008834022 0.901126232354 0.049298868708 0.864127883490 0.229498326430 0.445177650702
27.5 -0.091841509003 0.013137501997 0.945651895209 0.061420653221 0.859000284171 0.266944457122 0.432535168471
27.6 -0.083090257190 0.011126475608 0.864551652043 0.095300098215 0.848936508487 0.298303464576 0.425722607880
27.7 -0.087560484860 0.018580863629 0.924134666167 0.069198997941 0.876186328667 0.228727465183 0.418560345484
27.8 -0.091285310516 0.019092077137 0.944302962009 0.083907732877 0.858803828161 0.218833426497 0.455551762753
27.9 -0.132865668902 0.018470498162 1.126001518753 0.147961085645 0.718615618675 0.005561324216 0.679461685015
28.0 -0.086174461881 0.017621993267 0.927135231537 0.083531352135 0.862133514918 0.248139606852 0.433791483522
28.1 -0.084357087041 0.020000620655 0.893065596033 0.095831877895 0.872902401255 0.241426758678 0.413002141952
28.2 -0.090226034053 0.015641076056 0.960506574676 0.068442819840 0.870690714804 0.198102784166 0.444936564549
28.3 -0.090736265502 0.018973960229 0.952024042171 0.111282259109 0.873801029343 0.237318849516 0.409594657670
28.4 -0.091967794123 0.014579271023 0.969693465298 0.080642674506 0.850818250829 0.274633355288 0.440660394485
28.5 -0.091906377533 0.018908927118 0.942247099057 0.055555124924 0.877479722077 0.238539273984 0.412361467896
28.6 -0.094167173071 0.016664594098 0.973874092554 0.059845446274 0.872375731922 0.246586594724 0.417820722578
28.7 -0.091552135708 0.015463186632 0.950431821601 0.083820005591 0.866193233061 0.254682822601 0.421687265084
28.8 -0.094224511233 0.008085258464 0.938269334502 0.289203893191 -0.395787852207 -0.034976843020 0.870913144154
28.9 -0.093133097732 0.009330012462 0.965659316682 0.086510705366 0.850416802007 0.281994685645 0.435644531687
29.0 -0.088580879861 0.013714773297 0.935893561900 0.051823306795 0.868570129205 0.251340458875 0.423943686424
29.1 -0.085828504335 0.014290828711 0.919358022780 0.068862749748 0.869844822331 0.244385869758 0.422969802023
29.2 -0.093316940184 0.014000289333 0.956820794251 0.059667576824 0.864128673315 0.245792381917 0.435094841640
29.3 -0.089530551028 0.016317466125 0.933436037215 0.073260357560 0.870532780452 0.245133506569 0.420375025573
29.4 -0.091330674262 0.016441465254 0.937319223945 0.089474122927 0.844590772294 0.267303269770 0.455202999388
29.5 -0.087155651116 0.024949461136 0.916180606421 0.063750409180 0.853368408633 0.241237832215 0.457714488284
29.6 -0.090210032989 0.026313965857 0.940199593080 0.081498648877 0.863790268983 0.252335943761 0.428428422175
29.7 -0.083409826326 0.026457508008 0.895760321401 0.065234623269 0.857805187869 0.242637548972 0.448376765032
29.8 -0.087688959234 0.025924856839 0.921377205470 0.093709015472 0.844945352310 0.222132509923 0.477433890778
29.9 -0.085458598792 0.029320318081 0.908776211708 0.095500519569 0.858660158206 0.234243246957 0.445771785477
30.0 -0.087520713103 0.032095205070 0.931840341785 0.086485689950 0.869076025801 0.217882682846 0.435607877944
30.1 -0.084469729464 0.033284369059 0.954603084797 0.066985437704 0.864285811545 0.264846049545 0.422350041005
30.2 -0.082122614714 0.031807185363 0.946298627867 0.054381167113 0.857192741259 0.281610193602 0.427737059250
30.3 -0.081898973623 0.029059281750 0.951549149453 0.078641355107 0.876187824281 0.242925577643 0.408775730170
30.4 -0.081384888511 0.024930433068 0.931926538783 0.093884227865 0.863589662532 0.227995887547 0.439791452608
30.5 -0.079727846800 0.025822422709 0.919662411507 0.056660708845 0.856867214308 0.176026006257 0.481230699601
30.6 -0.074342287445 0.031447049138 0.943578439729 0.086602950139 0.872495874621 0.247648102212 0.412215108005
30.7 -0.071221242680 0.032220461477 0.932659842232 0.075321223934 0.878341029618 0.233306679180 0.410379997520
30.8 -0.075893512647 0.029352963432 0.960058203205 0.073799853145 0.856882938925 0.238881315027 0.450822501640
30.9 -0.069651768804 0.027668663879 0.931786633202 0.077459497206 0.855100596845 0.227717002909 0.459290716382
31.0 -0.061791292834 0.020350235543 0.892253174144 0.109663187911 0.869196571694 0.267563949243 0.401099536322
31.1 -0.065662324312 0.025198545735 0.939870126797 0.090382007380 0.863290811670 0.258517411520 0.423944353859
31.2 -0.065854382520 0.028180412993 0.944188058359 0.095522470045 0.853525866293 0.234082564634 0.455603343073
31.3 -0.062177249103 0.026773660521 0.919073881072 0.094094131475 0.856814919082 0.257705432948 0.436580346201
31.4 -0.061422276588 0.028339651471 0.941223056755 0.087306231718 0.864382166071 0.252087316454 0.426231249165
31.5 -0.057737696538 0.027610970677 0.937172087257 0.073200852328 0.848124514181 0.245635691928 0.463669656667
31.6 -0.059099345018 0.031530634111 0.953117438889 0.070547190833 0.862804614001 0.256851256307 0.429672810471
31.7 -0.051792713604 0.034454365552 0.917029045968 0.067941175130 0.861390415192 0.229604685774 0.447964549500
31.8 -0.051753719974 0.035269099268 0.933882348423 0.084455484475 0.853614842101 0.283308328934 0.428888520765
31.9 -0.047016323203 0.039860827002 0.911749302962 0.082641277693 0.876050281311 0.250475214577 0.403693560413
32.0 -0.049742916175 0.042547233173 0.911703645221 0.066468181914 0.866275529230 0.205173553154 0.450613472209
32.1 -0.049083179768 0.042926031691 0.924818969482 0.072348937370 0.852107893399 0.236421722924 0.461283576771
32.2 -0.043852329968 0.044276965430 0.871552911676 0.078804785458 0.859810945432 0.241473364210 0.442950966000
32.3 -0.042727005064 0.041801450645 0.863671978469 0.105840978898 0.854862025156 0.243667213565 0.445684747513
32.4 -0.044548073535 0.041313838353 0.874622764704 0.095034022991 0.854041838805 0.277434372816 0.429664102322
32.5 -0.046376216882 0.042415247471 0.890648407661 0.076200568718 0.850456154554 0.201726107700 0.479817027606
32.6 -0.047435373822 0.038435963514 0.899294211071 0.112105084920 0.848478499629 0.239418070675 0.458471016573
32.7 -0.043125910748 0.037065713416 0.883826444190 0.098149905366 0.855307837782 0.257127776688 0.438976542836
32.8 -0.043036262157 0.036139764882 0.866573615451 0.126987229860 0.862027548765 0.226221034914 0.435438620228
32.9 -0.044278000849 0.035795829599 0.880306460319 0.104868343932 0.844709718062 0.259950146456 0.455953993303
33.0 -0.045629908939 0.035319926460 0.897734120400 0.092752044843 0.854722020615 0.253728790131 0.443248267580
33.1 -0.048708160380 0.035096893678 0.902720326155 0.081351495143 0.843187810108 0.239129541132 0.474587519516
33.2 -0.045331095609 0.034912571697 0.875691956146 0.094522790411 0.848040931002 0.266865589382 0.447967385691
33.3 -0.047275350768 0.032886582203 0.873399984433 0.102034623227 0.848774002736 0.246501824325 0.456517774623
33.4 -0.049880140524 0.032395526692 0.877972655299 0.092903253002 0.839611912846 0.255151737525 0.470444908812
33.5 -0.051772252794 0.035173228709 0.874126908126 0.098547280270 0.828033826108 0.279336253388 0.476045873752
33.6 -0.050874617368 0.035698919326 0.882110575907 0.098488246014 0.852522677432 0.281387612644 0.429332227200
33.7 -0.054241264526 0.035127151005 0.866577386285 0.078244414620 0.841044050128 0.196991485156 0.497711836408
33.8 -0.057616618426 0.035582482583 0.912384256044 0.062285193812 0.842584198389 0.207196591096 0.493195697360
33.9 -0.060518296946 0.040217363317 0.907620817237 0.097562621491 0.840753039317 0.244455022165 0.473135925401
34.0 -0.056749745107 0.040853293770 0.894241698623 0.081830042424 0.841255426508 0.244329172709 0.475285605601
34.1 -0.053452654215 0.040481149862 0.855799250809 0.082368345371 0.847251468740 0.262957241869 0.454129819928
34.2 -0.057739642933 0.042445938942 0.885935928161 0.099582749150 0.849050889851 0.213630334659 0.472819143677
34.3 -0.057182842262 0.045619903686 0.878095445942 0.072313877470 0.852247888517 0.218145663886 0.469953943457
34.4 -0.062129289267 0.046527371768 0.891364274472 0.073746780620 0.845312612913 0.224252574083 0.479289872432
34.5 -0.060410952197 0.047420794903 0.876778438412 0.090008198317 0.848750158490 0.233782697843 0.465690179076
34.6 -0.059371868681 0.045945129868 0.877447147772 0.102211834265 0.840033323865 0.247990901300 0.471590148970
34.7 -0.065763080098 0.045932632355 0.897104075693 0.075399566200 0.827712372123 0.219984351554 0.510699539379
34.8 -0.065959898643 0.043159025710 0.899645129459 0.103012249124 0.818278733544 0.307946829054 0.474317553160
34.9 -0.064750580180 0.045701638583 0.890813387773 0.058181196883 0.850111074417 0.179679217437 0.491570430665
35.0 -0.068315636272 0.048650424003 0.898025343314 0.083780540570 0.848711708187 0.212180618341 0.477125395056
35.1 -0.068550555916 0.042950852199 0.883689032577 0.098710981572 0.840176493292 0.233472690907 0.479426850350
35.2 -0.070579364802 0.046083259065 0.877583916847 0.087130030644 0.837706741109 0.201511240135 0.500048991359
35.3 -0.070976544907 0.042115791746 0.894821519784 0.092479008785 0.839843179412 0.246380518480 0.474771215474
35.4 -0.071301473713 0.041554801573 0.888943695688 0.097346596294 0.835218941529 0.239758772764 0.485230554257
35.5 -0.069600836480 0.040052122310 0.873823645805 0.088555185536 0.841542165794 0.260468548392 0.464888048464
35.6 -0.074636879010 0.042732765809 0.886736377605 0.075253059861 0.840553774510 0.208781329933 0.494182846131
35.7 -0.071711918824 0.038169090995 0.862075649318 0.092138706897 0.830441868987 0.237113244536 0.495635017116
35.8 -0.072978945595 0.037168291046 0.859197404822 0.098546811682 0.841212719942 0.228839980786 0.479877014357
35.9 -0.075332157622 0.036768314821 0.871164513690 0.083327516279 0.828703223854 0.226409363952 0.505021080471
36.0 -0.073400145351 0.035085771348 0.884197274972 0.076232321697 0.837568073969 0.230783750834 0.489292565800
36.1 -0.075529131083 0.037613020417 0.884178929548 0.087458637280 0.836024630110 0.185842311828 0.508799017047
36.2 -0.074162285700 0.034123348143 0.866823109725 0.080259609632 0.836991728231 0.230949951717 0.489556290672
36.3 -0.072413435066 0.036610114815 0.865460556439 0.093017906695 0.842229325818 0.201377092382 0.491370225422
36.4 -0.076228256265 0.037280319490 0.887098407633 0.069859060729 0.836180062636 0.211468789784 0.501202120337
36.5 -0.072039096033 0.036370470381 0.862028744039 0.107993391189 0.833617532894 0.203865799745 0.501854532713
36.6 -0.074823148467 0.037875705009 0.855780397851 0.087376246004 0.821237198994 0.215537864614 0.521035779521
36.7 -0.075615707774 0.038595407403 0.905075634979 0.087665359064 0.836642535979 0.222584707963 0.492747500849
36.8 -0.069309710524 0.036075606547 0.853701262406 0.100868439460 0.832383498770 0.238590795072 0.489936425880
36.9 -0.075010524520 0.037544720173 0.895316953346 0.057253924493 0.837449622957 0.197970711350 0.506169650006
37.0 -0.075004379385 0.037056128744 0.859006775848 0.074891882186 0.814546752995 0.234114080823 0.525447799812
37.1 -0.075023276899 0.039770097109 0.868862326499 0.069776551168 0.825282542941 0.216543400454 0.516864501531
37.2 -0.070972620581 0.031326825047 0.831172371220 0.080409090087 0.811692233901 0.236173520884 0.528121353185
37.3 -0.072719508027 0.032764295512 0.850380135944 0.068153945189 0.827225547186 0.234561036758 0.505998076946
37.4 -0.073574458056 0.035006082892 0.880539475875 0.089104431260 0.831429564484 0.246597008775 0.489872631298
37.5 -0.072708821178 0.024391857781 0.836856905808 0.074336103037 0.821912219533 0.229195697430 0.516143177275
37.6 -0.077056665266 0.026939393998 0.877240640241 0.066835228083 0.834033272903 0.236154929633 0.494117800921
37.7 -0.074875782360 0.024343323010 0.835431953023 0.094931954985 0.826379969118 0.253366247720 0.493851814900
37.8 -0.081450885580 0.028990194987 0.881184630542 0.085572061375 0.829300234051 0.246572421213 0.494105844139
37.9 -0.080492203348 0.025398443385 0.857389233421 0.060084068421 0.831702386022 0.215441268665 0.508179206151
38.0 -0.084016270800 0.028149349682 0.867121856132 0.078320917603 0.828901519019 0.226319057159 0.505537130190
38.1 -0.088140441331 0.023428406181 0.881691303182 0.051533923980 0.810551156360 0.213910312684 0.542764641193
38.2 -0.086062251278 0.022759445223 0.866192726556 0.069124799684 0.835275320067 0.252074997782 0.483730397276
38.3 -0.085766265170 0.023465289340 0.846867375461 0.084469051707 0.825177728590 0.257583185534 0.495578044381
38.4 -0.086245382834 0.021773605880 0.830932624019 0.061311971881 0.796999262415 0.276384839473 0.533520794649
38.5 -0.091283343295 0.025824739534 0.868094182590 0.078434430448 0.825668485134 0.234198262350 0.507218657671
38.6 -0.088395907059 0.026413004496 0.823071274820 0.060936071306 0.810608760740 0.213590942152 0.541829439635
38.7 -0.092605942327 0.027528910547 0.864639003553 0.084347213088 0.813805089794 0.247522548028 0.518979201593
38.8 -0.092488021091 0.028718611909 0.828756446485 0.079395169010 0.827844284921 0.234593230675 0.503325206187
38.9 -0.096061687211 0.029558752269 0.849394228861 0.079564166417 0.817480601972 0.246641750834 0.514356739596
39.0 -0.090803165487 0.029476466387 0.818086030466 0.073567713336 0.823825983743 0.285516151663 0.484127118848
39.1 -0.098877947481 0.030482401910 0.839526027633 0.074087934031 0.827025926055 0.238583904878 0.503603828419
39.2 -0.099344548357 0.029629064057 0.826895875240 0.100755878602 0.819856911054 0.189804975905 0.530713641661
39.3 -0.101309723823 0.031479010540 0.865428748581 0.103453071957 0.824370693001 0.222524733965 0.510091330251
39.4 -0.093989770908 0.030601189146 0.820121812809 0.057878568097 0.819487975992 0.239793398920 0.517289719978
39.5 -0.098889975966 0.034462505666 0.857326481761 0.061286280597 0.830022114840 0.246265244818 0.496649483925
39.6 -0.100819738414 0.033410391131 0.841610104608 0.088452397227 0.829893714806 0.232415464766 0.499435328434
39.7 -0.101323854486 0.032473715864 0.829609939123 0.071563386642 0.801436120375 0.235263041015 0.545188158513
39.8 -0.101304938579 0.034229784105 0.831289349767 0.096980039895 0.792825427376 0.305301622955 0.518472402920
39.9 -0.107806883806 0.036753860179 0.872330814366 0.073485893279 0.820034042525 0.208329465702 0.527961008323
40.0 -0.105292345582 0.036924179227 0.873018218107 0.067202638977 0.823930675141 0.249879790048 0.504164792901
40.1 -0.102969117179 0.030889303722 0.845175577915 0.071530123033 0.827833669774 0.249681619420 0.497226251932
40.2 -0.106451891272 0.029141351637 0.857741308573 0.070384640819 0.826211324062 0.251523883664 0.499155873726
40.3 -0.107435411697 0.026498882495 0.846939755985 0.062077534496 0.830773478683 0.208645760441 0.512278004094
40.4 -0.110919943108 0.026777732956 0.830256612050 0.060084027013 0.828045418671 0.193483176594 0.522776199431
40.5 -0.115818672811 0.023979995985 0.857680367984 0.053644508557 0.802695066760 0.236019077467 0.545066868899
40.6 -0.120565873493 0.023475952026 0.887539862571 0.096952739893 0.803236083967 0.256530875594 0.528775821598
40.7 -0.125151085695 0.025450806638 0.905201357906 0.070823615658 0.808791745679 0.237878563170 0.533154496155
40.8 -0.128067628195 0.022452506507 0.901021588811 0.074264972167 0.806300108950 0.221523963545 0.543407749108
40.9 -0.125671311297 0.021967987477 0.881620780304 0.051998056019 0.821743796799 0.205074274971 0.529129356904
41.0 -0.130423328015 0.018702106042 0.888235861414 0.079805767269 0.817009964401 0.209294874594 0.531339263605
41.1 -0.131927349907 0.018267251621 0.882912407951 0.051572286750 0.814738091908 0.219925520401 0.534017702244
41.2 -0.133045602119 0.018875724563 0.873048591727 0.086166545486 0.813824307222 0.237169741126 0.523465220724
41.3 -0.135559130256 0.019309745289 0.868752492729 0.076411490393 0.799026891061 0.223869940076 0.552810601769
41.4 -0.140711622993 0.015741866477 0.889354606343 0.103660839653 0.810140877214 0.233435910528 0.527668328655
41.5 -0.147646682133 0.015211426275 0.908485750470 0.091051187872 0.783125995559 0.245521941779 0.564041073302
41.6 -0.142298180288 0.012825439141 0.890202897335 0.079291995702 0.811774683328 0.233464871078 0.529366410814
41.7 -0.147216332908 0.014145409855 0.897894757827 0.053530411960 0.796952391703 0.192294160254 0.570109056485
41.8 -0.149905802532 0.015053729083 0.910886286183 0.073558715764 0.805360502584 0.232242626973 0.540413673430
41.9 -0.156930156964 0.011656390359 0.934395277703 0.079243033713 0.790652675479 0.242893499147 0.556409594129
42.0 -0.151973608036 0.009626419765 0.891596768875 0.094658644321 0.800266492694 0.232507620161 0.544567248642
42.1 -0.154119200476 0.010514444746 0.895179436060 0.081399181314 0.800857291224 0.219577142344 0.551169348690
42.2 -0.156306651210 0.009432468889 0.878963165716 0.094465839771 0.784774421504 0.209492133608 0.575602604602
42.3 -0.158861744380 0.011443077403 0.891577890589 0.088432273485 0.811567875836 0.234315626021 0.527857464965
42.4 -0.168295585148 0.011581481751 0.934308144086 0.093135165542 0.806105144354 0.241574619666 0.532129721326
42.5 -0.161238970606 0.009930363203 0.863813492798 0.089709350044 0.760287158786 0.237121979785 0.598070928405
42.6 -0.162990080979 0.008613190560 0.885645986579 0.094484618726 0.791939333669 0.226771462958 0.558998615562
42.7 -0.168520935371 0.014576269989 0.896875146272 0.093873136775 0.798099770835 0.224695857161 0.551122819125
42.8 -0.164143528282 0.013924719876 0.874039584517 0.090593014464 0.791905637498 0.231359766092 0.557809130136
42.9 -0.168704531407 0.016238620996 0.894140568762 0.089690664355 0.809818130240 0.198755547906 0.544652561583
43.0 -0.166974369477 0.017405400496 0.878927822622 0.072964536277 0.790870054640 0.208792376596 0.570619379793
43.1 -0.169412818329 0.016030898892 0.893632027730 0.095567295328 0.787074440498 0.211099277797 0.571679816062
43.2 -0.177713915496 0.016913940030 0.930365038685 0.088625317939 0.786286354779 0.228162318214 0.567310565613
43.3 -0.169083613514 0.016957338059 0.880689043449 0.085977977075 0.780230617099 0.215455111017 0.580884727580
43.4 -0.174059025063 0.015385491952 0.909261184845 0.093250804353 0.795242014197 0.218655105482 0.557749380269
43.5 -0.173708482039 0.013300183677 0.899162406837 0.051345981387 0.769280747678 0.235067629734 0.591873238877
43.6 -0.181282638649 0.012640114900 0.941045326856 0.079050536402 0.790210734704 0.225891978929 0.564172687489
43.7 -0.180756395137 0.010629315903 0.928430573003 0.084551659231 0.788061800200 0.223117587236 0.567475249022
43.8 -0.183602183272 0.012517141334 0.932752187184 0.095088006457 0.783406890068 0.226537224516 0.570887731109
43.9 -0.180058636141 0.014166206828 0.913701987138 0.084304329810 0.783309066581 0.215091801546 0.577109351072
44.0 -0.178790515135 0.012345447428 0.893241417773 0.083348535117 0.789845561894 0.185125573290 0.578727511152
44.1 -0.179425923069 0.013043495980 0.897151899104 0.088521348567 0.770258617048 0.202430262658 0.598237095533
44.2 -0.182669227421 0.012855465463 0.907370578881 0.075549351074 0.764835610769 0.224355622847 0.599152183130
44.3 -0.186802370388 0.013696552592 0.929677409898 0.072573685464 0.780676048951 0.210084500435 0.584074027371
44.4 -0.186839776035 0.014179816640 0.927893856785 0.072355795597 0.761244266947 0.231302462939 0.601474002366
44.5 -0.185735224328 0.016265871588 0.923569878762 0.095414014646 0.768676675053 0.234624949250 0.587352933276
44.6 -0.190051517025 0.018286378416 0.942203906999 0.076938739112 0.787082982858 0.217808547152 0.571961751612
44.7 -0.181826415652 0.019117739941 0.906693243352 0.086209265471 0.799654682410 0.181791386652 0.565749275904
44.8 -0.177848274212 0.015282261705 0.893299689211 0.053366766264 0.782587691722 0.210776511273 0.583336742645
44.9 -0.181898941908 0.019934883668 0.912162345724 0.088528759981 0.768187236560 0.225849722179 0.592488760429
45.0 -0.178829761391 0.019248354080 0.900675705235 0.094530563605 0.783165552977 0.212291712768 0.576756376527
45.1 -0.178236084187 0.018082454661 0.906003771126 0.095309618642 0.786110021290 0.210683016845 0.573201341097
45.2 -0.180938007752 0.018517975138 0.915973118026 0.085896152382 0.792759821331 0.206137890577 0.567151555369
45.3 -0.178555121593 0.018310374531 0.920254403013 0.097345102600 0.797725306201 0.200552453007 0.560300794608
45.4 -0.176183543294 0.018007074379 0.910486504757 0.086482423803 0.761738062286 0.232045033297 0.598691086755
45.5 -0.176656276642 0.018838174843 0.926824790229 0.059529866465 0.769030852698 0.215268092487 0.598921857135
45.6 -0.174379457192 0.017833171459 0.922649108970 0.092851869645 0.793350922860 0.199202710864 0.567706899276
45.7 -0.179245255290 0.018749532578 0.945371682300 0.096284061636 0.790710629602 0.215686747268 0.564787842257
45.8 -0.173521299784 0.025557312583 0.920383226291 0.090553131290 0.779615079427 0.218641880129 0.579824272169
45.9 -0.183714955047 0.026471334280 0.965235358625 0.099547816965 0.788253913801 0.214643439432 0.568044182634
46.0 -0.176004463372 0.022638978844 0.916078780927 0.075421090656 0.766757215074 0.219076071259 0.598665772546
46.1 -0.177098600277 0.027324183274 0.937058884948 0.070125418251 0.772504335858 0.203054446866 0.597568714378
46.2 -0.178134632350 0.027503996839 0.941440102428 0.098356600359 0.783062908418 0.217463419588 0.574324056406
46.3 -0.178531117651 0.031886407747 0.935222473962 0.075147136827 0.766446356220 0.227747246718 0.595855756435
46.4 -0.177291471673 0.031831480250 0.920236907945 0.075430598317 0.779028670459 0.197929836112 0.590125694592
46.5 -0.183745420084 0.032416429634 0.947307250867 0.087992266184 0.776913858245 0.207742291884 0.587797038204
46.6 -0.175848438745 0.030855484140 0.894231930340 0.098452939249 0.769915541060 0.205755937203 0.595987896431
46.7 -0.198056097269 0.037482497693 0.960074006473 0.077103210574 0.761246803236 0.204127046536 0.610647646646
46.8 -0.190782659207 0.035407768256 0.900088959966 0.083929500004 0.763848492025 0.182217440290 0.613423283479
46.9 -0.205745307033 0.038453281641 0.953143625800 0.092744110127 0.773208975634 0.218318885929 0.588118418417
47.0 -0.208146079814 0.043340664392 0.956995856247 0.086392600981 0.760433590562 0.207196743590 0.609382131578
47.1 -0.216179834409 0.043689833744 0.968302359950 0.051086935373 0.735075130325 0.213898883813 0.641328266425
47.2 -0.214538440727 0.044799549637 0.956992936000 0.090116601558 0.767367367876 0.208314045563 0.599692904130
47.3 -0.211497196590 0.041858292247 0.949224252773 0.043059749256 0.732209518936 0.210148960799 0.646415108617
47.4 -0.207613133967 0.042453610039 0.912546142580 0.045949768316 0.744575338755 0.174709048854 0.642629700495
47.5 -0.217661124460 0.046206345067 0.948225985943 0.056765592345 0.722834438202 0.208010697606 0.656520823856
47.6 -0.219969334012 0.049285153639 0.958058960207 0.073370059108 0.748846585805 0.208940977168 0.624651337479
47.7 -0.220689127743 0.048640641608 0.974747739526 0.067890114765 0.753966716571 0.210476517203 0.618566696748
47.8 -0.222269055776 0.045520916306 0.981245342846 0.079301978445 0.766566246722 0.196681855976 0.606138295384
47.9 -0.210454969905 0.044327564118 0.937659762542 0.042856267694 0.733024845164 0.174353120265 0.656078429873
48.0 -0.219554031943 0.045860164228 0.974685110160 0.050757580391 0.720795475137 0.209985089799 0.658622663683
48.1 -0.214438754722 0.046078906851 0.964088203843 0.080271671842 0.755572425933 0.193122075794 0.620782273998
48.2 -0.212009725978 0.045378270563 0.950759679467 0.086762184745 0.763050930206 0.199575405141 0.608601067098
48.3 -0.217210245611 0.044237173824 0.984966622007 0.054919962551 0.732204862380 0.196643637748 0.649762354214
48.4 -0.223126998699 0.039431393373 1.004572590128 0.055836623581 0.728812622290 0.198632743315 0.652885492519
48.5 -0.219031149353 0.038266763087 0.991987301563 0.053940388952 0.738544004042 0.199029488566 0.641895981616
48.6 -0.223658692079 0.039207511503 1.012852690862 0.083377898270 0.746202796107 0.235914551936 0.616906668262
48.7 -0.217910149327 0.038444827098 0.973477615382 0.061027095501 0.734218246284 0.193725959362 0.647819043489
48.8 -0.208910266165 0.038426483614 0.955463513930 0.054611612877 0.736760806115 0.185182310684 0.648003547923
48.9 -0.216938158340 0.039238391337 0.998462573835 0.049759969325 0.743681393638 0.186549475795 0.640047828908
49.0 -0.216509941210 0.036628263126 1.005955586132 0.063514785577 0.770465365968 0.183626954336 0.607149185537
49.1 -0.210498379405 0.036507844495 0.985466358548 0.063694391965 0.749686424957 0.192442597178 0.629983440622
49.2 -0.205311570347 0.037317977929 0.974533874789 0.082410089399 0.750105826341 0.193193235288 0.627077507405
49.3 -0.193966798647 0.039118208923 0.946408687811 0.059888466418 0.750338756739 0.163640557600 0.637673027212
49.4 -0.195082830116 0.042719384853 0.950189217356 0.084857284856 0.760961851961 0.202303120965 0.610581483764
49.5 -0.186144897357 0.039190726964 0.937996452687 0.057825976228 0.764029900931 0.160566547829 0.622200008579
49.6 -0.182591281299 0.041071502851 0.936022228178 0.065398768544 0.751512888679 0.184771864809 0.629929152522
49.7 -0.183154630017 0.041408018217 0.959867875046 0.087656879579 0.766006120191 0.170025154363 0.613711937456
49.8 -0.175233225443 0.042488795118 0.943651962068 0.086793967755 0.761473174346 0.177897968003 0.617233930445
49.9 -0.179371665568 0.039204038855 0.990524199644 0.096866657465 0.773929933751 0.201066663129 0.592639439537
50.0 -0.171059691331 0.036466482750 0.956689692501 0.065452811184 0.756969641346 0.185834646772 0.623039626065
50.1 -0.171136367898 0.035949482895 0.998237974161 0.083447232314 0.769753857058 0.197522664603 0.601248996616
50.2 -0.165185655415 0.034736298105 0.965961962351 0.089022997729 0.772553307994 0.190518974396 0.599115024497
50.3 -0.165009780862 0.033558316777 0.978017362773 0.075072892949 0.754375400902 0.196762187951 0.621744687674
50.4 -0.151125237969 0.032632049475 0.943612947299 0.057019538792 0.746388594955 0.196510067790 0.633274530338
50.5 -0.143381890892 0.036336648432 0.934550905200 0.079166886994 0.769224466298 0.180826934878 0.607723575382
50.6 -0.141064690982 0.033599376473 0.922679874935 0.083361501065 0.749071202739 0.199231623989 0.626298613578
50.7 -0.144139386566 0.036728116872 0.948649126402 0.070401914724 0.759565260305 0.178537792918 0.621472800886
50.8 -0.139355526675 0.039890879223 0.942094566832 0.075680424285 0.765877694986 0.162285636297 0.617549351838
50.9 -0.136975281422 0.041777111589 0.935749059559 0.063255026671 0.746299343908 0.194681561955 0.633352335054
51.0 -0.137532504565 0.038313942662 0.956397466192 0.104397554932 0.764953772784 0.197767491746 0.604015641549
51.1 -0.132371345769 0.040542486021 0.937876403579 0.079160409361 0.746188353000 0.211018031036 0.626424745692
51.2 -0.130064152740 0.041044297751 0.915447755615 0.069061072891 0.753951886951 0.175992559685 0.629137297662
51.3 -0.131913283224 0.038923986435 0.940550230850 0.077991329629 0.759136051122 0.198802857904 0.614904246268
51.4 -0.131321251036 0.040811938219 0.934721925170 0.074864669193 0.761346408328 0.176461131955 0.619361281274
51.5 -0.125680990236 0.034903679530 0.907329527088 0.070352058352 0.760070368320 0.194906214681 0.615918168726
51.6 -0.128585131696 0.037444438462 0.925314750206 0.084825774531 0.757561475040 0.188119833127 0.619286789698
51.7 -0.128218574397 0.037698020643 0.915677951637 0.082900238970 0.745379817564 0.201272891097 0.630099755004
51.8 -0.127239904283 0.040758573245 0.910663619418 0.074126844042 0.749396092767 0.191689070544 0.629417196597
51.9 -0.128665871032 0.039304911978 0.904094386955 0.079146114105 0.746337280510 0.193462847425 0.631892936350
52.0 -0.135431465536 0.042819576555 0.925485013070 0.085860079659 0.747981548371 0.198298567735 0.627558226822
52.1 -0.132462511887 0.042481850030 0.903260426623 0.071421899718 0.763764264948 0.190244200503 0.612674631435
52.2 -0.131936525276 0.042156775705 0.899190396577 0.065229703137 0.755481581864 0.159164443045 0.632186163534
52.3 -0.133248685837 0.040948020153 0.902107033240 0.067883829236 0.746545941023 0.191425732740 0.633574883116
52.4 -0.132513972902 0.043222938274 0.900639871300 0.075365822091 0.738186430121 0.183513693468 0.644766245670
52.5 -0.127797047355 0.036271713309 0.866880466208 0.066767307283 0.746306646075 0.167776842608 0.640639873710
52.6 -0.134845276084 0.036174127607 0.898981523398 0.074530994836 0.748505627678 0.185992333354 0.632132350127
52.7 -0.131320627678 0.034945791110 0.877841219068 0.082849212957 0.755173194967 0.147752445056 0.633260348116
52.8 -0.132020149740 0.033260036543 0.892817702313 0.075639500451 0.755414852753 0.174814099118 0.626950633592
52.9 -0.136758307120 0.034677747708 0.912850546985 0.095689400791 0.765727212304 0.192737833690 0.606100241196
53.0 -0.131249975219 0.032521767064 0.879689082786 0.074488821751 0.735897516330 0.186765351636 0.646548501136
53.1 -0.125427820219 0.026695887150 0.841495407371 0.062716151681 0.737632290257 0.183468779853 0.646764636872
53.2 -0.126351070873 0.029386877741 0.853752877567 0.091406734238 0.749010911328 0.173583652861 0.632847674489
53.3 -0.134888170786 0.032337217484 0.905936411366 0.083880664846 0.731279591987 0.199934034180 0.646699755980
53.4 -0.126990484772 0.030301940655 0.857464486318 0.080792242496 0.748398573928 0.191426947004 0.629863407458
53.5 -0.128516860533 0.029433089819 0.877897290375 0.066597421723 0.752456492256 0.166126185499 0.633858108075
53.6 -0.123112645261 0.028497052199 0.869083212726 0.090236288834 0.744434682144 0.188032574981 0.634285556311
53.7 -0.121596105376 0.025115425915 0.859936314786 0.072066565514 0.745612620514 0.179740004773 0.637621957707
53.8 -0.120801081276 0.024410619309 0.849757263082 0.073682208572 0.740799594056 0.183166204762 0.642056878337
53.9 -0.125824665484 0.026538669223 0.871163824819 0.065296991539 0.745091736347 0.178904012417 0.639193211529
54.0 -0.127092097203 0.029225530725 0.880865319504 0.061470492408 0.741555592455 0.197961838238 0.638065664695
54.1 -0.125234490990 0.031919454757 0.876517215946 0.072192444915 0.748206921669 0.190601461382 0.631383984737
54.2 -0.122496210664 0.033370170604 0.865223783843 0.076231768146 0.740711047192 0.177227660649 0.643526392927
54.3 -0.122161025580 0.034697934197 0.857233289170 0.081500157753 0.764319968524 0.169205796973 0.616880951459
54.4 -0.125722950974 0.031266510127 0.888835705420 0.078304351012 0.743322024768 0.209479306676 0.630443666145
54.5 -0.121259600890 0.030344305049 0.868060077480 0.085459671423 0.740678157836 0.190316346560 0.638648729190
54.6 -0.120563102584 0.029671337294 0.865927226711 0.081305616674 0.742213005783 0.197060863350 0.635355228891
54.7 -0.116045036047 0.028155639900 0.828807361107 0.060048899273 0.735478714500 0.188178334796 0.648115811045
54.8 -0.120507574615 0.026633215432 0.864885355755 0.088961786007 0.743900330373 0.190729572572 0.634287260827
54.9 -0.115117056240 0.026779155410 0.853881853693 0.082465399202 0.748765965148 0.189565892704 0.629772784180
55.0 -0.114556657327 0.025325800799 0.860901280005 0.081445088620 0.740330819232 0.205771810221 0.634771563441
55.1 -0.114623410107 0.025137766152 0.867721075959 0.072791031050 0.739481517450 0.201291233278 0.638240072821
55.2 -0.112118263353 0.024254344161 0.837441547044 0.075113168806 0.733944253250 0.206448339054 0.642699718605
55.3 -0.113186809259 0.026024906696 0.853226912638 0.088863650453 0.747886980777 0.195259883132 0.628205295785
55.4 -0.107988171131 0.024843908992 0.848355423520 0.072052234040 0.753779482976 0.189054826268 0.625206557291
55.5 -0.108789915705 0.025793695346 0.853521179516 0.084602764221 0.733320371288 0.208920423448 0.641432663658
55.6 -0.106068822038 0.020378672022 0.829447259600 0.089574458741 0.733826471506 0.209815677976 0.639884760980
55.7 -0.108765506316 0.023366779131 0.852739317405 0.081674290177 0.748835267053 0.191907829830 0.629083808401
55.8 -0.105388640677 0.019956868403 0.838042950918 0.088411166683 0.744708152934 0.200545907408 0.630376531591
55.9 -0.110813742515 0.018668658355 0.872899522848 0.081401782179 0.738279414148 0.203016262873 0.638045181403
56.0 -0.106069886302 0.017797189568 0.832077334427 0.077206601392 0.733285079416 0.217147430190 0.639671108124
56.1 -0.106820067593 0.016152685100 0.834538304957 0.074686451591 0.733947871533 0.201283178677 0.644381515721
56.2 -0.109987275074 0.015667657686 0.854935290880 0.079205553508 0.737074965307 0.210422983548 0.637314007225
56.3 -0.107689331052 0.017476613566 0.833230067026 0.081688342617 0.742173007928 0.191749701038 0.636975896825
56.4 -0.108088939371 0.013604763860 0.845361742374 0.086578012018 0.744904353176 0.196530471561 0.631662509733
56.5 -0.106315536548 0.016734762119 0.846522727415 0.082102220222 0.738139038690 0.201519306811 0.638592165610
56.6 -0.106759006747 0.015528026406 0.862678343520 0.079704117686 0.733400798348 0.206880809071 0.642628083299
56.7 -0.102358096332 0.013382101293 0.845426272582 0.064545579274 0.742602360179 0.209786476700 0.632744211389
56.8 -0.100383618431 0.012007404613 0.850193722867 0.084478798427 0.734076036616 0.205752617252 0.641608576608
56.9 -0.097622197497 0.009525205725 0.835423511414 0.084889888739 0.741632717179 0.199567383737 0.634781441874
57.0 -0.101731140763 0.008376356559 0.851832558755 0.095982069274 0.728468207778 0.198356085366 0.648672780401
57.1 -0.101882688039 0.009130637816 0.845430653609 0.080526602970 0.739541691814 0.201394555074 0.637207803993
57.2 -0.103133474612 0.009939573352 0.852006057322 0.072315509318 0.741699626261 0.197169538486 0.637005733576
57.3 -0.105443380786 0.009725774242 0.852684393728 0.102414795362 0.735058799990 0.189041870239 0.643010840923
57.4 -0.100521482032 0.009761255893 0.818148451808 0.087023983437 0.732245440817 0.199502583574 0.645323298708
57.5 -0.104094344289 0.009646177499 0.842360080222 0.085785008052 0.718040736807 0.224320277270 0.653252513110
57.6 -0.103158281486 0.012466062612 0.821199501247 0.079633123303 0.725671701031 0.202939390330 0.652590799696
57.7 -0.102933568891 0.011613316633 0.817235135141 0.074074279660 0.734452560499 0.199693206834 0.644371834125
57.8 -0.107331684045 0.015969424380 0.839038227300 0.084027299130 0.722765802305 0.204466389858 0.654784318259
57.9 -0.107512095410 0.016729408551 0.842402237864 0.085986901422 0.735614396627 0.197544878190 0.642225609393
58.0 -0.104776964145 0.016222325737 0.823978411835 0.075268400132 0.732785764883 0.193639848888 0.647968594647
58.1 -0.108992105231 0.016760393121 0.844374482588 0.083823692197 0.728229726288 0.187219263516 0.653914368816
58.2 -0.108580023527 0.010605372571 0.802676997994 0.099313609295 0.705442817329 0.238939266759 0.659844879717
58.3 -0.108213379688 0.011370145697 0.787547944328 0.093841246793 0.720081700513 0.206899578413 0.655643751926
58.4 -0.114909021631 0.012369035587 0.834728604639 0.093006914660 0.717893981977 0.210776622304 0.656925536082
58.5 -0.113394547365 0.012253182479 0.824782708140 0.078176437026 0.722612366466 0.218682075686 0.651074467552
58.6 -0.113331349224 0.011984388245 0.819587173838 0.062618972821 0.727403387905 0.204517685160 0.652024303200
58.7 -0.118229782827 0.010022929780 0.834419809607 0.071110905626 0.728247691446 0.216246270835 0.646402420598
58.8 -0.117826648104 0.012117018746 0.832215831962 0.074735170238 0.719809558635 0.228440872878 0.651232386500
58.9 -0.117931667605 0.011093841537 0.804975533797 0.067741379618 0.732498952112 0.201993767822 0.646571657594
59.0 -0.125699888513 0.011723365659 0.829562443469 0.068621396785 0.710466960295 0.191654146635 0.673644186727
59.1 -0.127965058121 0.013984694070 0.836145631414 0.069273317780 0.722556741709 0.198889845993 0.658449536120
59.2 -0.128678901219 0.014218091794 0.836837422360 0.077990837737 0.723008153565 0.206117556602 0.654745898779
59.3 -0.129648755346 0.014629361119 0.829003128939 0.076548454512 0.707410131567 0.207354327614 0.671353426064
59.4 -0.132439559059 0.013512743794 0.831579419313 0.060402347577 0.722329471426 0.205303552037 0.657603332290
59.5 -0.134715776167 0.014249513094 0.832332277788 0.069607725437 0.721414629217 0.202910590561 0.658439814675
59.6 -0.132688600570 0.013709949107 0.813110616376 0.075431492167 0.718598976604 0.206102258463 0.659884429177
59.7 -0.135421601951 0.014750030307 0.812477251317 0.068110217571 0.715132905022 0.206632153487 0.664265819957
59.8 -0.138229960861 0.014105559398 0.840514928440 0.064937340494 0.724154264479 0.205031005981 0.655245014962
59.9 -0.136173320676 0.016220908092 0.816748310297 0.080679443256 0.713595308194 0.197860824901 0.667175882005
60.0 -0.134316449018 0.015560460807 0.811848052581 0.052704515663 0.723128833817 0.200065691968 0.658999728853
60.1 -0.132946182385 0.016707286371 0.805654961063 0.072428066554 0.714377384993 0.199864784232 0.666688229241
60.2 -0.132892388261 0.017286232377 0.825824657483 0.079160368129 0.714180589973 0.208472192345 0.663490064766
60.3 -0.133228387914 0.017371394658 0.832739423928 0.078867673233 0.730480081997 0.196817760731 0.649185265533
60.4 -0.134483631657 0.017525989840 0.834391410883 0.062075555110 0.715998082751 0.191274695702 0.668511302627
60.5 -0.126318488835 0.017525096452 0.819906916298 0.066605392948 0.720623996399 0.211854178225 0.656797217269
60.6 -0.128531567578 0.017260142369 0.826767561278 0.063068583198 0.722952632671 0.205338547232 0.656656626973
60.7 -0.125721396332 0.016033886636 0.802172286301 0.062772594447 0.725758483359 0.182501213135 0.660323808766
60.8 -0.123446042327 0.015120293459 0.814295186787 0.061519546292 0.721271103347 0.202240641793 0.659607507316
60.9 -0.123656303165 0.015661992518 0.813085221439 0.061245137064 0.697060381249 0.209895056806 0.682861569578
61.0 -0.126885943494 0.016106538820 0.830148157392 0.061566850064 0.703513027375 0.191943364572 0.681495919345
61.1 -0.118218057355 0.014862255218 0.804349252305 0.069457689261 0.711633386074 0.191643939420 0.672328902927
61.2 -0.117952668299 0.014687921156 0.811674790185 0.082155808563 0.720739962881 0.202020524016 0.658006107040
61.3 -0.117474403743 0.014137714224 0.805247316586 0.064726318860 0.719979564672 0.193937574708 0.663195406511
61.4 -0.119908509365 0.019279200671 0.819927871475 0.063491980303 0.714130714074 0.209383962998 0.664939431597
61.5 -0.124290377067 0.019852403522 0.840309592569 0.051853203679 0.707405718078 0.182426992044 0.680888234494
61.6 -0.120388749706 0.020375261439 0.828438933904 0.068203196875 0.716868702332 0.193789548715 0.666253103828
61.7 -0.112022681177 0.017575443266 0.813666171615 0.080976745160 0.735893360298 0.200437985765 0.641660613467
61.8 -0.115837831815 0.019819939448 0.831054716976 0.072528511132 0.728773582364 0.214292487638 0.646302878273
61.9 -0.114246843682 0.018923897107 0.825867584868 0.064068584509 0.725580951490 0.211290939765 0.651754277383
62.0 -0.113489688559 0.018577652611 0.814579646927 0.060229162147 0.713203869310 0.210818232607 0.665784020256
62.1 -0.116451421435 0.020198317863 0.818281455039 0.064126809419 0.724831595192 0.181690777845 0.661434329448
62.2 -0.113570735926 0.018170716299 0.812948850611 0.063538492476 0.725194056501 0.203608292021 0.654675571417
62.3 -0.113434889689 0.018797841726 0.816432149626 0.053822817395 0.725199922372 0.197044389297 0.657542154972
62.4 -0.115097934207 0.019392757485 0.824412710891 0.046162978693 0.715443935914 0.201481044963 0.667393693769
62.5 -0.111481786519 0.017226807329 0.819750935731 0.065682432398 0.731028750683 0.197483588118 0.649833067929
62.6 -0.113703230072 0.019222864553 0.822707653873 0.045287394605 0.715933176576 0.192224847676 0.669655393844
62.7 -0.114155063626 0.018797380799 0.816625542781 0.058503968130 0.714540223011 0.198848221311 0.668183313390
62.8 -0.112779885567 0.018689807627 0.813059470597 0.064364931315 0.713773677428 0.203934961055 0.666929400077
62.9 -0.114272403453 0.020124228469 0.837200670042 0.067232099084 0.730999805409 0.194702591867 0.650545947698
63.0 -0.108108636049 0.019976302685 0.796795682586 0.064859873983 0.720726859642 0.203969473563 0.659350016602
63.1 -0.108462576060 0.022105520455 0.823347824718 0.059108880864 0.727772883373 0.205547983523 0.651615528436
63.2 -0.107958309560 0.021094575706 0.816316687111 0.062019790862 0.712947065444 0.197316710107 0.670019509662
63.3 -0.102210611155 0.022547793185 0.802800993545 0.060790856877 0.732450626814 0.207618343741 0.645534797158
63.4 -0.102680919989 0.022795805701 0.823009048131 0.069894365381 0.725595598661 0.200597762415 0.654512293701
63.5 -0.103693528314 0.024061486388 0.849740575211 0.063919967385 0.741690630815 0.189875720976 0.640122219982
63.6 -0.097516969638 0.026239087289 0.804799184285 0.038649991559 0.712283599577 0.193778022993 0.673504513519
63.7 -0.094544347839 0.024409995063 0.820096202480 0.063022232499 0.740556676918 0.201629828658 0.637925872401
63.8 -0.092176280473 0.026089955863 0.805569831531 0.061344682555 0.717868922757 0.192818587833 0.666124636872
63.9 -0.092962533511 0.025841547644 0.829189855505 0.063996173080 0.716249591587 0.214330820584 0.661024441099
64.0 -0.089212751622 0.027740517654 0.810493369819 0.052426289617 0.712503166543 0.205856257402 0.668740549923
64.1 -0.090122942793 0.027359565945 0.834230664379 0.066409201659 0.734294299373 0.198019476771 0.645902459093
64.2 -0.091427002443 0.031278108999 0.834639414837 0.046307238546 0.701813350678 0.197654831974 0.682822252029
64.3 -0.083202433535 0.030515982160 0.801537131638 0.046501933653 0.737197109591 0.177304910312 0.650339111968
64.4 -0.083984416697 0.029397327445 0.804851349101 0.068241974804 0.728661880077 0.189119308981 0.654697475456
64.5 -0.086823994892 0.032271301976 0.840880390773 0.060589425119 0.725502016373 0.204216657488 0.654424405571
64.6 -0.083825810403 0.031879884107 0.815770109041 0.053651434473 0.737844900134 0.191145789053 0.645112171838
64.7 -0.084158758384 0.034023954641 0.813509971036 0.058174796811 0.739622718650 0.191956101906 0.642438154233
64.8 -0.087227381827 0.035797283731 0.825078552559 0.056963396223 0.724959403515 0.207017142435 0.654471494784
64.9 -0.083759068874 0.032930990336 0.799564015877 0.060583491971 0.735205142042 0.200543751997 0.644659013084
65.0 -0.087995614573 0.036604307882 0.815559959392 0.063365801058 0.723466512772 0.177578111424 0.664113690942
65.1 -0.084907915480 0.035164609259 0.797435284217 0.051432979291 0.737027834100 0.184977821003 0.648018384106
65.2 -0.089314965613 0.037217607411 0.818357361813 0.055928699729 0.722099543200 0.202976223089 0.658972596636
65.3 -0.091234870285 0.039250882612 0.823211011872 0.039983123005 0.729955257646 0.192378413917 0.654642816785
65.4 -0.092097470671 0.038580106817 0.835052205943 0.067762032627 0.731890693280 0.193765926441 0.649768486289
65.5 -0.093560450227 0.037628105526 0.835582136182 0.044081172824 0.714767105153 0.192654203804 0.670857058806
65.6 -0.091106348490 0.035492237741 0.823973345500 0.040613334179 0.710233178267 0.191104700846 0.676312341223
65.7 -0.088000945704 0.033348045526 0.810845420190 0.061122704004 0.727268307232 0.192398623943 0.655993592847
65.8 -0.093637053996 0.034025747958 0.840103375053 0.061838945618 0.705896023783 0.199455277718 0.676834056917
65.9 -0.088975787773 0.031036825936 0.819735708432 0.051203556080 0.734131285417 0.188861677029 0.650200521813
66.0 -0.083757434220 0.026456225164 0.782633441423 0.065539639820 0.741563634990 0.190103746689 0.640037886666
66.1 -0.093614449262 0.027289302118 0.830927502098 0.046721487163 0.716059133498 0.213745206833 0.662864546138
66.2 -0.089775481981 0.024778800709 0.802939403591 0.047324155849 0.734515751957 0.204340428706 0.645361932249
66.3 -0.092969714345 0.023425839493 0.817581128914 0.054422441391 0.716931717512 0.213466638050 0.661422032244
66.4 -0.093810629311 0.022923302192 0.829452251594 0.054261873497 0.720406243783 0.214654372352 0.657262499640
66.5 -0.094039716290 0.021753601320 0.819733670188 0.043449850307 0.713561057967 0.211602505519 0.666458630913
66.6 -0.097830211758 0.022215714772 0.813926238064 0.038436210384 0.701421997241 0.209432191979 0.680197027691
66.7 -0.092313379316 0.019828986939 0.795508492312 0.058853017824 0.742931838434 0.201663453375 0.635547368263
66.8 -0.096162123683 0.020516744373 0.814881098737 0.061060665246 0.732118160484 0.200892078507 0.648010005356
66.9 -0.096444421645 0.023356199932 0.820260873694 0.035336764047 0.723277560681 0.198118471713 0.660583041327
67.0 -0.097885643807 0.025011999149 0.815731737339 0.017197648568 0.702115644138 0.199366256305 0.683367367518
67.1 -0.096222956767 0.024083473192 0.816321620364 0.055799061867 0.695069468430 0.206387282158 0.686417648750
67.2 -0.094709947688 0.029740625071 0.808288035255 0.036281239171 0.716932805066 0.208529179543 0.664233848870
67.3 -0.103454225723 0.032053709110 0.853068562539 0.043630140940 0.705272796542 0.209634924136 0.675825341225
67.4 -0.099398177251 0.029756548446 0.800854158962 0.039328550727 0.693985331658 0.212229820083 0.686874171890
67.5 -0.106284000635 0.032653121515 0.852066951744 0.033501632128 0.711609427360 0.201639267961 0.672183954847
67.6 -0.100045758001 0.028468093265 0.826588895337 0.052058635349 0.719100455603 0.226217782555 0.654988509894
67.7 -0.102026403879 0.029561969515 0.824643511547 0.031323031794 0.704352886842 0.219128977489 0.674454127203
67.8 -0.100363808273 0.029193164227 0.821623341090 0.037971038389 0.723758274997 0.204906089764 0.657834062659
67.9 -0.102174648116 0.030483454704 0.813291055691 0.033951431908 0.709354195904 0.195227336140 0.676424579867
68.0 -0.101842480361 0.030300731350 0.799339886000 0.034618602611 0.703475265518 0.206634413156 0.679136453489
68.1 -0.103836553103 0.034329870674 0.802408377467 0.014770036066 0.699323435874 0.183903210159 0.690585394695
68.2 -0.102195734853 0.035304655343 0.799874761521 0.026071972185 0.723363724064 0.178529639468 0.666477563617
68.3 -0.106881349673 0.037853005348 0.827172955171 0.040805478368 0.719022358149 0.196747632017 0.665306042895
68.4 -0.110071087341 0.040982876262 0.817840330134 0.018937022917 0.727242340610 0.197166717726 0.657179771910
68.5 -0.110681756526 0.041152337175 0.802837761742 0.018427042330 0.700055067188 0.208879663483 0.682607232015
68.6 -0.117357995360 0.050836727886 0.824590700787 0.016121276542 0.710221904193 0.189367343593 0.677838447145
68.7 -0.116506238759 0.051950133619 0.800687228569 0.038895956236 0.708408389484 0.173166142449 0.683123814112
68.8 -0.123280550399 0.054864856874 0.824628841236 0.019489860969 0.700781329786 0.184725118676 0.688768686624
68.9 -0.121702359870 0.052334175552 0.808589506221 0.039525381500 0.703517069148 0.174462053949 0.687796822737
69.0 -0.124977765148 0.055844422002 0.809450226774 -0.004963790100 0.706542485671 0.148715902432 0.691850169540
69.1 -0.122522325411 0.050529146086 0.800743842475 0.016803825414 0.701826875879 0.174995844305 0.690313785334
69.2 -0.126148155932 0.052233309900 0.805075820716 0.002203182448 0.686638453710 0.166665345029 0.707633692415
69.3 -0.125359787371 0.047964959421 0.793097296435 0.026877543365 0.670824881718 0.186490064110 0.717281696211
69.4 -0.123025753202 0.045279512569 0.791306160929 0.025996893434 0.690206375383 0.193562785155 0.696758759626
69.5 -0.128369234256 0.047142782832 0.828553638531 0.026838823014 0.681916540567 0.189615815468 0.705914549931
69.6 -0.125116948125 0.046588024960 0.815417863429 0.027961411524 0.701721926483 0.185222984379 0.687384130902
69.7 -0.125127849817 0.042677965378 0.807351803779 0.042053370887 0.677081439519 0.212106295490 0.703422460311
69.8 -0.124743775791 0.042859963253 0.827412461229 0.021326654475 0.709584865855 0.194644995030 0.676866174268
69.9 -0.128683620858 0.040284054910 0.817003874021 0.025382416534 0.673962605272 0.190754220075 0.713262200842
70.0 -0.131425062846 0.036660466661 0.831731211174 0.038769299928 0.679273457966 0.204710199602 0.703689025682
70.1 -0.130077851030 0.034005900571 0.802980708349 0.032791851457 0.695488877024 0.197088425716 0.690200020909
70.2 -0.135761343648 0.034578592740 0.818432174055 0.025150037595 0.687193151792 0.203387386716 0.696969596656
70.3 -0.135111003350 0.034860334646 0.792643055137 -0.003700066244 0.698917302546 0.169810542919 0.694741169951
70.4 -0.144545576885 0.032397448574 0.823350892933 0.008544544107 0.682025736105 0.189395094219 0.706326683866
70.5 -0.141568258761 0.032264636672 0.811138522855 0.005180001108 0.677378754670 0.195018901857 0.709294591991
70.6 -0.143756848024 0.030560656088 0.813788539843 0.021884918390 0.666088021146 0.207960825716 0.715960958014
70.7 -0.141284336927 0.029972823218 0.802793145126 0.017916448563 0.679942098070 0.201500642432 0.704808651509
70.8 -0.139602921929 0.029264386427 0.804345841721 0.022428023657 0.699380268160 0.196483801046 0.686846664249
70.9 -0.133972563437 0.028463081407 0.777594400221 0.028944035936 0.704152703639 0.185304700127 0.684830914060
71.0 -0.136354317789 0.033635337497 0.808044858193 0.019681818802 0.685966738429 0.187436996541 0.702801274974
71.1 -0.133788236572 0.033549197832 0.801888243650 -0.001205091678 0.682500593060 0.188503417556 0.706157170746
71.2 -0.132263927656 0.033998824742 0.799210670914 0.024027024294 0.662909696692 0.192991118509 0.722999214600
71.3 -0.137113432342 0.038246272216 0.832066901727 0.012512945906 0.670511221656 0.185817382022 0.718143459454
71.4 -0.127172736382 0.034715584679 0.782224785074 0.001733165090 0.680084234266 0.192475955853 0.707414614537
71.5 -0.136023262765 0.036827106247 0.825192876896 0.016395899329 0.673467405378 0.192495825845 0.713525182044
71.6 -0.130846590878 0.033937312779 0.801251913950 0.020953814425 0.675600024043 0.190071180405 0.712038265512
71.7 -0.130763666484 0.034742389973 0.810834850046 0.030352421260 0.665418980189 0.186402331903 0.722184520735
71.8 -0.129339876493 0.035431177343 0.810561100237 0.011721229927 0.678438809423 0.193243782261 0.708689096329
71.9 -0.129484404373 0.036579372799 0.813797221474 0.009631431240 0.684406426638 0.188134990929 0.704343881849
72.0 -0.126077340295 0.037137249161 0.789188333089 -0.001899575289 0.667791149240 0.173692162048 0.723797212936
72.1 -0.124891664995 0.034761844691 0.800741083204 0.002000313547 0.689839126618 0.200620724309 0.695607147110
72.2 -0.127486431071 0.035023855040 0.808004302532 0.004424715266 0.668813916732 0.188345157675 0.719162337905
72.3 -0.124596384303 0.033872206025 0.799570020684 0.017197709078 0.656459052529 0.220690849470 0.721152757823
72.4 -0.123457844234 0.034227116578 0.804594860973 0.017522253728 0.693188809706 0.201605429875 0.691764046021
72.5 -0.121229436850 0.032938553146 0.779194005467 0.012269838984 0.678685044324 0.195518573250 0.707819573887
72.6 -0.124743035110 0.035336602122 0.802016480658 0.006059396633 0.688417895319 0.191516070053 0.699546767578
72.7 -0.125587791576 0.036164502935 0.811469457696 0.012387208408 0.693583124729 0.192773365934 0.693993829616
72.8 -0.125915350043 0.036179663060 0.797827836298 0.012293630466 0.663047755621 0.195382585589 0.722524868544
72.9 -0.125000347927 0.037937050266 0.803848298175 0.007321529678 0.692972531439 0.195717244577 0.693851732037
73.0 -0.126358572621 0.037814864842 0.812907072035 0.003130335569 0.678669071951 0.204787990506 0.705308705972
73.1 -0.129218986260 0.034093180050 0.788965485998 0.007298210136 0.680836956191 0.198995728324 0.704846419671
73.2 -0.128892296806 0.033288283250 0.774421877723 0.004959556603 0.678605180667 0.183073811924 0.711304710345
73.3 -0.131399379029 0.037015121081 0.772394518002 -0.014351619903 0.667387284871 0.163571492999 0.726383238846
73.4 -0.132809536611 0.035502572287 0.785138156961 0.004208999810 0.646340948869 0.193589796713 0.738070899538
73.5 -0.131769045931 0.040374977270 0.785472583123 -0.015499131089 0.659992958683 0.182531132086 0.728595537485
73.6 -0.131509075110 0.039129178083 0.788322201078 0.001831228050 0.666287710781 0.177640779602 0.724224472445
73.7 -0.130425400718 0.037516685091 0.777020739652 0.009006199517 0.663576500401 0.180998196150 0.725826955601
73.8 -0.129360568094 0.037906111745 0.767767108317 -0.000018791754 0.658232082519 0.167682255461 0.733902709079
73.9 -0.139531404713 0.041613597847 0.775749713569 -0.019105060206 0.660784830524 0.161827871249 0.732673286336
74.0 -0.141418363713 0.038551066620 0.781234009610 0.009303956347 0.649992268010 0.182235152476 0.737708504170
74.1 -0.143102476137 0.038200163944 0.778088564412 0.012380631935 0.665085731432 0.192133079162 0.721521011260
74.2 -0.149645582178 0.043443142735 0.792927265532 -0.041698680176 0.655543985720 0.156259916445 0.737635507124
74.3 -0.140723066466 0.033271612998 0.747071130664 0.019169859798 0.674913615919 0.149671317977 0.722303692429
74.4 -0.144726312496 0.036743336449 0.780396452378 -0.013233723536 0.653898993324 0.168030518898 0.737568111981
74.5 -0.142765391349 0.033938212512 0.778088103548 0.002690781104 0.668770677076 0.187641087963 0.719395137104
74.6 -0.143331125669 0.032971750110 0.786236505908 0.006891522143 0.655274394592 0.195880214172 0.729519647721
74.7 -0.143132210744 0.034658718031 0.792206193024 -0.001963725586 0.653812916199 0.179958449647 0.734942018661
74.8 -0.135372207512 0.034175686439 0.774189796176 0.000366808692 0.639346941459 0.207321841996 0.740441089979
74.9 -0.131262213937 0.036120303763 0.766033779083 0.001907920859 0.662215072092 0.188643182960 0.725176742357
75.0 -0.130223793458 0.037188443441 0.764888096187 -0.020197976072 0.655738256077 0.174956908979 0.734159016345
75.1 -0.130660012917 0.037590145539 0.777386504283 0.000321633636 0.662150820052 0.173941436310 0.728903673190
75.2 -0.127127825512 0.036223521967 0.780465697308 0.000629330156 0.666089923759 0.189619106996 0.721365657397
75.3 -0.122736671601 0.035168204677 0.774182181971 0.001868638248 0.683696967332 0.179780950267 0.707272065738
75.4 -0.122428963152 0.033762222481 0.772241142302 0.002333239911 0.669978220055 0.182486244707 0.719598854318
75.5 -0.120543354153 0.032051148844 0.766003901836 0.004372822904 0.662555681943 0.197640280531 0.722453573772
75.6 -0.118814261422 0.030968093409 0.772871819695 0.003192016234 0.666135081906 0.190057116480 0.721201883083
75.7 -0.117044087336 0.031064828192 0.772247262195 -0.005893290971 0.680232060137 0.192816086131 0.707157387299
75.8 -0.113049704011 0.030947628887 0.759112121917 -0.013170261530 0.670821532238 0.179500948523 0.719447305628
75.9 -0.111173395602 0.033540093452 0.764434848491 -0.004834045623 0.700499879923 0.160295681415 0.695400492342
76.0 -0.109839473395 0.030077242716 0.758564906471 -0.001159539549 0.675625440855 0.196445393536 0.710589984798
76.1 -0.108765394201 0.030208699377 0.763400296680 0.018861926635 0.694294920240 0.170117746904 0.699041303244
76.2 -0.115821179975 0.033346599900 0.798952259024 0.004486086811 0.648406526891 0.196482698346 0.735488545227
76.3 -0.107759091422 0.034844475376 0.762783822534 -0.023421894138 0.680561679184 0.161921010452 0.714191012318
76.4 -0.109224266886 0.035322604570 0.775419706712 -0.000648664123 0.673658989396 0.185804147628 0.715304105933
76.5 -0.102892449388 0.038182305774 0.754395685351 -0.048340747682 0.701821813217 0.160042535427 0.692456281263
76.6 -0.106190450612 0.037488822464 0.779439983274 0.003921862071 0.663785845501 0.192260687603 0.722778526461
76.7 -0.095150780942 0.038018588161 0.743438714429 -0.009451499554 0.683345901703 0.157226151455 0.712901806058
76.8 -0.097375730547 0.036599220626 0.784268100913 -0.000200761615 0.674059891106 0.203328146459 0.710141456158
76.9 -0.097275278382 0.038633931379 0.774588934422 -0.012828253963 0.659114300592 0.176838861026 0.730843206089
77.0 -0.097428002472 0.036897980925 0.780745660436 -0.012894578640 0.660210244691 0.193112514279 0.725716004699
77.1 -0.095070749620 0.037437209066 0.775186117571 -0.020747673708 0.658419351070 0.197779766496 0.725904026808
77.2 -0.097401398462 0.039469862747 0.794660309431 -0.045218355195 0.678484215775 0.174116073710 0.712248595768
77.3 -0.089287747375 0.034393182978 0.750425133622 -0.015941179757 0.679285367065 0.177806843458 0.711830032591
77.4 -0.090849185733 0.039803328264 0.760350013836 -0.004645571372 0.666347302935 0.155340426299 0.729266098551
77.5 -0.088149598232 0.039140053649 0.758505372452 -0.012093093626 0.682420837824 0.166856750932 0.711557715059
77.6 -0.089718940401 0.038920386304 0.781026323966 0.002674102767 0.668606835809 0.203625719583 0.715188307097
77.7 -0.090671298184 0.043798305374 0.775364828228 -0.025985825401 0.649227192636 0.180379144269 0.738438997841
77.8 -0.091860821714 0.042302059070 0.782963361768 -0.000824589290 0.662305859498 0.177109014882 0.727999083362
77.9 -0.089271896854 0.042443146735 0.757926664108 -0.019973738456 0.665086018139 0.175986496223 0.725458745481
78.0 -0.089930959678 0.043158661548 0.768079461610 0.002426489349 0.651177264190 0.180963650233 0.737030827066
78.1 -0.091488241572 0.045583935396 0.785283869279 0.007259076493 0.668956456293 0.184059439998 0.720115746210
78.2 -0.094265127597 0.048815889111 0.779035966365 -0.023558501094 0.647199956234 0.147805247545 0.747482991428
78.3 -0.088687398604 0.041831162927 0.754015390468 -0.009988488536 0.657563649996 0.193620931631 0.728025556650
78.4 -0.091050290450 0.043693171209 0.773346305166 0.004461423785 0.666633510049 0.178042676206 0.723796010232
78.5 -0.096787650847 0.040387502325 0.787747577663 0.000198478141 0.673274422131 0.177619786132 0.717741405163
78.6 -0.097175567073 0.041784309064 0.784476069818 0.002024957448 0.668827804813 0.167433556335 0.724314345619
78.7 -0.096039074016 0.039456853637 0.750257613116 -0.013626682678 0.648474645090 0.167703723331 0.742408519196
78.8 -0.099625541939 0.039692225809 0.753254471206 -0.012065503056 0.638476467892 0.151897828545 0.754406570271
78.9 -0.099634564140 0.041397387571 0.770014512368 -0.019000243629 0.660569913896 0.156223934872 0.734084778326
79.0 -0.103068682273 0.050815785760 0.784470238865 -0.102833814611 0.664843348931 0.089615043234 0.734423360182
79.1 -0.111582769508 0.042321828282 0.807574682607 -0.025658517536 0.645030057846 0.159824121751 0.746815984737
79.2 -0.101876701412 0.039440441425 0.742001628958 -0.037204635415 0.658395369957 0.155366088954 0.735522080108
79.3 -0.110050161627 0.037687263864 0.763975980700 0.006185255496 0.664031726944 0.164895856034 0.729268787820
79.4 -0.106007071221 0.038129474082 0.732835791871 -0.008761205452 0.674079241065 0.175265617337 0.717511241322
79.5 -0.114905610956 0.048372028275 0.766436077249 -0.073637250801 0.680164226663 0.107321063895 0.721412759318
79.6 -0.129955130898 0.051976545661 0.824828437940 -0.074409090131 0.654683497742 0.086600755615 0.747230295302
79.7 -0.122643803228 0.042177150958 0.749268376956 -0.003059086202 0.643154339657 0.159652307263 0.748902048440
79.8 -0.120645802162 0.043153061971 0.725714837239 -0.011906621177 0.653848783752 0.152493535358 0.741003186249
79.9 -0.128378597681 0.046958176118 0.767995383048 -0.031871470108 0.651167764144 0.148144229286 0.743651826907
80.0 -0.139024419475 0.061935374374 0.801412214000 -0.086136828461 0.679498643935 0.065791434366 0.725626299714
80.1 -0.133334941203 0.055979442028 0.771589731638 -0.064173501442 0.680196426199 0.108306428131 0.722138699368
80.2 -0.143278315723 0.070420612647 0.829151840689 -0.076070802930 0.658133264519 0.043439776830 0.747787954479
80.3 -0.127131892619 0.055910376215 0.736923690835 -0.046772199409 0.638664374420 0.095780384338 0.762067120525
80.4 -0.131512089641 0.062517906605 0.784636164505 -0.076716998752 0.649242792717 0.040749004113 0.755604272666
80.5 -0.117044503244 0.050117785214 0.758056520086 -0.047935763499 0.657698734048 0.145439125880 0.737551353108
80.6 -0.114572545018 0.048359146778 0.762921471262 -0.051624216607 0.646756193013 0.127366889835 0.750212664804
80.7 -0.110924958508 0.047271196265 0.748786371867 -0.029290014962 0.675293535921 0.113549594102 0.728167031008
80.8 -0.117768894549 0.059909319912 0.842071437762 -0.078256130581 0.662864258546 0.073038266421 0.741048152556
80.9 -0.112661223523 0.050711743531 0.814609204019 -0.077180618280 0.658797509894 0.073884067543 0.744694660705
81.0 -0.106866066820 0.048116869090 0.788322190796 -0.033483152631 0.656336976306 0.101403717668 0.746872102884
81.1 -0.096338259488 0.040321449712 0.781338823553 0.007580214856 0.692611030055 0.131804598880 0.709126257519
81.2 -0.101327169080 0.045703150611 0.817026030134 -0.038053335527 0.677371143645 0.092755789980 0.728777497483
81.3 -0.095355319272 0.049022177348 0.805671304339 -0.082694337398 0.697872779480 0.075435817863 0.707421138790
81.4 -0.100647013967 0.055774768779 0.832086371585 -0.062853761159 0.679823528770 0.063830343884 0.727883961658
81.5 -0.084828996927 0.040881392962 0.754779742158 -0.023158601894 0.663985513666 0.150847073572 0.732005517188
81.6 -0.073413480494 0.037193094161 0.725850016138 0.001911985018 0.744652901124 0.098075242952 0.660204247094
81.7 -0.107990281994 0.036921091369 0.808081505413 -0.029372200326 0.655972128472 0.109994059887 0.746149547548
81.8 -0.104253166083 0.036440041171 0.786457841936 -0.064605079789 0.667912301640 0.068940312651 0.738218513907
81.9 -0.097348385001 0.023736695615 0.736103806298 0.024355452253 0.657668174747 0.158116076156 0.736124099817
82.0 -0.103130840121 0.029309156015 0.767881826175 -0.036151804470 0.651221284530 0.138646446910 0.745238920325
82.1 -0.110116905526 0.036116242340 0.819500587350 -0.055913106882 0.660382743467 0.073870323841 0.745192278453
82.2 -0.090738229980 0.023865168098 0.716630189855 -0.023520536182 0.664942819315 0.148237813598 0.731657967932
82.3 -0.100419205036 0.023793657261 0.809121873921 0.016660074690 0.671001472451 0.182825614912 0.718369167219
82.4 -0.095495472729 0.020660201077 0.796481073065 0.049434962944 0.668805180385 0.143007727347 0.727876778753
82.5 -0.091729238679 0.027284548619 0.797482117957 -0.046321176798 0.676536329053 0.075550538183 0.731057494477
82.6 -0.077131047161 0.017186851178 0.737721196377 0.001519255570 0.710432583671 0.126237292593 0.692349176269
82.7 -0.071432660835 0.019244644491 0.758589823836 -0.018609528400 0.733213636138 0.115310027803 0.669891817178
82.8 -0.078661878575 0.020689404155 0.799264313638 -0.048874623204 0.704974896629 0.107765539265 0.699291251823
82.9 -0.081616319981 0.021961512291 0.821910181790 -0.100418829314 0.701226650715 0.087615370824 0.700371893954
83.0 -0.081082050100 0.018623493143 0.775841237517 -0.029356759328 0.694644272939 0.108677502522 0.710490475095
83.1 -0.080866938619 0.024189237072 0.823246100210 -0.027342431588 0.679737250260 0.083085875789 0.728221394418
83.2 -0.073574764540 0.021835056140 0.766177876813 -0.031401047114 0.666475892253 0.134441921336 0.732631714488
83.3 -0.070860454580 0.014486290459 0.756976063526 -0.002847366984 0.656280689451 0.148589716573 0.739735523876
83.4 -0.060901469532 0.018609184308 0.789162275502 -0.028997972773 0.667484045161 0.122989208657 0.733824108070
83.5 -0.057620224519 0.021505183305 0.815512018802 -0.035067181465 0.692334362891 0.150035448097 0.704934597717
