0.0 -0.023437203945 0.022610075566 0.808624813843 0.054265618813 0.904587514563 0.291935119444 0.305860355631
0.1 -0.023705325506 0.024029566895 0.801755881536 0.057441367218 0.899628816772 0.287011579415 0.324025978353
0.2 -0.026198248890 0.025798518717 0.804614675579 0.050792954225 0.893923140304 0.299305158126 0.329754328781
0.3 -0.026069935627 0.026154736907 0.813543966737 0.051798370495 0.896328990951 0.304040197260 0.318544859077
0.4 -0.027840146962 0.028349058869 0.795776389454 0.053103245477 0.896219962002 0.294365001295 0.327595895948
0.5 -0.029566935031 0.031390964765 0.800393693824 0.053487393565 0.896911302157 0.294149200399 0.325830420154
0.6 -0.030298228917 0.032537538408 0.812500188249 0.057120525214 0.900101551665 0.292607597307 0.317703063075
0.7 -0.029998345053 0.033718519200 0.803607588499 0.057452116728 0.900318397717 0.294457523265 0.315310646837
0.8 -0.030924479035 0.035212007512 0.804920190880 0.059827921833 0.901102636002 0.290608779200 0.316198033850
0.9 -0.033227641508 0.035709622839 0.802540165815 0.053858625049 0.896042017514 0.300558469434 0.322292658634
1.0 -0.036247157365 0.036788818517 0.816834845092 0.057755025497 0.901091334326 0.293779248880 0.313675815390
1.1 -0.040977192511 0.039698097218 0.794281959087 0.054836017635 0.903970242375 0.281805217536 0.316885833448
1.2 -0.044704848007 0.042863156241 0.804826326481 0.054148632358 0.895870976235 0.293602253540 0.329060535875
1.3 -0.047388016118 0.042453120965 0.819673484002 0.056913487703 0.897825574124 0.296621009430 0.320446672835
1.4 -0.050992149263 0.041583124105 0.772947736558 0.052259201704 0.897202722358 0.279355501193 0.338018867496
1.5 -0.054736696004 0.045504425442 0.791330014619 0.050502390643 0.894132352909 0.288530145729 0.338714037244
1.6 -0.057450719929 0.043337297201 0.797450107468 0.056818397946 0.893048490737 0.286218304671 0.342512985036
1.7 -0.059370174850 0.041407759036 0.780403545664 0.052801354469 0.892452388944 0.293380319631 0.338627728468
1.8 -0.063914278418 0.045707428591 0.789514541759 0.041035597081 0.892340147618 0.283685497750 0.348665569118
1.9 -0.061254298381 0.046249673521 0.779624374140 0.044568429383 0.893297144042 0.279914898508 0.348828779120
2.0 -0.061166264004 0.047293344547 0.792979024237 0.039662956413 0.899308423358 0.277251366669 0.335861413748
2.1 -0.062983307134 0.049267573337 0.804667308550 0.043080677647 0.893171140345 0.294861783820 0.336817306134
2.2 -0.059556282887 0.050379696575 0.806544521574 0.041007292977 0.897669654990 0.288811879591 0.330295762371
2.3 -0.057437064823 0.049631281664 0.801713445347 0.045690796359 0.894694010468 0.293802506677 0.333339265360
2.4 -0.056961324782 0.052180840079 0.805304837507 0.041187976772 0.898642308864 0.283396570351 0.332313007874
2.5 -0.057476859259 0.050892595539 0.817921176775 0.048224178594 0.898564718020 0.291671644884 0.324320100670
2.6 -0.057377567978 0.051552485377 0.807623414396 0.047180687574 0.904311773561 0.285344206681 0.313963186747
2.7 -0.060396689560 0.050980055941 0.802929013139 0.043466800399 0.900323679666 0.294791529627 0.317215799032
2.8 -0.064271233675 0.050934094041 0.798480298836 0.036237541209 0.896329214602 0.295394487791 0.328668337753
2.9 -0.065478876363 0.051159670587 0.792805822315 0.040207191574 0.898951357493 0.286553964442 0.328871804916
3.0 -0.068145348489 0.052184802480 0.801371599108 0.034258128211 0.898336780707 0.294037977718 0.324590629471
3.1 -0.068908278291 0.051043976469 0.808677833853 0.034615532889 0.898189701864 0.291514940999 0.327224790508
3.2 -0.069050633366 0.050609213569 0.794784934855 0.025590861751 0.897292212836 0.286890456741 0.334523031211
3.3 -0.070759943310 0.050588315194 0.788780057422 0.029649205813 0.900317056020 0.285955423708 0.326771508682
3.4 -0.070337432928 0.050600448945 0.788192065744 0.025772000003 0.898842889386 0.283484849649 0.333247061856
3.5 -0.069565560434 0.048555431115 0.789337551255 0.032774196461 0.898480556702 0.285011831792 0.332305276838
3.6 -0.071063712701 0.051255787505 0.801059091058 0.031147702337 0.901316825695 0.272014698580 0.335657271804
3.7 -0.072690450596 0.051220860783 0.784914614964 0.027187970573 0.893134133429 0.278913667945 0.351822966552
3.8 -0.074231977818 0.052028681079 0.797970816512 0.031809205152 0.897280639593 0.284002952269 0.336478753241
3.9 -0.074809120476 0.052403483320 0.799757938339 0.027668935307 0.899577142692 0.279795453248 0.334230307883
4.0 -0.074593476261 0.053491783158 0.794034643148 0.027535713277 0.902449821081 0.275239345283 0.330256578639
4.1 -0.074436969628 0.053538622459 0.795251721036 0.026372694159 0.903055005656 0.270550638985 0.332563511992
4.2 -0.076006165192 0.050978098103 0.798509159930 0.018752666175 0.896992843383 0.280753177573 0.340924961998
4.3 -0.078265684167 0.049844298620 0.793200264073 0.022272191301 0.894467526182 0.289399051826 0.340117601578
4.4 -0.078593110205 0.051592635844 0.793622351293 0.024251680672 0.896897619041 0.283854733892 0.338249917945
4.5 -0.073438385260 0.047929915664 0.773889606629 0.023538312923 0.903070165749 0.269117078983 0.333895524615
4.6 -0.076834690687 0.048192166046 0.789374802247 0.018874632970 0.901967900618 0.278008055600 0.329862358427
4.7 -0.082210418761 0.051106007471 0.800397476625 0.015467764343 0.897245181733 0.287603038464 0.334658519074
4.8 -0.083693092786 0.053473140156 0.802185123675 0.012449015169 0.900473068274 0.276176678503 0.335737572496
4.9 -0.082809982550 0.051760107630 0.793762831227 0.021647938950 0.899107190012 0.277042510153 0.338208626702
5.0 -0.085201698170 0.054222271258 0.778036648851 0.016376891676 0.896156698992 0.284778587858 0.339906051973
5.1 -0.089501020449 0.057691408646 0.796972437590 0.015403403293 0.897022640614 0.283124415090 0.339048201549
5.2 -0.090293037603 0.058797569812 0.792652852396 0.002244825596 0.900014557028 0.273628750248 0.339258109605
5.3 -0.093092729704 0.060821861383 0.772849244767 -0.008496332934 0.901516567093 0.263888241710 0.342868323807
5.4 -0.093941877601 0.062574542718 0.767267627035 -0.001919342780 0.899470220596 0.267824001949 0.345282409579
5.5 -0.096194407283 0.065708198272 0.772276151333 -0.011339948504 0.903243054934 0.257413987044 0.343163850888
5.6 -0.099478937425 0.065657544642 0.775016059041 -0.006471034970 0.899100673676 0.270507887983 0.344095316504
5.7 -0.098667359138 0.064969288621 0.762429412775 -0.014626282200 0.896490124221 0.268164643161 0.352390767758
5.8 -0.100580765025 0.065165249697 0.781753345489 -0.020022533425 0.898304676584 0.271459446902 0.344902268579
5.9 -0.099065594301 0.062814860139 0.772690040763 -0.018457071446 0.905537387485 0.258478170748 0.335932153309
6.0 -0.095411821583 0.060441442183 0.773135016023 -0.021097521553 0.900892961912 0.256196499448 0.349728636850
6.1 -0.094896098097 0.060924527627 0.793184596698 -0.015218426395 0.905567755207 0.266671784969 0.329547567628
6.2 -0.092842415230 0.062654072518 0.784338925350 -0.023989405221 0.901414728211 0.268152007604 0.339072996595
6.3 -0.090208905786 0.063926058546 0.791221567787 -0.012856741976 0.909436377905 0.261074239232 0.323419882411
6.4 -0.083934914093 0.062670369855 0.775353294780 -0.012177161453 0.908906756011 0.260752727922 0.325189545492
6.5 -0.085817243874 0.063385088511 0.789036186161 -0.007932799221 0.907498463100 0.261981919608 0.328251555925
6.6 -0.085526400191 0.063186510373 0.784920474847 -0.017118359040 0.907954877690 0.263405588502 0.325487938038
6.7 -0.085663982181 0.062907761891 0.789390366941 -0.018776090497 0.902732441975 0.275272755615 0.330070457097
6.8 -0.084451263620 0.062791238747 0.786035448203 -0.020301132824 0.907413027886 0.267169221641 0.323743830576
6.9 -0.083524201486 0.063312572311 0.776832681668 -0.015708448226 0.908748482014 0.264087557504 0.322780425464
7.0 -0.082627615315 0.064696739596 0.780761359856 -0.018486049330 0.911253921004 0.260083216198 0.318796609277
7.1 -0.082396922613 0.065806765814 0.788583569102 -0.018481359085 0.908598687282 0.271256836828 0.317059289898
7.2 -0.082500224867 0.065281141786 0.802290908759 -0.011394768666 0.903192895525 0.279597118145 0.325481496011
7.3 -0.080528076157 0.066004934183 0.763053058645 -0.026027490763 0.903178457940 0.257096301976 0.342772131813
7.4 -0.083557987736 0.067654612252 0.768393297514 -0.017341996917 0.907827765798 0.256518065550 0.331280070086
7.5 -0.086798681482 0.067065030873 0.785398010854 -0.017349319947 0.904087775854 0.273179809023 0.328172342818
7.6 -0.088374863623 0.066524963555 0.773820310128 -0.029120227837 0.902944087586 0.256729464933 0.343415155255
7.7 -0.086958123028 0.064850912531 0.772408427280 -0.029617438503 0.903543953659 0.266723752784 0.334050251973
7.8 -0.085528814899 0.064058956478 0.762222547986 -0.021016625041 0.910051294794 0.251386895199 0.328891427735
7.9 -0.086708337443 0.062924273163 0.782508144532 -0.017131155193 0.904451164959 0.270850937979 0.329111505606
8.0 -0.084707727867 0.061677640557 0.770085779246 -0.018884272113 0.909211899510 0.259043884775 0.325381886122
8.1 -0.087131118827 0.061719170807 0.779523968316 -0.024930781206 0.906924781906 0.269269788302 0.323047484468
8.2 -0.086614766818 0.062901202824 0.774791735911 -0.022947284510 0.908088112123 0.266862303273 0.321922217075
8.3 -0.088100133692 0.064880254453 0.783033685588 -0.023693707703 0.915336552535 0.262963149724 0.304052603501
8.4 -0.088501584219 0.064774442045 0.787056538556 -0.024277726385 0.909306486973 0.266324162951 0.318816161727
8.5 -0.087070666136 0.062319404042 0.784973493105 -0.023027584334 0.908449086019 0.272243232571 0.316344133486
8.6 -0.084986905292 0.061509438566 0.786038923296 -0.024855475852 0.908883313521 0.264520824971 0.321468600147
8.7 -0.082636602325 0.057600817475 0.774179882435 -0.029918256984 0.914060638295 0.256390651740 0.312828836776
8.8 -0.083063497805 0.058610677996 0.783772167016 -0.014158047493 0.911258232991 0.266742687518 0.313458643448
8.9 -0.081903751287 0.059765161024 0.777678593026 -0.024564969267 0.917063630141 0.250289823898 0.309428286700
9.0 -0.081464334929 0.059352837582 0.784816946976 -0.019657315007 0.918771421927 0.256396686780 0.299555342509
9.1 -0.082964852250 0.058322221043 0.795618679211 -0.027556874334 0.916590572260 0.265641209081 0.297551826678
9.2 -0.078334360310 0.056185173420 0.778774738994 -0.020135582411 0.907369479410 0.269732174095 0.321744837432
9.3 -0.075392173903 0.052017733576 0.776184419122 -0.024052802629 0.913220567036 0.262589094298 0.310639060944
9.4 -0.071530770943 0.049188785253 0.770713606112 -0.009995159425 0.922882265289 0.252217080996 0.290817752652
9.5 -0.068752550960 0.047210152509 0.783959694604 -0.028211870250 0.919770485434 0.262250674876 0.290604418460
9.6 -0.066148821986 0.046517491579 0.787022901380 -0.021130166805 0.913942664708 0.260952261202 0.310106818775
9.7 -0.061755852288 0.043893337125 0.796409903474 -0.015466957242 0.918424636190 0.271341806017 0.287455362065
9.8 -0.061916146106 0.041823659399 0.796647662068 -0.022926336174 0.906174549373 0.280565711255 0.315602520343
9.9 -0.059986717191 0.041302101536 0.797986781554 -0.018855175224 0.916075616193 0.265654049486 0.299796387194
10.0 -0.057749878267 0.041457642441 0.783473758269 -0.016276969011 0.916949090808 0.262107483998 0.300398222329
10.1 -0.061540406461 0.042803234901 0.797256248145 -0.027092164344 0.914521599652 0.272747062836 0.297532011918
10.2 -0.064517884508 0.042768654164 0.799944097677 -0.023991319483 0.917890347003 0.272103731143 0.287856365166
10.3 -0.065791632747 0.048521957217 0.790257713122 -0.029679945078 0.920283094038 0.252265331033 0.297590877627
10.4 -0.067552836663 0.048514501634 0.808243538268 -0.028383083067 0.915089571816 0.277005671013 0.291673335043
10.5 -0.066015797003 0.049305706310 0.803060851584 -0.013650130279 0.920173001209 0.251293702164 0.299911315294
10.6 -0.067667254048 0.047888548318 0.798587549685 -0.024541609620 0.911383788080 0.269937383132 0.309695187903
10.7 -0.065649578724 0.049386887742 0.794430026336 -0.017626755508 0.917698481049 0.261012376471 0.298983836855
10.8 -0.068913918006 0.049815085767 0.786886997780 -0.028028537300 0.921653374346 0.239060682876 0.304334435376
10.9 -0.071556936712 0.053216410703 0.803625916088 -0.032845027396 0.919715193327 0.260039092996 0.292275276843
11.0 -0.070886351167 0.052746047897 0.783616462696 -0.036618455650 0.915384736929 0.259551461694 0.305553450046
11.1 -0.072453569952 0.052792470559 0.802579266021 -0.025176334744 0.920995365636 0.251362296493 0.296564806657
11.2 -0.074725767116 0.054192248152 0.811068692277 -0.026931875240 0.921415333843 0.259216959134 0.288227383764
11.3 -0.074411806768 0.053524004980 0.808610154701 -0.032416803698 0.919779231913 0.256823524706 0.294952525903
11.4 -0.075600564411 0.052191242416 0.815550488985 -0.032044451749 0.924985952659 0.246878212296 0.287098047343
11.5 -0.076460401434 0.050741003541 0.805842660028 -0.036408495937 0.925851889933 0.235090758565 0.293606938897
11.6 -0.074191868817 0.050401869616 0.810971165298 -0.024681481518 0.920529143270 0.251456616006 0.297970621250
11.7 -0.070937756197 0.049383393847 0.797331482318 -0.024154699949 0.926757698443 0.232914349582 0.293747552511
11.8 -0.069646127502 0.047483188850 0.816801154613 -0.024652646461 0.922328231100 0.250949322390 0.292792279151
11.9 -0.068924018063 0.047379165560 0.807901726463 -0.031232186484 0.923364081151 0.249609286723 0.290031943324
12.0 -0.066818136656 0.045859637894 0.823392538501 -0.015581436896 0.923877909137 0.251468066287 0.288046245369
12.1 -0.064026922280 0.047291086352 0.778758614285 -0.026408838055 0.923268207869 0.250910075225 0.289693844881
12.2 -0.064895022258 0.045401355258 0.810039246959 -0.030868058484 0.926832543575 0.243525558185 0.284119520002
12.3 -0.063465545082 0.044926175460 0.804328446770 -0.032762055986 0.921407564154 0.256621672813 0.289965628049
12.4 -0.066199575877 0.045150989922 0.817720010429 -0.027715489825 0.915989641904 0.259830769739 0.304438497312
12.5 -0.065271722723 0.048126461234 0.816182559349 -0.032650567229 0.922882317931 0.245365702611 0.294987863636
12.6 -0.066818107087 0.049530124941 0.823318619494 -0.029906638096 0.918705963177 0.259229943450 0.296453677054
12.7 -0.065440159736 0.052536158385 0.823958376060 -0.028686825106 0.925190738756 0.245316929269 0.288129774927
12.8 -0.064525862122 0.054745186299 0.812800019161 -0.037142517714 0.917005845022 0.254813110247 0.304616139461
12.9 -0.064338755625 0.056983546996 0.830259889750 -0.028536522551 0.921068797145 0.252847190608 0.294764712961
13.0 -0.065336988396 0.056486194079 0.817093111573 -0.029880992377 0.915970154522 0.246478842476 0.315204667685
13.1 -0.064970335947 0.058809452857 0.814307412163 -0.024611737665 0.923458299159 0.226031462531 0.309077352825
13.2 -0.066094314493 0.058450657649 0.827399167330 -0.019455671719 0.916163307589 0.256057715967 0.307734815643
13.3 -0.065868828147 0.060431602202 0.827017278720 -0.019032535767 0.917115376296 0.243993568314 0.314649468084
13.4 -0.067725147462 0.058797634465 0.823494738631 -0.018784165293 0.913364747019 0.251872933898 0.319330579819
13.5 -0.069997579235 0.058462163993 0.829539697578 -0.026648882740 0.921695756330 0.234799740142 0.307629406659
13.6 -0.070040172933 0.055063318349 0.839293517159 -0.017013449023 0.917142832922 0.249696113243 0.310179653756
13.7 -0.069562058345 0.052215416873 0.828014413630 -0.017399086316 0.921467783870 0.233776661549 0.309746456960
13.8 -0.065439445041 0.050006105175 0.821197346498 -0.014104636643 0.909529630535 0.254561477127 0.328261122838
13.9 -0.063922811638 0.050426573910 0.821733738861 -0.016926516458 0.913014524850 0.244499983681 0.326094661768
14.0 -0.063097015416 0.050873563688 0.819814266149 -0.010404436982 0.909522337134 0.254982640458 0.328092546410
14.1 -0.067144839901 0.050429812094 0.831396706969 -0.006754888773 0.915221862266 0.248743157959 0.316938725429
14.2 -0.070018445251 0.050338913973 0.836386130505 0.012669696473 -0.909795901442 -0.258533930124 -0.324455087007
14.3 -0.073117822266 0.052215719604 0.837866763353 -0.014644416887 0.915555519325 0.243490990235 0.319774560844
14.4 -0.074649290393 0.053338819574 0.846299087364 -0.004889751128 0.913031759250 0.242468091906 0.327960853368
14.5 -0.073271440026 0.051646810307 0.823041489199 -0.008145101116 0.907502697908 0.252902830827 0.335279985648
14.6 -0.077916924298 0.052014781971 0.847503440990 0.000654672892 0.919510482098 0.235992955138 0.314336395986
14.7 -0.079501116755 0.051297494790 0.838771853626 -0.002091024133 0.905394154905 0.256711478569 0.338166037107
14.8 -0.082192073359 0.050697345507 0.835525820535 -0.003205762290 0.908223285031 0.242786324933 0.340844521799
14.9 -0.085749021420 0.050416554239 0.854182957866 -0.000226622544 0.909957716801 0.241400179570 0.337198540300
15.0 -0.085147482566 0.050665190703 0.834452807171 0.000233238937 0.909894353062 0.246042591319 0.333998884912
15.1 -0.086761432306 0.050088792211 0.846883774009 0.004019103957 0.908729224192 0.245458095880 0.337557946240
15.2 -0.088668792414 0.050346173645 0.846549025264 0.005489072357 0.905294835272 0.243646297967 0.347918974479
15.3 -0.092024489990 0.051176655454 0.872466702890 0.000979589763 0.905211719981 0.246787492769 0.345957679240
15.4 -0.090312756986 0.050881054655 0.858621559526 0.004946682721 0.908115232274 0.239731901444 0.343265015216
15.5 -0.091282281362 0.050701718957 0.866553251348 0.001770096332 0.908827124510 0.234982067647 0.344693417978
15.6 -0.088104124400 0.051281292948 0.855598154640 0.005261042213 0.907554506477 0.242321051509 0.342925133527
15.7 -0.088185413846 0.050912884867 0.859573496175 0.004850315345 0.911181339491 0.241533327437 0.333746449782
15.8 -0.089008440130 0.050063980159 0.862313473382 0.001879957709 0.909620461885 0.241707413927 0.337882534516
15.9 -0.088277238384 0.049967479049 0.868097220457 0.004457443111 0.910862074646 0.242995932132 0.333561672169
16.0 -0.085782176704 0.049505681474 0.854543526967 0.009255382098 0.911501605032 0.244977850149 0.330249927877
16.1 -0.087448734227 0.050503442907 0.860583066529 0.000231461914 0.909620042006 0.241560439925 0.337993904487
16.2 -0.084286290459 0.048980160941 0.839976846753 0.006914504377 0.910570057701 0.241622451720 0.335310230194
16.3 -0.086757450071 0.048906663974 0.868139595299 0.006057189062 0.911679990003 0.235449762798 0.336699146848
16.4 -0.084255308559 0.048377415000 0.860148860635 0.006193747004 0.904607976038 0.252140717776 0.343614763398
16.5 -0.086330095555 0.049193181385 0.874746566641 0.004681909064 0.908951730650 0.232419857431 0.346072016996
16.6 -0.086148799522 0.048887729085 0.874040242808 0.011301417899 0.911383194216 0.235296225575 0.337473906375
16.7 -0.086840219094 0.049236747117 0.871254026744 0.003784547038 0.902938439933 0.247330789245 0.351447480551
16.8 -0.085572136829 0.048290077167 0.853818193290 0.004494437078 0.902466333818 0.247376786238 0.352617415892
16.9 -0.085546860046 0.046972273014 0.849990288901 0.007048467220 0.896967747743 0.252541888765 0.362797151363
17.0 -0.085324591464 0.046711870087 0.853491108690 0.010257274628 0.904649490488 0.237087254611 0.353968531622
17.1 -0.089597768831 0.046686159998 0.873828012254 0.006132996257 0.901933107250 0.246004943203 0.354909318452
17.2 -0.090360167585 0.046586567731 0.871628172472 0.009353410411 0.899587537288 0.240717858871 0.364293410442
17.3 -0.090119863932 0.047695899308 0.866649986102 0.013115753003 0.901419193747 0.235178756997 0.363266247297
17.4 -0.091737275610 0.047704593189 0.872425312448 0.014431718058 0.905085610695 0.232897690976 0.355486185899
17.5 -0.092229474394 0.045827257237 0.868619493541 0.011613423704 0.904484969617 0.232716395067 0.357232623921
17.6 -0.093989124876 0.045146914824 0.865566970103 0.012336448071 0.900877494312 0.239474476500 0.361828035669
17.7 -0.096084899317 0.045511357236 0.865353240706 0.012071957440 0.900688601696 0.239527548052 0.362271810030
17.8 -0.098127584936 0.045483927708 0.862715125213 0.014239552314 0.907071912172 0.223033360363 0.356754679665
17.9 -0.097958050496 0.043759512383 0.866075568513 0.026233761996 0.900190764310 0.247821085136 0.357145750842
18.0 -0.095850006657 0.044407063751 0.850668419039 0.014754059454 0.897059233497 0.250160428259 0.363987375414
18.1 -0.098497399070 0.044830485626 0.865317409120 0.020841949061 0.902507786950 0.243135310977 0.354866916197
18.2 -0.100033896442 0.044165413701 0.862642328870 0.018023830389 0.896631078323 0.249461590292 0.365372092384
18.3 -0.099683094216 0.045178585065 0.869439210183 0.018348646431 0.900830196862 0.235178800284 0.364498580920
18.4 -0.100741448198 0.044590920871 0.880648880507 0.016426023024 0.896740681584 0.242283914007 0.369979513991
18.5 -0.100514701955 0.043471362917 0.876348821951 0.017824710130 0.890256887189 0.247156436169 0.382150036741
18.6 -0.097698070308 0.042572182079 0.864697865560 0.021021794128 0.895410204812 0.240809011058 0.373911312324
18.7 -0.097318357401 0.042227446255 0.872822593329 0.025326633151 0.897939957410 0.236765759032 0.370141013520
18.8 -0.095758354292 0.041899063368 0.868606677406 0.019803227950 0.894566995523 0.247825327790 0.371403190063
18.9 -0.091975585947 0.040578080844 0.849326928485 0.016774638298 0.893051257447 0.248666285070 0.374624000502
19.0 -0.095129933315 0.041210420128 0.879336420886 0.021347238874 0.889775974731 0.252159657819 0.379813792737
19.1 -0.092543115548 0.041120944960 0.874181223270 0.023503550360 0.894274536124 0.248229593799 0.371621724234
19.2 -0.091697614283 0.040960593387 0.872819196878 0.026388066762 0.894915425848 0.254513717769 0.365585582291
19.3 -0.091141719299 0.040745715576 0.871681738024 0.022907916097 0.889222984105 0.254444260996 0.379494176458
19.4 -0.089502762731 0.041054233083 0.875476400572 0.027875689789 0.895011372027 0.248654950971 0.369253713887
19.5 -0.089654266962 0.042324488162 0.876971439889 0.023901098365 0.897338705992 0.243386350071 0.367389532819
19.6 -0.088966235981 0.041699743982 0.871536300591 0.024219441667 0.892577305641 0.248194905935 0.375657371508
19.7 -0.087556701723 0.041886823105 0.864278906320 0.021086792148 0.891094493379 0.246040796539 0.380749100464
19.8 -0.091252716569 0.043205906504 0.881568467792 0.022401418299 0.885468324917 0.245079395387 0.394182840804
19.9 -0.088536972558 0.043522595856 0.869989445653 0.022189435054 0.892519521953 0.244182376847 0.378538635733
20.0 -0.089510542748 0.043892391971 0.875582067470 0.023890432239 0.888784798207 0.253453977182 0.381119287329
20.1 -0.087801918603 0.044297770385 0.852531179934 -0.018484179631 -0.891868019796 -0.250108701776 -0.376397937912
20.2 -0.092465855560 0.045378845219 0.872350437505 0.019259531433 0.888336756565 0.246794960487 0.386754605483
20.3 -0.092683443913 0.045084447210 0.865045184794 0.016668876016 0.888104664465 0.244342142615 0.388959086370
20.4 -0.094080129968 0.044675368840 0.871151840091 0.027476537845 0.883595946060 0.250130952014 0.394889542555
20.5 -0.094542434258 0.044392215380 0.869461032099 0.026257493435 0.891578626336 0.231955105674 0.388065620806
20.6 -0.096102494336 0.044586179873 0.874542635020 0.020752209437 0.890338314537 0.229838949704 0.392480685729
20.7 -0.097971733341 0.042994550716 0.878876484665 0.026657213019 0.881391648086 0.250675030538 0.399499918327
20.8 -0.099175385157 0.042857624519 0.879121116676 0.022603660564 0.883007853294 0.244771093278 0.399841615449
20.9 -0.098857220883 0.042852485032 0.880214353665 0.024806258736 0.887990795997 0.235946903234 0.393936612423
21.0 -0.097727647527 0.041463142925 0.871735006317 0.029305893076 0.890264810456 0.232994312605 0.390235034549
21.1 -0.098659048741 0.041732499609 0.872171269835 0.025049885795 0.887715633251 0.236958459814 0.393934189967
21.2 -0.099122948752 0.041489532483 0.870197969610 0.023767022246 0.881192872635 0.245846778119 0.403104963452
21.3 -0.098768443034 0.042758546624 0.874881740988 0.028438988717 0.888498049191 0.233285530099 0.394132340655
21.4 -0.100227897469 0.042625654803 0.881695309810 0.023010882609 0.879490477421 0.242468451598 0.408871678388
21.5 -0.099235681529 0.042114313993 0.884713847237 0.031965406464 0.883793290617 0.237999300197 0.401551946024
21.6 -0.100139216162 0.043333481874 0.882355697930 0.024053345596 0.874603536529 0.247843610903 0.416009176572
21.7 -0.098470922976 0.043573513910 0.877275953008 0.028376956298 0.877989589296 0.239310711126 0.413593294168
21.8 -0.097976557416 0.043133518847 0.876267107091 0.029969942340 0.876388104470 0.236315916014 0.418569564992
21.9 -0.096089984662 0.043509611853 0.875311328493 0.035293585370 0.882793169100 0.233351089117 0.406174657789
22.0 -0.097814635599 0.044863363249 0.887229627749 0.032123932426 0.880369676471 0.238016424777 0.408981010869
22.1 -0.097652775639 0.045160189915 0.889070924081 0.037954734545 0.883441878399 0.233876983180 0.404217073310
22.2 -0.097540942516 0.045618079107 0.889966278145 0.033927131681 0.881332080919 0.236973186073 0.407365219382
22.3 -0.098436851956 0.045720855181 0.890635370987 0.032467312868 0.880768461576 0.230472864577 0.412401563263
22.4 -0.096680172061 0.044505956651 0.883099026723 0.034987151649 0.880420818432 0.232669429258 0.411703799326
22.5 -0.098043526167 0.043490985051 0.891161658560 0.037987991196 0.875221288811 0.242058815868 0.417075697924
22.6 -0.098742390509 0.042383000235 0.898215065105 0.042978458529 0.870335255582 0.248760772509 0.422832677373
22.7 -0.098683541961 0.042829688084 0.900255639576 0.041347246779 0.872690058763 0.240455915633 0.422946118503
22.8 -0.099176164300 0.041782496370 0.892673191660 0.034748502825 0.872806562572 0.243064926112 0.421806457486
22.9 -0.097587149801 0.039159930929 0.868316143502 0.029095716044 0.872091147935 0.252658125074 0.418060211973
23.0 -0.100956213249 0.039056968684 0.877586379777 0.037278676408 0.868601546651 0.255416164283 0.422970727668
23.1 -0.104132612744 0.041880323442 0.886151004996 0.038136809775 0.871515966670 0.242856184654 0.424295153347
23.2 -0.103886636303 0.043206308175 0.882793511994 0.032509626205 0.873105241791 0.238705017944 0.423851713893
23.3 -0.104219214518 0.043986302476 0.889016853802 0.038756496360 0.873784560209 0.235645398291 0.423638669853
23.4 -0.102069316033 0.045945413604 0.880540061711 0.030980968611 0.875558949801 0.242160743071 0.416887130436
23.5 -0.102816449004 0.046423114814 0.881751040265 0.032288766191 0.872701946617 0.244357211329 0.421471590051
23.6 -0.103958256412 0.046263148535 0.878991089261 0.033687125947 0.865994674500 0.258252199554 0.426877268906
23.7 -0.106008513844 0.048509135427 0.890377729674 0.035814573958 0.868143746390 0.245026090994 0.430123199360
23.8 -0.103519704529 0.048402283478 0.879970329969 0.026288433977 0.873247050417 0.239095933547 0.423770741957
23.9 -0.101553648107 0.048620020287 0.877329012074 0.033116051988 0.876259565676 0.238537400797 0.417339680695
24.0 -0.100547776943 0.048172617537 0.867728629499 0.030882469097 0.872455025240 0.244350285158 0.422091743794
24.1 -0.103838882030 0.050716230896 0.890533654375 0.033115905564 0.872730523541 0.236432926358 0.425845325691
24.2 -0.098734826707 0.050902008925 0.868272581454 0.032406369748 0.873133517327 0.239575059055 0.423310145400
24.3 -0.100029769956 0.051074535840 0.873253619065 0.034745674015 0.874148604481 0.234435277321 0.423906895636
24.4 -0.099262682385 0.052403876727 0.875268839367 0.025908089542 0.873292025579 0.235773649529 0.425559155868
24.5 -0.096803006660 0.050842694219 0.865315468950 0.027525851972 0.872786297483 0.238120544932 0.425188208304
24.6 -0.097195571446 0.048615372439 0.868052997990 0.035900127358 0.873789066173 0.242051208982 0.420255946921
24.7 -0.098493091890 0.047363422823 0.870527789305 0.028306469829 0.870971871446 0.241886436604 0.426729064750
24.8 -0.098806082485 0.044959200280 0.872814678468 0.036487921747 0.867254304700 0.243893492770 0.432498054019
24.9 -0.096688944263 0.044752764566 0.875254404171 0.033143039303 0.873407457701 0.237616297317 0.423791749597
25.0 -0.093639514305 0.040800685637 0.870303150316 0.042237362770 0.870367244087 0.248099670480 0.423229747435
25.1 -0.093283250707 0.040485253790 0.868438163116 0.029426238138 0.868696235895 0.246341078739 0.428738870616
25.2 -0.090768998139 0.036687505942 0.861470495269 0.039865863672 0.868381812605 0.252548574275 0.424903469133
25.3 -0.090986457884 0.033890040277 0.865146863217 0.047556687776 0.874334441406 0.247001182665 0.415051878421
25.4 -0.091318245159 0.033115469404 0.863284277733 0.041322866189 0.868940737249 0.252793384702 0.423473636169
25.5 -0.092004938413 0.031088399943 0.860661031222 0.043700394273 0.866680599888 0.247969833769 0.430657607454
25.6 -0.091903187177 0.028665719839 0.853896858208 0.049574971181 0.872617365873 0.243498708247 0.420463594251
25.7 -0.093049068003 0.025787069691 0.868453102472 0.051271336318 0.864255229904 0.261111145268 0.426913477736
25.8 -0.088954285569 0.025033379408 0.854607648669 0.051064234240 0.865845776422 0.249993734643 0.430356443049
25.9 -0.085976179335 0.023769006165 0.847818377663 0.056085864187 0.867603474311 0.249880051119 0.426237665223
26.0 -0.087223573478 0.025839615120 0.857244512340 0.043665585530 0.871136022353 0.244353357982 0.423682408937
26.1 -0.090701865187 0.026712385181 0.863693726554 0.049012240643 0.866254067856 0.256908640756 0.425675510800
26.2 -0.088250380058 0.027521661301 0.848429688411 0.046678117233 0.873515411680 0.242051950553 0.419765210758
26.3 -0.089438802868 0.027792186012 0.861291925042 0.050472957450 0.869788561710 0.242774143051 0.426592374465
26.4 -0.086808041683 0.029287107474 0.852592510419 0.044357683452 0.872095821747 0.249140784805 0.418819940974
26.5 -0.087296998289 0.030130563715 0.851617260157 0.042324467186 0.864890192301 0.255964614184 0.429715849166
26.6 -0.086715313447 0.029775705292 0.852521700406 0.043672949072 0.868402402478 0.247712162396 0.427327304873
26.7 -0.084694597341 0.028665999774 0.848275228508 0.044610787764 0.869181401023 0.251268200224 0.423553846975
26.8 -0.084531414953 0.027933620617 0.861481627655 0.045189761458 0.871407971658 0.249271274485 0.420083163322
26.9 -0.083852932500 0.026325386526 0.861357980291 0.051467170090 0.865954454863 0.251410468451 0.429263076515
27.0 -0.081533604528 0.026746492719 0.856052111639 0.041511458971 0.874015533644 0.244285483464 0.417969195385
27.1 -0.080003255695 0.025985169646 0.853565016466 0.049266999208 0.868393474503 0.251119439407 0.424740583630
27.2 -0.079422619113 0.025684638089 0.864538904408 0.047541791209 0.867306020871 0.248091288225 0.428918123838
27.3 -0.076721638662 0.023729537651 0.860903046227 0.037997910534 0.866995738317 0.257884969263 0.424699765910
27.4 -0.073589472396 0.022843945130 0.853767137381 0.045052246540 0.867439740594 0.258936698190 0.422457545620
27.5 -0.072525974012 0.023251972324 0.853308126153 0.042996161332 0.866198191994 0.257028629955 0.426366398395
27.6 -0.069383887318 0.022830837156 0.838916399743 0.046895434807 0.864876509536 0.260969642480 0.426244398381
27.7 -0.070063503138 0.025032130163 0.850103298184 0.043672549250 0.866536352659 0.262017730767 0.422556702380
27.8 -0.070069242666 0.027125217688 0.857598096878 0.044324256839 0.873452403011 0.240574776151 0.420998856305
27.9 -0.068561177176 0.027477078549 0.858552692332 0.046444631516 0.871418601476 0.249358238904 0.419872582930
28.0 -0.069120348581 0.027661065855 0.867094684612 0.044963322315 0.870143358363 0.249059759015 0.422845210428
28.1 -0.066883911515 0.026006487827 0.847599705854 0.053047646560 0.871747584290 0.251344984264 0.417214327851
28.2 -0.068557307583 0.026810285985 0.853560625509 0.045194521868 0.870764543305 0.248618592975 0.421800142891
28.3 -0.066607985903 0.027123410377 0.842303566528 0.051542064193 0.874575212616 0.246281661305 0.414496027003
28.4 -0.069822263258 0.027784752595 0.860214627817 0.045669575827 0.868538969729 0.252832430058 0.423827925245
28.5 -0.069317340786 0.025617825596 0.844585986763 0.040551565073 0.872200035697 0.249664018503 0.418677138336
28.6 -0.069201084440 0.025399967868 0.843014578637 0.040640276212 0.871789204886 0.250605430982 0.418961654756
28.7 -0.070204304494 0.023427904683 0.849403155162 0.043487993761 0.867614979417 0.259673391742 0.421808927727
28.8 -0.069159998319 0.022233417364 0.840449576514 0.043780309425 0.868435031074 0.255266143204 0.422780176266
28.9 -0.070281531205 0.022623819716 0.852876079378 0.046146292609 0.867506757082 0.256035705941 0.423967290459
29.0 -0.070569459334 0.022473767121 0.848631171897 0.045064432445 0.866164048254 0.256282725172 0.426671071458
29.1 -0.069989979641 0.022896520548 0.842084025520 0.046689238232 0.865610434476 0.258755714840 0.426126942116
29.2 -0.071059768076 0.024815200295 0.845547054627 0.042276084402 0.865813801827 0.252349308840 0.429998859977
29.3 -0.071201508538 0.025952389429 0.847900836927 0.051217083005 0.864369480227 0.256087506130 0.429722470049
29.4 -0.069820163749 0.030225227816 0.849594999987 0.045465769239 0.865800871241 0.251958369306 0.429928709583
29.5 -0.068897135683 0.033361650679 0.845664368894 0.047383276216 0.867771551508 0.247866296816 0.428123414953
29.6 -0.068438365138 0.035092798882 0.843490443232 0.047719361860 0.869907214159 0.235145149002 0.430918855654
29.7 -0.067080097254 0.035735199926 0.841120598022 0.051631786931 0.870613240738 0.242428241486 0.424965047221
29.8 -0.066637432586 0.036765880925 0.842106577582 0.048787357563 0.860891461749 0.249204392330 0.440888711212
29.9 -0.065833421174 0.038744294229 0.837407552240 0.042200715915 0.867996999047 0.246723293686 0.428868191377
30.0 -0.065376416591 0.039568759851 0.836815364725 0.050087804431 0.866016651945 0.246759524656 0.431990864941
30.1 -0.064838254638 0.040851483351 0.844168889171 0.047218564444 0.865959605105 0.246171205368 0.432763338495
30.2 -0.061746298581 0.039982163404 0.842198430494 0.048683942151 0.867806338707 0.242980995026 0.430699742665
30.3 -0.062323068537 0.037624067698 0.845792815696 0.044456576668 0.870678876309 0.247295130646 0.422832148137
30.4 -0.060911805856 0.035164177404 0.833585132636 0.040299822931 0.870527045498 0.243572140469 0.425712578762
30.5 -0.056753727193 0.035433747501 0.826240420256 0.052253611294 0.871958111811 0.240070346915 0.423467637354
30.6 -0.054471118771 0.037640458210 0.836019786119 0.053816863989 0.870758369367 0.241418336879 0.424971521336
30.7 -0.052420054705 0.038007848778 0.841495407101 0.050643467846 0.867297661489 0.247739790363 0.428783164094
30.8 -0.052942392858 0.037378960692 0.847144077488 0.046425448083 0.866203187266 0.244323094044 0.433408516134
30.9 -0.050830228788 0.034868598650 0.836930196298 0.055196970545 0.872361062799 0.237506060323 0.423710209771
31.0 -0.050245884225 0.033023938456 0.839205944057 0.049677132063 0.866295656231 0.250366163725 0.429395857696
31.1 -0.048175009205 0.033952300745 0.842398737826 0.056150844869 0.865244525167 0.241824746345 0.435568348648
31.2 -0.046586731250 0.034085308542 0.848797931845 0.057455388415 0.868857450881 0.240966763498 0.428626442581
31.3 -0.046711309288 0.034159604321 0.858522129405 0.055517092020 0.867252062977 0.243179265426 0.430877658532
31.4 -0.042827329071 0.035678331066 0.844516129439 0.058116024298 0.867530266323 0.238640133340 0.432509712600
31.5 -0.041757587569 0.036842849844 0.843383634620 0.057106884299 0.863160588616 0.243492936650 0.438638566278
31.6 -0.039750096716 0.038961439082 0.845335770607 0.050663754776 0.864473134897 0.245820845918 0.435535870744
31.7 -0.037999815525 0.041701337967 0.853699933800 0.052488537714 0.867881399442 0.239187155056 0.432222552359
31.8 -0.036662345972 0.044054533714 0.853063558710 0.057251089665 0.865392220951 0.241026850627 0.435573959193
31.9 -0.034974860122 0.045127896420 0.846382232078 0.057235232743 0.863997103565 0.245393278459 0.435907412246
32.0 -0.037147924750 0.048082874293 0.861317480239 0.056441894870 0.861506898695 0.237899524968 0.444998867441
32.1 -0.031515049858 0.049456801463 0.831556308792 0.060075960266 0.868153766169 0.249216205394 0.424960233731
32.2 -0.032414536104 0.051520137173 0.847276113674 0.062009924481 0.865039112069 0.249309201116 0.430937380712
32.3 -0.031152697507 0.050015812261 0.831881730829 0.060407482062 0.866370831473 0.254403046589 0.425478093878
32.4 -0.031463911696 0.048922882273 0.843489879390 0.072354652106 0.863703676888 0.248146569273 0.432670825232
32.5 -0.030824690302 0.046333327253 0.842097241588 0.067060620395 0.863324186759 0.250348197084 0.433012704162
32.6 -0.031063951284 0.044230954778 0.838667201376 0.071945442618 0.857711510803 0.252626639924 0.441966738934
32.7 -0.028271452965 0.042614865231 0.822264519286 0.066011224459 0.860619747585 0.261663518344 0.431866149959
32.8 -0.029495837126 0.041477176213 0.825706744150 0.070698522743 0.854788856983 0.265376185619 0.440355775444
32.9 -0.030322077053 0.043103594122 0.839570004981 0.065897092922 0.858445096676 0.256543078797 0.439221171915
33.0 -0.030499202889 0.042131870120 0.835476206497 0.072632578140 0.856946011775 0.258924422631 0.439688736336
33.1 -0.029449211119 0.040959179976 0.821853117656 0.068878434418 0.858563338042 0.267303184154 0.432057592900
33.2 -0.030871323188 0.042398062994 0.829865997680 0.072148024736 0.859980470332 0.255628831945 0.435754694125
33.3 -0.033681723805 0.042403469281 0.827064844532 0.070114317403 0.857017481611 0.259401633525 0.439676939620
33.4 -0.036056280211 0.042580790169 0.836010053013 0.066681898175 0.858501456194 0.255410076189 0.439652666487
33.5 -0.037060494500 0.041494183727 0.829754812083 0.064690363649 0.851426393769 0.263237701725 0.448992388838
33.6 -0.038876155987 0.041598478322 0.837722467338 0.070956796837 0.853000782709 0.259806209938 0.447052045022
33.7 -0.039415537614 0.041860886496 0.832224595168 0.068571014887 0.848379239471 0.259870555134 0.456089877684
33.8 -0.040610732988 0.042337476390 0.837453011122 0.071981428998 0.849479553372 0.253286416641 0.457218933802
33.9 -0.043168423664 0.044923917515 0.834456485861 0.066480299438 0.845891603464 0.250166499394 0.466330877764
34.0 -0.038859549068 0.045958085966 0.817300452947 0.073014017508 0.855983958082 0.248145336332 0.447643059602
34.1 -0.038853193244 0.047547982509 0.814631374530 0.065788766055 0.858184875206 0.253340722605 0.441598275017
34.2 -0.040827841230 0.047777103390 0.819685715638 0.070821299688 0.855232019689 0.255094913093 0.445521179434
34.3 -0.043290915806 0.050626805268 0.833037521261 0.065529941059 0.855639176908 0.246395246102 0.450418481485
34.4 -0.044596147244 0.051017215607 0.827006031890 0.069156161501 0.851623920002 0.248175390437 0.456468070940
34.5 -0.044230182009 0.051305144347 0.817121730240 0.070955901847 0.852591219490 0.242276792883 0.457553743371
34.6 -0.044620510294 0.052310652477 0.818352519577 0.064834353848 0.852854894302 0.245922016189 0.456023461874
34.7 -0.046385243952 0.050338332428 0.812473126430 0.066218243659 0.846160030424 0.249089244807 0.466457817215
34.8 -0.047081213078 0.049705296415 0.814326038950 0.067128702034 0.846262975981 0.257362664145 0.461624492364
34.9 -0.047304763936 0.051090982146 0.816353817885 0.068503404374 0.847373700738 0.246788350701 0.465145788806
35.0 -0.048907138335 0.050547877353 0.813264462940 0.069016943455 0.844937532544 0.248470867984 0.468593059464
35.1 -0.053790099367 0.050146299537 0.831375019964 0.067274656128 0.843287281628 0.246179169395 0.473007925773
35.2 -0.052827807275 0.048043043242 0.824867737877 0.073574689866 0.841501318413 0.250678483152 0.472887506924
35.3 -0.052770057236 0.046407879455 0.817714142847 0.071682340163 0.847681858004 0.243475123866 0.465850806352
35.4 -0.053238218144 0.045708956098 0.813768723601 0.076996314994 0.847243446060 0.241207628554 0.466978576074
35.5 -0.051820341205 0.047258079205 0.809556182234 0.067515275969 0.850884255969 0.243791753877 0.460438107888
35.6 -0.054476970579 0.044703723159 0.805406714962 0.072173554980 0.845260120702 0.256145977598 0.463374086968
35.7 -0.056770196946 0.042907021455 0.812186764001 0.068856938753 0.842377673924 0.253155621625 0.470713084266
35.8 -0.054012087174 0.041933983308 0.798930558939 0.070383199848 0.849458421786 0.254364718433 0.456908289322
35.9 -0.054671969926 0.042008932501 0.803297967592 0.068907833517 0.838654047591 0.254514997512 0.476584950435
36.0 -0.054631444038 0.041265032649 0.807110974257 0.068087323893 0.845225800414 0.254420709296 0.465002758402
36.1 -0.056986290644 0.040705786378 0.814339800110 0.070182922170 0.831585814287 0.260322179942 0.485563336283
36.2 -0.056564682771 0.040906950409 0.815246174152 0.066289144454 0.835506942280 0.256620860590 0.481331104999
36.3 -0.056739347267 0.040156747166 0.806181892303 0.070324432554 0.836214453503 0.259744930050 0.477841431076
36.4 -0.056853826106 0.041735946123 0.808632896946 0.064308014493 0.835506506122 0.255040333208 0.482439411675
36.5 -0.053327996183 0.040465676121 0.786669838562 0.066865064976 0.835592190561 0.260584348430 0.478968215556
36.6 -0.053998776546 0.041914800805 0.788364288386 0.073804406242 0.840402217194 0.252637275857 0.473763052382
36.7 -0.054388476143 0.042433093728 0.796272513444 0.064732595160 0.836732861915 0.259920662736 0.477628577451
36.8 -0.051860732824 0.041550446561 0.784449264192 0.067232265969 0.841000559519 0.257793755578 0.470893046122
36.9 -0.055318132189 0.041933503245 0.797417179347 0.063678425162 0.831113638020 0.262464482872 0.486114774613
37.0 -0.056183879400 0.043045513443 0.796157478525 0.062851636224 0.837545926086 0.254671319258 0.479279681051
37.1 -0.054771953072 0.041907825529 0.784295901552 0.059166679635 0.831399543797 0.259680237733 0.487688708836
37.2 -0.054567111525 0.039394516077 0.799833032996 0.065402810586 0.838224727465 0.258054304952 0.475930409124
37.3 -0.054051941819 0.037839372720 0.787282258493 0.060178600592 0.835543277579 0.265337347789 0.477328041489
37.4 -0.054479029140 0.035976361669 0.790301568037 0.067778454722 0.835021282540 0.258450007867 0.480987663267
37.5 -0.056085518653 0.033296917293 0.790277131678 0.061746199312 0.840631678293 0.263196215735 0.469311773071
37.6 -0.060600342522 0.032612475751 0.806931739793 0.065473900858 0.831984750301 0.259331121519 0.486067806983
37.7 -0.060381007972 0.030676739014 0.792433606791 0.066313331732 0.830825153599 0.269447538543 0.482421112882
37.8 -0.060768825169 0.030974215645 0.791777901059 0.061246056706 0.834165291245 0.263465899258 0.480627618171
37.9 -0.062327306568 0.030773027652 0.788185447811 0.062020747888 0.833957554784 0.261217302563 0.482113829392
38.0 -0.066109933374 0.030973636169 0.801841025093 0.062079454590 0.828604847159 0.264437764937 0.489523050589
38.1 -0.069039568698 0.029063409656 0.795841966244 0.061987624469 0.824700785365 0.263162429073 0.496761195098
38.2 -0.068359669794 0.028886027684 0.788669297033 0.058658918070 0.829184258568 0.265697648875 0.488279997600
38.3 -0.067688779294 0.028686267339 0.777267329236 0.057132855873 0.829992738492 0.271466783750 0.483894281999
38.4 -0.069891415923 0.030000533997 0.783726908713 0.058680443606 0.830809551279 0.270464768446 0.482867377311
38.5 -0.070086824455 0.031821101202 0.783979128072 0.055227063214 0.833576661427 0.261123269075 0.483647143442
38.6 -0.071327328603 0.033674220676 0.787061788930 0.056959805242 0.829714491637 0.262354832824 0.489386743434
38.7 -0.071744321878 0.034156847377 0.782793010157 0.064453646030 0.832196576125 0.265014845102 0.482764661170
38.8 -0.073951235760 0.034072451393 0.779103310959 0.055778722696 0.828821774202 0.267461812905 0.488269781310
38.9 -0.074528649608 0.034470242733 0.773818261258 0.059351215862 0.828706972193 0.264997116284 0.489386060055
39.0 -0.076875284344 0.036109810514 0.780713291210 0.052821007519 0.834691907468 0.261301131955 0.481893223869
39.1 -0.078976909337 0.036218530980 0.780648557524 0.053245916625 0.831897891310 0.266615370479 0.483763387434
39.2 -0.077002551709 0.035612885128 0.771936666535 0.056458390331 0.828095620383 0.271331559525 0.487287675269
39.3 -0.077856968541 0.036660775934 0.777275437296 0.050607821402 0.826325597383 0.272801986925 0.490106041029
39.4 -0.079400316858 0.038836200102 0.788664156402 0.054116208479 0.830266688183 0.266602052889 0.486468917681
39.5 -0.079744359900 0.037696715940 0.781624789958 0.053003131504 0.832525012021 0.268715527884 0.481544117900
39.6 -0.078090734248 0.036599818028 0.764872097024 0.054921938796 0.828529672158 0.275844837873 0.484181565543
39.7 -0.080740660461 0.040308145963 0.776297949083 0.054205731527 0.833205306847 0.262609497343 0.483597877598
39.8 -0.082922906905 0.041180279110 0.781008124261 0.049539474752 0.821990395472 0.268782462907 0.499633483493
39.9 -0.084812433759 0.040407372721 0.788278642409 0.046040924023 0.818867980929 0.269867480872 0.504486873855
40.0 -0.086498039220 0.040235830883 0.806961879506 0.059503485552 0.823978415824 0.262686699312 0.498512390486
40.1 -0.085848561334 0.036917839422 0.792952269239 0.054761896932 0.827095122259 0.259738946795 0.495429584197
40.2 -0.086687564935 0.033714312704 0.786372058737 0.055725498913 0.822455980047 0.264533668355 0.500482535122
40.3 -0.088457801165 0.031991702312 0.787250211991 0.061904835007 0.827738490386 0.263515599114 0.491504132190
40.4 -0.094876414908 0.031569962924 0.803149123419 0.055201844046 0.822335334665 0.261427448183 0.502367438347
40.5 -0.094881015670 0.028990408380 0.794837009354 0.060878826082 0.817595585748 0.261052946287 0.509590606207
40.6 -0.096461721729 0.028848450687 0.794882844944 0.064529085988 0.816033508852 0.261155790280 0.511588665528
40.7 -0.097817324221 0.028126751531 0.791888605270 0.067361538004 0.815701708024 0.260252971512 0.512212394952
40.8 -0.099802145931 0.027543624509 0.794777126659 0.064383282977 0.810662238126 0.261940506739 0.519681344171
40.9 -0.102973939174 0.026363061004 0.796741058018 0.065252609359 0.807112094614 0.261577305942 0.525251822192
41.0 -0.108594431974 0.026061915204 0.816546669730 0.067530401634 0.810171303694 0.255625059603 0.523180592558
41.1 -0.110478034092 0.025269990362 0.807809806208 0.060118517102 0.807457275496 0.255731574658 0.528204386458
41.2 -0.110711903308 0.023591623975 0.804174295579 0.069311757587 0.809064377028 0.259131817217 0.522935383570
41.3 -0.113889682895 0.025141168947 0.814332912397 0.066230819074 0.803580968938 0.260275007283 0.531157251244
41.4 -0.114693731526 0.021995435087 0.801241062915 0.078644509907 0.805404990298 0.254066180780 0.529705784798
41.5 -0.118696375582 0.021948222452 0.815378472917 0.069326316983 0.801431682060 0.250868168200 0.538485174306
41.6 -0.119296255681 0.020504238890 0.819366527035 0.074146621683 0.806725538515 0.252809887066 0.528945502866
41.7 -0.122132995099 0.019578467819 0.820576282992 0.067466459983 0.799191217763 0.253628561195 0.540753388500
41.8 -0.121437735813 0.019402247399 0.814909574716 0.072776118660 0.804817730287 0.258095089242 0.529489360117
41.9 -0.125278383583 0.018902745901 0.824026760663 0.069884786210 0.797489072922 0.257333145624 0.541208783548
42.0 -0.128701502532 0.017297565166 0.822276901299 0.075923244738 0.796880897855 0.258273952647 0.540842917053
42.1 -0.131529196956 0.017797115427 0.821245208492 0.066273861840 0.792905203348 0.248321996949 0.552490090022
42.2 -0.131190701108 0.017079338557 0.818701993389 0.076609743065 0.801077809781 0.253820299270 0.536638188747
42.3 -0.135327923875 0.017418219808 0.820921463660 0.074532689481 0.796517544100 0.248680935083 0.546042555728
42.4 -0.138556736964 0.018021834798 0.829358779139 0.075076394568 0.796944187300 0.248030947850 0.545641041542
42.5 -0.138820522919 0.018034685793 0.821135463645 0.075333133837 0.793738427929 0.248720233113 0.549947699891
42.6 -0.141244509982 0.019063155651 0.825356320655 0.069490325221 0.795693523064 0.241049246344 0.551305879609
42.7 -0.143467454153 0.020110805860 0.825084785035 0.070394182095 0.784221819988 0.247602866928 0.564564979848
42.8 -0.141903393075 0.021524042798 0.819863752723 0.075562121023 0.792339094492 0.247891110813 0.552303469467
42.9 -0.142746280465 0.022022086362 0.822531032342 0.075427139086 0.795321266494 0.249978440695 0.547070021971
43.0 -0.142137578488 0.021711856641 0.812115613666 0.071083768742 0.792731556963 0.250429495170 0.551188574233
43.1 -0.144508036464 0.021235125978 0.816884894671 0.079512819644 0.786746317749 0.247470565477 0.559880578555
43.2 -0.146227439431 0.021705792463 0.826297597968 0.071926691085 0.791456830957 0.248059560510 0.553975712716
43.3 -0.146429033196 0.020525092404 0.825246134497 0.074346333902 0.786669086963 0.252868620333 0.558284722254
43.4 -0.148765329118 0.019116555715 0.832225936925 0.071173249352 0.786554220999 0.246321964512 0.561776037051
43.5 -0.149218267155 0.018740500363 0.827964210276 0.070849534395 0.783256466775 0.241382252442 0.568528151402
43.6 -0.151183067061 0.018697445966 0.835259490538 0.068741242269 0.788226572475 0.235688148047 0.564291244772
43.7 -0.149501804306 0.017525466042 0.826935904726 0.070083684119 0.790484087084 0.239129576015 0.559499983165
43.8 -0.151260065188 0.018228536691 0.833127158347 0.077552349974 0.791438468346 0.236708212629 0.558193520126
43.9 -0.152738753058 0.018240362406 0.832567106437 0.075332228221 0.785296202874 0.237680950002 0.566694534250
44.0 -0.155811110335 0.018409513928 0.838644956296 0.071253221209 0.785053209008 0.239466370852 0.566807105393
44.1 -0.155774980877 0.017737899753 0.832551499502 0.071570755343 0.785295188560 0.233857676864 0.568770323397
44.2 -0.155149181855 0.018661308162 0.832882956923 0.078511044629 0.790183111107 0.233591569290 0.561143159585
44.3 -0.156349797910 0.019767955850 0.833132565601 0.073523044605 0.782347579783 0.237447921667 0.571091158062
44.4 -0.157032890636 0.020785213687 0.837053948801 0.077056753436 0.783386887916 0.240912970662 0.567739536371
44.5 -0.157350996641 0.021918321636 0.837453725427 0.077296115207 0.780270766527 0.239338728857 0.572642833139
44.6 -0.157337943098 0.022148657027 0.836523016599 0.075808806621 0.776577522390 0.241677603570 0.576864206282
44.7 -0.157699389542 0.022972970446 0.840475216857 0.072519610969 0.782890475685 0.233968875595 0.571910809794
44.8 -0.157952060035 0.022878217924 0.839391062885 0.074989136548 0.777335505817 0.230360940901 0.580568667517
44.9 -0.158623330989 0.023403755755 0.843627996244 0.072907148066 0.777817005575 0.225791431769 0.581982373392
45.0 -0.157192306403 0.023424049278 0.842509851904 0.068955056338 0.779900302576 0.227830604991 0.578872985790
45.1 -0.156031853584 0.023232104870 0.845108771569 0.076492789186 0.785142308256 0.225777774146 0.571598465437
45.2 -0.155569466561 0.022787421563 0.850238040388 0.082190962622 0.785897588895 0.229968846593 0.568087981768
45.3 -0.153894197405 0.022416015480 0.855443528694 0.076375718563 0.781377740074 0.230725114354 0.574788220597
45.4 -0.152249277217 0.023017982852 0.850527153987 0.080453039695 0.781423329758 0.227059201313 0.575629227205
45.5 -0.151558920367 0.023010214653 0.849675974856 0.076363102448 0.779348727312 0.226963799719 0.579026485956
45.6 -0.149681141274 0.023866721766 0.850405118088 0.075174915249 0.781376227567 0.220399811575 0.578985186484
45.7 -0.151217822337 0.025295513937 0.854474190743 0.078528413680 0.781948373579 0.213330107938 0.580413899169
45.8 -0.151228800892 0.027917386448 0.858553079699 0.074037968162 0.776750953177 0.220681765166 0.585214400482
45.9 -0.151930095621 0.028532512748 0.860674807636 0.075651624748 0.778801347015 0.219301043701 0.582797002217
46.0 -0.151652894143 0.029205060966 0.855539607623 0.075149538367 0.776736908221 0.220918584836 0.585001966804
46.1 -0.151486055460 0.029934043656 0.851480293500 0.077640271100 0.773113456621 0.218303452195 0.590433039604
46.2 -0.150566624229 0.031361327040 0.847106924378 0.078966529417 0.778845274234 0.214945037329 0.583920334432
46.3 -0.152787617129 0.033597558753 0.858712835272 0.076118415955 0.781513011595 0.216913537328 0.579993031668
46.4 -0.154325555078 0.033928641458 0.854321421886 0.070992845805 0.779864631274 0.208696251386 0.585847290162
46.5 -0.154807980184 0.034411516900 0.853675326163 0.076005817327 0.781447015042 0.213000641461 0.581544843629
46.6 -0.154991885537 0.035385688124 0.848073892463 0.070124718274 0.777427452706 0.215040043702 0.586895952678
46.7 -0.166240308715 0.039673591668 0.855403579091 0.077298758813 0.782145597932 0.198722504747 0.585476328837
46.8 -0.170309082267 0.039868042036 0.857148674574 0.070596599840 0.771615042502 0.212914856934 0.595225679866
46.9 -0.175098892217 0.042158103388 0.863202402937 0.070419366179 0.771511506026 0.205451427283 0.597997341101
47.0 -0.174195136252 0.043865196467 0.846089059645 0.070632622121 0.768183754772 0.203656983114 0.602850383450
47.1 -0.180531016654 0.045273562470 0.855175190763 0.070764842567 0.767545451201 0.202234987536 0.604125257884
47.2 -0.182177583881 0.045679051329 0.856204914152 0.072644724251 0.763076072751 0.201385514390 0.609820896515
47.3 -0.183287051341 0.045964735244 0.859604739230 0.071375936805 0.762899749916 0.199555569843 0.610792126478
47.4 -0.186013470182 0.046938250688 0.858767232174 0.065865641780 0.765055555487 0.200708373834 0.608332033452
47.5 -0.189038980633 0.048899312767 0.867897805648 0.070471615018 0.765557513693 0.201052753115 0.607069382500
47.6 -0.187441599840 0.049039307858 0.863282549789 0.073116826316 0.768984192720 0.199247034232 0.603007346893
47.7 -0.186129348218 0.050353119820 0.858619573276 0.066155441986 0.765237926931 0.197123949219 0.609242580034
47.8 -0.189727455636 0.049858767789 0.877555577717 0.072596971670 0.761028907121 0.198219629339 0.613411493840
47.9 -0.187535753041 0.049235140811 0.874881335460 0.078043772817 0.761974720367 0.195937096594 0.612300864955
48.0 -0.188511504990 0.048866166833 0.878076325633 0.072076281865 0.758849781609 0.200932844913 0.615286933372
48.1 -0.187980767092 0.048363059339 0.885082272956 0.073579836617 0.763833123349 0.194828714669 0.610890120446
48.2 -0.185037593274 0.047314065809 0.876728491857 0.075020233203 0.760162696666 0.197127992820 0.614544704358
48.3 -0.185368682925 0.046053374408 0.881688379734 0.075985268368 0.763157611828 0.196981385270 0.610749565990
48.4 -0.185798213740 0.040291487920 0.877127908402 0.068868310163 0.762035994538 0.195590789162 0.613435034929
48.5 -0.185523915023 0.040429749155 0.879755765614 0.075732499896 0.765988264492 0.197436410648 0.607079427151
48.6 -0.186107559319 0.041094688531 0.880577834915 0.075669378167 0.759994157470 0.196842290330 0.614765108441
48.7 -0.186765143354 0.042610096625 0.882812045226 0.072508643436 0.760865774121 0.196877113567 0.614056326856
48.8 -0.186896758432 0.042451028498 0.893073739654 0.073527390884 0.766281298965 0.189109771939 0.609626268958
48.9 -0.185005394618 0.040791189801 0.895656636272 0.076717582359 0.760909437127 0.193704949711 0.614499498377
49.0 -0.183139583393 0.040186166353 0.889849430307 0.069798013339 0.760289894023 0.192867006345 0.616352035969
49.1 -0.180050745764 0.039843126420 0.885760602222 0.070930847199 0.763408480508 0.200545889005 0.609883311140
49.2 -0.179262193652 0.040800235383 0.890570879904 0.072609129814 0.763298223607 0.198850813260 0.610378644918
49.3 -0.173458747016 0.042857363287 0.889826206710 0.070919253579 0.765729760838 0.187245934635 0.611201564790
49.4 -0.170284106259 0.044204273483 0.894202222157 0.075168052774 0.761725256977 0.197487124051 0.612473046394
49.5 -0.166452009007 0.044893413942 0.893179703425 0.073839847949 0.768607360706 0.190843046386 0.606110001212
49.6 -0.163475463072 0.045417050411 0.894050057655 0.072508405488 0.764516675704 0.199335095335 0.608705432431
49.7 -0.160251757838 0.045744186661 0.894911582814 0.071039949520 0.772498112897 0.186066144795 0.602975439718
49.8 -0.157388969090 0.044769172851 0.898322426558 0.074558824502 0.764063770618 0.199680180266 0.608913262893
49.9 -0.154684012754 0.043280533071 0.902170392914 0.072909436407 0.772067458886 0.198708689895 0.599258633290
50.0 -0.151829448732 0.041336541977 0.902678921203 0.073559249515 0.763032895467 0.200183250574 0.610161047131
50.1 -0.147203176973 0.038930680291 0.910644507927 0.077002667448 0.774057324640 0.196283163988 0.596974678618
50.2 -0.143570619795 0.037916154805 0.896920909143 0.073942892335 0.768983023450 0.194302118101 0.604519846838
50.3 -0.142616423675 0.037475568572 0.901344803717 0.073863100069 0.768992850188 0.195057345687 0.604273837512
50.4 -0.131613530043 0.037395250361 0.887531460318 0.072077710173 0.769796729929 0.195418917779 0.603348361116
50.5 -0.127986439217 0.038231208812 0.895235829489 0.075468794429 0.772483424800 0.202542827989 0.597118264925
50.6 -0.128367703568 0.038999511966 0.895865300306 0.069030363134 0.766198083709 0.207090985503 0.604391122709
50.7 -0.126816073155 0.040240354828 0.895935196447 0.065701389868 0.770017252343 0.198845007967 0.602675220388
50.8 -0.122643346455 0.042532749421 0.890500999498 0.072400725836 0.773606372379 0.198788971266 0.597305834908
50.9 -0.120122371991 0.043152527798 0.883324699217 0.071750052649 0.769175406986 0.205433472771 0.600847910455
51.0 -0.118738296343 0.043363181384 0.886048915499 0.071639126754 0.771322294797 0.196016944187 0.601254613835
51.1 -0.115750131848 0.044464612692 0.885231771086 0.070268114742 0.768339190900 0.208123792657 0.601167004008
51.2 -0.115488878719 0.043783166565 0.878957709228 0.069595527465 0.767237153087 0.201705014139 0.604829480722
51.3 -0.116725926280 0.043157644660 0.890720963367 0.070367931643 0.772081968712 0.195859438936 0.600480530879
51.4 -0.115885994258 0.042296840657 0.883671002456 0.067294926892 0.767893833854 0.195998793111 0.606131112749
51.5 -0.114825278966 0.040431512996 0.882198133344 0.066676923724 0.769920420350 0.199092444860 0.602610099957
51.6 -0.115143533826 0.040396260531 0.884592982866 0.065918937298 0.765693558942 0.206461136966 0.605592161791
51.7 -0.114466769359 0.041289471730 0.871979184629 0.073944431082 0.772473791630 0.193454581756 0.600326400514
51.8 -0.115310848133 0.042605741818 0.879205040663 0.069270304830 0.771377484559 0.194574389976 0.601929570590
51.9 -0.115602186575 0.042802893422 0.876766617159 0.073980518519 0.768326600966 0.190740938160 0.606480841938
52.0 -0.118146223404 0.043207221188 0.867712456747 0.070697516076 0.771809600985 0.191276405780 0.602266666553
52.1 -0.117611142632 0.044087060600 0.863065968461 0.067766804838 0.770229128586 0.189319444749 0.605237885034
52.2 -0.118222743540 0.044106195765 0.864805058002 0.071391676162 0.769881311415 0.195098418315 0.603425722090
52.3 -0.120118576610 0.042639826770 0.865612129395 0.066292657995 0.760888989829 0.202038273789 0.613052823644
52.4 -0.117528854313 0.043708117382 0.855164265834 0.063947979941 0.764122500051 0.202704895458 0.609046949040
52.5 -0.117102965815 0.038816418207 0.845275456323 0.072649837672 0.765112802557 0.193683392685 0.609763186695
52.6 -0.119976138577 0.038512856010 0.852027684927 0.075453567896 0.760750223134 0.196905887628 0.613835424613
52.7 -0.118511861120 0.037765265527 0.840599249889 0.073801615679 0.757751830123 0.199009785769 0.617058012375
52.8 -0.118898096026 0.037642002597 0.849799676554 0.076330080906 0.761041444552 0.195236012286 0.613899452622
52.9 -0.120543229325 0.036794989859 0.860587211253 0.072856944318 0.762316554792 0.198457519204 0.611702500426
53.0 -0.119000736286 0.035147023152 0.854340701116 0.073372567920 0.764752957515 0.198501602175 0.608577434829
53.1 -0.118793074267 0.032528202646 0.848952470534 0.077729002526 0.761956920933 0.199616821148 0.611173443078
53.2 -0.119753932600 0.033290647113 0.844875424468 0.074518251199 0.761155467451 0.192841558272 0.614736950257
53.3 -0.118973697170 0.035053276139 0.848794290621 0.077970327518 0.763677963846 0.190893771558 0.611781140232
53.4 -0.118709915667 0.035130738903 0.852500504135 0.076118870411 0.760745871942 0.196020004583 0.614042175827
53.5 -0.113780756826 0.033386354272 0.835478853491 0.075406598042 0.762025171340 0.191849829032 0.613860836278
53.6 -0.112421676604 0.031343716139 0.842789006988 0.081224542013 0.760997616543 0.194152518534 0.613669292810
53.7 -0.110143620725 0.029771146089 0.830308608222 0.071103119215 0.759504041010 0.198726206577 0.615309558634
53.8 -0.110984296452 0.028902266999 0.835631214012 0.076858487805 0.765463144227 0.194530759259 0.608536548931
53.9 -0.111398143161 0.031057397495 0.829327332216 0.076613587964 0.759788890485 0.192075784005 0.616407408484
54.0 -0.112057192283 0.034143558695 0.831724247305 0.072467428304 0.762426786768 0.191306871514 0.613885614398
54.1 -0.110624077160 0.035506579114 0.827635918473 0.078701410150 0.764343903324 0.191321524065 0.610721343921
54.2 -0.110284881736 0.036278164194 0.825324491549 0.073761310832 0.763713635449 0.190236230582 0.612463001843
54.3 -0.111168931490 0.036386421005 0.831587615518 0.077331346295 0.761392115503 0.191752378157 0.614437087749
54.4 -0.110259602512 0.034462938725 0.827742622737 0.070811331236 0.762581141216 0.193219299671 0.613287910092
54.5 -0.109562990517 0.032756486600 0.832147427074 0.080878490143 0.759463123815 0.199127323576 0.614021776815
54.6 -0.108002823018 0.031895506757 0.825426038614 0.076939157253 0.763697331695 0.193321401531 0.611124854144
54.7 -0.108150416834 0.030953210232 0.822421665416 0.074988635697 0.757172325419 0.197721558831 0.618039609822
54.8 -0.107319273607 0.030342511182 0.825878990195 0.082506473216 0.762955971947 0.199663750268 0.609282572849
54.9 -0.105435460286 0.030004556696 0.820650823566 0.080312569708 0.755814951732 0.197470930621 0.619111364332
55.0 -0.102567807107 0.027795360020 0.823718853423 0.076795484105 0.754707850392 0.202619072180 0.619244722034
55.1 -0.100784098977 0.027424247264 0.817326793969 0.076465875050 0.761398686002 0.191415402199 0.614642298177
55.2 -0.100020937177 0.027934065121 0.804470095131 0.073925032578 0.757645260979 0.200202074783 0.616788356997
55.3 -0.100654953637 0.028738884896 0.814430198638 0.078873212115 0.760282107930 0.200796303280 0.612724226191
55.4 -0.096585176494 0.028718335512 0.806754711187 0.077785094225 0.762406654079 0.194263802606 0.612329280641
55.5 -0.095614044256 0.027572730650 0.810748493664 0.077542103790 0.763260305100 0.200087882255 0.609414282877
55.6 -0.093738971830 0.026141279772 0.799897252984 0.078984058751 0.763558398640 0.199502576378 0.609047463133
55.7 -0.095226323524 0.025306359419 0.803495589515 0.071422935498 0.755308825698 0.197543910736 0.620792836169
55.8 -0.095120234523 0.022893944867 0.806573153562 0.075105848270 0.757032720802 0.205585170682 0.615625948759
55.9 -0.094094817627 0.022399602252 0.798498793567 0.074967137730 0.760267195184 0.199851688659 0.613541378170
56.0 -0.096834320498 0.021767953316 0.808346126662 0.077369342869 0.755735412735 0.205877657006 0.616840628581
56.1 -0.095775405568 0.021117276267 0.800869811746 0.075216369400 0.758316232186 0.202512979490 0.615050797020
56.2 -0.096077205706 0.020570607018 0.802890631655 0.078030857695 0.757445845546 0.204244836267 0.615199986322
56.3 -0.096879529353 0.020348001646 0.805140654880 0.077371154904 0.754296394620 0.200383012973 0.620400920022
56.4 -0.094039769133 0.020094326958 0.802363737565 0.073772487732 0.761179512398 0.202077307958 0.611823611483
56.5 -0.094071667967 0.019170214923 0.807045298619 0.079438763482 0.756814158801 0.200364228558 0.617070488525
56.6 -0.092630463561 0.018670333352 0.803208529222 0.077179090424 0.757588169353 0.202207944733 0.615804758625
56.7 -0.091518648281 0.017730880326 0.807856075234 0.075861306289 0.755878865190 0.205258639831 0.617058420363
56.8 -0.088978691850 0.015042101872 0.802967285657 0.083631360935 0.757622076168 0.209673527956 0.612414562895
56.9 -0.088208128331 0.013664407665 0.805813195870 0.084542027068 0.762080348398 0.203913389066 0.608691644435
57.0 -0.088300252774 0.012338896774 0.796427705248 0.080672221149 0.755481750810 0.204384060100 0.617224815529
57.1 -0.089155250516 0.012218664073 0.798441423861 0.079471117102 0.756917983033 0.205410086094 0.615277339935
57.2 -0.090325226590 0.012108521561 0.800396316523 0.078173189517 0.759835785518 0.205695870750 0.611741563280
57.3 -0.091745659230 0.012583718242 0.803069797939 0.083421502893 0.754770871696 0.204044441026 0.617841120500
57.4 -0.091637835640 0.012852396547 0.797220167890 0.081751863166 0.751545650896 0.203980596198 0.622002961298
57.5 -0.092716310528 0.014137700493 0.796302352967 0.079006576380 0.750269547693 0.203979098028 0.623895900180
57.6 -0.092836358731 0.016069887863 0.793754470687 0.077135887250 0.751307817317 0.206899073199 0.621915904319
57.7 -0.090951070308 0.015975731327 0.783340470375 0.078540792780 0.756320739472 0.204239138539 0.616519794657
57.8 -0.094026794508 0.018874677542 0.793617480458 0.080791269360 0.755634705717 0.199846736103 0.618506462682
57.9 -0.094194497656 0.019629920518 0.790808427888 0.085172151122 0.756530562042 0.200685038089 0.616549048217
58.0 -0.093661195698 0.018852645119 0.782251894026 0.077867601442 0.749833340724 0.200779618566 0.625599026976
58.1 -0.095576234820 0.019164277946 0.790185833070 0.079188873568 0.748988545471 0.198775272761 0.627083464935
58.2 -0.099231712781 0.017486410980 0.788718755607 0.073651819170 0.745425555460 0.205539962220 0.629817016863
58.3 -0.100263620679 0.016609531630 0.789181199317 0.078596168445 0.748139041581 0.205171163687 0.626111340225
58.4 -0.102144909905 0.016650821205 0.788982785159 0.076104596848 0.741608145181 0.203200091843 0.634771747965
58.5 -0.099771975229 0.015393632294 0.784595730854 0.078778912556 0.752887458245 0.211031908449 0.618401076786
58.6 -0.101192336530 0.015577512880 0.782192075009 0.071188963883 0.748780628084 0.209834440196 0.624683287862
58.7 -0.104123838028 0.014594977209 0.786595277036 0.070665516961 0.746525008332 0.212595894691 0.626506011311
58.8 -0.105736691591 0.015090297678 0.785278905681 0.069255119483 0.738254674172 0.212783650008 0.636322939063
58.9 -0.106554759697 0.015423104871 0.784076786712 0.071002088966 0.746867237351 0.203948585007 0.628930050012
59.0 -0.109358667646 0.015965101318 0.779927496058 0.066498594318 0.740923202958 0.207929044676 0.635119088559
59.1 -0.112091627866 0.017282868544 0.775760848267 0.065065429864 0.739720348730 0.209079727276 0.636290785061
59.2 -0.114731159853 0.017895933566 0.780571569473 0.068289910833 0.735750974377 0.206187715998 0.641477682818
59.3 -0.114815509466 0.016936336684 0.776634704949 0.068136288738 0.743012768738 0.208817431122 0.632206257568
59.4 -0.117386424448 0.018325705836 0.776159710492 0.062898530609 0.736875307810 0.208006266164 0.640149942454
59.5 -0.118458273408 0.018452114383 0.773861360711 0.065412289309 0.738147416915 0.211349926703 0.637331022148
59.6 -0.118516979548 0.017998202191 0.767203249469 0.068383151591 0.740872417187 0.204932527938 0.635951621605
59.7 -0.121642806586 0.017765930074 0.774377243895 0.066445089305 0.738524918930 0.204602610844 0.638986514617
59.8 -0.123060125505 0.017854212992 0.779642307675 0.066736979551 0.735381523219 0.205244726876 0.642366556537
59.9 -0.122902628206 0.018571913135 0.775004655076 0.064298122297 0.727745480369 0.203351049251 0.651844013580
60.0 -0.121099805138 0.018800083538 0.772543129294 0.067241680751 0.739137433467 0.208738377661 0.636853751272
60.1 -0.122519591420 0.019842755686 0.780614306672 0.066140804965 0.736827259863 0.209187530476 0.639493205699
60.2 -0.120857662097 0.022029108003 0.780452993654 0.069225363170 0.730922879095 0.203592256076 0.647695752013
60.3 -0.119710609803 0.021745645870 0.783353115538 0.062682312226 0.736090183851 0.203595172778 0.642488268059
60.4 -0.121484658439 0.021654422155 0.792818966198 0.063376812755 0.729175705060 0.206468568876 0.649351138308
60.5 -0.116701523144 0.020230069707 0.784910770046 0.074275171473 0.740966523812 0.202948458165 0.635817373796
60.6 -0.114801355683 0.019937259774 0.776865226796 0.068785023979 0.740382773771 0.196090544956 0.639257746889
60.7 -0.113217431889 0.019298823511 0.773380606075 0.066033401502 0.732587945387 0.198759015270 0.647649091722
60.8 -0.112961019430 0.019094837543 0.781990015892 0.067190072981 0.733033347872 0.199837865762 0.646693460929
60.9 -0.108912270730 0.018489542952 0.771527570449 0.068180546611 0.736656476279 0.203730624543 0.641235121966
61.0 -0.108327598560 0.017845145583 0.770665559731 0.067468193315 0.734980161102 0.200110641201 0.644366306503
61.1 -0.108232122054 0.017524163988 0.773437470601 0.069336848395 0.733236238830 0.199487501257 0.646344920583
61.2 -0.106928461965 0.018014418059 0.770339018922 0.067722727447 0.732241365747 0.201538855649 0.647007190176
61.3 -0.107150614777 0.018763623598 0.774359168666 0.068550948713 0.735890387855 0.200072741302 0.643223913332
61.4 -0.106556252986 0.020602863501 0.768687631356 0.069516611336 0.735384127757 0.199291519956 0.643941391328
61.5 -0.107234267807 0.021783471947 0.780705373308 0.065325434926 0.734195958340 0.196334246305 0.646638806473
61.6 -0.106147002494 0.021385172333 0.779723375848 0.066823294634 0.734648811233 0.203382254123 0.643786789361
61.7 -0.102544993771 0.021869583739 0.779875299465 0.067879023179 0.746994040048 0.202484529741 0.629596980267
61.8 -0.102396602253 0.022229833515 0.771595210732 0.067130660494 0.733222364272 0.205976015494 0.644555909130
61.9 -0.101904927453 0.022199038025 0.771494053505 0.067652331515 0.739367370483 0.204210057452 0.638010427768
62.0 -0.103030695342 0.022435979977 0.773766330388 0.063278699340 0.738436488518 0.202470842672 0.640088209938
62.1 -0.103423261474 0.022909923179 0.772041371874 0.059029781877 0.734822636703 0.202206384136 0.644719904808
62.2 -0.102765643528 0.022318214249 0.773115381405 0.062705458954 0.738119689601 0.204093370102 0.639994723042
62.3 -0.102914426482 0.021407561872 0.775077877260 0.059700707991 0.733718521445 0.203163679150 0.645614030383
62.4 -0.101476724223 0.020822626370 0.774503303254 0.065097503151 0.735482102789 0.197122635535 0.644958183234
62.5 -0.101677872150 0.020486754417 0.781945382636 0.061934158598 0.738850310343 0.202966847049 0.639584894994
62.6 -0.101305732975 0.020553395416 0.777493171140 0.061175676659 0.736337229675 0.200845360499 0.643215486401
62.7 -0.101529482391 0.021703469983 0.777235258385 0.062947157593 0.739713969919 0.194540850589 0.641104324981
62.8 -0.100526781764 0.022579952312 0.763536886917 0.059870693416 0.726328413742 0.199408037096 0.655056463369
62.9 -0.100917875377 0.022948534251 0.773939156495 0.059168521343 0.730780039814 0.201647577665 0.649459678436
63.0 -0.100827387720 0.024205353794 0.773594486695 0.056787993672 0.725516931146 0.197867226664 0.656695414182
63.1 -0.096954467119 0.024479185280 0.766660842373 0.060490607738 0.735070884442 0.205491159409 0.643261272444
63.2 -0.094498926916 0.024335379237 0.768455590352 0.067286975654 0.739115780866 0.197131276439 0.640561929271
63.3 -0.092454674110 0.025759359408 0.766883205997 0.063282078217 0.739031039351 0.196042327577 0.641401517968
63.4 -0.091414585089 0.025582890711 0.770820199513 0.065220783411 0.734717714549 0.198503307574 0.645393342250
63.5 -0.089283783411 0.026305465780 0.776888720336 0.066729225221 0.741890071853 0.193937043540 0.638384488322
63.6 -0.087094417107 0.026164438545 0.768807623072 0.061753285174 0.729249908780 0.199747012396 0.651523010609
63.7 -0.085562782267 0.027568999939 0.777301166153 0.061703703942 0.738814891551 0.191698444568 0.643115009382
63.8 -0.083814270306 0.028439018222 0.780729839685 0.057311960902 0.739515851275 0.195621933359 0.641532309427
63.9 -0.081940737440 0.028573097224 0.779665541990 0.060994742205 0.736994521626 0.189355584969 0.645959115547
64.0 -0.079373967025 0.029014008623 0.772714474773 0.061523671344 0.734376613261 0.201149784056 0.645325183248
64.1 -0.077734585715 0.030535666108 0.774157615777 0.056755898593 0.741714602173 0.194423375974 0.639404228773
64.2 -0.075320940956 0.030479195798 0.765090050857 0.058214750002 0.745403648627 0.200678366821 0.633018670014
64.3 -0.074471205388 0.031547541760 0.765867083442 0.054887021919 0.745233123845 0.197659485305 0.634464919296
64.4 -0.072634067090 0.031647751223 0.764161143988 0.063946464437 0.749792419608 0.191198680244 0.630210474253
64.5 -0.074732645382 0.033654943951 0.775514509046 0.054961451960 0.742548168031 0.193245012562 0.638950563090
64.6 -0.074623256338 0.033682143479 0.773171685976 0.054943109164 0.744643488217 0.193108228168 0.636550502651
64.7 -0.074828612423 0.034557350442 0.769355645748 0.054160331011 0.745012374491 0.192551099890 0.636354692237
64.8 -0.076446462209 0.036543987702 0.773340311261 0.055627970702 0.741506367887 0.201311148347 0.637610897656
64.9 -0.075512111332 0.036422658272 0.767588975668 0.050520212937 0.748472964573 0.195386344603 0.631712043363
65.0 -0.076991812901 0.037077090124 0.766628796509 0.052634631379 0.741167796612 0.200288413728 0.638580021744
65.1 -0.078733116685 0.038931125400 0.773671951895 0.049547527827 0.736708900762 0.196827020723 0.645030357376
65.2 -0.077838426787 0.038854495110 0.766406911235 0.050173420487 0.738927325938 0.197348486194 0.642279230440
65.3 -0.079795037554 0.039655706131 0.766434753152 0.045434155135 0.733246829533 0.195451618616 0.649679528158
65.4 -0.078391094382 0.038157818901 0.766211856650 0.057177786757 0.748869408800 0.195904377963 0.630513111648
65.5 -0.080061459026 0.037563095262 0.767276916843 0.049909759885 0.733328804415 0.196934049358 0.648810342617
65.6 -0.079492349944 0.035543970620 0.777153546511 0.054934719087 0.739207173768 0.200014480643 0.640741085324
65.7 -0.079354682745 0.035089338847 0.767995052264 0.049984335091 0.732160489973 0.198482336790 0.649651710650
65.8 -0.080014786112 0.034505084062 0.771566484870 0.049696540750 0.729028741101 0.203349075783 0.651687426505
65.9 -0.079419862774 0.032899409963 0.769430227072 0.051080694016 0.738411055274 0.192013684977 0.644414944683
66.0 -0.079689762839 0.029967572772 0.770071708548 0.053271525689 0.732237231821 0.200231647436 0.648766574548
66.1 -0.081289022653 0.028246893483 0.778031945520 0.050199453108 0.730952617923 0.205197387231 0.648908558684
66.2 -0.080375446929 0.026200830127 0.766282654956 0.052783050746 0.732429116727 0.203478643400 0.647578551378
66.3 -0.081184306792 0.025088028399 0.768967024797 0.049126885309 0.730669859053 0.208876939231 0.648134654581
66.4 -0.080964820699 0.024053081932 0.769512500198 0.053862131407 0.733869441050 0.207349849643 0.644624351189
66.5 -0.080376147504 0.022892730999 0.759715604896 0.051135884421 0.735123891314 0.203359475363 0.644688226605
66.6 -0.085628549742 0.023490280798 0.766553192461 0.049651405857 0.726596293984 0.213004350069 0.651323046050
66.7 -0.086622570098 0.024621221230 0.768500299789 0.044684651425 0.729325533419 0.203874189308 0.651554190504
66.8 -0.085577952765 0.024475321691 0.765037961708 0.046964320104 0.736201839629 0.202232574341 0.644129792697
66.9 -0.086176179914 0.024866056324 0.766354358286 0.045575828680 0.729403463636 0.203377169014 0.651560556050
67.0 -0.085414177252 0.025572316331 0.768195386873 0.041737167671 0.724703610393 0.208325875170 0.655486853913
67.1 -0.082678349110 0.026514391328 0.767390747874 0.044237373165 0.733011485394 0.209271716611 0.645710899492
67.2 -0.083791863241 0.030640101443 0.760862485113 0.041182159772 0.733802126554 0.211644504750 0.644239918346
67.3 -0.086005609285 0.030789154945 0.761401721747 0.044090639503 0.729798311236 0.205657914711 0.650503852826
67.4 -0.087785868930 0.032029137098 0.766324140560 0.039205538497 0.727032533318 0.199651603591 0.655763569004
67.5 -0.087300658679 0.032303320192 0.763289118007 0.035238605568 0.730314700222 0.201377521287 0.651801943260
67.6 -0.088550781669 0.031010385031 0.765302842654 0.038891542035 0.729179905576 0.205979933074 0.651426419815
67.7 -0.088137681922 0.030311909627 0.763365203599 0.038623406981 0.730967285056 0.203432167138 0.650238736146
67.8 -0.087608263431 0.030345070989 0.760051844421 0.036501901732 0.728145029659 0.205489375454 0.652875595752
67.9 -0.088702837548 0.031030105220 0.759211748133 0.036755212799 0.728096278109 0.205139762984 0.653025682328
68.0 -0.090076400388 0.032311149657 0.753925204948 0.033357090316 0.723893261024 0.204691699585 0.658002400672
68.1 -0.090906523720 0.033984617955 0.760775489975 0.037838668456 0.727790421056 0.203870453326 0.653701901825
68.2 -0.093232384811 0.036498480918 0.767269677533 0.033315053083 0.725662067643 0.203255647123 0.656499666972
68.3 -0.094043979010 0.037793143609 0.762416578297 0.032883666837 0.720165036715 0.206881292295 0.661423552081
68.4 -0.096722888864 0.040663965784 0.758920137638 0.032120086821 0.725982224037 0.205246576519 0.655585199064
68.5 -0.099155459500 0.042522427907 0.754068767151 0.030892490991 0.721177820173 0.199846701812 0.662577921052
68.6 -0.100684567984 0.048391428066 0.751369877950 0.031129730096 0.722650646409 0.197348822281 0.661710227738
68.7 -0.103251685656 0.050358063908 0.748010279081 0.031904557043 0.719076366672 0.198995334644 0.665065511753
68.8 -0.106484794052 0.051691660729 0.760033760044 0.034887340221 0.711808779658 0.196350018853 0.673467003490
68.9 -0.105936986243 0.050875102691 0.753462552356 0.035554677690 0.715066872822 0.193949064392 0.670670554526
69.0 -0.106069102795 0.050195217731 0.748641402329 0.031156613854 0.714226621368 0.202261112100 0.669328052060
69.1 -0.109940319157 0.050717082265 0.757991958713 0.026167852598 0.711498942025 0.196517337037 0.674140515940
69.2 -0.110326954171 0.049452842179 0.753025573830 0.027562753634 0.709883549736 0.194013521224 0.676508975556
69.3 -0.111954130914 0.048802633513 0.762035696964 0.028148317170 0.706866514799 0.201477203021 0.677461688334
69.4 -0.110011439128 0.046293099568 0.754420041207 0.033617566938 0.708099886333 0.194627495786 0.677926653889
69.5 -0.109477249554 0.045979563289 0.754078740584 0.022569538307 0.710238283457 0.194651657750 0.676138246801
69.6 -0.109707058040 0.045066205318 0.756552276431 0.025080475580 0.711701974734 0.198706216733 0.673325410434
69.7 -0.108060011556 0.043135975772 0.751560194855 0.032592523247 0.714405122282 0.202534549540 0.668986401153
69.8 -0.110229970355 0.042101018224 0.758750560854 0.024653031374 0.710657439983 0.202880554613 0.673199607547
69.9 -0.112607809863 0.040038622620 0.763867790967 0.025253671233 0.705832675440 0.200949883985 0.678808979387
70.0 -0.114732165235 0.037698315536 0.763239003500 0.028435948876 0.706368499311 0.203343985751 0.677411369444
70.1 -0.114927140167 0.034881634286 0.747070390772 0.029488408572 0.703560257399 0.206662334482 0.679282030879
70.2 -0.119807809194 0.033811910591 0.758287066797 0.029201409110 0.702994192246 0.212585432585 0.678051529921
70.3 -0.121937109511 0.033559186865 0.755994279853 0.026387395435 0.700869029250 0.206058882175 0.682367969850
70.4 -0.120921604596 0.030954419616 0.743317105154 0.025864407985 0.705940366720 0.208738167504 0.676319161685
70.5 -0.123395471275 0.030822979891 0.748420610963 0.024828311505 0.701796608913 0.208316079975 0.680785932206
70.6 -0.123811074105 0.030211950625 0.744663666368 0.028717420762 0.702578480672 0.204963443203 0.680844163661
70.7 -0.122172964021 0.029660883204 0.739462258872 0.032644048789 0.708573520978 0.210046468499 0.672858389648
70.8 -0.124370403718 0.030676622771 0.749407738633 0.024837939658 0.700355662331 0.209339528737 0.681954532724
70.9 -0.121644657529 0.031318396206 0.742435102133 0.023810563582 0.703592711362 0.208417622595 0.678934789337
71.0 -0.120370825357 0.032609261064 0.749790829614 0.029856856649 0.691910874578 0.214297008524 0.688799464205
71.1 -0.117888215164 0.032994779946 0.747254040856 0.027930554890 0.701561254549 0.206121320272 0.681575888327
71.2 -0.113703307990 0.035006328947 0.738331204654 0.022007504437 0.699526337766 0.205574460185 0.684045110969
71.3 -0.112917406005 0.034667942062 0.738283499576 0.029841192804 0.699560421414 0.211742320148 0.681828358065
71.4 -0.113482062398 0.034919715012 0.736892441969 0.021915048009 0.699669420165 0.203992723618 0.684375190862
71.5 -0.114303676556 0.034539506469 0.741827485049 0.023878922876 0.698035214530 0.203127874833 0.686232979960
71.6 -0.115431231324 0.033633878652 0.748082966118 0.029420388690 0.694052963186 0.203694057504 0.689879450310
71.7 -0.110806389319 0.033679433660 0.735290617476 0.029324004087 0.696263734115 0.207454084698 0.686527288666
71.8 -0.111398739760 0.034331890712 0.739442690317 0.023748392091 0.699118399164 0.204457675085 0.684738298127
71.9 -0.111711022000 0.034995091838 0.740837543515 0.022566605991 0.690637428666 0.208453588405 0.692140008886
72.0 -0.110766129171 0.034400154109 0.735783709489 0.025678933621 0.689461242300 0.207096052976 0.693610130099
72.1 -0.110197391126 0.033364116707 0.737841244636 0.029052479810 0.694352154891 0.207364804923 0.688499002247
72.2 -0.110915411518 0.034438550800 0.745645399177 0.022280073011 0.693382090447 0.203475346333 0.690885416280
72.3 -0.109672652363 0.034133516234 0.745746520987 0.026227801900 0.692537389027 0.207373118893 0.690434976495
72.4 -0.108091757596 0.033792203885 0.742062213319 0.028655861611 0.697145223757 0.208787201721 0.685255633312
72.5 -0.108325246858 0.033187935108 0.736977335590 0.022827811119 0.691047924533 0.211213309768 0.690883922823
72.6 -0.107413607158 0.032808878836 0.732359361892 0.027254186241 0.691597418190 0.210818841756 0.690293876871
72.7 -0.108271860649 0.034019258671 0.733737829096 0.022408347521 0.694576296008 0.209693809425 0.687815484904
72.8 -0.107843192461 0.033876807710 0.727152375111 0.020220807429 0.692773614251 0.215834854341 0.687801682170
72.9 -0.109990985917 0.036250592199 0.739482688210 0.023418156435 0.693605268069 0.207235445097 0.689504744256
73.0 -0.110480550539 0.036717452864 0.741626849278 0.019965137910 0.690045748821 0.211374042373 0.691924325351
73.1 -0.114231064095 0.033778114704 0.730404888951 0.017446192673 0.680472608305 0.208423709554 0.702290692665
73.2 -0.115886453359 0.032941387930 0.733657849833 0.018685044136 0.678926029078 0.209406677865 0.703462265819
73.3 -0.114094033374 0.033290414944 0.723494149856 0.023984118058 0.683908090622 0.212297847141 0.697584482168
73.4 -0.114837081992 0.033802904505 0.724610180047 0.026178424431 0.680219344089 0.208996124391 0.702094690203
73.5 -0.115232824213 0.035555027326 0.729794505937 0.015651889387 0.681840335974 0.211985759370 0.699936291688
73.6 -0.115234913197 0.036223869710 0.735151533977 0.020088423146 0.683175342332 0.206559061502 0.700143743096
73.7 -0.116600017317 0.036771515592 0.731180049608 0.021124500368 0.678857510322 0.208685736328 0.703673574619
73.8 -0.116522367567 0.036253234899 0.726482114211 0.015867400541 0.670904697340 0.203043195074 0.713027750947
73.9 -0.121744440705 0.036366801688 0.719337148658 0.020606720954 0.673814005191 0.206149562537 0.709261874998
74.0 -0.123336090566 0.037062261005 0.721047359594 0.020179185147 0.673381532595 0.204172401321 0.710256110558
74.1 -0.126917194281 0.036837485547 0.719977877033 0.023326666344 0.669813593308 0.209170803619 0.712076675485
74.2 -0.127017949345 0.035816935025 0.717190911703 0.018788715746 0.667831027367 0.206597170381 0.714819076576
74.3 -0.127051457864 0.035098687303 0.715424083818 0.018001260506 0.668277532252 0.204819952721 0.714933480455
74.4 -0.124632241610 0.032646949518 0.706861187592 0.019919563650 0.665581673025 0.210502696990 0.715746367142
74.5 -0.124940901192 0.032564598230 0.712711190403 0.017459893980 0.668585061403 0.208993782551 0.713449904776
74.6 -0.123526307298 0.031777090731 0.712301580189 0.025917241946 0.667144498757 0.209811552882 0.714300795621
74.7 -0.120002328248 0.031314517915 0.708791940607 0.022423701004 0.672797060801 0.207424633403 0.709800193060
74.8 -0.116491738840 0.032144094438 0.704004819179 0.014732155801 0.670791159600 0.211202805342 0.710785170641
74.9 -0.116873843376 0.033316520273 0.710456656360 0.014193657030 0.672302643953 0.210202026617 0.709663866235
75.0 -0.114661557555 0.034478178226 0.710779178550 0.008805284293 0.671242087151 0.208273304797 0.711321838491
75.1 -0.112475840410 0.034232745555 0.707358957565 0.010840721643 0.670255586592 0.212291019708 0.711036180759
75.2 -0.109931659876 0.034120968041 0.712923380910 0.012831607108 0.676568806726 0.203700039057 0.707528298878
75.3 -0.108802418982 0.033491194192 0.714331825544 0.010653675397 0.679328289014 0.206949083398 0.703968502013
75.4 -0.107706839687 0.032915899870 0.718630894463 0.016049804503 0.672090196586 0.208360313968 0.710368320656
75.5 -0.106304302318 0.032044239295 0.717023508193 0.015842287337 0.678152559542 0.207376611213 0.704878052602
75.6 -0.104428906551 0.029964616544 0.714004267805 0.017803084958 0.676400023995 0.215793463153 0.703988095756
75.7 -0.103428099689 0.029907101086 0.714830822577 0.019912475100 0.676740447445 0.210098750408 0.705325722772
75.8 -0.101480668477 0.029358732120 0.713626126734 0.013131262579 0.676228806819 0.212487567700 0.705259671571
75.9 -0.099042640769 0.028898343720 0.708001751548 0.012534697339 0.671680761929 0.215909241501 0.708569710650
76.0 -0.097615747859 0.029614353319 0.709658107240 0.014172072581 0.682061998276 0.211706050682 0.699836503029
76.1 -0.097444966906 0.030422833906 0.711876263362 0.010826472264 0.678498430341 0.208358404541 0.704350369333
76.2 -0.096794492424 0.030282657119 0.713781757093 0.014893895178 0.677511436135 0.213072150930 0.703815802814
76.3 -0.095366094727 0.031065930049 0.707258633005 0.013353310096 0.676074934504 0.215306991781 0.704547564991
76.4 -0.095740821955 0.032617917268 0.714121639977 0.010741764779 0.677295949796 0.208899759314 0.705347929350
76.5 -0.093914519800 0.033472984813 0.711974667932 0.009890736711 0.675401597909 0.208840701112 0.707191923333
76.6 -0.090284559092 0.033339960828 0.705089026245 0.013325137925 0.677488735471 0.211535451906 0.704332454596
76.7 -0.085811239051 0.035083990408 0.718122339653 0.017691493563 0.680116832750 0.206161415231 0.703296221898
76.8 -0.083983175694 0.034653337417 0.710450269285 0.010453563985 0.679713923367 0.210153592306 0.702648683925
76.9 -0.083550530883 0.034109317148 0.709359455931 0.006185047223 0.676112206511 0.212408143171 0.705490474855
77.0 -0.081954800347 0.032729769096 0.702228671790 0.017970392694 0.680352773999 0.213789301461 0.700779068237
77.1 -0.082211323478 0.033235510621 0.709462501857 0.011055522141 0.681182634786 0.212446836651 0.700524328695
77.2 -0.080611457803 0.032716038713 0.703765176454 0.012440043131 0.681304351828 0.213527741584 0.700053947265
77.3 -0.078978044491 0.033678734687 0.708276497106 0.007269241798 0.681187223407 0.213293711039 0.700312014477
77.4 -0.077466492138 0.033465040671 0.704315912048 0.017520891652 0.677822709758 0.218131969235 0.701903010743
77.5 -0.076485067058 0.034722190720 0.700959238443 0.009745218246 0.677342041684 0.215493807715 0.703331506564
77.6 -0.076577837444 0.036078290578 0.706450247337 0.011661062359 0.673958378887 0.212764258601 0.707372245296
77.7 -0.076311362703 0.037613475452 0.706585515241 0.010812773891 0.681926744244 0.217193067885 0.698345309047
77.8 -0.075802184583 0.037567181322 0.698855143357 0.013386264355 0.680374120285 0.220896615986 0.698653382886
77.9 -0.077433901139 0.039447787073 0.707901871170 0.009487059877 0.679271734530 0.210347911847 0.703031764819
78.0 -0.076852447887 0.039136255926 0.704318327536 0.008159408645 0.671757611438 0.214635424317 0.708947649798
78.1 -0.076508831689 0.039358640940 0.700414611968 0.009895311037 0.676565652895 0.213700809593 0.704622568559
78.2 -0.077388193511 0.040164556317 0.701465191857 0.009440403823 0.675349003815 0.209062738283 0.707182701488
78.3 -0.076731594206 0.039041824687 0.700445129896 0.012667094152 0.680261707375 0.206122313435 0.703276009906
78.4 -0.076487330582 0.037293972860 0.693531912349 0.012740697055 0.675791789671 0.210309005338 0.706337917661
78.5 -0.079647667608 0.036041027902 0.699115420557 0.011879828346 0.672627179878 0.209967733274 0.709468179379
78.6 -0.081239814875 0.035603717230 0.694370395485 0.013662614119 0.667974088400 0.210941635585 0.713531762838
78.7 -0.081939433701 0.034295323853 0.691178287763 0.014025012969 0.668092493700 0.209987917229 0.713695168465
78.8 -0.081057256590 0.033500330708 0.687606114301 0.009222870860 0.668849029405 0.215861714399 0.711308396390
78.9 -0.082209444331 0.032837986207 0.686924904214 0.018275501520 0.670762358740 0.211884761736 0.710527066259
79.0 -0.084520252184 0.033778426138 0.693039201096 0.015146353512 0.667828388651 0.212009273445 0.713321736148
79.1 -0.087882166950 0.033004689534 0.693264702028 0.010038766055 0.663066732780 0.210788338241 0.718199141964
79.2 -0.088065719263 0.030859774785 0.683742187914 0.020155235010 0.661736921218 0.217305364047 0.717270097212
79.3 -0.093170270925 0.031053155323 0.682963584360 0.018294087907 0.660399401002 0.213531204959 0.719682139567
79.4 -0.096955221940 0.034432545740 0.691144651295 0.011211031667 0.661215405944 0.206407371609 0.721154974091
79.5 -0.095506466334 0.033357184258 0.678441617379 0.017284933397 0.663151935504 0.213292872217 0.717242561604
79.6 -0.096698512278 0.033276547570 0.671996685560 0.019683444635 0.656496247031 0.211281357748 0.723868377200
79.7 -0.102039856105 0.036607233430 0.681740398231 0.014287591544 0.661304530330 0.207928594741 0.720581627841
79.8 -0.105240632212 0.036773827752 0.677021122899 0.018731544523 0.656041203856 0.204983029604 0.726113645139
79.9 -0.105021894820 0.036586331279 0.669591462937 0.017654919896 0.652703450382 0.204689211973 0.729224818670
80.0 -0.108211279865 0.038587745781 0.661070080858 0.027553518175 0.647139947248 0.205019823295 0.733769421800
80.1 -0.108273921711 0.041068588982 0.662229946217 0.025806709104 0.647199315146 0.201241945609 0.734825652497
80.2 -0.108723842484 0.043351845819 0.670530550382 0.029790984739 0.646374621160 0.199854898976 0.735778747793
80.3 -0.107078859964 0.043923034643 0.675543826334 0.026537535222 0.650575612018 0.194013157807 0.733761559956
80.4 -0.103949156115 0.040488467346 0.670803252928 0.029051463187 0.645710433304 0.196548365415 0.737280671700
80.5 -0.097961818287 0.037105049089 0.675668678344 0.030575121718 0.647856227839 0.198266054156 0.734872806512
80.6 -0.096446265562 0.035347661962 0.683608610014 0.031330049386 0.654069955205 0.204552766367 0.727577547396
80.7 -0.092903297566 0.033798867141 0.666129359438 0.034902044609 0.651500780997 0.203709603062 0.729952722622
80.8 -0.088027020367 0.033396258404 0.675533638025 0.031883033708 0.654291283471 0.200723289246 0.728420585712
80.9 -0.085623152937 0.032571056796 0.677155702423 0.034993275865 0.653531486588 0.201358810092 0.728784396294
81.0 -0.084976418544 0.033248997976 0.680754754064 0.035622397579 0.652842612830 0.198440142712 0.730170581046
81.1 -0.080354623829 0.029893846378 0.673219173274 0.037330994375 0.654651546226 0.205103598213 0.726615623203
81.2 -0.075416767931 0.027836104543 0.673482977152 0.037468300939 0.658371292171 0.199261734183 0.724871112240
81.3 -0.075051183826 0.027347084172 0.671308037031 0.043067257771 0.655915860250 0.203121046740 0.725714431407
81.4 -0.072134359372 0.029725760806 0.663703026800 0.048599444345 0.654959897303 0.207588346249 0.724963933887
81.5 -0.071558435895 0.029348650018 0.672822105663 0.043290633203 0.657433977136 0.197739656903 0.725813691571
81.6 -0.069670962749 0.028779642044 0.670113014436 0.040486227434 0.660703891880 0.199258881808 0.722583649596
81.7 -0.081991354385 0.020621873732 0.668769160147 0.046641853678 0.652381227466 0.201853000001 0.729025814307
81.8 -0.082086761126 0.018261894466 0.661598105662 0.047908280479 0.647607349272 0.205586499299 0.732150059165
81.9 -0.082949764331 0.017237194379 0.661599561317 0.044892009298 0.646402883205 0.201985023912 0.734404568478
82.0 -0.081784785418 0.016882204470 0.655598890228 0.041826858010 0.648924967729 0.208543575084 0.730517951524
82.1 -0.080325487505 0.016637354795 0.658124842096 0.046175144230 0.650127044218 0.205729378463 0.729985003455
82.2 -0.078722625474 0.017495569040 0.664861585812 0.039557761964 0.654316957786 0.200053817581 0.728205309163
82.3 -0.077503679971 0.016452463652 0.667517446297 0.043811668981 0.659020499277 0.203364636822 0.722783054370
82.4 -0.074177499194 0.014457237017 0.675523825497 0.040959701605 0.652407709979 0.207041448862 0.727887574601
82.5 -0.069495885416 0.013085777508 0.662763789061 0.044284257055 0.656152164892 0.203596276416 0.725294283250
82.6 -0.066694853291 0.012416268666 0.664656557660 0.045437388750 0.659038123375 0.210567977807 0.720600667752
82.7 -0.062525775694 0.008965681027 0.668534685610 0.040161952064 0.663092015465 0.210022945712 0.717346749423
82.8 -0.061453990141 0.008623701835 0.674818137150 0.031923348769 0.659761721001 0.213960997011 0.719663854215
82.9 -0.062236908687 0.007083919286 0.665386180408 0.032744960122 0.660007777393 0.217112349915 0.718456490597
83.0 -0.066145528746 0.007432064827 0.663675288354 0.028425550775 0.653311398302 0.210787263249 0.726598193339
83.1 -0.060540123845 0.010856430387 0.670979143296 0.032279469712 0.661787051509 0.208758612540 0.719316186375
83.2 -0.057086378087 0.010703999304 0.664135187505 0.037585235278 0.664378406741 0.212224634083 0.715646132829
83.3 -0.056759787419 0.010658372522 0.672505777064 0.031976343526 0.660547425319 0.214071396984 0.718907538806
83.4 -0.043788090311 0.008372344875 0.663340878960 0.028503003451 0.666242809550 0.219279191459 0.712197117173
83.5 -0.043466711868 0.009793938847 0.670612232499 0.022147566918 0.672331965387 0.219516235660 0.706605856104
