0.0 0.091458296056 -0.011953672003 0.824493118144 -0.074816504368 0.894372853466 0.436717185322 -0.061463726706
0.1 0.095233726886 -0.013944633782 0.827564669843 -0.078022144792 0.900651978065 0.423256469306 -0.059937638597
0.2 0.095786943408 -0.017234522003 0.829677340844 -0.076777754124 0.898839257062 0.426685962254 -0.064282626357
0.3 0.096551793687 -0.021045497697 0.823115920824 -0.081729184423 0.896035153451 0.430845307203 -0.069380584127
0.4 0.101105631473 -0.024587631880 0.826513970296 -0.078008397768 0.895084975775 0.433516212273 -0.069291195076
0.5 0.104698313235 -0.025784842232 0.828414191231 -0.076294168673 0.897464212998 0.430097366770 -0.061265335316
0.6 0.106811114877 -0.026278474385 0.822862895688 -0.077734686620 0.897885509219 0.427950570392 -0.067950276901
0.7 0.110491919809 -0.027766365207 0.829318132872 -0.077103837800 0.897362446346 0.427843503824 -0.075799566755
0.8 0.109982099610 -0.029170147564 0.821921038603 -0.073163168956 0.894910007338 0.433464743046 -0.076756406962
0.9 0.110736340162 -0.032191474558 0.829969217641 -0.069712464783 0.897983093926 0.428593855447 -0.071230908663
1.0 0.109357750218 -0.033976884302 0.824306902506 -0.071587064031 0.896621938739 0.430299684631 -0.076069525051
1.1 0.105584294531 -0.037110427111 0.820100525205 -0.066486944676 0.894847303865 0.436770261612 -0.063714421631
1.2 0.101082027765 -0.037785448894 0.818020718748 -0.064330956609 0.894309174872 0.437533371573 -0.068096817262
1.3 0.097022174688 -0.041452161035 0.810958877636 -0.061907056226 0.892780487456 0.437398182910 -0.088279936535
1.4 0.093469936306 -0.044878478531 0.814981016960 -0.054862629426 0.895608028096 0.436450868252 -0.066234368002
1.5 0.091419340085 -0.047113926824 0.823107107571 -0.050440736684 0.897876852267 0.434247811699 -0.051978151948
1.6 0.090515101339 -0.042946848965 0.815241570530 -0.054187066942 0.899659569510 0.428327021728 -0.064902875300
1.7 0.092639508084 -0.043567306521 0.823486197356 -0.050816101188 0.899723877558 0.428425240303 -0.066079357462
1.8 0.095285940982 -0.041588148291 0.795079343072 -0.047895269159 0.890714413044 0.441999150025 -0.094713404356
1.9 0.099071058618 -0.038136369475 0.812199632677 -0.044931822514 0.901132412498 0.424559117012 -0.075439131982
2.0 0.101906142692 -0.034923317422 0.814549533807 -0.047173300402 0.903048229768 0.419534497004 -0.079179418188
2.1 0.100096141722 -0.038261641613 0.805759692014 -0.048676436596 0.892412518469 0.440201228857 -0.086332957279
2.2 0.092981151923 -0.040334580642 0.808744168386 -0.050840943771 0.896413203216 0.434883581343 -0.068810160695
2.3 0.087299128652 -0.038714023944 0.805594663243 -0.057809120005 0.898080972516 0.429868843549 -0.072948267943
2.4 0.086821564969 -0.036582227327 0.798524440897 -0.053727505489 0.897018637963 0.429655984121 -0.088694157700
2.5 0.086114601788 -0.030510647613 0.796718956002 -0.052951559059 0.900694913658 0.422777334761 -0.084877147192
2.6 0.088248291658 -0.024265743489 0.796345521314 -0.055368777912 0.897599657725 0.428543132995 -0.087177612071
2.7 0.088488048682 -0.021781263398 0.794728157452 -0.053099916463 0.899968905034 0.423261154952 -0.089924210045
2.8 0.089766274640 -0.020249408824 0.796360413224 -0.047533441465 0.901637372284 0.420402432034 -0.089735254962
2.9 0.091852508985 -0.018255657910 0.786772039359 -0.050336993904 0.898763258543 0.424118324619 -0.099067849784
3.0 0.095937160202 -0.015249047012 0.777631700308 -0.055066729686 0.896426816883 0.424197287029 -0.115945154848
3.1 0.102386947521 -0.010493555543 0.771370738149 -0.056018304321 0.895697467459 0.425194838811 -0.117462102043
3.2 0.098627720528 0.003405648952 0.754195123515 -0.066811852556 0.922863402359 0.372692732289 -0.070423321731
3.3 0.102808387828 0.007721157208 0.759277138476 -0.062352569789 0.902340913505 0.402862939720 -0.139980300956
3.4 0.105895462027 0.013868524254 0.771606016978 -0.058791496420 0.903356620092 0.406971565776 -0.121920144091
3.5 0.103854866328 0.021367628953 0.762155738522 -0.058677845893 0.905273209078 0.397985797001 -0.136545350387
3.6 0.104353633050 0.024284888491 0.763948863173 -0.061832980751 0.904495785550 0.400069433090 -0.134195771622
3.7 0.103733168514 0.028332779612 0.763091031223 -0.070121148752 0.904722936759 0.392690489849 -0.149511241656
3.8 0.105436683347 0.028290011645 0.765750455927 -0.069365467217 0.904644595340 0.395958903344 -0.141503126974
3.9 0.106294047203 0.027811691278 0.753339767486 -0.069604058700 0.902950092699 0.397758196036 -0.147053808494
4.0 0.104841600134 0.025324509309 0.757247183031 -0.071660515422 0.902986958793 0.397346321631 -0.146953133568
4.1 0.103976393411 0.022495254399 0.748694535823 -0.075982777031 0.893910354150 0.409848705000 -0.164848219120
4.2 0.098393002169 0.019360763543 0.753333906061 -0.071181042245 0.901464153039 0.401694552763 -0.144696669935
4.3 0.094612089977 0.020065250201 0.755741170831 -0.079165568554 0.903143390211 0.397717448484 -0.141016526142
4.4 0.094675257262 0.022646401065 0.749540180928 -0.078583649118 0.898091487748 0.405190572731 -0.151910794531
4.5 0.097182345986 0.023429311151 0.750396180164 -0.077608430995 0.898596775455 0.403978676412 -0.152649911842
4.6 0.101648582710 0.023342097534 0.736894477526 -0.075803814040 0.894156114005 0.408926629378 -0.165884409605
4.7 0.105075016589 0.024611731514 0.740021671039 -0.078304829418 0.896937196721 0.400010787410 -0.171357488261
4.8 0.105689801182 0.024014103075 0.734930880258 -0.079706218232 0.893724903027 0.403751806090 -0.178569861857
4.9 0.109018196783 0.025622586349 0.731927748530 -0.079184857197 0.892569496923 0.407525593563 -0.175989608059
5.0 0.111571544573 0.025485482335 0.718880390089 -0.081411853031 0.888802548285 0.408609760550 -0.190893174135
5.1 0.113314208638 0.026588810299 0.715316238400 -0.083079093812 0.886676512065 0.407238012298 -0.202632249316
5.2 0.115610296148 0.028535136071 0.725949513850 -0.090667338774 0.886341466928 0.405690856276 -0.203944028640
5.3 0.114993837027 0.028463095234 0.725470708997 -0.094871718454 0.886925770443 0.405120118657 -0.200598415300
5.4 0.111619649292 0.026231393080 0.708443035942 -0.092720183805 0.884304074036 0.409712963219 -0.203824826574
5.5 0.110948999924 0.024456192711 0.711238699623 -0.093151262267 0.881771958381 0.412532441867 -0.208849324055
5.6 0.111112137949 0.024875544668 0.702761415358 -0.096223923819 0.880623364328 0.408861677195 -0.219261432097
5.7 0.110597868197 0.026530776390 0.700255993945 -0.098553086608 0.880123593948 0.411085968927 -0.216051092678
5.8 0.109940210311 0.026521038756 0.696966652924 -0.099872983995 0.878165811513 0.411928327193 -0.221732378813
5.9 0.111311980353 0.027865134936 0.694444390890 -0.100295758069 0.874616245700 0.413669250152 -0.232088205536
6.0 0.114376299617 0.028080637599 0.697304011214 -0.103895659801 0.874261974774 0.412065142188 -0.234678524652
6.1 0.116308239336 0.026297565172 0.690205956399 -0.102389812222 0.871664592521 0.415933178258 -0.238152799106
6.2 0.118530468714 0.026924406061 0.690743652800 -0.102451941694 0.873846970286 0.410676374743 -0.239248798104
6.3 0.123547517778 0.026819051055 0.702919045756 -0.103419594339 0.874014519809 0.408668792150 -0.241646073820
6.4 0.125105730620 0.025046354061 0.709292666948 -0.103377193641 0.873126726046 0.410623898835 -0.241559288384
6.5 0.125403164843 0.024239430293 0.709270045677 -0.103612097701 0.874593480864 0.407590792110 -0.241289292399
6.6 0.127318375398 0.023600973360 0.704912574860 -0.099334826379 0.876422795395 0.406523534142 -0.238231593557
6.7 0.132085968013 0.018373583870 0.705692842227 -0.099722187610 0.876383659072 0.417947812544 -0.217547221077
6.8 0.138638484225 0.017012399943 0.707504687498 -0.102283472053 0.884478788221 0.399769648945 -0.217760401162
6.9 0.144687610856 0.009108831505 0.710372965465 -0.099553013073 0.876667694962 0.405629939280 -0.238762020760
7.0 0.148627019725 0.002642009823 0.727249351865 -0.101152799668 0.877407880551 0.407929587341 -0.231337359796
7.1 0.148298108889 0.004347208906 0.708566800104 -0.105690938807 0.878269228252 0.409485750539 -0.223145710839
7.2 0.147965323837 0.001438704358 0.732320925683 -0.111128520964 0.881016545123 0.410447706438 -0.207347484499
7.3 0.139409130741 0.001322367356 0.710647687025 -0.109898956409 0.878668645811 0.426259026148 -0.184842832904
7.5 0.106905790017 0.005713764489 0.721077550326 -0.102580083333 0.893946395957 0.412616791891 -0.141719972863
7.6 0.103198322779 0.004074096565 0.756023110934 -0.103089880344 0.888706893674 0.404433455556 -0.189752770028
7.7 0.095097851227 0.000036703049 0.762062377163 -0.103563093626 0.891079695951 0.398130687405 -0.191686245851
7.8 0.093118680260 -0.002660748269 0.765711872311 -0.095283001063 0.895114971564 0.390365847054 -0.193144616398
7.9 0.093692343339 -0.004368665132 0.769838303851 -0.092342862634 0.894648936729 0.392331537484 -0.192748645717
8.0 0.098923308994 -0.001941926582 0.756149366543 -0.090428365078 0.889541412343 0.404265757774 -0.192634326142
8.1 0.102562505214 -0.000654175687 0.761894346336 -0.092579843557 0.892884103097 0.390336701916 -0.204509682265
8.2 0.100960193969 -0.001331629230 0.769281940942 -0.095303737675 0.892758175198 0.393883632289 -0.196864731266
8.3 0.095433877120 0.003583873507 0.760848811350 -0.096366595145 0.894930771505 0.387921069238 -0.198317012871
8.4 0.089339670124 0.004301420722 0.758682642765 -0.102559002570 0.895499287319 0.396033301835 -0.175272077758
8.5 0.083691873849 0.007668350898 0.746695853976 -0.100689539736 0.889214729619 0.390162245907 -0.216638415533
8.6 0.080111236939 0.011552702503 0.748974124019 -0.105000648816 0.893667113456 0.394477310563 -0.186337343350
8.7 0.078049777610 0.011396102252 0.745028654669 -0.103780620964 0.884234643671 0.402975255436 -0.212060418633
8.8 0.083261313511 0.012895565696 0.745896137436 -0.105190048295 0.882196518478 0.397361561620 -0.229713181756
8.9 0.089598029480 0.013570823487 0.730544043214 -0.108958613806 0.880417386713 0.399033790031 -0.231873413880
9.0 0.092385265152 0.017284638339 0.716531836014 -0.111180935911 0.872293867610 0.402348475956 -0.254672165568
9.1 0.099482127807 0.023077431245 0.714708550836 -0.110375046216 0.874103972724 0.405998976317 -0.242743538061
9.2 0.104024855541 0.023942264244 0.708237069595 -0.110850972203 0.868808653499 0.399915400093 -0.270094906164
9.3 0.104437381239 0.027259327927 0.704728185855 -0.120613163615 0.867479912336 0.395726646165 -0.276281537515
9.4 0.100984551436 0.029679467252 0.703382881614 -0.125367418735 0.868809758704 0.398283028490 -0.266126366071
9.5 0.095793230431 0.030885041368 0.703496900065 -0.126798952478 0.867763721283 0.406901499189 -0.255615570012
9.6 0.087906442136 0.028033388759 0.701355404023 -0.132568033219 0.866053965767 0.408074689451 -0.256615067323
9.7 0.079278440019 0.025255020593 0.720756299018 -0.148577390591 0.873422906924 0.410481369763 -0.215782830046
9.8 0.069968917980 0.023678861510 0.702143240963 -0.144306729158 0.866464673601 0.409713735094 -0.246067455377
9.9 0.062730067377 0.021564306901 0.700196863187 -0.140524747588 0.862888770790 0.413363739382 -0.254570586525
10.0 0.060085391014 0.020465508567 0.689537405218 -0.140225055031 0.862182114437 0.403986558233 -0.271613321201
10.1 0.065532217853 0.022232194573 0.688841077761 -0.144681520031 0.858939639863 0.418273959796 -0.257559405555
10.2 0.075509562738 0.024911521036 0.705955071749 -0.148831571072 0.865786297040 0.396271698601 -0.266893222465
10.3 0.077571170094 0.018531792213 0.677451862145 -0.146716668776 0.852675773890 0.410691251957 -0.287664629892
10.4 0.077197277537 0.015891137163 0.672997877785 -0.146657191713 0.851162189131 0.414567068458 -0.286616017806
10.5 0.076685814249 0.014434340841 0.674844892445 -0.157389939050 0.849136477598 0.411814214090 -0.290868875219
10.6 0.075205008699 0.012400696743 0.672476316989 -0.157768883778 0.847983764819 0.416124589307 -0.287876431978
10.7 0.075639487155 0.011708587033 0.668545954742 -0.161291478013 0.844388473280 0.422854496446 -0.286683170324
10.8 0.076532076230 0.015558314154 0.683067740682 -0.167373478118 0.852283326348 0.412000379481 -0.275417751351
10.9 0.070778338932 0.014603718837 0.663957806305 -0.162460084780 0.845604873221 0.419886555098 -0.286800279089
11.0 0.076608448170 0.017892177765 0.677208996873 -0.165014620457 0.848714638582 0.416041281348 -0.281714908206
11.1 0.076419273329 0.013614364957 0.666297853684 -0.167083026410 0.842767319340 0.417701875993 -0.295553126411
11.2 0.073311678237 0.011700749702 0.663632205641 -0.168865338783 0.841268211008 0.415027349680 -0.302497262009
11.3 0.070705423757 0.016253409511 0.668692168144 -0.170849616322 0.844466623273 0.408354848643 -0.301550739298
11.4 0.065612340383 0.019025817719 0.669485190119 -0.177060722368 0.842399303238 0.411903874575 -0.298911546463
11.5 0.063707959339 0.019782863404 0.668124240955 -0.174569294773 0.842602784447 0.408658859949 -0.304210527677
11.6 0.061737458293 0.022208462327 0.676149515400 -0.171020495357 0.843377773311 0.399701458816 -0.315760455842
11.7 0.060253128913 0.023040171577 0.678244973064 -0.170711119036 0.843458449324 0.397469281701 -0.318518018651
11.8 0.061245605246 0.022660712121 0.694034567416 -0.174046679621 0.843381513940 0.411363502819 -0.298656062730
11.9 0.057197713984 0.021532135637 0.696746496081 -0.173994740338 0.841867516766 0.407807264360 -0.307698147025
12.0 0.052979331735 0.016072242119 0.672664753757 -0.177291479160 0.839791580074 0.400951314784 -0.320243464612
12.1 0.053258452919 0.013222501631 0.690084762666 -0.178820110838 0.851969678222 0.386512832589 -0.304596233716
12.2 0.057578371595 0.002283887909 0.685696122362 -0.180730130084 0.839620430329 0.405966313192 -0.312354775227
12.3 0.062217610169 0.002392399009 0.702312899224 -0.176452358881 0.853192977982 0.390336083796 -0.297597125412
12.4 0.064250793184 -0.008785082739 0.690616469054 -0.169287175797 0.837510383260 0.419102218606 -0.307036708559
12.5 0.063755981769 -0.008216272467 0.689635394967 -0.169172859329 0.842200936440 0.409558642482 -0.307147919891
12.6 0.066113901379 -0.030539189515 0.710348531149 -0.173886344396 0.837398153353 0.424376890886 -0.297375396553
12.7 0.066418811873 -0.029800256283 0.715818992247 -0.165368887596 0.836609738592 0.432644218516 -0.292500011100
12.8 0.066450896564 -0.022823507218 0.709280629397 -0.154631234849 0.842736628543 0.417513205452 -0.302600197280
12.9 0.065258148068 -0.027065827316 0.717377461990 -0.154605876301 0.846140390925 0.416873861654 -0.293870116426
13.0 0.065148844674 -0.025031158009 0.724048557574 -0.148605481615 0.851836142505 0.408996500870 -0.291570676564
13.1 0.067298179485 -0.031361280494 0.739111230237 -0.147690786344 0.858436228474 0.404105676690 -0.279236951960
13.2 0.071119799370 -0.037479230510 0.739441846107 -0.146204525770 0.853164633277 0.412307545921 -0.284142275534
13.3 0.073415411570 -0.041186615470 0.734620186226 -0.152374156519 0.852812100849 0.420881621181 -0.268983824836
13.4 0.079596276369 -0.044059440141 0.740316299376 -0.150795448517 0.850280589271 0.416491756646 -0.284285541072
13.5 0.083118338674 -0.036763200519 0.741127263428 -0.142597993893 0.857348952255 0.411515702984 -0.274360005107
13.6 0.086386994892 -0.031284999008 0.750779252713 -0.136779372588 0.860926264502 0.403034600208 -0.278676302115
13.7 0.082319833495 -0.015270441592 0.734768196642 -0.141943642237 0.881852114482 0.354597828419 -0.276494540077
13.8 0.080628948755 -0.013459850908 0.748699153604 -0.139992684811 0.867320360632 0.390481507162 -0.275102949452
13.9 0.078295188790 -0.011659236121 0.736849483942 -0.138262434071 0.865669960585 0.389311320894 -0.282729047127
14.0 0.080390620499 -0.006675945881 0.729298470154 -0.142850493193 0.861503225695 0.402293687877 -0.274892192334
14.1 0.080155340462 0.002284673193 0.728297655279 -0.150922708496 0.869804833496 0.370641774985 -0.288594113458
14.2 0.078432506633 0.005495833942 0.723259411267 -0.153818297711 0.857386329096 0.390773695704 -0.297530725663
14.3 0.078943775816 0.008935690633 0.712990680463 -0.160439386543 0.848920523010 0.394876645974 -0.312514932959
14.4 0.081570428768 0.014330796105 0.707802342686 -0.165871979702 0.844245890222 0.396833301368 -0.319779133338
14.5 0.082698490356 0.018815016642 0.704524431741 -0.171213017485 0.840422764338 0.393022214022 -0.331525593450
14.6 0.082095654962 0.018016897475 0.699576244004 -0.176656169477 0.836096646237 0.393197860038 -0.339308766167
14.7 0.077522011206 0.016693716838 0.697631420953 -0.185636333788 0.832803446554 0.395542664386 -0.339887586763
14.8 0.074592145999 0.018093303851 0.695830160299 -0.186596432197 0.828097442341 0.400328918921 -0.345214649392
14.9 0.071588085822 0.016258976993 0.708801044533 -0.193637329163 0.827835390761 0.407981612478 -0.332782443103
15.0 0.066907891050 0.013270684735 0.698734480382 -0.192838765031 0.824062711918 0.405364295561 -0.345562795180
15.1 0.067277631702 0.012694306425 0.715225189694 -0.190210149174 0.828415821859 0.404081504697 -0.338031748224
15.2 0.066019593149 0.005880319759 0.703719600774 -0.192382977993 0.823274313358 0.406946061703 -0.345836807768
15.3 0.063564693809 -0.000254679309 0.710442098505 -0.204484933345 0.816853443189 0.414990958788 -0.344556045527
15.4 0.060542883619 -0.001760962332 0.724155696711 -0.207615221398 0.817611988096 0.419151482100 -0.335735895935
15.5 0.056121578019 -0.002359031191 0.713465521948 -0.207269829397 0.815380444943 0.415724116495 -0.345495885345
15.6 0.052757170563 -0.004683398005 0.696471607805 -0.212642102860 0.809282731583 0.408951192428 -0.364147935137
15.7 0.052146345912 -0.004138469265 0.689461298955 -0.211311408507 0.808339782823 0.410005866499 -0.365827108860
15.8 0.052079382894 0.003122012305 0.698096678000 -0.212704613081 0.808375742883 0.400907259710 -0.374911689608
15.9 0.053272156429 0.004721369901 0.692213014237 -0.217784097431 0.803309082975 0.403758409912 -0.379794352962
16.0 0.054339049124 0.006714855922 0.686870005139 -0.224062418239 0.799539635118 0.406576829745 -0.381087504550
16.1 0.056998899749 0.011248883406 0.690860426486 -0.227532739606 0.797876491544 0.400140055402 -0.389242716968
16.2 0.057705024028 0.010376471688 0.688804532826 -0.232754945804 0.793805922650 0.394969548690 -0.399620254714
16.3 0.056384046174 0.008611299633 0.691587171249 -0.236465634495 0.793598971420 0.391577627711 -0.401187783638
16.4 0.053434285387 0.009410462873 0.683232626470 -0.242444351501 0.790933447071 0.392933204629 -0.401557611594
16.5 0.050791441039 0.008574274566 0.725451512197 -0.250976339829 0.797366450326 0.412192286830 -0.362374308442
16.7 0.032855821859 0.008135821950 0.704170784816 -0.238610423473 0.801207936637 0.392902527438 -0.383090736004
16.8 0.027995888241 0.006849947375 0.702307946820 -0.246900681762 0.795864033390 0.400089652613 -0.381534747532
16.9 0.024799167446 0.006612380070 0.684657543513 -0.240490918730 0.794606494026 0.393935038335 -0.394436082569
17.0 0.020819336222 0.006620647951 0.684607795184 -0.243777769609 0.792761154937 0.399538762613 -0.390475258419
17.1 0.016071498039 0.008243941317 0.693499989984 -0.236039766365 0.797032827455 0.394642303182 -0.391511625871
17.2 0.011801553874 0.007108611398 0.681685840808 -0.240879943105 0.795389998606 0.395071114346 -0.391472116167
17.3 0.009371024733 0.004887266981 0.679749705403 -0.239112887280 0.792731017477 0.398834035105 -0.394124312252
17.4 0.006477944999 0.004301817449 0.678316955138 -0.242838068756 0.792680265581 0.401964588658 -0.388731447644
17.5 0.001562768714 0.002734232804 0.685147073607 -0.235808442041 0.795178642676 0.401867736058 -0.388056217075
17.6 -0.002437573623 0.001922339339 0.699975562792 -0.232258100953 0.797748023572 0.414350625959 -0.371440202719
17.7 -0.009744533799 0.004387538764 0.709114634157 -0.217432544940 0.814129259856 0.397771487710 -0.362897341148
17.8 -0.011965692746 0.006078059124 0.680642782008 -0.227294442373 0.797209487698 0.406040101334 -0.384611109174
17.9 -0.013382888099 0.017041623548 0.678604883613 -0.224552067039 0.807423385645 0.386372280194 -0.385175682773
18.0 -0.013436041759 0.023806541237 0.693504799993 -0.217881980029 0.810758770772 0.387910518269 -0.380424878539
18.1 -0.011145181403 0.029166647440 0.696611244644 -0.220255043224 0.803656992632 0.389477500775 -0.392339687666
18.2 -0.009069537563 0.029922764825 0.676750558530 -0.224009676938 0.799652647318 0.391660816501 -0.396203373400
18.3 -0.008066392680 0.034384554798 0.699655851659 -0.225983351373 0.799068460075 0.393258333802 -0.394675821290
18.4 -0.006134504406 0.032706619446 0.678172075558 -0.220953707759 0.798193807158 0.392595824190 -0.399918271739
18.5 -0.004578729385 0.032372547729 0.677356778254 -0.220082772755 0.797746316302 0.392298321169 -0.401579898863
18.6 -0.001490718380 0.038982187553 0.699071341233 -0.216771426680 0.801102231771 0.394916654419 -0.394063699025
18.7 -0.000520306390 0.038779339207 0.678474616363 -0.209059772179 0.799804930687 0.388663437668 -0.406874448356
18.8 0.001549072359 0.037741715087 0.679574400533 -0.206894555369 0.801221144206 0.389322927550 -0.404557757458
18.9 0.003335192415 0.035120597912 0.686697631947 -0.202614931509 0.801617975762 0.396568821310 -0.398859599895
19.0 0.006080038310 0.033993524905 0.689858887918 -0.192350845221 0.803845899357 0.402909482957 -0.393060899828
19.1 0.008876027548 0.031059734768 0.690795233409 -0.204925718451 0.800650867360 0.409664765382 -0.386184435883
19.2 0.015225994701 0.033001187891 0.701682608339 -0.214000805911 0.793379842014 0.421397403696 -0.383635646823
19.5 0.045525671990 0.035329115800 0.715621151564 -0.213507395589 0.794777496205 0.442836333905 -0.355864166402
19.6 0.049120070957 0.036924973588 0.681731899109 -0.190174091474 0.789949253275 0.419937012928 -0.404310397289
19.7 0.049447911750 0.037865846078 0.696693743926 -0.190745236428 0.794626658290 0.424522597544 -0.389827260321
19.8 0.044378004946 0.034923720311 0.704204618366 -0.193438262784 0.795280471948 0.437489929438 -0.372442171443
19.9 0.039129328878 0.031116589829 0.690480330097 -0.190251448545 0.797512879043 0.430484645397 -0.377439484108
20.0 0.038180607437 0.028471329793 0.681655520221 -0.184531529716 0.808726599251 0.420293708730 -0.367780641968
20.1 0.039673769743 0.022529496754 0.668489268230 -0.185394575321 0.798897478697 0.431357832223 -0.375928305071
20.2 0.043820091001 0.023652235453 0.683706860396 -0.183982441836 0.801651320048 0.445824958905 -0.353193612879
20.3 0.047737039905 0.023761893971 0.671060440464 -0.190742386832 0.802083881478 0.471422823108 -0.313112297414
20.4 0.057094935795 0.027252459452 0.690597454604 -0.175834750542 0.803721259768 0.453756372725 -0.342373233928
20.5 0.057504001971 0.025122454551 0.670446356133 -0.172181363807 0.805935915262 0.441566282892 -0.354739476603
20.6 0.057786154252 0.023642461310 0.671329275406 -0.172199186293 0.807024522029 0.446248016259 -0.346296937712
20.7 0.057947779449 0.022608298428 0.664096298815 -0.170406034002 0.809178240620 0.449118170914 -0.338356656559
20.8 0.058777547743 0.023155498604 0.665293933498 -0.167778832126 0.811222137599 0.448536909898 -0.335534718649
20.9 0.059110749869 0.025822083516 0.664577686880 -0.164711916253 0.815092305262 0.449199539594 -0.326671535607
21.0 0.060390207908 0.028187503302 0.660508808746 -0.163093797316 0.813743639001 0.456382363996 -0.320837717695
21.1 0.061804808056 0.031479256814 0.665527397914 -0.161395679773 0.814799478463 0.456050843163 -0.319485325010
21.2 0.062223562146 0.032361048401 0.665518600714 -0.154970600142 0.818314635197 0.457594375342 -0.311372218685
21.3 0.062617868941 0.032184716901 0.660887413303 -0.150852542376 0.819821026877 0.459665909877 -0.306340081682
21.4 0.062525115886 0.030610373342 0.664627491946 -0.148917986020 0.821005807677 0.462971240505 -0.299049373292
21.5 0.064967300658 0.029239176773 0.663428033006 -0.147832639209 0.822867311086 0.470002708607 -0.283076585100
21.6 0.068409107487 0.027979062659 0.664145841062 -0.149519293656 0.821877986890 0.473243878704 -0.279644035800
21.7 0.072462384721 0.025383795987 0.666324495397 -0.145242173404 0.823580900680 0.474224615122 -0.275191252608
21.8 0.076580094388 0.022079986854 0.664347624076 -0.142936456470 0.827199039757 0.473973991386 -0.265818685435
21.9 0.078368972945 0.017379808600 0.654813973397 -0.131736788404 0.823503292182 0.478758817838 -0.274367892963
22.0 0.080998480250 0.019589392081 0.668202765554 -0.132495668678 0.826599837092 0.477886555045 -0.266086541576
22.1 0.084268277002 0.019895090646 0.663444698438 -0.123818634116 0.829319282381 0.480799994080 -0.256378313062
22.2 0.087080246563 0.016697506656 0.666893608208 -0.123497027532 0.831387710966 0.479785143640 -0.251692618462
22.3 0.091416307078 0.013552102659 0.661019288223 -0.115502094976 0.830312804197 0.480626885350 -0.257366878834
22.4 0.093482795507 0.009167296465 0.659457129430 -0.114979099506 0.828625179383 0.484650256469 -0.255488253494
22.5 0.094101922243 0.007967614147 0.652631148270 -0.116369203176 0.832509388321 0.472965895666 -0.263987856626
22.6 0.093900698222 -0.001802978502 0.661630401249 -0.109641698828 0.830957892858 0.488377193260 -0.242848502732
22.7 0.091780198626 -0.002844212302 0.656916585004 -0.105610918845 0.834381722054 0.485130498120 -0.239378101582
22.8 0.092973955443 -0.004452145447 0.663759845048 -0.102875469907 0.836310835816 0.487775226733 -0.228201997742
22.9 0.094493481224 -0.006072608341 0.655942012401 -0.096328946397 0.835511336055 0.489471510787 -0.230345786889
23.0 0.097639127335 -0.008606558829 0.658963457632 -0.093885161915 0.837185648200 0.490035813762 -0.223988098013
23.1 0.098887791844 -0.011941449155 0.657358034469 -0.085690026060 0.838430105958 0.490854396417 -0.220803393035
23.2 0.099883809402 -0.014843080718 0.659048685602 -0.080544515881 0.841663933347 0.489818413999 -0.212584866751
23.3 0.099707845002 -0.016707604633 0.660825467586 -0.076061059255 0.843227873231 0.489113032035 -0.209642340583
23.4 0.098986903102 -0.017868937513 0.659196881547 -0.076933440534 0.843155138001 0.491108884288 -0.204896858840
23.5 0.096881790020 -0.016166733666 0.658486564937 -0.073357421051 0.847943962784 0.484512043376 -0.202133135777
23.6 0.095222649385 -0.015331229081 0.657681193453 -0.069635048925 0.850541220802 0.483214397117 -0.195536283328
23.7 0.095326042439 -0.012592688950 0.663595791814 -0.063655737672 0.853945441826 0.479418606273 -0.192049289000
23.8 0.097491359786 -0.011989031486 0.670067685070 -0.059520460894 0.855748336418 0.479278410143 -0.185591769817
23.9 0.098148180026 -0.012818565682 0.664117097416 -0.056528744938 0.853764949055 0.481091061092 -0.190896054697
24.0 0.096539667276 -0.015118094785 0.676521534507 -0.052708825177 0.859215672483 0.478814624121 -0.172356501576
24.1 0.092237973130 -0.016585168330 0.670137833183 -0.051511590371 0.858587117496 0.479324625107 -0.174420817258
24.2 0.090752004206 -0.015482581398 0.664058056330 -0.049800419355 0.857128340783 0.479348508518 -0.181867899973
24.3 0.090350509248 -0.010734890642 0.665088771651 -0.047930905505 0.861376038839 0.474863538981 -0.173892401670
24.4 0.088414535992 -0.012461231213 0.672316012950 -0.050052197381 0.860874537184 0.477617286455 -0.168141417995
24.5 0.083642182528 -0.008248662615 0.659152022678 -0.052505371332 0.873489705999 0.454026086540 -0.167687901280
24.6 0.081286711800 -0.007243521214 0.663862694644 -0.045991065525 0.867339717583 0.469019656420 -0.160084971454
24.7 0.078921668185 -0.006274127152 0.658550532178 -0.038995197468 0.866923468415 0.466888255137 -0.170112996863
24.8 0.077078067760 -0.006489073663 0.670059281435 -0.040065856425 0.871205157393 0.463187887057 -0.157649237755
24.9 0.074066163782 -0.008588751331 0.659599919326 -0.036798596559 0.869649484715 0.464226308504 -0.163858388615
25.0 0.073591119028 -0.013691866499 0.659699519364 -0.037180316961 0.869984810806 0.462919007543 -0.165680552425
25.1 0.074458259920 -0.020111181978 0.662717495211 -0.032159949860 0.870414269578 0.465314599808 -0.157566050103
25.2 0.078426595365 -0.024179490856 0.675398560093 -0.031611100994 0.872763907953 0.462163669591 -0.153911148973
25.3 0.083774583391 -0.020814953719 0.675267917751 -0.029166459775 0.880468098290 0.449927541839 -0.146596223047
25.4 0.089407756236 -0.023849177391 0.668927252899 -0.023414664810 0.876094975327 0.458165423430 -0.148303042624
25.5 0.095303039897 -0.028044910693 0.666234459363 -0.019275782253 0.877812295389 0.453520450660 -0.152948419789
25.6 0.097356339454 -0.031503055715 0.662499199369 -0.017585492054 0.878470500578 0.451059473101 -0.156606774469
25.7 0.094955778155 -0.034106030982 0.666687278147 -0.017891062813 0.880792969110 0.447937119457 -0.152433567334
25.8 0.091252522094 -0.035129928996 0.679749214587 -0.024256383812 0.887157479277 0.439458333212 -0.138706914673
25.9 0.087065484237 -0.016178932580 0.691534362639 -0.011229069860 0.927835859988 0.362751818021 -0.086056048213
26.0 0.081387405216 -0.016642902920 0.692461158294 -0.021772550049 0.896231882616 0.421003468771 -0.138023360086
26.1 0.076655645297 -0.023939668767 0.692857239931 -0.023912764201 0.890383184679 0.429305022617 -0.149476291446
26.2 0.067819803715 -0.031385600026 0.699464350286 -0.020262006492 0.896249702839 0.425686427879 -0.122951154419
26.3 0.059666663719 -0.027052519435 0.701767404184 -0.015472707597 0.899657073177 0.416816427667 -0.129003145815
26.4 0.055604736968 -0.029720139841 0.706093487375 -0.017259815873 0.901200146004 0.413699013473 -0.128037189327
26.5 0.052619080514 -0.032519397483 0.716420510658 -0.014954514197 0.903851127290 0.410733943828 -0.118857602151
26.6 0.051737953906 -0.034686727826 0.721773301604 -0.013789677271 0.905770552355 0.406314060279 -0.119576066613
26.7 0.054102958462 -0.029127861898 0.697782632114 -0.017558666848 0.904723577305 0.400158880840 -0.145051066770
26.8 0.057399470157 -0.023742561399 0.719206508498 -0.017667860502 0.907016481203 0.401137789005 -0.126875623209
26.9 0.059330748629 -0.023461031544 0.722479784686 -0.016414317008 0.908919813015 0.396529046497 -0.127906446241
27.0 0.059066310029 -0.025107331803 0.726988295208 -0.022499155199 0.912432462286 0.390513733221 -0.120248966510
27.1 0.057803838575 -0.022502524994 0.724949230953 -0.022736639760 0.912808622115 0.387041169319 -0.128306655546
27.2 0.058845366255 -0.021122351358 0.726364689016 -0.022538186666 0.911948231216 0.388378206055 -0.130402541333
27.3 0.060108398161 -0.018375579569 0.728979754041 -0.022344842988 0.916874755060 0.379954537083 -0.120316005899
27.4 0.057922289103 -0.017874564870 0.733683449607 -0.024389838006 0.915522354527 0.382661060801 -0.121632506800
27.5 0.054014172177 -0.016014001527 0.719993976714 -0.025482399083 0.918983328046 0.375505857354 -0.117539955776
27.7 0.058982028448 0.007031509875 0.730200436634 -0.015801688005 0.923494250353 0.362968822505 -0.123135332506
27.8 0.056767071110 0.003166182023 0.731605717242 -0.024085712831 0.922267692898 0.360128054947 -0.138383398980
27.9 0.050263987153 -0.002892879900 0.725023397068 -0.045487414785 0.940729571023 0.294321317431 -0.162276712455
28.0 0.052208768376 -0.022013668494 0.715864079398 -0.025372296217 0.919284640549 0.371446734118 -0.127668790032
28.1 0.053184283284 -0.030090452410 0.737707972655 -0.016738369315 0.935108053202 0.336542845731 -0.109688963970
28.2 0.051141486860 -0.043121231059 0.725657445964 -0.019783391263 0.916476871363 0.391448389134 -0.080292716553
28.3 0.055058565728 -0.053534860113 0.739278541166 -0.022482047287 0.915110847277 0.390514743663 -0.097800458729
28.4 0.057836254774 -0.057809395043 0.728508807627 -0.019577038997 0.914682747134 0.391583438268 -0.098156112970
28.5 0.056601378265 -0.065475193485 0.735611214223 -0.018584631320 0.916511650002 0.388529978933 -0.093303067261
28.6 0.056663292653 -0.066524083001 0.731925772035 -0.019729638630 0.916935141419 0.387718477228 -0.092277138049
28.7 0.057501214586 -0.066091986240 0.736600714850 -0.017291842767 0.918207158606 0.385858387575 -0.087806097716
28.8 0.059083924846 -0.063878369296 0.733985490487 -0.012403545634 0.924913541996 0.371059733278 -0.081827661756
28.9 0.060740960451 -0.059520559103 0.738131975807 -0.008300450210 0.926896632685 0.366902626714 -0.078588786438
29.0 0.061569213716 -0.057774398208 0.739813988425 -0.014153192970 0.920827373068 0.379052555242 -0.090530638468
29.1 0.055533798859 -0.063494284618 0.739934075264 -0.013950495269 0.924766851905 0.372276199880 -0.077602089555
29.2 0.048693105119 -0.065360399292 0.731675665731 -0.011897920632 0.927597683661 0.368336743072 -0.061229245089
29.3 0.045462539025 -0.062030334697 0.731269492025 -0.010928186119 0.931020230506 0.359892810071 -0.059657944958
29.4 0.049937145219 -0.054913679845 0.734133613606 -0.007011991693 0.933670221275 0.351074030075 -0.070411471254
29.5 0.053461987886 -0.055237695545 0.725644907875 -0.016603551207 0.927002175075 0.353873958339 -0.123144269470
29.6 0.063236871016 -0.055483018992 0.691366003129 -0.006598014300 0.929884754859 0.350629834522 -0.111038407908
29.7 0.071027095772 -0.046893530159 0.722025559634 0.012517684567 0.922799566684 0.375243871060 -0.086465626309
29.8 0.074587347735 -0.043839499724 0.727060375310 0.007802779695 0.932410391770 0.352478468070 -0.079428631456
29.9 0.077330415685 -0.040837128685 0.722067075530 0.011223910992 0.937853922188 0.340461705372 -0.066256106392
30.0 0.080394552324 -0.041706096258 0.716991499606 0.015659073533 0.929058654278 0.361300098662 -0.077891264173
30.1 0.085074872369 -0.036655583330 0.720510822576 0.015557071748 0.935546403294 0.346332849805 -0.067560801862
30.2 0.087891644909 -0.035085439358 0.724455130021 0.018102057110 0.932215360981 0.351087495916 -0.085932569437
30.3 0.093916065098 -0.028767151630 0.719011440988 0.014817234798 0.945424907054 0.308947495767 -0.102487265224
30.5 0.107129814302 -0.033307572831 0.714849527762 0.004117931571 0.943951927558 0.323150248449 -0.067169323551
30.6 0.100544754801 -0.032873786538 0.708420073202 0.007917435642 0.945964649169 0.323905955299 -0.013157843988
30.7 0.083094959224 -0.030675751020 0.670708104535 0.006578284579 0.928298635708 0.369834793321 -0.037955167815
30.8 0.079960049008 -0.025104020590 0.713160471970 0.006697726136 0.945031408854 0.326723238429 0.011077103150
30.9 0.069895279201 -0.020467469430 0.711788346315 -0.002172518447 0.949919968355 0.312468881211 0.003245328646
31.0 0.063567572461 -0.022733747690 0.726496181392 -0.001658685398 0.949187395107 0.314700873902 -0.001974258643
31.1 0.055644254598 -0.018671521708 0.713098121819 -0.002082625936 0.951127988223 0.307212144636 0.031175485173
31.2 0.051047105834 -0.010264705353 0.717273802143 -0.008747510523 0.957850370923 0.287031878048 -0.007671307949
31.3 0.047077925010 -0.010046646603 0.713090418225 -0.005938303637 0.952891325041 0.303243001529 -0.002557583908
31.4 0.042058318986 -0.008955451931 0.720976168962 -0.000609649195 0.954276325530 0.298879099740 0.005254198285
31.5 0.035041955681 -0.009842729658 0.722594600650 0.002438846099 0.954372089792 0.298268234371 0.014283788748
31.6 0.022511886868 -0.007592032860 0.706590361879 0.004917391261 0.953517076106 0.299139358680 0.036009011743
31.7 0.019927893335 -0.010300227750 0.728005700669 0.000527894853 0.955278488993 0.295554654399 0.009496107535
31.8 0.017164381299 -0.020939977623 0.729063807270 0.006154091512 0.953974854738 0.295381252936 0.051420026239
31.9 0.022170874163 -0.032509116704 0.737299584464 0.008650323730 0.952369995425 0.302445811076 0.037988091249
32.0 0.027798883547 -0.033741890193 0.717960539746 0.000939680309 0.951608945332 0.306874046024 0.016366185956
32.1 0.034547053194 -0.034751965531 0.716865159297 0.002852117308 0.948737157377 0.315704720883 0.014839166094
32.2 0.040365281978 -0.035125672017 0.724074877182 0.011799838808 0.950822002787 0.308577214327 0.024049649035
32.3 0.047050673214 -0.034398481813 0.719794303593 0.003797072909 0.955603275491 0.294274799901 0.014501870645
32.4 0.053129163900 -0.037390824829 0.718832258232 0.002579748611 0.947870454698 0.318645467936 -0.000108495412
32.5 0.058511473118 -0.038422870558 0.725477384984 0.013528646376 0.949934918742 0.311766396540 0.015567269235
32.6 0.063977319198 -0.041170781607 0.730757930928 0.006471883872 0.951445137786 0.307663222028 0.007321633264
32.7 0.068603428936 -0.044808437630 0.735650690529 0.009391367428 0.952906788103 0.303025180554 0.007496356176
32.8 0.066715655452 -0.048001992406 0.723261912442 0.009776340636 0.948521000445 0.316463555770 0.007946870286
32.9 0.062716703978 -0.055606011023 0.721564317790 0.012073614785 0.938114323901 0.345647201757 -0.017993194141
33.0 0.055602745287 -0.054348645897 0.721058690215 0.022051841722 0.945981589527 0.321378431157 0.036721281845
33.1 0.054002879293 -0.064928279531 0.735299099473 0.018924935894 0.939564713455 0.341845722972 -0.001223812316
33.2 0.044111820929 -0.072456443003 0.721579159305 0.035278231029 0.939425631688 0.337920433594 0.045218464168
33.3 0.039659514146 -0.078263698863 0.719719248307 0.024329025351 0.936621796718 0.346998895643 0.041707012119
33.4 0.036827107963 -0.084631641529 0.703862031270 0.024135696601 0.930563272951 0.364325209907 0.027140460759
33.5 0.032354377231 -0.086697318576 0.704306693651 0.031455351206 0.935899479751 0.346388274697 0.055838050060
33.6 0.032816652972 -0.088357606856 0.701244168223 0.039075756383 0.933198669510 0.352152629266 0.060015449583
33.7 0.040841829179 -0.096068476886 0.707472518427 0.030478096579 0.923312258018 0.382821837732 0.003605603806
34.1 0.103370501751 -0.078251457028 0.743977155377 0.050954553635 0.934606107041 0.350195701095 -0.035749532594
34.2 0.110861012408 -0.068891833132 0.720310277268 0.049289370891 0.932385446127 0.358086946940 0.001294680625
34.3 0.115900284159 -0.070020614865 0.715657917268 0.057153672098 0.928268414534 0.367314614683 0.011453479141
34.4 0.122956392763 -0.072441200337 0.707976969387 0.059518646991 0.925924727490 0.372979083277 0.002744653074
34.5 0.127600611798 -0.074953538101 0.695077273817 0.060780469357 0.920645963515 0.385313372059 0.015822443603
34.6 0.130784131099 -0.076378654821 0.697086547301 0.059510900784 0.926618287180 0.371005396974 0.013856333115
34.7 0.123631810380 -0.083936175211 0.696335090450 0.056089575493 0.917484581213 0.393388597805 -0.017928019253
34.8 0.114331358760 -0.086391833143 0.690749981797 0.060174828177 0.909591988832 0.410989159250 -0.010455375905
34.9 0.116521748330 -0.089820506447 0.710559063871 0.065546873306 0.917786285462 0.391575917074 0.006343720079
35.0 0.113386551345 -0.087886772048 0.703255242907 0.069582345092 0.920418784768 0.383948070883 0.023904743511
35.1 0.118568360155 -0.091416618894 0.706188574127 0.082460545119 0.913460887805 0.397231741017 0.031565944909
35.2 0.121725209505 -0.092270571049 0.702205713684 0.079661773275 0.912929955038 0.399187204899 0.029367916485
35.3 0.118218614787 -0.096146414859 0.682757493037 0.080665018074 0.905395983392 0.415555801436 0.032628883058
35.4 0.112918438602 -0.098060408254 0.667562389233 0.089690463136 0.902307916449 0.419461226433 0.042992141792
35.5 0.112788127359 -0.093290217745 0.682632814307 0.089237344785 0.908468745922 0.405010267569 0.051845126493
35.6 0.108413076238 -0.099669635233 0.676786536450 0.076494552242 0.895146489008 0.437989038145 0.032046047478
35.7 0.104864441357 -0.096621500308 0.675878022402 0.080637174960 0.903626438799 0.418048483044 0.046822760940
35.8 0.092900850828 -0.097378272338 0.668378840287 0.091912914654 0.895483716163 0.430986366210 0.062543443691
35.9 0.090218227734 -0.094780642464 0.692856699168 0.087097079925 0.906908850767 0.407506209458 0.062202285505
36.0 0.079238120058 -0.088354532373 0.688399956603 0.111957178358 0.901481622870 0.413106411881 0.064339461480
36.1 0.077525038854 -0.085491575721 0.725493518887 0.104961462658 0.908650371270 0.399770933674 0.059336285166
36.3 0.055077848075 -0.095357807889 0.645451722838 0.102119494404 0.884557763266 0.450666529854 0.063473231983
36.4 0.045259527366 -0.102849324956 0.671854517498 0.112970335172 0.881067887620 0.453837689474 0.070628835387
36.5 0.036021794993 -0.109002997446 0.704035822467 0.124007040893 0.890599905002 0.425329336722 0.102708414178
36.6 0.033582603944 -0.108958563684 0.716444259400 0.130002236592 0.889509474292 0.424676097672 0.107343028146
36.7 0.035757213623 -0.103015835207 0.695733150288 0.142816270853 0.886428586009 0.425031554807 0.114874070637
36.8 0.040167136686 -0.099683028937 0.707992769644 0.130465036382 0.889611199390 0.423030712846 0.112320097006
36.9 0.042557937335 -0.099613052697 0.747836264512 0.127427124784 0.900330551984 0.404298985154 0.098537077471
37.0 0.038614234256 -0.102458510648 0.728531010934 0.117470883114 0.889430836034 0.432024179212 0.092024388662
37.1 0.032159692742 -0.101466106279 0.729384623562 0.129278409108 0.887790137159 0.423589990162 0.125248894349
37.2 0.027361899356 -0.103103127205 0.752834446906 0.124257794936 0.894092616769 0.416648680416 0.107527997023
37.3 0.018487223434 -0.099196740918 0.724994699139 0.147727911036 0.876590257438 0.431993409623 0.152143612774
37.4 0.016056056563 -0.095621313810 0.766185947908 0.138337551575 0.893297513628 0.398976858716 0.153947199324
37.5 0.016600021699 -0.094630815962 0.773668502817 0.135215474909 0.895337620090 0.395594342469 0.153598299481
37.6 0.016179584137 -0.093031245205 0.775082717593 0.134522349031 0.893059516268 0.396542886110 0.164627389855
37.7 0.018154286477 -0.096200793585 0.775263808851 0.136483965340 0.889545541964 0.406175022884 0.158438337413
37.8 0.021133826491 -0.104360128156 0.783875811065 0.138048780845 0.886893018655 0.411616671424 0.157908275192
37.9 0.027462824841 -0.101110009355 0.776796109081 0.135319223808 0.895401135149 0.397213974883 0.148884428332
38.0 0.031041364777 -0.094227241150 0.785468100695 0.133137931543 0.895213983396 0.391418274225 0.166306793968
38.1 0.037097479680 -0.089847786032 0.794243443353 0.134521941884 0.901962487378 0.377088072425 0.161777947044
38.2 0.038067152823 -0.086912546944 0.795089060959 0.149327801977 0.881401172570 0.413548619772 0.172657810812
38.3 0.034966273442 -0.077682440308 0.806740460508 0.140369256002 0.890868817167 0.391001653125 0.183757802072
38.4 0.033107213124 -0.071812339214 0.811802514096 0.143306491927 0.887139236379 0.392971876381 0.194988022764
38.5 0.031567491372 -0.062497341818 0.808359377362 0.146007288594 0.892280594192 0.374514150325 0.205563528167
38.6 0.031892393660 -0.058022279430 0.831623544779 0.137366723344 0.900095611992 0.364757375239 0.194705751839
38.7 0.030772938834 -0.053889630289 0.812018242088 0.152931710582 0.887944838463 0.385077725875 0.199702280360
38.8 0.030179342058 -0.049603845708 0.835649001634 0.139468880897 0.900537578531 0.359558832179 0.200743485863
38.9 0.033526148204 -0.044587021966 0.830175818736 0.138639553191 0.906423830284 0.352735168697 0.186421068949
39.0 0.033793955748 -0.043978163303 0.841817107859 0.138566130370 0.901915613138 0.349271665138 0.212971731044
39.1 0.032820888343 -0.046062107855 0.836564119617 0.137362816402 0.896271638265 0.368906315930 0.204295710135
39.2 0.031315319489 -0.047711621110 0.851555840209 0.130672113979 0.898651771596 0.363952548074 0.207094989768
39.3 0.028589947234 -0.051059984883 0.838748266480 0.143375332895 0.888631132673 0.369063679148 0.231452424257
39.4 0.025770465204 -0.056287499302 0.840438303831 0.133393553778 0.893986762330 0.368210162821 0.217750096635
39.5 0.021811208222 -0.056841072647 0.838549501195 0.136782203628 0.890448877998 0.368299355003 0.229667171245
39.6 0.018806687624 -0.059658411243 0.840541159442 0.140299977772 0.890886549816 0.361033579934 0.237258984559
39.7 0.019290928622 -0.060374947669 0.836984427948 0.143256235220 0.889920307507 0.363936631243 0.234669183740
39.8 0.025436595576 -0.064065177910 0.838979459618 0.150109474860 0.882647047972 0.385378214678 0.223349425599
39.9 0.032119593144 -0.064646712883 0.837670335057 0.149181231240 0.884211695805 0.381015501986 0.225259460387
40.0 0.032347607622 -0.065238041080 0.832466505327 0.142013455953 0.887610633336 0.375922325719 0.225082089344
40.1 0.030604412074 -0.060660136193 0.829340861337 0.141222271435 0.889263802288 0.361585013105 0.241914113455
40.2 0.029003783468 -0.058788609485 0.829208335569 0.141755466528 0.886842141399 0.361974931776 0.249781009514
40.3 0.031021637996 -0.055592472866 0.823686134793 0.148486284779 0.882819915936 0.369696771098 0.248807388756
40.4 0.036523500467 -0.053283846531 0.842960295912 0.145153024038 0.888237521262 0.363772560426 0.240071301318
40.5 0.039305892211 -0.053632015802 0.826737110396 0.152931876547 0.874379435498 0.380349100204 0.259628592201
40.6 0.042769005515 -0.062085274678 0.839176444682 0.151203277366 0.879624233789 0.377454283090 0.246834034164
40.7 0.045858131594 -0.064761046969 0.833328120877 0.149363184946 0.881561655459 0.371910199710 0.249444362451
40.8 0.054149177990 -0.068932423945 0.840360427270 0.157171638343 0.877316250196 0.398392567018 0.216556310894
40.9 0.067477036794 -0.066744009523 0.822206490195 0.147913049844 0.912897477550 0.333286325767 0.183467027625
41.0 0.068443623282 -0.057615952886 0.819518444598 0.142776170751 0.879508957748 0.367872468193 0.265986476070
41.1 0.073216954553 -0.055468214367 0.846808254116 0.138878425490 0.886530521841 0.357692217176 0.258520201435
41.3 0.092494891943 -0.048493004668 0.837929064498 0.116094828494 0.907151986560 0.331375425893 0.231921519467
41.4 0.105116622989 -0.044155247910 0.841388969770 0.125039702358 0.907520965538 0.327787254040 0.230924849317
41.5 0.110880872512 -0.036763469702 0.841606211830 0.128867263326 0.897634523138 0.345108015182 0.241962702023
41.6 0.115753505615 -0.033279665183 0.843182346316 0.142993800728 0.890494232800 0.354130020174 0.247315028083
41.7 0.115923832266 -0.035929455563 0.842775322976 0.144169136562 0.887893336271 0.362983169445 0.243112941176
41.8 0.115382748569 -0.035665286599 0.819961020834 0.152693538854 0.876226468428 0.371046246715 0.266901746000
41.9 0.121008572467 -0.033050166890 0.828984762807 0.154431868875 0.882786200130 0.363648534958 0.254163462673
42.0 0.118379386907 -0.030696366977 0.823191171488 0.141085593902 0.892926603204 0.353152749115 0.240956577575
42.1 0.107915545267 -0.027627035114 0.822326378867 0.131640506222 0.900517944125 0.334451741684 0.244704397009
42.2 0.096584382133 -0.027110806222 0.800269717024 0.156221298162 0.870267228994 0.372191177608 0.282318230815
42.3 0.095974096793 -0.021863091636 0.800243551124 0.151717744077 0.875697493341 0.359900942756 0.283913609557
42.4 0.095887263521 -0.021872197861 0.802279213838 0.153738731127 0.873313630417 0.366964900088 0.281112908958
42.5 0.090850487065 -0.017588231737 0.789902087932 0.149673105695 0.871421042073 0.366782357858 0.289299206407
42.6 0.087184493431 -0.018137620142 0.802286101183 0.131720229923 0.892192578107 0.335937240288 0.271640120726
42.7 0.081366228298 -0.025421162097 0.786430634167 0.150281216693 0.869125218055 0.366420475594 0.296264993402
42.8 0.078053568758 -0.032260147597 0.783540037347 0.160407058918 0.857197116465 0.380382472204 0.307882857291
42.9 0.077951425087 -0.039561925844 0.772337185186 0.163791137131 0.855760705775 0.383710787790 0.305960960227
43.0 0.080901466996 -0.042007343512 0.787485647912 0.158248379322 0.858186025545 0.381382612735 0.304994260119
43.1 0.080331570296 -0.043016394914 0.784070103569 0.158397979204 0.859395859287 0.381373479539 0.301501420113
43.2 0.080544858340 -0.042801149007 0.784301526157 0.158418433515 0.858511485656 0.380781846501 0.304740568837
43.3 0.083560035441 -0.042788421160 0.781482190506 0.162897742356 0.859293138742 0.379019366178 0.302363931891
43.4 0.085203584420 -0.041526200006 0.787206841240 0.147340584494 0.872839597501 0.355783803566 0.299766032625
43.5 0.078117120626 -0.042099956763 0.777775970047 0.144977709337 0.872494155310 0.363494350407 0.292587200621
43.6 0.063403497433 -0.048330638896 0.777757465405 0.163891174103 0.847927072420 0.393006528773 0.315761351737
43.7 0.058033003893 -0.047657082801 0.766376797737 0.159900798668 0.845731180001 0.387795715554 0.329825694509
43.8 0.053411370187 -0.047670665249 0.758148194436 0.170883295439 0.835585340237 0.396386600611 0.339814215973
43.9 0.056110652432 -0.045801714441 0.760105982521 0.163254540987 0.836231429427 0.402822082825 0.334364054399
44.0 0.054356253268 -0.049287528368 0.765747146780 0.158507022890 0.848000477952 0.381512002342 0.331992929378
44.1 0.048751406600 -0.049133786902 0.752744520351 0.132997115393 0.861998305370 0.345999096282 0.345767717130
44.2 0.045103404692 -0.060693646736 0.756235730889 0.159190498385 0.837735356944 0.397580783443 0.338802859472
44.3 0.041585668783 -0.060070401687 0.756183711712 0.160353797065 0.836675436880 0.396407297966 0.342231102045
44.4 0.037827486535 -0.062291820226 0.764083780792 0.161330138460 0.840632609283 0.392930571040 0.336028226459
44.5 0.035599514681 -0.066415291858 0.774943351470 0.170097000664 0.831615223440 0.398509183853 0.347381002493
44.6 0.032357520954 -0.065494756456 0.765080497142 0.172418643369 0.834324384474 0.398242200948 0.339967325305
44.7 0.026579137419 -0.063123991136 0.751254759062 0.187294793067 0.818497077415 0.405919057808 0.360850264322
44.8 0.024757540632 -0.061999750403 0.788252540007 0.173064848756 0.850917965675 0.370499699274 0.329722833081
44.9 0.015122810728 -0.063713607417 0.758304645557 0.188878651781 0.821843782299 0.397867673745 0.361384790200
45.0 0.012234994958 -0.065327206477 0.749882807879 0.190318861269 0.820842513419 0.395999812885 0.364938963943
45.1 0.017080740909 -0.071511753494 0.765189134210 0.189124516670 0.820523307070 0.402062285641 0.359609980693
45.2 0.016289814916 -0.070457642754 0.751949889182 0.193006977053 0.817496529508 0.404180664863 0.362057621384
45.3 0.015684099269 -0.069539846125 0.752449923822 0.195530185658 0.817409707371 0.402361973024 0.362924454200
45.4 0.015792162828 -0.066627913053 0.757447665428 0.201317896825 0.818530150640 0.398799214813 0.361162959309
45.5 0.020191925757 -0.060048046164 0.763988999248 0.182994529422 0.844290820771 0.366409044536 0.345587071873
45.6 0.023518571492 -0.059731218094 0.769714576590 0.200700335782 0.827534855548 0.389685005820 0.350786308612
45.7 0.030220426723 -0.052509330405 0.790922709788 0.194815607442 0.847944287631 0.356250071341 0.340768617746
45.8 0.031015238544 -0.050733759799 0.780558891449 0.213815696379 0.826045500396 0.391422153752 0.344558234279
45.9 0.030963246385 -0.048061158033 0.796654845546 0.220409290729 0.825001403886 0.394917339603 0.338869772962
46.0 0.031358553325 -0.043967488128 0.791003692947 0.225856792359 0.823030978378 0.396476277957 0.338253276396
46.1 0.028182982525 -0.040763757392 0.805625227821 0.226224937637 0.829196742215 0.390280517610 0.330054780099
46.2 0.023383496092 -0.032274413058 0.817357052616 0.209655152465 0.857423278687 0.361353029797 0.300489643860
46.3 0.015066970796 -0.035765461867 0.820472886304 0.222582455090 0.841722641652 0.387957103308 0.302405904718
46.4 0.008908881055 -0.034012334427 0.818759443688 0.225190376738 0.834099886363 0.387957685721 0.321022597155
46.5 0.003177214644 -0.028785579246 0.817010286166 0.219697102601 0.840231561511 0.380019762021 0.318322299916
46.6 0.001448623978 -0.031064713973 0.821352725791 0.229520864089 0.833069725829 0.378801809283 0.331397335745
46.7 0.000547279142 -0.033544869995 0.801869853439 0.233377634316 0.837338966036 0.366481635495 0.331797448157
46.8 0.002039332098 -0.041156154558 0.817995509819 0.215910342335 0.865524996190 0.350644370745 0.285127568483
46.9 -0.007999643478 -0.050205021183 0.810339625745 0.231108853838 0.837324284019 0.382905925160 0.314419772830
47.0 -0.013237976505 -0.049131792841 0.801395779862 0.228080108633 0.833863228035 0.389276930312 0.317985931300
47.1 -0.008894007466 -0.046750932924 0.793099441702 0.224983684228 0.847378292000 0.381577494527 0.292798544650
47.2 -0.010609398306 -0.047354269150 0.796455182774 0.228086086593 0.836625346390 0.394853362248 0.303521974826
47.3 -0.010434361401 -0.045890753938 0.781353928053 0.226567522560 0.833985570157 0.404547547344 0.299126241626
47.4 -0.004413594870 -0.050029739116 0.787673084733 0.234448889059 0.831801335925 0.411196648459 0.289926839511
47.5 0.001662617159 -0.051776231308 0.790705924893 0.230535269719 0.837380784753 0.412402168668 0.274902459101
47.6 0.011116534933 -0.052565563397 0.784225368592 0.225621481148 0.845500618861 0.416514131085 0.246454112071
47.9 0.044927027617 -0.046264007625 0.750842638050 0.235994845379 0.852272631409 0.412484081595 0.218619937645
48.0 0.038106500644 -0.033818257570 0.780479395053 0.221098857928 0.845650337881 0.423550477753 0.237898705040
48.1 0.029539841196 -0.018865437708 0.749676422399 0.213963823168 0.846297061263 0.420525800603 0.247303088335
48.2 0.027136029857 -0.023514329601 0.780999066753 0.197574589079 0.859286438416 0.399721959801 0.250626122654
48.3 0.021619422259 -0.030976102587 0.770310559860 0.191362488792 0.859110492086 0.392467785835 0.266980518676
48.6 0.002011738138 -0.054584039564 0.795537573518 0.191491331595 0.850105600444 0.406501614579 0.274605126251
48.7 -0.000013832853 -0.053583377117 0.788630183656 0.184610714227 0.860073301818 0.382097896900 0.283185446089
48.8 -0.002616274730 -0.050177109875 0.784409684227 0.184729729598 0.855901211157 0.388301201787 0.287280734533
48.9 -0.004563562088 -0.046622545931 0.785375415672 0.186218113986 0.864186996205 0.403351885336 0.236243319923
49.0 -0.013732422790 -0.041679285134 0.787941445640 0.180795568138 0.852528926215 0.396752188545 0.288262195567
49.1 -0.019537191129 -0.039572302592 0.797429379406 0.171461032669 0.862921621798 0.393305144690 0.266980246593
49.2 -0.026187326830 -0.030933440144 0.794134757325 0.161820076943 0.859379046972 0.375951692229 0.306499986027
49.3 -0.030136496137 -0.032540464770 0.803587914192 0.153784947133 0.862397972782 0.370076824920 0.309294471715
49.4 -0.033687635336 -0.035777687379 0.818758601174 0.148808495660 0.868398994300 0.358848164601 0.308167508152
49.5 -0.033184529597 -0.031945116730 0.823413019725 0.141561485709 0.867499242713 0.357084927820 0.316062911427
49.6 -0.027848257487 -0.038293598895 0.815094032565 0.140447205314 0.869086813902 0.359163958470 0.309780476076
49.7 -0.016084901075 -0.046581573158 0.778695621629 0.155499000567 0.872482267320 0.397956509622 0.237118895251
49.8 -0.013661698307 -0.048589122957 0.814127833905 0.136101209115 0.872265267543 0.358632697880 0.303335378627
49.9 -0.011182048131 -0.053722857948 0.796999543031 0.124690000487 0.873817874424 0.360638420360 0.301387882762
50.0 -0.006586907871 -0.058961336293 0.803626327022 0.116408604700 0.877564100586 0.345811222835 0.311038396788
50.1 0.005936892866 -0.067883300501 0.811451988469 0.142093954514 0.891226763644 0.375814485596 0.210446278827
50.2 0.000637566730 -0.067234571395 0.820190422428 0.103700365879 0.892993025981 0.334344332735 0.282884352403
50.3 -0.004030430265 -0.062393806836 0.792234801696 0.105845580660 0.874696058310 0.353179220621 0.314591730268
50.4 -0.004367838910 -0.066235446327 0.804940815938 0.096325468285 0.879256710470 0.346309207034 0.312568351526
50.5 0.003567470218 -0.076450968814 0.801853526817 0.118941063591 0.877490402550 0.362785736393 0.290258723028
50.6 0.008002646963 -0.080290891270 0.807383703351 0.096494158388 0.881250892191 0.336945549268 0.317101622886
50.7 0.019367789230 -0.088352202673 0.855874598801 0.106341143605 0.922007102970 0.306087269840 0.211908108601
50.8 0.029823798231 -0.089927479917 0.804198748870 0.106057144367 0.882720355980 0.337338837272 0.309449776436
50.9 0.043200038212 -0.102192749519 0.807519645463 0.128379041228 0.879478581349 0.394658800684 0.232982140440
51.0 0.047534909413 -0.104191139014 0.809665703576 0.096755287190 0.881928306299 0.340523520547 0.311262925682
51.1 0.055024094953 -0.107809614663 0.765527576722 0.127317464063 0.872945745477 0.389647595664 0.264444209600
51.2 0.056404225250 -0.109155631523 0.808123739148 0.094999207181 0.884938345107 0.333416001601 0.310955054422
51.3 0.062838969735 -0.104093194591 0.799375034588 0.073033575666 0.899851897356 0.313487050111 0.294378207520
51.4 0.064552347125 -0.097412079200 0.786729194004 0.079194193475 0.888328813969 0.318465397938 0.321216419736
51.5 0.069507540236 -0.089593127873 0.785204679732 0.062779774907 0.902408460494 0.314338404357 0.287939295403
51.6 0.079936690888 -0.090784213587 0.813298296434 0.070169264226 0.902140719514 0.313965810146 0.287478462865
51.7 0.084261545025 -0.087389688315 0.812847211075 0.073480040304 0.897583931160 0.312113663049 0.302537322555
51.8 0.083500682572 -0.076798312605 0.780880808807 0.077608738224 0.894406031056 0.310579588508 0.312338045335
51.9 0.084485441651 -0.075399126401 0.784253891588 0.072277602004 0.896240234063 0.300943783145 0.317745543605
52.0 0.087164913639 -0.076326039261 0.793264114949 0.072638408064 0.898019920575 0.299367279669 0.314106854093
52.1 0.084475766646 -0.069161841740 0.769438675969 0.061467384599 0.912468962682 0.271202295383 0.300119089283
52.2 0.102497199241 -0.083105237129 0.836048113348 0.057966602956 0.915594199714 0.304773547020 0.255812860171
52.3 0.111079968716 -0.088342187374 0.843854374976 0.065335438527 0.917539279165 0.322985681792 0.222560555848
52.4 0.107182665795 -0.073625611349 0.776541986739 0.079822727878 0.897408611397 0.300664522884 0.312868919812
52.5 0.099521457748 -0.073200533830 0.787973099043 0.065402678764 0.899963263668 0.299797057188 0.309693942725
52.6 0.097905377756 -0.078225161141 0.788503522519 0.067524319711 0.902658107041 0.295836913178 0.305170982963
52.7 0.104728962237 -0.082634969588 0.786811982430 0.051233032501 0.920597004499 0.295293079594 0.250356403619
52.8 0.097657963147 -0.087833477568 0.785291703121 0.079350294421 0.895041744307 0.308345196966 0.312293205547
52.9 0.094241936253 -0.092625900024 0.803107302459 0.065894114679 0.905662448673 0.297883159944 0.294447139120
53.0 0.083469187720 -0.087613043751 0.767829823092 0.069177605596 0.897643168053 0.282662917385 0.330987729180
53.1 0.075187492523 -0.094619070255 0.731755901976 0.124617122451 0.860006008315 0.331787946373 0.367119867476
53.2 0.079171411494 -0.100708171888 0.760717388716 0.099684431886 0.885093454508 0.300214670673 0.341385035319
53.3 0.079289178833 -0.103841348070 0.768455270426 0.091128637942 0.891154714995 0.298457574152 0.329335576152
53.4 0.066755047738 -0.108032753308 0.695096828461 0.163092331121 0.841880605527 0.347142478414 0.379644619674
53.5 0.074214301241 -0.125205337476 0.709216366128 0.124980339220 0.834081333512 0.304293096728 0.442824971269
54.1 0.107090612062 -0.170635313510 0.769240394791 0.113918461302 0.867677578487 0.316761032409 0.365815052059
54.2 0.098422299221 -0.163761633390 0.739965923709 0.170869644140 0.874037065977 0.293041578302 0.347835313613
54.4 0.123679696303 -0.137392714189 0.711758139389 0.137794483589 0.793814231698 0.397076183459 0.439547665646
54.5 0.119369080363 -0.128725336785 0.724256812369 0.166929848268 0.842873178428 0.321952451561 0.397549807921
54.6 0.112613367477 -0.115699886197 0.697041787106 0.160236612321 0.846708834027 0.360476872833 0.357022131814
54.7 0.123809264392 -0.118432051377 0.709003174314 0.126777554255 0.838964465476 0.318774445533 0.422432160566
54.8 0.130056151085 -0.115820777400 0.781614356079 0.149492860898 0.877156915738 0.301931324276 0.342177008482
54.9 0.134597949537 -0.116624868909 0.801565482749 0.146013446471 0.882280571164 0.304566855946 0.327872074833
55.0 0.129248534684 -0.112151237009 0.784480363945 0.158949411756 0.875407700798 0.307298389900 0.337585754218
55.1 0.123486673705 -0.108395617812 0.770483615632 0.183929860253 0.858869059868 0.312639948961 0.361621358361
55.2 0.127279003014 -0.111688601531 0.809613074422 0.177304366731 0.871731099327 0.303469327049 0.341400673029
55.3 0.128272810934 -0.114086305579 0.819094570563 0.173508927028 0.875856264632 0.304120247985 0.332086330209
55.4 0.124345822812 -0.109870146414 0.795423871323 0.185080709614 0.866315197653 0.304956356694 0.349635138045
55.5 0.117752327098 -0.116698185853 0.767794714264 0.225506346952 0.837275482751 0.323114783219 0.379095621624
55.6 0.128968362179 -0.132915493777 0.818075053153 0.210686993371 0.854327662601 0.321058119476 0.350224099198
55.7 0.134082562912 -0.134517491561 0.784216535075 0.192839241199 0.841102844933 0.341921874789 0.372086633515
55.8 0.133324715057 -0.140587383405 0.818883327122 0.210444423366 0.858082339289 0.322277810288 0.339918897195
55.9 0.109706316811 -0.124192410393 0.702294640591 0.171141113102 0.886152510084 0.272871683087 0.333144852651
56.0 0.122645654555 -0.130491947096 0.789950827681 0.212199143044 0.856397759925 0.329342124361 0.336285839144
56.1 0.107802555361 -0.114254646004 0.715996964803 0.264714222467 0.815576515938 0.339360536618 0.386776102236
56.2 0.117730306282 -0.113540728150 0.798258431100 0.219930099183 0.845835094633 0.322122953585 0.363910080835
56.3 0.114275589219 -0.101740287266 0.773316242576 0.225579881880 0.844680915614 0.322785929197 0.362542565226
56.4 0.123354680516 -0.101590482515 0.832835954794 0.207753759063 0.862393827645 0.318394369089 0.334275765450
56.5 0.124014818857 -0.098234237324 0.842706538006 0.212024236349 0.864030515676 0.313174125409 0.332293482264
56.6 0.120458558577 -0.095327723585 0.832625342818 0.219770144851 0.859541680066 0.326806791330 0.325709233524
56.7 0.119612885032 -0.092010905564 0.850341091007 0.214727730204 0.864747734925 0.315284991592 0.326647716815
56.8 0.115718360265 -0.089983512592 0.848945356657 0.219441567317 0.862940268495 0.304100573828 0.338677328059
56.9 0.117001132460 -0.088710830915 0.859485975270 0.223277978410 0.862814266390 0.304262472191 0.336337381340
57.0 0.115850966876 -0.088849538191 0.856818036116 0.231333274209 0.861072026145 0.300624051090 0.338622299827
57.1 0.116595380019 -0.092756720960 0.859096793305 0.235889378564 0.857104656872 0.308552043455 0.338413127298
57.2 0.116427672257 -0.098756918184 0.867521716790 0.241193872559 0.857924738937 0.311597605691 0.329693175980
57.3 0.107157395871 -0.098455287280 0.825652887622 0.252758055099 0.847409652108 0.292882694439 0.363634396605
57.4 0.101697601754 -0.098369521336 0.780700727349 0.209729678488 0.867883801686 0.332772997290 0.303402869146
57.5 0.096268607813 -0.110599397387 0.797206337502 0.235552002249 0.854261879218 0.327147023452 0.328217490390
57.6 0.095913297842 -0.123199205962 0.818110005038 0.246358152629 0.856558564951 0.309493014861 0.331404826754
57.7 0.093417096352 -0.131391908136 0.826108054765 0.264994267604 0.839049059532 0.329587918081 0.342266735297
57.8 0.095706350483 -0.131838590937 0.815601628964 0.264362771549 0.845023247689 0.329575458804 0.327762189458
57.9 0.102655374992 -0.119796215139 0.817648034765 0.244764492808 0.854616903105 0.340094003589 0.306686094747
58.0 0.105793372183 -0.101840748216 0.788368342749 0.263972440165 0.839178323363 0.295954422413 0.372168338639
58.1 0.115576664400 -0.094638165043 0.837718793686 0.230341878391 0.855434909334 0.321661335659 0.334227048717
58.2 0.116118410092 -0.090203589392 0.845998772775 0.226250258284 0.855675512953 0.331242652095 0.326968718064
58.3 0.113841490931 -0.083157932866 0.838693438121 0.219650156117 0.862481096789 0.320954375078 0.323833994075
58.4 0.110140191859 -0.078618701646 0.822571883987 0.213530868084 0.868755812372 0.316387949157 0.315541712731
58.5 0.107749668091 -0.079047592304 0.835344452920 0.223506693660 0.855993153219 0.338899026887 0.320106121634
58.6 0.107186905294 -0.073878092677 0.834555776283 0.223828856878 0.857759277850 0.318340822463 0.335870190467
58.7 0.097633026044 -0.066426446511 0.805936082388 0.229643394545 0.847281840001 0.333005475087 0.344216136327
58.8 0.098554917670 -0.065340867360 0.825464571174 0.218845614832 0.857690788451 0.324184136532 0.333733057841
58.9 0.096858041698 -0.064825808581 0.824912006368 0.215198374539 0.857187644035 0.322380966808 0.339101039144
59.0 0.097712245279 -0.064985479796 0.824783351838 0.216613609719 0.853259808866 0.329548417196 0.341209735181
59.1 0.100463208657 -0.066887005468 0.824619511632 0.212921377175 0.859085589603 0.328844994349 0.329389445142
59.2 0.098148762316 -0.066506960016 0.809649813415 0.209148799374 0.856390019559 0.330998715577 0.336589905384
59.3 0.101272889317 -0.065069165233 0.824129767393 0.203249416057 0.860275172329 0.328334618853 0.332885386898
59.4 0.107022491062 -0.059213033301 0.813516129929 0.200863690282 0.873890225222 0.306353734530 0.319557571539
59.5 0.105030122099 -0.059239270798 0.801439323224 0.202683195525 0.857863319909 0.329098327276 0.338650760505
59.6 0.103920900026 -0.062522164686 0.812645835090 0.189682565117 0.860657212176 0.338760740888 0.329440204062
59.7 0.102090387241 -0.064091029897 0.804179496784 0.189841966421 0.859218791429 0.338894855885 0.332946501551
59.8 0.101527513494 -0.065973682740 0.811191987227 0.180165977733 0.859371443324 0.344879926420 0.331781221922
59.9 0.102190895759 -0.066835484076 0.806048934553 0.181347639720 0.859934901514 0.345590365081 0.328925976913
60.0 0.101467346730 -0.064062461598 0.795875082638 0.180017206348 0.858578091414 0.346222009630 0.332517347532
60.1 0.100995632912 -0.066528605473 0.783609773942 0.177514118781 0.853999279945 0.358004643708 0.333176593671
60.2 0.105525464443 -0.065741656752 0.790922898359 0.166288043473 0.861999142574 0.357789092108 0.318265188746
60.3 0.109804640429 -0.065007869798 0.782337166674 0.166870432919 0.858680171941 0.364415298546 0.319412133643
60.4 0.113513205264 -0.060772550648 0.774520528095 0.142099678487 0.882557239196 0.323428831646 0.310313054473
60.5 0.116423457075 -0.063023804521 0.773870513321 0.160171620356 0.863011695038 0.352678300987 0.324305230103
60.6 0.121302978715 -0.061886747841 0.775994543960 0.151773285641 0.867846667129 0.358340395311 0.308867598182
60.7 0.129161217045 -0.055811848102 0.772067622383 0.151119398673 0.870922558188 0.356870291669 0.302159593441
60.8 0.130532171294 -0.052650142196 0.771225237660 0.148597112113 0.867750173808 0.369857934350 0.296873108457
60.9 0.130321758878 -0.042495373210 0.774121439968 0.114223754630 0.893038570435 0.342127465370 0.269042455819
61.0 0.127563314569 -0.043740775466 0.774278714856 0.131383848947 0.870175676365 0.380664599183 0.283949008499
61.1 0.118008214553 -0.040684434553 0.759064199749 0.130559058016 0.869213298586 0.368709469873 0.302449831803
61.3 0.132399883119 -0.037445946571 0.761176021273 0.115394233951 0.880109452496 0.379668343045 0.260659685581
61.4 0.126956837028 -0.033537046786 0.749604248737 0.117161603023 0.874194756635 0.381963132743 0.275972555655
61.5 0.122304540342 -0.025974411156 0.732044866614 0.114281019714 0.877989216639 0.376167876969 0.273079681296
61.6 0.123732913398 -0.024289514558 0.746174221403 0.111989378348 0.884471068065 0.374506673249 0.254782378875
61.7 0.118472282272 -0.023183701611 0.742904766876 0.106501612261 0.881962826269 0.376625375451 0.262587711501
61.8 0.115526126880 -0.024557340850 0.746884390545 0.101575101425 0.884980867822 0.378036514769 0.252150264447
61.9 0.116044818585 -0.031019146467 0.742242528740 0.099203289335 0.877920403051 0.392342951975 0.255893496064
62.0 0.117856669451 -0.034178138709 0.747795218628 0.093278190159 0.880797646131 0.391452481529 0.249518817958
62.1 0.117366500146 -0.034429042035 0.747294632524 0.085524139870 0.884596842139 0.393736700216 0.234830703444
62.2 0.111372654658 -0.032323591710 0.751273158712 0.080995034364 0.886952481731 0.394793141340 0.225595822457
62.3 0.106845563789 -0.028535656946 0.750270161947 0.080475636598 0.885671962757 0.397495429035 0.226066871073
62.4 0.102235090700 -0.027491401382 0.760819201288 0.056158286518 0.895807378220 0.381553520170 0.220889789777
62.5 0.100863877989 -0.030683652333 0.756352529690 0.065069365598 0.887806639636 0.396337742356 0.224681423938
62.6 0.099260229999 -0.032629344813 0.764145576235 0.057639979202 0.891635335002 0.395723985235 0.212288929724
62.7 0.093884756593 -0.032208346849 0.762206701691 0.056863963059 0.889670391619 0.401839868604 0.209231460308
62.8 0.089331485410 -0.029958595105 0.767887586896 0.053531896156 0.894395154794 0.399434973944 0.194018928885
62.9 0.080644241137 -0.028939312340 0.763519349557 0.045583592900 0.894468084743 0.399837765242 0.194881356012
63.0 0.074901372116 -0.029121164742 0.766187765838 0.044206154961 0.890661128740 0.403610322380 0.204614948826
63.1 0.072233533914 -0.030493347422 0.772783924955 0.042284644644 0.895377500258 0.402601081105 0.185535738746
63.2 0.063458776326 -0.029533916360 0.762916045805 0.042315087095 0.890021491207 0.405830744809 0.203402520046
63.3 0.060404103840 -0.028973669947 0.768103391697 0.040457435158 0.893370025688 0.405603568070 0.189047450951
63.4 0.054612660288 -0.030091970434 0.764620214106 0.042381133410 0.891620328277 0.405892869159 0.196132629868
63.5 0.048827733116 -0.032219068300 0.767941744812 0.038065982609 0.890396136045 0.409102910235 0.195909445207
63.6 0.040822565910 -0.033443363443 0.763358729673 0.035506142268 0.890477089343 0.406832859554 0.200691035184
63.7 0.036465074516 -0.039798865701 0.775397758646 0.030663275105 0.890804311846 0.417114050974 0.177604363788
63.8 0.027144364795 -0.035989112032 0.780716880703 0.037694110850 0.895955519956 0.389390494134 0.210280534869
63.9 0.019766004211 -0.041964024305 0.773723311108 0.041641601316 0.887590833130 0.410872979083 0.204038930214
64.0 0.015324341406 -0.048276655873 0.774001735122 0.039315657175 0.884471665136 0.419797690326 0.199835061661
64.1 0.010565312672 -0.054304829397 0.785301781057 0.043235209696 0.885970584587 0.411159136991 0.210083326226
64.2 0.009999572364 -0.060225199353 0.775076690310 0.044936429500 0.880807789450 0.423769727148 0.206343339368
64.3 0.011620727215 -0.066074921104 0.772184212754 0.044560462392 0.881392981510 0.426739573343 0.197621137230
64.4 0.017376993932 -0.070967227206 0.786483768583 0.034607745467 0.888150457221 0.417555243033 0.188782118613
64.5 0.022601913142 -0.075663808257 0.778690293251 0.032979884107 0.885682560810 0.425211471843 0.183504585597
64.6 0.029621386061 -0.080108868776 0.777530199541 0.028049094423 0.887812393633 0.429124287059 0.163874184268
64.7 0.039001942800 -0.084146684498 0.769578760534 0.042169965797 0.884511061295 0.440982796190 0.146273886581
64.8 0.042101175728 -0.081949074380 0.766918053585 0.033499556945 0.888184535596 0.433932045615 0.147339710198
64.9 0.045267649674 -0.080177218999 0.776964822837 0.021238936300 0.892426315207 0.427643843133 0.142284654623
65.0 0.044137257747 -0.075984198387 0.754657785508 0.020263818779 0.884901331960 0.441101353006 0.148218105240
65.1 0.043335712969 -0.070476824309 0.769739289255 0.017408733727 0.891440473675 0.428450878411 0.146494582403
65.2 0.044390775750 -0.061343138749 0.767296088370 0.006284409057 0.893617711516 0.429863458019 0.128939130318
65.5 0.070803715784 -0.033205193233 0.781407924092 -0.008286227911 0.906015836497 0.418362096978 0.063559407295
65.6 0.079411939570 -0.028691463623 0.783932168015 -0.012323801107 0.904279490691 0.422668312498 0.058976472019
65.7 0.084051246037 -0.028667851648 0.775230868919 -0.016251967679 0.901307139200 0.431360467730 0.036186478860
65.8 0.086370775316 -0.031932273572 0.767150224128 -0.019555204346 0.900154414090 0.431521142991 0.055938608579
65.9 0.088342917735 -0.032354115532 0.767706849449 -0.024834961720 0.896978253396 0.438785922967 0.047750931052
66.0 0.088314759788 -0.031010997549 0.768911090206 -0.031567891608 0.900321335075 0.433116827645 0.028892480670
66.1 0.093208123046 -0.029490475281 0.767595494956 -0.032229215629 0.897966953395 0.438702396565 0.012523398813
66.2 0.097467106926 -0.024364210976 0.737061973788 -0.060663977424 0.910361448750 0.405132588832 -0.058561932509
66.3 0.101319116099 -0.014369132241 0.753969307194 -0.042885608157 0.901850260470 0.429896667016 -0.003973410672
66.5 0.123822335261 0.002017024750 0.759961750058 -0.043178339831 0.904715846617 0.422298008193 -0.035906268624
66.6 0.117380177658 0.006080563218 0.748797310318 -0.055058766315 0.899733313823 0.432227024290 -0.025065827783
66.7 0.116224052193 0.010192569332 0.765317758561 -0.055126004150 0.905987935705 0.417999930540 -0.037723230134
67.0 0.122288890881 0.032981036033 0.756565097028 -0.063839373165 0.904888737794 0.413594863461 -0.077718695083
67.1 0.125099277439 0.033869808156 0.729240735240 -0.066489909075 0.896061375998 0.431196000849 -0.081994580843
67.2 0.134319471124 0.035520231536 0.750708514233 -0.065137676737 0.902210945893 0.416340248802 -0.091832942938
67.3 0.136319773077 0.038914468638 0.751767091797 -0.071435802355 0.900016718308 0.418171151000 -0.099998606888
67.4 0.137074568428 0.034725543361 0.754721959392 -0.077546885095 0.899597678238 0.418725787482 -0.096846336111
67.5 0.136202398669 0.029572006143 0.749258720240 -0.082948451159 0.897148444800 0.413332567681 -0.131910617228
67.6 0.133217272730 0.021062287374 0.756895979045 -0.087812672763 0.892861895652 0.425896379385 -0.117042060059
67.7 0.132289943814 0.020090092649 0.777602812181 -0.092170486284 0.897265934905 0.414972811158 -0.119230908397
67.8 0.131670311096 0.020072624490 0.766419830295 -0.094041393055 0.892141329457 0.423870546025 -0.124795131629
67.9 0.133818153326 0.018548873645 0.752518772846 -0.095747780937 0.888124800403 0.431163055788 -0.127142127868
68.0 0.139910285203 0.016765347517 0.764249731881 -0.095091298440 0.892306894294 0.428972852348 -0.103577716256
68.1 0.147711829206 0.013339202750 0.760245211795 -0.102917224118 0.884361512874 0.432180637239 -0.143292206080
68.2 0.162914247702 0.007298514406 0.806852327799 -0.098708732510 0.886991750424 0.410558598771 -0.186932762728
68.3 0.160373335984 0.013624780268 0.768355842360 -0.114151367730 0.882936836887 0.430155549582 -0.149526621300
68.4 0.145001695839 0.008979068979 0.702813361828 -0.105540150127 0.877423280550 0.457233188910 -0.099636712209
68.5 0.142986067313 0.010780355427 0.751867850757 -0.112797101968 0.886253760385 0.433657819298 -0.117354087072
68.6 0.136500386817 0.012956740347 0.756009544969 -0.116578747207 0.881595340313 0.434218660242 -0.143712235860
68.7 0.135492680544 0.012530194234 0.774138881523 -0.121585186152 0.883671533238 0.422789036477 -0.159972167856
68.8 0.131577475689 0.009470225660 0.762014352321 -0.117066691843 0.878535833376 0.436060774328 -0.155952493497
68.9 0.131422195246 0.009178756993 0.770930127981 -0.123030191078 0.882038741131 0.425467694972 -0.160774599243
69.0 0.132024456793 0.011917672844 0.774702578935 -0.127456166167 0.884739667823 0.414134379353 -0.171707197650
69.1 0.129722581200 0.012052550716 0.761995113223 -0.121661107524 0.882286546353 0.422126557279 -0.169050864180
69.2 0.131161506800 0.011238875841 0.774891429645 -0.124579539853 0.882996062673 0.418139133103 -0.173082514776
69.3 0.132158140561 0.013303833312 0.780228830523 -0.122560774739 0.887503177767 0.410462751047 -0.169815476182
69.4 0.132196255600 0.013492531555 0.776775129005 -0.112795607655 0.888951044382 0.409830981779 -0.170533744346
69.5 0.132592500591 0.013465237247 0.781279484463 -0.109561392358 0.892179201281 0.403205528081 -0.171574695776
69.6 0.132055364310 0.011178738235 0.758207183289 -0.102822014981 0.882728056669 0.422248212210 -0.178676407204
69.7 0.136326274383 0.014885839911 0.776804877789 -0.105125252906 0.892040894171 0.397281101447 -0.188094260310
69.8 0.135091264430 0.021705622506 0.750611173212 -0.100439031522 0.889334964533 0.400383667917 -0.196693264427
69.9 0.139081139512 0.022686819822 0.742522716528 -0.092021916592 0.886948947259 0.416942289711 -0.176104113734
70.1 0.192732106888 0.024122980106 0.835276931983 -0.072003017446 0.907961305552 0.352301021107 -0.215187879832
70.2 0.188932523544 0.031264178720 0.763852635246 -0.086302174546 0.892190436704 0.398876628577 -0.193508641917
70.4 0.154380087914 0.017271164033 0.718551018548 -0.109964703147 0.879154914918 0.427724408532 -0.179014608296
70.5 0.147504035224 0.012368106701 0.739137906768 -0.108115894064 0.883143485371 0.416121085752 -0.187648020749
70.6 0.145590253806 0.007172251300 0.769958191956 -0.104125729269 0.884730881705 0.408509652048 -0.198818921748
70.7 0.142728184685 0.008485151272 0.778473394545 -0.104572128209 0.889806761295 0.392224676069 -0.208490769670
70.8 0.135479035434 0.011608190159 0.762526866077 -0.103735474337 0.893861354690 0.386040747708 -0.203035393624
70.9 0.133104753713 0.009280763338 0.778670494776 -0.102412464298 0.891313172462 0.393621129268 -0.200337021908
71.0 0.124755747278 0.006781997795 0.756584563020 -0.098748114209 0.887109713934 0.410723819191 -0.185986853655
71.1 0.120032269862 0.019604533477 0.747824693493 -0.106159644213 0.907706081732 0.343213848126 -0.216804182577
71.2 0.119939625600 0.020454790397 0.765538009525 -0.098255045277 0.897260911279 0.381015441061 -0.200239948167
71.3 0.120762932724 0.027109979915 0.771061095437 -0.098881508096 0.899588588392 0.371109587044 -0.207943486063
71.4 0.116902447772 0.032029956826 0.754476962196 -0.092652672661 0.907158809594 0.367327231577 -0.183164083177
71.5 0.119784846620 0.029777020839 0.771757339956 -0.100509374640 0.894645336514 0.377169198593 -0.217372912514
71.6 0.111243348683 0.022063396673 0.761428293288 -0.093336107432 0.904214985685 0.367790711964 -0.195993935891
71.7 0.106455606906 0.017095706889 0.756034374858 -0.096967639622 0.897002417386 0.388409223502 -0.187409218472
71.8 0.105321109701 0.016910100016 0.757053411975 -0.095299318873 0.898263948892 0.382263378424 -0.194716787819
71.9 0.107902069315 0.016631908737 0.756051845984 -0.093264118763 0.899551346454 0.379978326500 -0.194230920904
72.0 0.112595480959 0.016508208079 0.747832745244 -0.098193556109 0.897343523495 0.377593697089 -0.206290150759
72.1 0.117838915475 0.017050705102 0.745517043865 -0.095339817960 0.897520567276 0.375242833901 -0.211092316376
72.2 0.118734023225 0.020932692614 0.751858290778 -0.099736408594 0.912623160150 0.345366366812 -0.194663014038
72.3 0.106546406798 0.010889787577 0.723608928346 -0.097030878239 0.896227482581 0.394317597366 -0.178535544197
72.4 0.099743949748 0.003791392040 0.750304946368 -0.096564355259 0.910250672394 0.375942150505 -0.144175372975
72.5 0.091691862140 0.012098208466 0.741434937630 -0.101726020084 0.910699661751 0.349478952861 -0.195300804997
72.6 0.085065737870 0.011929437550 0.732484039900 -0.102422000366 0.907898137468 0.349494977382 -0.207566776262
72.7 0.083408412660 0.003327500424 0.739844526655 -0.098228736866 0.903306859773 0.370704209369 -0.192266017532
72.8 0.083337734854 0.004344294784 0.726763164357 -0.094630088221 0.920019289466 0.356228546699 -0.133082214928
72.9 0.091321483483 -0.001910842238 0.735991283932 -0.096367758756 0.900938183195 0.370733298680 -0.203912889204
73.0 0.094888677691 -0.005627340136 0.728774741236 -0.092217963556 0.906245436145 0.377326928176 -0.166851568581
73.1 0.104081373529 0.000361580728 0.733176274168 -0.100631924362 0.897981311487 0.374923365496 -0.207208228661
73.2 0.114886380905 0.009711740095 0.724886930953 -0.095723184239 0.899734616737 0.372421263419 -0.206439080598
73.3 0.123234037705 0.022287047182 0.707593141309 -0.090819614983 0.905332711631 0.377036288213 -0.173113015558
73.4 0.139208034412 0.024083618178 0.717430062420 -0.091108604271 0.900180687456 0.371648904357 -0.207968853557
73.5 0.145579823509 0.020145215461 0.720525863297 -0.090210056825 0.898416080758 0.364786126173 -0.227248264317
73.6 0.147051343666 0.018983265278 0.736544378264 -0.089394749636 0.909910897362 0.345171139874 -0.211961368645
73.7 0.139019158405 0.018791375152 0.708323177589 -0.096071200384 0.899917625420 0.364599035366 -0.219057379071
73.8 0.137931743773 0.018787158273 0.733300582132 -0.091195890093 0.904632926395 0.361226300250 -0.206973761911
73.9 0.128669189441 0.019239716192 0.716356012234 -0.089717400692 0.905486190806 0.364366726932 -0.198197968146
74.0 0.127514365295 0.021697983307 0.723997524444 -0.090845531377 0.903138704972 0.356875644452 -0.220742708616
74.1 0.121276691566 0.019976512557 0.721589387178 -0.087074904284 0.906773451579 0.361706474957 -0.198364045456
74.2 0.118200154281 0.017933541950 0.730414878451 -0.086992087372 0.902525453622 0.358386397058 -0.222349663151
74.3 0.114745813978 0.016173638518 0.733511229070 -0.086739619162 0.905697765556 0.354152287251 -0.216249747672
74.4 0.115244033192 0.013416010300 0.730648778921 -0.086995629020 0.901841225159 0.368382116336 -0.208347741764
74.5 0.112347118061 0.012159312766 0.724355211938 -0.089079738480 0.901423041544 0.365265513020 -0.214668128430
74.6 0.114605021204 0.006931400476 0.728334951697 -0.084558136612 0.903091827507 0.373255703843 -0.194821077330
74.7 0.115485184995 0.007719605480 0.723485369585 -0.078195392648 0.903969849463 0.357058545189 -0.221885527103
74.8 0.113127350620 0.007431057818 0.724278832430 -0.078082945016 0.905912709894 0.362004275962 -0.205373123692
74.9 0.110449670426 0.008597280545 0.725227209300 -0.082492805351 0.904780011716 0.360262904463 -0.211609799235
75.0 0.110585634533 0.006763561428 0.722470126464 -0.084967676867 0.901613004225 0.372534161216 -0.202713549689
75.1 0.111701472967 0.006156560893 0.723133049809 -0.081735870040 0.903838856179 0.357265936934 -0.220806747895
75.2 0.113911850342 0.001808112965 0.725631926233 -0.087335263216 0.900276925013 0.371150516106 -0.210050718834
75.3 0.113933091515 -0.001396650391 0.720753270972 -0.084257689610 0.903512208126 0.373014167663 -0.193459975785
75.4 0.116156963497 -0.002968264769 0.719277085181 -0.087790450654 0.897781940806 0.372283624044 -0.218369702125
75.5 0.114226628826 -0.006974507948 0.724874174240 -0.085202052450 0.901576071089 0.358326054994 -0.226944126626
75.6 0.109112989868 -0.010770474593 0.719855824814 -0.084218659998 0.899572618186 0.368551902598 -0.218736867056
75.7 0.107877824090 -0.012308504885 0.723391913598 -0.084422793705 0.900363436576 0.362784071227 -0.224958199769
75.8 0.105889689755 -0.012788706806 0.719358573534 -0.085713998624 0.900386358970 0.362789019114 -0.224369433371
75.9 0.104336235716 -0.014075257228 0.719421140775 -0.093817642188 0.895301438032 0.378379508171 -0.215551694188
76.0 0.101266866356 -0.013452936259 0.714346572856 -0.088979513179 0.899844077592 0.369292326644 -0.214444537675
76.1 0.101569564392 -0.015386306332 0.723379479670 -0.099676988156 0.904236678274 0.349390899438 -0.224380317955
76.2 0.100451066267 -0.021511405645 0.720281735249 -0.095853804214 0.898647132553 0.363775370569 -0.225638780219
76.3 0.099124256030 -0.019763445284 0.717911843589 -0.094847445586 0.901610553735 0.364471520851 -0.212750750756
76.4 0.102058398292 -0.018936551439 0.718050136576 -0.097622679140 0.898984740210 0.376071009494 -0.202155497588
76.5 0.101306732992 -0.021464525290 0.718981479827 -0.099036287090 0.898138656472 0.359481629093 -0.233048763000
76.6 0.100986592232 -0.023550366651 0.720361370890 -0.100672141970 0.895589110777 0.366299671055 -0.231537935282
76.7 0.097430040820 -0.027030076922 0.712543758864 -0.105066347639 0.895114321053 0.374402199687 -0.218069731301
76.8 0.096080928247 -0.029163709327 0.713708928494 -0.099553190088 0.897137256255 0.365501341921 -0.227250247164
76.9 0.093834858329 -0.033282154554 0.713574359266 -0.100961981110 0.894974788098 0.372465182372 -0.223822463038
77.0 0.090472157356 -0.036664411263 0.713414872577 -0.106435803586 0.894370540307 0.375526358516 -0.218523935542
77.1 0.088100276246 -0.043273855175 0.708454598992 -0.104202240774 0.893923912615 0.373890514270 -0.224160243603
77.2 0.087059135766 -0.050285841954 0.715963912145 -0.101930392054 0.892564000159 0.383209291587 -0.214686607961
77.3 0.086532932736 -0.052318652616 0.712611359603 -0.098680306196 0.896929177342 0.371815253450 -0.218022166999
77.4 0.085677342036 -0.055843032167 0.718520036542 -0.104008543481 0.895054781701 0.382563768834 -0.204215874535
77.5 0.083271341296 -0.057067113767 0.710067614737 -0.099945333676 0.890598090183 0.378962524944 -0.230723593779
77.6 0.083400205141 -0.056699428711 0.704604581867 -0.099177283223 0.890209156387 0.379754643201 -0.231252968294
77.7 0.085770165388 -0.055364650124 0.714828190625 -0.100124620748 0.893603915481 0.375419982243 -0.224737490172
77.8 0.086009313269 -0.054448037857 0.710656176085 -0.100952934091 0.891401309708 0.381350109308 -0.223123966170
77.9 0.086633579303 -0.054353570082 0.711177505010 -0.099081565058 0.892010784802 0.376257698200 -0.230064660059
78.0 0.087972488088 -0.052756454431 0.711313423548 -0.101757781222 0.895127576505 0.374785207286 -0.218924699705
78.1 0.090641899480 -0.052156544793 0.707677323542 -0.097777995720 0.898108820282 0.384732937543 -0.189263248557
78.2 0.097821588398 -0.048885772039 0.712048316031 -0.096780542580 0.894552498406 0.391741091950 -0.192219330587
78.3 0.097542536616 -0.048659450648 0.698824829588 -0.095494088587 0.889289088200 0.375347718473 -0.243228055310
78.4 0.099431632508 -0.046788350200 0.698511682376 -0.093322618837 0.890448597898 0.375406568918 -0.239712518087
78.5 0.102869136524 -0.045611118408 0.698807164009 -0.093146289079 0.892190358325 0.383541940340 -0.219580767243
78.6 0.105226755943 -0.043544310577 0.701326716717 -0.096039114578 0.892358571100 0.369058655644 -0.241388437480
78.7 0.103033782262 -0.039541209212 0.697384876127 -0.097035914219 0.895069645210 0.363757241820 -0.238987511386
78.8 0.104095570165 -0.037008411200 0.697755670340 -0.095575972281 0.896789797871 0.364305296117 -0.232195915506
78.9 0.101439153603 -0.036672635124 0.697057500720 -0.101113808899 0.894758292135 0.368353097048 -0.231299788587
79.0 0.106253917412 -0.031312468002 0.691422246671 -0.097856947070 0.895204207887 0.377541912439 -0.215628264482
79.1 0.107997850723 -0.032129915801 0.697208696863 -0.105702563757 0.892628649263 0.368122236708 -0.237754245748
79.2 0.102121502610 -0.031988099622 0.702792881424 -0.109739090074 0.901430368768 0.376659088222 -0.183053417430
79.3 0.093551173250 -0.032396501941 0.693009571881 -0.115841394764 0.900084418920 0.385383381377 -0.167058251623
79.4 0.089157274982 -0.029958785717 0.696519348348 -0.117923958725 0.893892220644 0.371131124280 -0.222063789084
79.5 0.085075050310 -0.025525619392 0.697395612622 -0.120356975401 0.900197267713 0.364409994381 -0.205826222014
79.6 0.084250661592 -0.023221959876 0.696891546477 -0.117816072299 0.893498294783 0.375997837414 -0.215420046857
79.7 0.085442035804 -0.022754590232 0.702647178709 -0.118128310437 0.897567134450 0.362475739761 -0.221427820097
79.8 0.085735062195 -0.025941401632 0.703794254135 -0.117955785492 0.897391755425 0.374657655661 -0.201012713576
79.9 0.087166429390 -0.026648874498 0.704748991470 -0.118102964194 0.896884701459 0.375665785688 -0.201307574622
80.0 0.091774768965 -0.030604620299 0.703992506660 -0.119543037882 0.893737732010 0.382733646659 -0.201139961697
80.1 0.095560064959 -0.027344028542 0.702152077169 -0.123187907396 0.893276203170 0.371564692329 -0.220957108362
80.2 0.101098718204 -0.024772075690 0.703980397640 -0.120838405827 0.904260200966 0.368253812829 -0.179166676487
80.3 0.105291290516 -0.018201939173 0.699143263828 -0.122979480385 0.893855745397 0.374784168328 -0.213154359551
80.4 0.107134244166 -0.013920472449 0.690721850090 -0.131649161412 0.892250992908 0.368542510143 -0.225240054546
80.5 0.102688595007 -0.008024161701 0.690614608596 -0.135463363485 0.905215555599 0.351745283738 -0.196238962552
80.6 0.096724706359 -0.010333925298 0.691419915629 -0.139148347312 0.895579620138 0.383979929081 -0.176449130054
80.8 0.073984516514 -0.003397922654 0.699970341834 -0.146147152976 0.896711915474 0.358740127634 -0.214136104263
80.9 0.069372561406 -0.000617051659 0.695897849340 -0.147786899681 0.892329863822 0.361245520134 -0.226733589476
81.0 0.068019616179 0.000597447504 0.694739249032 -0.142952103705 0.886379969105 0.360752837208 -0.252492845170
81.1 0.067470318738 0.001851055373 0.689318948833 -0.142393325399 0.886537022207 0.361677650296 -0.250929325537
81.2 0.068165970850 0.004118491678 0.686158660068 -0.145699322138 0.884264708712 0.361807205148 -0.256794039567
81.3 0.069090746952 0.006985133607 0.686673622708 -0.146323702304 0.887057489038 0.350419057444 -0.262535463253
81.4 0.069233990735 0.011664360792 0.681896299369 -0.149769960830 0.883171201417 0.353367076270 -0.269646615459
81.5 0.069869544229 0.016967583064 0.678548011566 -0.150393929485 0.880809147862 0.356484458916 -0.272902439651
81.6 0.071257177983 0.022127202758 0.679012969435 -0.151582742414 0.882855397957 0.347861039936 -0.276734015609
81.7 0.072995247191 0.026725324193 0.685939893252 -0.150601701652 0.885693726353 0.344639213299 -0.272193980858
81.8 0.073246525520 0.026246288255 0.682323662844 -0.151824997615 0.885178017344 0.342087009009 -0.276379315392
81.9 0.072230301172 0.025451731492 0.684753022198 -0.153262429119 0.883284195897 0.346536371854 -0.276101792969
82.0 0.069667305465 0.021837503902 0.691469574023 -0.154694551501 0.886169694791 0.353819792147 -0.256094557643
82.1 0.065256785592 0.019116842596 0.697749411806 -0.157068222560 0.888539512789 0.346138895245 -0.256933790835
82.2 0.062003258671 0.015500075760 0.677479092421 -0.156293151231 0.878992632809 0.351661179699 -0.281564942843
82.3 0.059581185688 0.014968758869 0.690340327216 -0.159672794977 0.884663050402 0.344794825428 -0.270171083122
82.4 0.056160322069 0.015458755339 0.686777197190 -0.161864575214 0.880561503985 0.349296460600 -0.276411431752
82.5 0.052517698992 0.018614106529 0.692831204246 -0.163341613224 0.886772545769 0.334739468435 -0.273684960734
82.6 0.050211446739 0.020686944480 0.693732571400 -0.163943108689 0.881758346092 0.342424250692 -0.279947332098
82.7 0.048044604819 0.022110372034 0.685176685753 -0.165881653548 0.879740650923 0.340056807405 -0.287925392883
82.8 0.048200070103 0.023610871868 0.675340527663 -0.160170375344 0.877275262388 0.344788263526 -0.293009587213
82.9 0.049417965599 0.029596976825 0.707452546122 -0.162362275693 0.892610138683 0.319834029135 -0.273115040887
83.0 0.053130093195 0.029623907029 0.687145402704 -0.162211904322 0.879954447316 0.339685026738 -0.289795706239
83.1 0.055277118237 0.027774615850 0.689201741043 -0.159993818234 0.879065463980 0.346024634948 -0.286204193144
83.2 0.059368992048 0.028057738450 0.695774714083 -0.160025294573 0.882108015572 0.340937228564 -0.282911930005
83.3 0.064583041168 0.030080907699 0.695487303874 -0.160067284626 0.881025318596 0.339181738652 -0.288320308944
83.4 0.065721263646 0.033273571350 0.685859962264 -0.161982798846 0.874556853657 0.339970575203 -0.305502685089
83.5 0.066080536044 0.031964657549 0.688325107501 -0.166185266713 0.872364272582 0.341354359499 -0.307961416904
83.6 0.064711864538 0.030670770714 0.685982079303 -0.169351620325 0.870443615580 0.344856993702 -0.307768735714
83.7 0.061261984419 0.029656429771 0.705763654466 -0.170876994261 0.875884350784 0.349555112739 -0.285374981457
83.8 0.055225215922 0.027781635138 0.695948394039 -0.174090501861 0.868328674349 0.345406768309 -0.310470570056
83.9 0.052078915257 0.025760974942 0.713128403943 -0.174021646822 0.875007122006 0.350622007799 -0.284856473550
84.0 0.047198940201 0.026734955207 0.693292415731 -0.173095080391 0.871146041446 0.340425752646 -0.308630806228
84.1 0.045118441786 0.026606898951 0.695585122928 -0.175680628500 0.867136724660 0.344900970401 -0.313454204203
84.2 0.043890781470 0.026627031149 0.694015778674 -0.170186685340 0.866327757806 0.347529468865 -0.315810032233
84.3 0.044268313059 0.027103993743 0.695676319844 -0.174613956860 0.867272518061 0.347956594247 -0.310281410990
84.4 0.047474110175 0.028682867503 0.700149179047 -0.169288426305 0.865766096766 0.341104067433 -0.324712964925
84.5 0.050354707006 0.030455180941 0.710581806233 -0.172603769481 0.868289526284 0.347575955146 -0.308985748394
84.6 0.054203141193 0.032486119622 0.724523349538 -0.172144807365 0.868286579159 0.348044949456 -0.308722035022
84.7 0.055703103421 0.033910052308 0.706361888221 -0.169995237205 0.862890512527 0.343584495693 -0.329349779167
84.8 0.054469942727 0.036378137007 0.725606098217 -0.172359204096 0.867857987230 0.345722004049 -0.312395766106
84.9 0.048814367175 0.034707161488 0.716773001528 -0.171028838286 0.868841307242 0.335433210689 -0.321478584779
85.0 0.045141901880 0.038154221414 0.736222832470 -0.175502382859 0.871777196352 0.340663329674 -0.305208009966
85.1 0.040417204392 0.034728593845 0.720056094715 -0.180302596672 0.862763412391 0.342480421170 -0.325326649675
85.2 0.036344746453 0.031128316781 0.734599682791 -0.174688737235 0.869144519335 0.343925942179 -0.309494096696
85.3 0.032590702897 0.027385368535 0.728928166744 -0.181722225983 0.863423770348 0.346113525112 -0.318875921192
85.4 0.028568557035 0.023065325992 0.735035721372 -0.182291649684 0.866106300141 0.350706291202 -0.305997922580
85.5 0.025203032159 0.019560425753 0.725038870835 -0.176818740671 0.863269242469 0.353635728526 -0.313756465215
85.6 0.024991061345 0.021238175514 0.724134586467 -0.176008962873 0.861701218841 0.352839651822 -0.319368180221
85.7 0.032733364443 0.021663942237 0.740183685643 -0.171689353100 0.861447937232 0.353688584620 -0.321456999580
85.8 0.032017162495 0.018845154654 0.718421801565 -0.184844292296 0.853644054636 0.348938692001 -0.339656009537
85.9 0.030084121897 0.015393100473 0.712653779703 -0.181137729777 0.849339749486 0.356048603711 -0.345022469689
86.0 0.030173799158 0.017296685397 0.721292718894 -0.185653467610 0.851096500301 0.357419834733 -0.336776779008
86.1 0.031419860199 0.016324834580 0.716980650215 -0.190586979702 0.847264333848 0.353334658620 -0.347813701247
86.2 0.034585478526 0.016467265819 0.716004569124 -0.192978444563 0.842307032120 0.363254357358 -0.348316602298
86.3 0.037027939119 0.018240003692 0.723071400348 -0.191193766498 0.846222957012 0.358462295606 -0.344755613888
86.4 0.040314671308 0.021046066481 0.742147369303 -0.195702844327 0.851407193998 0.368738163856 -0.317550552270
86.5 0.045289774289 0.019127601321 0.717141365673 -0.197300869641 0.842949123904 0.364691087116 -0.342796663236
86.6 0.049821804857 0.020380091855 0.731442954406 -0.195022930628 0.845140409152 0.367983786558 -0.335099504890
86.7 0.047285605561 0.017604004283 0.708763429391 -0.196847339144 0.837893957029 0.365964159909 -0.353913937996
86.8 0.045562909985 0.011391543231 0.703656584518 -0.201235527284 0.835889847098 0.366453816724 -0.355674044999
86.9 0.044985510183 0.009580895497 0.722718867064 -0.199970428606 0.842159721127 0.376172591724 -0.330564688118
87.0 0.042045198524 0.005256714450 0.699149336166 -0.203014635677 0.837350870565 0.377380324555 -0.339429916042
87.1 0.038994557475 0.004552482385 0.707901785180 -0.204354649918 0.839899333205 0.379182295488 -0.330195508641
87.2 0.041542195869 0.005259985253 0.703375665067 -0.200615735485 0.838809050338 0.386535560769 -0.326715417463
87.3 0.042677292923 0.005647543463 0.692028438815 -0.203966366152 0.836052329074 0.383293514178 -0.335410653554
87.4 0.042734263857 0.007456417578 0.697910063197 -0.206456667775 0.836158257176 0.386991727028 -0.329321144932
87.5 0.040514292421 0.010392390808 0.695513495128 -0.205745717477 0.840931093161 0.383169121480 -0.322001584840
87.6 0.040131553440 0.015251410317 0.688535150229 -0.205021504865 0.839247882832 0.386565782621 -0.322794159506
87.7 0.039948139219 0.013662038018 0.693075302407 -0.204385015524 0.839045956485 0.394911622131 -0.313485979020
87.8 0.038834971706 0.013845647217 0.705432718894 -0.198949296746 0.842455358914 0.398639387340 -0.302943533389
87.9 0.038312801957 0.012143247371 0.675833321732 -0.203910923458 0.836594870147 0.396767876622 -0.317969512091
88.0 0.036653651254 0.011226375350 0.686029911787 -0.205847957399 0.838947298434 0.400139581114 -0.306075749629
88.1 0.034859168261 0.010661541426 0.681458526695 -0.207794989749 0.838170569195 0.400289737510 -0.306691156075
88.2 0.032276544703 0.011330284773 0.682040036555 -0.210939236804 0.841717735966 0.396241161020 -0.300014722388
88.3 0.031216600347 0.013277256754 0.675514301859 -0.208847778160 0.837786394657 0.407516913915 -0.297365982181
88.4 0.029370478219 0.011685601234 0.690649979210 -0.210954985859 0.838598393229 0.411856477689 -0.287445595895
88.5 0.025782593148 0.007887073184 0.671433511043 -0.211337675840 0.838735776270 0.410811557888 -0.288257780953
88.6 0.026675389112 0.007222322411 0.674583667143 -0.210543858303 0.838233446619 0.414203255097 -0.285432367061
88.7 0.026607038223 0.004873500686 0.667008835655 -0.211232819309 0.834276590526 0.420248163735 -0.287671248867
88.8 0.026461950448 0.003741611923 0.673879486430 -0.213489674519 0.835331560079 0.421575716643 -0.280922157807
88.9 0.030064873089 0.008102552931 0.688222241528 -0.216519221884 0.835101212604 0.424041412460 -0.275525446703
89.0 0.034586099495 0.011660940575 0.679270353770 -0.217433427395 0.837223806690 0.418739685042 -0.276470754933
89.1 0.040445486080 0.013272717873 0.677288817945 -0.216093092631 0.834600191289 0.433616208784 -0.262151253090
89.2 0.045880317279 0.014285431637 0.663725203927 -0.213151036054 0.832627726897 0.425002935419 -0.284025014948
89.3 0.050011508381 0.019235697350 0.674933107910 -0.212259472687 0.834400788355 0.428131439853 -0.274635596485
89.4 0.050425668494 0.017882004917 0.657512078823 -0.211279943590 0.831096373562 0.426340413481 -0.287877500200
89.5 0.049750113521 0.017877392908 0.662741441690 -0.220558200445 0.831546749299 0.420812145420 -0.287752015134
89.6 0.049461419829 0.017000713843 0.658176143190 -0.216121781103 0.829890705725 0.426016668223 -0.288240508397
89.7 0.047338027705 0.011789957623 0.696914809719 -0.218874322094 0.840785939947 0.434631544304 -0.237209727901
89.8 0.042100429021 0.007616698408 0.670715064745 -0.218511694853 0.831213289119 0.431785177796 -0.273676209121
89.9 0.039876640811 0.002653758274 0.661445635568 -0.216482533309 0.830522464796 0.433214472735 -0.275123551982
90.0 0.040791107059 0.000327616761 0.657129379975 -0.217973949052 0.828307917284 0.437156499289 -0.274385762803
90.1 0.041239383176 -0.000360216696 0.652667317036 -0.218481712433 0.827590689136 0.438773461912 -0.273563962739
90.2 0.044545515099 -0.003727493959 0.660675613969 -0.218372274183 0.826789292071 0.441689567842 -0.271373068017
90.3 0.046438137357 -0.004958586227 0.659819376215 -0.221503520607 0.825591259408 0.444063430475 -0.268594364169
90.4 0.047050710923 -0.006908004402 0.657223942678 -0.218555093950 0.826699339320 0.440830957788 -0.272891809938
90.5 0.046333669669 -0.009717553757 0.656460773841 -0.221250820238 0.824404000957 0.446067430102 -0.269128158230
90.6 0.043446513613 -0.008106316655 0.665812154191 -0.224932902623 0.830787396963 0.437474794998 -0.260409857930
