24.7
28.2
42.2
42.4
43.0
44.8
45.3
45.8
47.4
49.8
51.3
52.9
53.4
55.8
67.8
69.4
71.5
72.4
75.9
77.1
78.9
81.1
91.6
93.9
94.7
96.0
103.0
104.0
104.1
105.2
123.7
133.7
135.4
137.3
137.4
137.7
137.8
137.9
138.0
138.5
138.6
138.8
138.9
139.0
139.6
140.3
140.8
140.9
141.1
142.7
143.1
143.2
143.7
143.8
144.4
144.6
144.8
145.4
145.5
145.6
145.7
147.6
147.9
167.4
169.2
174.7
186.9
187.5
188.1
188.2
188.3
188.4
188.6
188.8
189.0
189.8
189.9
190.0
190.2
190.3
190.6
190.7
191.2
191.3
191.8
191.9
192.0
192.1
192.3
192.8
193.0
193.1
193.3
193.4
193.5
194.0
194.1
194.2
194.3
194.4
194.5
194.6
194.9
195.0
195.1
195.2
195.3
195.4
195.5
195.6
195.7
195.8
195.9
196.0
196.1
196.2
196.5
196.7
196.8
196.9
197.0
197.1
197.3
197.4
197.9
198.0
198.2
198.6
199.0
199.1
199.2
199.3
199.4
199.6
199.7
200.1
200.2
200.3
200.4
200.5
200.6
201.2
201.3
201.6
202.3
202.4
202.5
202.6
202.7
202.8
202.9
203.0
203.1
203.2
203.3
203.4
203.5
203.6
203.7
203.8
203.9
204.0
204.3
204.4
204.8
204.9
205.0
205.1
205.4
205.5
205.6
205.7
205.9
206.1
206.6
206.8
206.9
207.0
207.1
207.2
207.4
207.5
207.6
207.8
207.9
208.0
208.4
208.5
208.6
208.8
208.9
209.0
209.1
209.3
209.4
209.5
209.6
209.8
209.9
210.0
210.1
210.2
210.3
210.4
210.6
210.7
210.8
210.9
211.1
211.2
211.3
211.4
211.5
211.6
211.7
211.8
211.9
212.0
212.1
212.2
212.3
212.4
212.6
212.7
212.8
212.9
213.0
213.2
213.3
213.4
213.5
213.6
213.7
213.8
213.9
214.0
214.1
214.2
214.3
214.4
214.5
214.6
214.7
214.8
214.9
215.1
215.2
215.4
215.5
215.7
215.8
215.9
216.0
216.1
216.2
216.3
216.5
216.6
216.7
216.8
216.9
217.1
217.2
217.3
217.4
217.5
217.6
217.7
217.8
217.9
218.0
218.1
218.4
218.5
218.6
218.7
218.8
218.9
219.0
219.1
219.2
219.3
219.4
219.5
219.6
219.7
220.0
220.2
220.3
220.4
220.5
220.6
220.7
220.8
221.0
221.1
221.2
221.3
221.4
221.5
221.6
221.7
221.9
222.0
222.1
222.5
222.6
223.2
223.8
224.2
224.3
225.7
226.0
226.1
226.2
227.0
227.2
227.5
227.6
228.1
228.3
228.5
228.7
228.8
229.4
229.5
229.7
230.1
230.7
231.5
232.9
233.0
233.2
233.5
233.7
233.8
234.7
235.4
235.5
235.6
235.7
236.8
237.0
237.7
237.8
238.8
238.9
239.1
240.4
240.9
241.0
244.0
244.1
245.2
249.8
250.3
250.4
