0.0 0.076941676425 -0.008055097254 0.601868347671 0.617607694444 -0.651893769158 0.380498827578 0.220943186608
0.1 0.075877328592 -0.004503802809 0.605720440590 0.617546902916 -0.654806386939 0.376467614613 0.219400440908
0.2 0.072958280682 -0.001295987886 0.606137426897 0.612642803976 -0.655664434729 0.378486071238 0.226982901662
0.3 0.068389492123 -0.001648629600 0.610892192917 0.611106676902 -0.655721049222 0.382100713226 0.224894597547
0.4 0.062677477397 -0.006457345410 0.609135011535 0.610969651828 -0.657521531582 0.379335216359 0.224691596820
0.5 0.057456829971 -0.009881425572 0.612395649345 0.608681277062 -0.661643336580 0.376137519497 0.224177975142
0.6 0.052802279943 -0.009824166341 0.614726669064 0.606039551198 -0.662664559452 0.376002180693 0.228504057174
0.7 0.050039501942 -0.008719335611 0.614300274567 0.605305398529 -0.665727857381 0.379859244775 0.214752761513
0.8 0.047209253344 -0.004931691722 0.618325379408 0.605145874821 -0.661730300267 0.383724547894 0.220605873082
0.9 0.049716792182 -0.003084659055 0.618992490628 0.605917743257 -0.658730147747 0.384936768780 0.225304160851
1.0 0.053936274996 -0.004074145983 0.619187468108 0.607717077100 -0.658647155178 0.383960535259 0.222346995798
1.1 0.055274889898 -0.001818100703 0.624331923365 0.608999314331 -0.659075224927 0.381131041263 0.222438333965
1.2 0.053244513772 -0.001323423109 0.629107260811 0.615378610843 -0.652160048856 0.380553245889 0.226220385989
1.3 0.053948082663 -0.002001103147 0.628055762231 0.616060370800 -0.651668571396 0.383137454143 0.221367079343
1.4 0.059612784058 0.001141273503 0.631058800468 0.616124637661 -0.649952089567 0.383359667333 0.225805397626
1.5 0.063578767140 0.003071441003 0.630632134688 0.615362928724 -0.650561686249 0.382144628787 0.228174146270
1.6 0.066316362459 0.004556241224 0.632193742671 0.618460781756 -0.647153607463 0.379764105170 0.233404571938
1.7 0.071037471687 0.006843999563 0.635037983931 0.618527050619 -0.645079169063 0.379642622998 0.239099627971
1.8 0.074352171407 0.007264574359 0.637340660674 0.621458149582 -0.643352076778 0.377184700593 0.240040778331
1.9 0.076927455819 0.005157017559 0.641761668127 0.623903788109 -0.645575266116 0.372326171060 0.235265512360
2.0 0.077874747093 0.004597304764 0.639574866421 0.624980073038 -0.644233344879 0.372036058132 0.236542759561
2.1 0.080122306832 0.009964576933 0.639459969635 0.624962792062 -0.640847578426 0.376613364876 0.238533568203
2.2 0.086780644207 0.016568978041 0.644684254339 0.623813582815 -0.643374624109 0.373672770706 0.239362418483
2.3 0.088281482989 0.018485825331 0.653864892910 0.629362628489 -0.637725194502 0.369535015378 0.246278562950
2.4 0.081524432501 0.011860224888 0.662439470742 0.632471171763 -0.637197044499 0.367508310075 0.242688659390
2.5 0.077909272213 0.001620673462 0.661231423272 0.636583661657 -0.641789671469 0.364435133098 0.223728167808
2.6 0.077690120178 0.001397426837 0.655858146327 0.631483103986 -0.642839976028 0.365768638945 0.232807124816
2.7 0.074408106728 -0.017131140776 0.668623629532 0.634141231048 -0.647578421597 0.357564195736 0.225066507715
2.8 0.079966212607 -0.022134619296 0.657177696700 0.630081192297 -0.647811804149 0.364973214886 0.223902009669
2.9 0.086574782362 -0.023575181525 0.662191312801 0.636707740090 -0.644069561946 0.357591652388 0.227828582987
3.0 0.085652194191 -0.022274741506 0.666142312138 0.636043989163 -0.646331162358 0.355098487907 0.227176443103
3.1 0.091025966109 -0.017504171389 0.666152921545 0.638102388016 -0.641642476834 0.356655226968 0.232201040927
3.2 0.098236835764 -0.011599401847 0.665276141297 0.643114954282 -0.634973464855 0.358984984836 0.233112923647
3.3 0.109765653440 -0.007264498265 0.720403767119 0.675867787844 -0.622759401001 0.261184603401 0.295222060093
3.4 0.114626592199 -0.005797680932 0.661480310433 0.638379029424 -0.642872622736 0.343222433500 0.247760704856
3.5 0.122252157844 -0.007007732142 0.753208940927 0.677362782231 -0.623698349630 0.284672844623 0.266723455008
3.6 0.121803428978 -0.008819778175 0.747671968111 0.679573848900 -0.625232846711 0.286211153031 0.255629511530
3.7 0.119054010807 -0.010778955877 0.675604725370 0.651664753002 -0.635479690935 0.341005868895 0.234975763609
3.8 0.124902552071 -0.009824773627 0.752722441260 0.683237223714 -0.620878024417 0.288054135006 0.254405562507
3.9 0.129009714174 -0.011371464965 0.759511000527 0.685505563134 -0.620235344099 0.282720803368 0.255849932941
4.0 -0.045985991842 -0.023555479018 0.679633435413 0.228665537925 0.383022205048 -0.642874974353 0.622669920228
4.1 -0.046569630898 -0.019585170330 0.662167714337 0.225702395383 0.383235491656 -0.642156390650 0.624358996573
4.2 -0.047974006387 -0.016032432637 0.671432648665 0.214381416008 0.379483679891 -0.641781602692 0.630990585994
4.3 -0.052764968335 -0.013422668256 0.673946573931 0.217113996043 0.375445527890 -0.632456537293 0.641795058212
4.4 0.119080878489 0.009180366114 0.738888210752 0.689932764799 -0.611209081736 0.278090225564 0.270336946988
4.5 0.113511689118 0.015967148885 0.733947839777 0.695844950930 -0.608710590706 0.264815541607 0.274123968217
4.6 0.107207005190 0.014169266573 0.711052742543 0.688483062854 -0.609058421856 0.230340069180 0.319346776184
4.7 0.099037413014 0.016393379418 0.662410544143 0.662719816016 -0.626744869703 0.325959021544 0.248483460283
4.8 0.093041982164 0.016794446618 0.657228963500 0.659670283018 -0.623500362250 0.332362176122 0.256159715528
4.9 0.086923524184 0.016575089959 0.729124707198 0.695995258768 -0.607494169479 0.254149817101 0.286267889031
5.0 0.081067108319 0.010366572995 0.648834126370 0.664057998395 -0.626647404024 0.321746148104 0.250638029792
5.1 0.075675443658 0.006865946182 0.644203428162 0.662723243177 -0.626196378256 0.325457386963 0.250506463156
5.2 0.071736345807 0.003072816266 0.644991536246 0.667284215281 -0.627527759873 0.316175318546 0.246928845152
5.3 0.069889013568 -0.001310412677 0.639310122735 0.667264420837 -0.627952396712 0.318393347304 0.243021926050
5.4 0.067853366899 -0.005304571252 0.638664077980 0.672398356714 -0.627129949609 0.310024934347 0.241811944030
5.5 0.068099391589 -0.005728571872 0.637959772563 0.676859299451 -0.623767092015 0.306977498676 0.241952307225
5.6 0.067724078722 -0.006696272875 0.636934982833 0.678827909309 -0.622100372136 0.306911058282 0.240809881101
5.7 0.067095276961 -0.006536734492 0.634770480670 0.679361938563 -0.620818696789 0.307122563336 0.242337024078
5.8 0.067328817422 -0.005480099098 0.636365172794 0.680725280872 -0.620571015006 0.302890411024 0.244462893350
5.9 0.066996870440 -0.004011806656 0.637014065353 0.679991893441 -0.620786341937 0.305968167324 0.242113244376
6.0 0.067462630997 -0.002747325882 0.636390996239 0.681197804272 -0.619620257096 0.306744400099 0.240724243602
6.1 0.068965341429 -0.001140614132 0.637185225200 0.681345463814 -0.618317088228 0.303581392634 0.247569536476
6.2 0.070819705279 0.001559667795 0.637096835548 0.682963353886 -0.615712941408 0.301450677604 0.252162883874
6.3 0.071862055504 0.004134713793 0.636519841605 0.686410202114 -0.613135664533 0.300069950456 0.250726377042
6.4 0.071375055984 0.005511338657 0.638986666098 0.687057878049 -0.610739941122 0.298733065627 0.256333283111
6.5 0.069807489035 0.006625343203 0.642526482085 0.689163927008 -0.608981516126 0.295167983096 0.258979644919
6.6 0.068652245881 0.008684222625 0.643379600519 0.688219781172 -0.610587333603 0.294571143424 0.258388239493
6.7 0.065955135240 0.009512951199 0.641995340276 0.685776001592 -0.609207568022 0.300265349623 0.261568603853
6.8 0.065424694699 0.008314676727 0.644128075428 0.687589689896 -0.609562614930 0.300215061270 0.255978033850
6.9 0.067233450287 0.007907240907 0.644877269129 0.685649700998 -0.608966997670 0.303472552331 0.258743296053
7.0 0.069630517280 0.009873856037 0.650979202162 0.686602299209 -0.610854427142 0.298893045464 0.257093560666
7.1 0.071136496002 0.008811893867 0.655782313811 0.681229362037 -0.612210314416 0.303421717918 0.262793356683
7.2 0.069100769937 -0.002606454373 0.661048892159 0.679134016692 -0.615485596070 0.301969463314 0.262238272622
7.3 0.067598186462 -0.010888246897 0.662380088217 0.679625905232 -0.614997407078 0.302632712130 0.261343183906
7.4 0.064012643802 -0.010777922471 0.669033098340 0.677963850250 -0.619219093616 0.302190458207 0.256151632485
7.5 0.058500917064 -0.008587793441 0.672596942049 0.674676847482 -0.621433615152 0.308051090445 0.252459777205
7.6 0.054240342848 -0.007378716829 0.677075329839 0.673379949295 -0.622298455148 0.311036887718 0.250120233261
7.7 0.053406643822 -0.007691342027 0.679338765712 0.671647229946 -0.623912463953 0.311713632738 0.249915679768
7.8 0.054010668703 -0.007132319583 0.682141202824 0.670500772153 -0.625563003286 0.314029374768 0.245937380740
7.9 0.054826250093 -0.007210913732 0.687095542147 0.668305535321 -0.625691275731 0.315431207599 0.249762471573
8.0 0.055498488936 -0.010164033251 0.688838217699 0.666385281458 -0.624139850932 0.318713832648 0.254561576073
8.1 0.055465880722 -0.014636383870 0.692661864712 0.663953803488 -0.624160781649 0.319748815930 0.259517552770
8.2 0.053047999261 -0.019283106518 0.698247772748 0.663147565208 -0.624641672775 0.317844600958 0.262741121703
8.3 0.049179724396 -0.022917593027 0.706662223035 0.662755656458 -0.627847049407 0.315165310549 0.259294908185
8.4 0.046727780899 -0.023373086995 0.710507527917 0.660534988111 -0.629702879687 0.319428584430 0.255212053485
8.5 0.047171588014 -0.026468501862 0.711601804756 0.662321412190 -0.627574615007 0.318243236298 0.257296894858
8.6 0.045357634412 -0.028427985395 0.718267284805 0.661298644147 -0.628598963406 0.317972711598 0.257761131932
8.7 0.043848843885 -0.026426596729 0.719414560807 0.660007768833 -0.630086687197 0.317724601049 0.257743262929
8.8 0.043172443421 -0.023032322195 0.721085549239 0.658549636767 -0.628500240983 0.320761218069 0.261556999488
8.9 0.044209927198 -0.018535456745 0.714783316591 0.656039030227 -0.626993774080 0.326914804154 0.263852816753
9.0 0.048345630889 -0.013132247768 0.712748058067 0.654661326365 -0.626640614989 0.330681806471 0.263419115247
9.1 0.054996224653 -0.008061662019 0.706259933575 0.658489965068 -0.622280806724 0.326296040869 0.269607969468
9.2 0.062110222597 -0.003955812360 0.706096697595 0.665820293500 -0.615165385092 0.320697304478 0.274605398067
9.3 0.065166505569 -0.002941037570 0.700629095640 0.672624054581 -0.610085031940 0.315444498254 0.275441288704
9.4 0.067421180821 -0.001209748556 0.700104813118 0.679060084167 -0.604415136538 0.311550695719 0.276578937759
9.5 0.070057820429 0.000965935539 0.698457881718 0.682605658402 -0.601206195263 0.312663584518 0.273572858324
9.6 0.073862219665 0.001283205563 0.699738460115 0.684817680030 -0.598790502984 0.311465718168 0.274706725547
9.7 0.079124762720 -0.000954694346 0.696756743162 0.689519141636 -0.592975878471 0.305864312278 0.281762281621
9.8 0.082935670220 -0.001142171938 0.696079818398 0.694254688209 -0.591747169977 0.303749299367 0.274921948667
9.9 0.087546069943 0.001968149341 0.692789131307 0.696171810527 -0.586812476216 0.306805951230 0.277247247550
10.0 0.092443862911 0.003848408643 0.693077788498 0.700379280085 -0.582905368610 0.301632482910 0.280549533107
10.1 0.096137436632 0.007254753305 0.689850389923 0.701791718402 -0.579998884416 0.301484574953 0.283190270178
10.2 0.098290877762 0.008073516794 0.682894317290 0.704614203741 -0.579332974067 0.296103348777 0.283222414168
10.3 0.099194935565 0.010886613162 0.682681150452 0.710597613384 -0.577034090441 0.292463212540 0.276673019342
10.4 0.097838983673 0.014519567657 0.677168469525 0.713987734460 -0.571768101397 0.288662660370 0.282801382198
10.5 -0.075591697379 -0.016524662148 0.657552107128 0.268714589000 0.304437733729 -0.559048885730 0.722893131316
10.6 -0.076198068982 -0.015111541858 0.652941502771 0.274541276238 0.298482149290 -0.552143845617 0.728472832674
10.7 0.093391416500 0.029160385188 0.601374310615 0.744153814569 -0.496040159137 0.241162726475 0.376855144776
10.8 0.091665361446 0.031213362951 0.659786688868 0.737086485630 -0.539947399580 0.272910674877 0.301131336673
10.9 0.089034966037 0.031808822916 0.661915888034 0.740696142433 -0.534400532826 0.275034827261 0.300235139339
11.0 0.084774463376 0.029046338683 0.662891966783 0.749495578257 -0.526739878811 0.262552578369 0.303096720265
11.1 0.079225543996 0.028362642557 0.664313066156 0.750271840607 -0.522236655938 0.270597051621 0.301891165888
11.2 0.073108201914 0.028092281847 0.665451209696 0.751208872544 -0.522396692520 0.269327109206 0.300416100936
11.3 0.069143035500 0.028029320065 0.666105254858 0.751703050824 -0.522017576869 0.268832574983 0.300281899970
11.4 0.068090043004 0.027000143214 0.667192770266 0.751730012172 -0.518455099305 0.267520427840 0.307472144254
11.5 0.068254463382 0.023334950386 0.666370633252 0.754724894628 -0.519022219557 0.263708604265 0.302430225128
11.6 0.067873283105 0.022919382947 0.666781683769 0.758138628027 -0.516858923878 0.258850285857 0.301793311744
11.7 0.068240961226 0.025261983147 0.667777163604 0.756910058045 -0.513576617228 0.263615608649 0.306321780393
11.8 0.069414751737 0.028309510524 0.671633136967 0.761118338534 -0.511296769312 0.257412582773 0.304980738193
11.9 0.068950008903 0.031535049991 0.672465153375 0.761716345489 -0.504977092063 0.258859011416 0.312695311311
12.0 0.066985708181 0.030901449372 0.672743422589 0.764643265695 -0.500850494693 0.253919418340 0.316218891250
12.1 0.064933339434 0.027988999038 0.671859656980 0.766502353683 -0.500384474642 0.255059372006 0.311503187924
12.2 0.063213541712 0.026387871134 0.673324989809 0.770303055861 -0.497246101188 0.251339909517 0.310173768827
12.3 0.058084741171 0.024123049859 0.673825002361 0.774196268292 -0.496287413310 0.244506064935 0.307466625446
12.4 0.052026004691 0.022149361354 0.673706770804 0.774488270569 -0.492702106318 0.246365642929 0.310992802433
12.5 0.046947767458 0.018501304555 0.674136635802 0.777370668176 -0.493259314658 0.244396302365 0.304401938484
12.6 0.044022147662 0.016195351519 0.671628029461 0.776172467123 -0.492130915614 0.249765394402 0.304927386333
12.7 0.043561813032 0.013664481285 0.670393500691 0.778245310414 -0.490477578977 0.249029334907 0.302903238172
12.8 0.044942789321 0.013592875122 0.669385636240 0.783526720645 -0.487166937241 0.239841846120 0.302043278594
12.9 0.046740566663 0.015448149666 0.671921185092 0.785741811598 -0.483384605633 0.237987883075 0.303827082488
13.0 0.047509243473 0.017020478505 0.671006192438 0.788333957744 -0.479066124174 0.233300771166 0.307564578437
13.1 0.047552402101 0.018475302700 0.669319636616 0.789289403109 -0.477486280502 0.235558658634 0.305845072569
13.2 0.046283682563 0.019000278470 0.669899489000 0.790572337967 -0.473389451495 0.233901462369 0.310141760421
13.3 0.043748827882 0.019688284219 0.668638867011 0.790913723503 -0.473583538273 0.230684969405 0.311381693653
13.4 0.041174386581 0.020265012353 0.667675191219 0.791668349996 -0.471025571563 0.234829299613 0.310243992032
13.5 0.039027588007 0.018691321475 0.668574000833 0.793915682482 -0.468807436122 0.228410224753 0.312643960720
13.6 0.035514249191 0.017484485192 0.666570339613 0.795527110218 -0.465550097588 0.230161566431 0.312130384428
13.7 0.031745612059 0.015436239367 0.666061344573 0.796769086420 -0.463760239728 0.226613597844 0.314216072544
13.8 0.028750147433 0.012722477368 0.663368755362 0.797140135531 -0.465755954865 0.230310686989 0.307564598569
13.9 0.029788831987 0.011572129343 0.660660836823 0.798784728900 -0.462757929382 0.229430904185 0.308479360533
14.0 0.031271418590 0.012301755476 0.659616218048 0.802737388595 -0.458998164874 0.222925830629 0.308605644201
14.1 0.031530275615 0.015748202053 0.658008949879 0.803401426920 -0.456379816772 0.222756549722 0.310874781257
14.2 0.031786336393 0.017008101272 0.658576171152 0.805121807301 -0.452180351897 0.222880991600 0.312467387658
14.3 0.031345771270 0.016534100934 0.659032279808 0.805879687070 -0.449309469266 0.224144702809 0.313748439037
14.4 0.031144495446 0.013021900249 0.659382653433 0.808040414698 -0.448284576960 0.221415570090 0.311587502310
14.5 0.030602562928 0.010712905315 0.660871405239 0.808930906000 -0.448508886114 0.218643374263 0.310910989331
14.6 0.028743663072 0.006298913294 0.660163126998 0.809592687634 -0.448116900084 0.218493985851 0.309856905903
14.7 0.026980222640 0.003256137137 0.659280056649 0.812069167851 -0.445544374955 0.218139709809 0.307325468479
14.8 0.026218266870 0.001014664345 0.661517080837 0.814683496060 -0.445435758140 0.211487412648 0.305206259617
14.9 0.024964200676 0.000029467233 0.663187670586 0.815676997248 -0.444518313554 0.214674824268 0.301644202498
15.0 0.024948748249 -0.000188873590 0.663910183802 0.816119968152 -0.442481600107 0.214312492337 0.303691268855
15.1 0.025125852206 0.003052824481 0.662548752691 0.814759960384 -0.444831910643 0.218250800603 0.301093617111
15.2 0.026525804390 0.006850345241 0.663170345369 0.811549048304 -0.446551785723 0.219896992183 0.305981956483
15.3 0.027046218717 0.008300645389 0.668218609977 0.809369020161 -0.446887053429 0.219050273800 0.311818421889
15.4 0.027714009732 0.002582698946 0.666172103316 0.804232293145 -0.456278284095 0.223646899670 0.308224934737
15.5 0.024957968821 -0.001558782108 0.668597150634 0.806887758537 -0.460306818828 0.217869210472 0.299303833574
15.6 0.019243874378 0.001503274413 0.672537375878 0.800281112897 -0.468508616015 0.219656253032 0.302986711860
15.7 0.015081860822 0.004845526347 0.672909116844 0.794629945826 -0.475254843071 0.225140037375 0.303328282403
15.8 0.014093472861 0.007711707841 0.677060148918 0.793564013619 -0.479188840140 0.224659405874 0.300270483275
15.9 0.013877146803 0.006710532974 0.680172164451 0.789959995249 -0.483174485656 0.230296121659 0.299114223443
16.0 0.014765947581 0.005286996156 0.681029049955 0.792354225968 -0.482872672478 0.225841495848 0.296655324438
16.1 0.017363528960 0.007264948704 0.680188527056 0.790763444069 -0.485024388121 0.231675644825 0.292866717205
16.2 0.019214360078 0.007844270388 0.679593680819 0.789010781003 -0.482908673438 0.234312758959 0.298929308646
16.3 0.020469576890 0.007676959099 0.682392211939 0.789834677568 -0.482499020019 0.229654765272 0.301022535003
16.4 0.020708550330 0.007796809645 0.683031939536 0.789449785572 -0.483775732501 0.232525081326 0.297761923788
16.5 0.019967627025 0.007515775599 0.685791447737 0.786984440731 -0.487900384432 0.230681005266 0.298989930814
16.6 0.020152273721 0.005073332540 0.687198019553 0.779735243023 -0.494275975783 0.240659078045 0.299645488380
16.7 0.021517536139 0.001146594460 0.690298595077 0.780030616060 -0.497368758231 0.238331325621 0.295592177792
16.8 0.021930730795 -0.001954801129 0.690581677426 0.778735919257 -0.499292005819 0.239444732612 0.294862817272
16.9 0.022260269256 -0.005230100890 0.690856962192 0.773563379607 -0.503892928080 0.244044838577 0.296873258355
17.0 0.021789727373 -0.010195130849 0.690380023713 0.770787004684 -0.508718803599 0.245680343031 0.294505927483
17.1 0.022383414530 -0.013015370287 0.693448766658 0.769308387291 -0.512579927250 0.244590786538 0.292577802584
17.2 0.023876671369 -0.015098147922 0.691710450318 0.765028904278 -0.517033467390 0.251584958694 0.290020995406
17.3 0.026283362644 -0.016497236488 0.691373697529 0.763146467403 -0.519126919032 0.251819775338 0.291035241810
17.4 0.029034268687 -0.016194729390 0.693818454725 0.760548378713 -0.521280927906 0.254741789417 0.291442925051
17.5 0.031860810958 -0.015099756538 0.693186684053 0.761046506633 -0.524227367868 0.252338862341 0.286912844036
17.6 0.036302597243 -0.010964945251 0.689102613657 0.759501732810 -0.525488843151 0.251831074931 0.289136132785
17.7 0.041134882346 -0.002649519131 0.687374526456 0.762998395039 -0.519768342410 0.251625959407 0.290445685025
17.8 0.040956281833 0.005791632767 0.684327711550 0.769815172342 -0.508240908637 0.248003668121 0.295922219205
17.9 0.041120185998 0.014347197085 0.683955363039 0.777575799541 -0.499060340581 0.243293925000 0.295165578084
18.0 0.044635054695 0.018058372017 0.683919803665 0.783253745031 -0.489074944654 0.236764973082 0.302095377205
18.1 0.048104795843 0.018055595576 0.683306627450 0.785450194282 -0.484683997396 0.234813755329 0.304978548883
18.2 0.049752299500 0.016090935925 0.680028568403 0.788962030103 -0.480014774876 0.232542178624 0.305039122274
18.3 0.053165825580 0.014064517457 0.678708834315 0.794306512196 -0.474383633365 0.225005049169 0.305630595536
18.4 0.058277643750 0.013239304084 0.677226717893 0.797986233462 -0.470529365501 0.222972791867 0.303485125655
18.5 0.062932334373 0.011364991626 0.672554943966 0.803345474922 -0.461028854487 0.219915468805 0.306146418944
18.6 0.066535783332 0.011216280466 0.675275097386 0.810700294299 -0.453345744557 0.214063938032 0.302356245429
18.7 0.066865379752 0.014853690961 0.671455230688 0.812647047262 -0.447720635346 0.216040980997 0.304100811889
18.8 0.067761933617 0.018264839671 0.672677394259 0.815142416249 -0.439688449029 0.217261493279 0.308243982196
18.9 0.064506101312 0.021949936987 0.666700990539 0.816260682620 -0.433974892845 0.218147101185 0.312723732123
19.0 0.055996917987 0.024571775323 0.665063713532 0.816355416018 -0.430836942896 0.221772990493 0.314261203559
19.1 0.047030529609 0.022365202934 0.667628948689 0.817944597659 -0.428289277134 0.222109956620 0.313372138875
19.2 0.040422811141 0.021254189318 0.666965345416 0.819784961106 -0.429175100342 0.216750089442 0.311096045486
19.3 0.033972083601 0.020905182082 0.664706816037 0.820579787076 -0.427182117963 0.215017808110 0.312940239231
19.4 0.028629262407 0.020029720986 0.662781802820 0.821950689648 -0.423760859924 0.218423395027 0.311632825434
19.5 0.025962661935 0.020759740434 0.659679178181 0.824886460857 -0.421268577962 0.213320908213 0.310788194815
19.6 0.024679321255 0.020157541389 0.659728240953 0.827940789388 -0.414492576953 0.212796991027 0.312133614864
19.7 0.024070948890 0.019264881304 0.657996437820 0.830333904624 -0.410756636534 0.210807900668 0.312065091592
19.8 0.020693727910 0.019429106991 0.654850753637 0.835085047097 -0.403255928493 0.205595643827 0.312646847881
19.9 0.017308293236 0.019986588247 0.652299932076 0.838344162430 -0.394795677215 0.204252949237 0.315588610852
20.0 0.013955422925 0.016757601647 0.648847447336 0.840578742586 -0.391675999664 0.203952360347 0.313720773156
20.1 0.010234359542 0.013975210350 0.645528185804 0.844680554271 -0.384011689316 0.203511598280 0.312462498662
20.2 0.007789435950 0.010571559541 0.643727877650 0.846326480865 -0.379895788716 0.198782349828 0.316063688043
20.3 0.006209330519 0.006622803965 0.645006744488 0.849235990363 -0.377255442607 0.198568865076 0.311523625938
20.4 0.003823644375 0.004728242803 0.643601030430 0.851002116906 -0.374053489280 0.196723626303 0.311735784011
20.5 0.002661891883 0.005374349648 0.644268056819 0.852371136622 -0.372422501565 0.194201817301 0.311529420663
20.6 0.002763242487 0.007019261678 0.642575860638 0.853174275835 -0.368417290129 0.193286075744 0.314647180682
20.7 0.002890445038 0.008721394843 0.645346633325 0.855538492722 -0.366060563101 0.191579992449 0.312010669859
20.8 0.002203611007 0.010477311013 0.642612900720 0.855606007664 -0.362152284601 0.191752477560 0.316251592497
20.9 0.002352827382 0.010398368086 0.641616555861 0.855839748868 -0.357606533573 0.193574429326 0.319663622757
21.0 0.004032313668 0.008267750089 0.639865264746 0.856848419718 -0.355966661691 0.192253056745 0.319589241939
21.1 0.006857377238 0.007290353311 0.642057806255 0.858446360588 -0.349667607208 0.193053772740 0.321764900655
21.2 0.007487845132 0.006382435227 0.643093586246 0.863159175012 -0.343669342227 0.190250492434 0.317257579791
21.3 0.007579466969 0.003712236924 0.640523607441 0.865519153530 -0.341553550123 0.188579374704 0.314094868961
21.4 0.008300298591 0.000878529224 0.639653060425 0.867430329130 -0.333936598980 0.188421696899 0.317093418576
21.5 0.007267695870 -0.000655468444 0.639870802482 0.870266819003 -0.329074735210 0.190080372160 0.313392620380
21.6 0.005277165151 -0.000944711128 0.639673338198 0.871586790923 -0.325999164933 0.190321970673 0.312791556519
21.7 0.003863217973 -0.000766337236 0.635996623115 0.872205489855 -0.322233825733 0.188698172669 0.315936614927
21.8 0.003572048374 -0.000886086994 0.634205763156 0.874371145235 -0.319020075407 0.185823455124 0.314914171472
21.9 0.005235620491 -0.000906927615 0.634285364103 0.874933107082 -0.314867501351 0.194466329099 0.312303316620
22.0 0.005935230606 0.000218822437 0.630235959154 0.876242324691 -0.308716473323 0.193223823958 0.315528257646
22.1 0.004766839970 0.000651398828 0.632492597696 0.877275063169 -0.305253423604 0.195655523109 0.314527784460
22.2 0.002419598972 -0.002842509351 0.629317397346 0.879462440629 -0.301950351005 0.190619565881 0.314699828654
22.3 -0.000316406354 -0.005061300565 0.629505314934 0.882087997134 -0.296637145178 0.195281280227 0.309503458793
22.4 -0.003407183246 -0.008319120195 0.627331676743 0.881834214023 -0.296216695982 0.194231396996 0.311284841296
22.5 -0.005830148434 -0.010592839807 0.625473894760 0.884175564952 -0.295737007510 0.192847049120 0.305913727017
22.6 -0.007114135380 -0.008951136035 0.626515600131 0.884775493556 -0.294787015835 0.192553967778 0.305280053053
22.7 -0.007939064349 -0.005036584751 0.625920232068 0.883952114167 -0.293381221088 0.191645776891 0.309561003960
22.8 -0.008204854088 -0.001768470423 0.623475795799 0.883885854766 -0.290121357235 0.195366477015 0.310495303475
22.9 -0.006314548075 0.004838358167 0.625311363052 0.884193200939 -0.290217399453 0.199248551298 0.307044393002
23.0 -0.003300737032 0.011782006036 0.623882814347 0.881698316249 -0.285321779671 0.196132950511 0.320517436177
23.1 0.000777557122 0.017982599885 0.622603961780 0.880591128961 -0.278382942012 0.197953283185 0.328445884232
23.2 0.003926771808 0.022027254202 0.627154587360 0.882050308267 -0.275692518993 0.196529059158 0.327654112693
23.3 0.005421241298 0.024808780979 0.625644175203 0.880472789506 -0.272405868415 0.193314418124 0.336440552754
23.4 0.005482771443 0.026133209437 0.630488226080 0.881810044836 -0.272074291397 0.193894766326 0.332853487858
23.5 0.005274228498 0.028501794836 0.630509217941 0.881959698531 -0.270197257590 0.194819154815 0.333445691342
23.6 0.006389507815 0.031287093418 0.626569215661 0.879865069769 -0.268341483399 0.192803485604 0.341551055081
23.7 0.008401088752 0.035585244152 0.624908489132 0.877969205664 -0.265102279709 0.188176554537 0.351397836536
23.8 0.009127948151 0.040011838338 0.626923359707 0.877249228121 -0.266329125627 0.194305916917 0.348923772842
23.9 0.008841152828 0.042584352220 0.628113505415 0.873155351132 -0.268242973485 0.193952662650 0.357809732424
24.0 0.006005972787 0.035797202158 0.623322009969 0.868864338605 -0.269432695845 0.194067756168 0.367176373868
24.1 0.004388861596 0.031638590151 0.624156802662 0.870179000447 -0.275787964646 0.192981042971 0.359844164592
24.2 0.003995237943 0.027391947840 0.625992813687 0.869332400246 -0.279891396209 0.195279384026 0.357474399621
24.3 0.003517740370 0.024647787422 0.625569883769 0.868459778815 -0.280184008220 0.192019863715 0.361113425474
24.4 0.001994639352 0.023513145695 0.626786331518 0.867583864450 -0.282750749126 0.193837488198 0.360246138334
24.5 0.002643247408 0.027550565740 0.625381251156 0.866449477122 -0.282527078065 0.193021113302 0.363574756515
24.6 0.005262650464 0.030596991448 0.626758956410 0.862032245679 -0.284019283890 0.203628629196 0.367108751136
24.7 0.008740055363 0.026841750921 0.627334851260 0.862233466097 -0.284337472399 0.190525563730 0.373370675464
24.8 0.009312868754 0.025660194475 0.627619739675 0.861375485065 -0.284353285203 0.191723650011 0.374723264490
24.9 0.007356718468 0.026794323621 0.625936499741 0.861311182451 -0.285824317701 0.192041173310 0.373587599030
25.0 0.006162916652 0.029263487907 0.627611292930 0.858998908306 -0.288296394400 0.194701522317 0.375629314234
25.1 0.005303116841 0.028525553129 0.629104757040 0.856879139185 -0.289947566121 0.200299397563 0.376256164156
25.2 0.006648254753 0.028490226636 0.629356754372 0.857257996244 -0.289646030289 0.198721681230 0.376461948175
25.3 0.008438135139 0.029774164666 0.632480392362 0.857752622800 -0.290995543845 0.198236489467 0.374545492278
25.4 0.009335697489 0.029994088535 0.632428282095 0.856329870306 -0.290174711816 0.200584589066 0.377178488880
25.5 0.009834998310 0.031119756018 0.631115938580 0.856113465931 -0.288870232184 0.198194369458 0.379924616634
25.6 0.010565740398 0.032270023423 0.634262834337 0.857259902700 -0.292775512053 0.196471273937 0.375215934206
25.7 0.011140942481 0.033797888006 0.629928735939 0.855954579877 -0.289790167883 0.199479281075 0.378908210794
25.8 0.012331211044 0.037199321906 0.627924557025 0.855304117433 -0.290051745193 0.194967053055 0.382508431326
25.9 0.014077514365 0.040025465742 0.629710645842 0.850546565533 -0.290502745021 0.205851158453 0.387045211260
26.0 0.014914583483 0.039285480093 0.628221801755 0.851095011263 -0.288788731331 0.198864182343 0.390757453468
26.1 0.015201816403 0.037081327819 0.627722534945 0.851408767137 -0.290616533151 0.197089752287 0.389616184782
26.2 0.014701828952 0.033367913417 0.625835215632 0.853431343680 -0.288933492601 0.193108726777 0.388434548051
26.3 0.013884538931 0.031885007111 0.626064538489 0.852321280947 -0.288595646309 0.193517583634 0.390911667517
26.4 0.012828251883 0.028517233339 0.623124259348 0.852998508179 -0.288428792249 0.191097869622 0.390747976415
26.5 0.011862099881 0.027304522836 0.623534033505 0.854078971590 -0.289917436546 0.193025140882 0.386313713531
26.6 0.011279178544 0.027018585380 0.623133928980 0.852118421036 -0.289846658212 0.198208873289 0.388067460378
26.7 0.011235881115 0.024692853123 0.621595093373 0.850379910868 -0.291352172415 0.194813868531 0.392448054459
26.8 0.010875372169 0.020926401818 0.621664574525 0.850971679820 -0.294168426479 0.193075193969 0.389915511978
26.9 0.009902764273 0.016674833591 0.619851818749 0.851184412694 -0.296075030144 0.188772472105 0.390114888061
27.0 0.009702844998 0.009814236207 0.617749399091 0.850881256805 -0.295004543001 0.190747684168 0.390626071084
27.1 0.008909989148 0.005240761638 0.618627558605 0.852403110789 -0.298542460636 0.189792002675 0.385045882507
27.2 0.008145496449 0.003529150676 0.618704929760 0.852493415306 -0.297319278364 0.190263169343 0.385559528432
27.3 0.008205021045 -0.000619918934 0.617930200282 0.852965490982 -0.295953143653 0.190780743162 0.385310674645
27.4 0.006598277584 -0.003028582137 0.617687387863 0.854894179500 -0.298635208525 0.188975343134 0.379817421631
27.5 0.004888532874 -0.005328878428 0.617270457662 0.852900539554 -0.298685552664 0.191414577320 0.383024894553
27.6 0.004749434867 -0.008312467687 0.615938527929 0.854749335760 -0.298478647901 0.193519803921 0.377973749427
27.7 0.004528980832 -0.009484994373 0.614846192277 0.854766035666 -0.296999119258 0.192133233376 0.379804381312
27.8 0.004581350328 -0.008458652369 0.616613573917 0.855261824277 -0.297758068127 0.195130270695 0.376552150782
27.9 0.002069933036 -0.008100011998 0.616171382084 0.855883345138 -0.296518543950 0.197663212434 0.374792885551
28.0 0.001415634138 -0.008319993237 0.615986615118 0.853463841539 -0.300731680010 0.195631545208 0.378005590359
28.1 -0.001192704251 -0.007745684253 0.614800331392 0.852978692174 -0.300874734725 0.197053835971 0.378247974788
28.2 -0.004405751265 -0.007779020653 0.615099338160 0.853319761904 -0.302046672749 0.200144193314 0.374907312955
28.3 -0.005095692452 -0.005149787588 0.612468575147 0.851473937132 -0.298744259532 0.203485164801 0.379918135244
28.4 -0.006067068433 -0.001162135118 0.613012232825 0.848685828026 -0.296521468152 0.204163727545 0.387459103116
28.5 -0.007364155167 -0.001918084783 0.613334752239 0.848466546601 -0.297332836153 0.206622128337 0.386011657759
28.6 -0.009166744130 -0.005237487370 0.612706262650 0.849254736338 -0.294062987475 0.205522832418 0.387367677485
28.7 -0.012284805139 -0.003709207525 0.612086181298 0.849374256923 -0.296716183852 0.208670324272 0.383379151345
28.8 -0.013636223761 -0.000771961707 0.611399824983 0.847840930170 -0.296646078103 0.209316436674 0.386462793568
28.9 -0.012506002330 0.002669676098 0.609924020487 0.847364602816 -0.296247578048 0.210817063172 0.386997116617
29.0 -0.012287410138 0.004795075836 0.607809708791 0.845997167891 -0.291584059647 0.212106171071 0.392783019330
29.1 -0.010539748316 0.006333003224 0.608649183114 0.846203797200 -0.292100761531 0.213018081594 0.391458268058
29.2 -0.009526005851 0.004652017979 0.608086508673 0.847286470478 -0.287619942438 0.211113265288 0.393461046200
29.3 -0.012082093128 0.002318600952 0.608569571442 0.848163676638 -0.289527460019 0.213275641464 0.388980370050
29.4 -0.009291393639 -0.000175718225 0.605936287573 0.848005942774 -0.286995892531 0.212333591192 0.391706171437
29.5 -0.005424997339 -0.003584722577 0.606603120046 0.851497704547 -0.284595629934 0.210308256913 0.386946280055
29.6 -0.006529299846 -0.006265291234 0.604523662179 0.851135845290 -0.282726203288 0.213997449071 0.387090116934
29.7 -0.005287519613 -0.006114795428 0.603487657643 0.852685936319 -0.281355572538 0.210260833223 0.386724860616
29.8 -0.005622698459 -0.002703611298 0.604223364633 0.851527471159 -0.284612652564 0.210568300200 0.386726770230
29.9 -0.004810602793 0.000059765751 0.602578269230 0.851413833052 -0.281439239963 0.209580028228 0.389823871595
30.0 -0.002762374397 0.003045360659 0.599559492586 0.850998151969 -0.278955635895 0.211474664303 0.391489929507
30.1 -0.004529132672 0.005590378468 0.600977925047 0.851159571608 -0.268594778264 0.217927458420 0.394831421769
30.2 -0.007197727929 0.007677163546 0.598871889658 0.852140945647 -0.271728861586 0.216140714176 0.391538537321
30.3 -0.004191285440 0.015012777477 0.596492473654 0.848179087113 -0.266975486793 0.222062592213 0.400005663428
30.4 -0.003109421523 0.015990414399 0.598858032343 0.845766858091 -0.264725911533 0.220975364396 0.407146781700
30.5 -0.001815498485 0.014073765066 0.596169678520 0.846773764585 -0.267552469759 0.219573879745 0.403951951190
30.6 0.000673966006 0.009095358082 0.595948209290 0.847599817694 -0.268037318875 0.213399317481 0.405205227057
30.7 0.003119593090 0.001280775323 0.596602962013 0.848666816017 -0.266719185178 0.210047352250 0.405592925805
30.8 0.000000000000 0.000000000000 0.000000000000 0.000000000000 0.000000000000 0.000000000000 0.000000000000
30.9 0.009418049906 -0.025850917296 0.591801291839 0.854105306895 -0.275680925987 0.196599679508 0.394781861030
31.0 0.010206911166 -0.032944546239 0.591244134859 0.858515498362 -0.278304218900 0.198563724993 0.382191506879
31.1 0.010325284226 -0.024457843271 0.587031475935 0.860063409856 -0.273907799920 0.194362358737 0.384042603985
31.2 0.006284146916 -0.013661956258 0.587208909709 0.857321478603 -0.271143406740 0.196720213690 0.390873755621
31.3 0.003574507370 -0.007166098241 0.591021413295 0.849767769176 -0.272924378482 0.210381293879 0.398931990803
31.4 -0.000431939414 -0.009303240106 0.593966252547 0.848893606796 -0.273560382351 0.212104428882 0.399444705557
31.5 -0.004591654389 -0.011063938977 0.592656372035 0.848034594024 -0.274972578915 0.214038943034 0.399267753578
31.6 -0.007778225420 -0.012699497290 0.593310895144 0.849045902383 -0.280892657806 0.215785873135 0.391990851159
31.7 -0.000934103847 -0.001030936616 0.594064302028 0.845356118969 -0.274523122759 0.216484239355 0.403911699883
31.8 -0.007127198823 0.000719431871 0.598248387979 0.842786899992 -0.277757306350 0.218822883830 0.405804959904
31.9 -0.003858190735 0.000170450122 0.593297605183 0.840633285459 -0.284385683993 0.214746000274 0.407853671657
32.0 -0.005510114261 0.000928144004 0.593698952941 0.841166454542 -0.287394385673 0.208678592859 0.407794933415
32.1 -0.008334327975 0.012110340455 0.594440384671 0.836934674309 -0.288627761483 0.208053755682 0.415870173235
32.2 -0.010612701568 0.022616134827 0.593552944190 0.830989881123 -0.288317795471 0.216251959408 0.423749638747
32.3 -0.010950400754 0.026858183607 0.596393321524 0.827742011707 -0.289481221623 0.221733437436 0.426471648654
32.4 -0.009538368942 0.029091391042 0.594912770251 0.827262225332 -0.287365066371 0.220612457623 0.429405021756
32.5 -0.010499675995 0.027214095155 0.595816368111 0.824338612088 -0.292130106829 0.221859886596 0.431165912410
32.6 -0.010874284395 0.025575570036 0.596133160394 0.825776535696 -0.289720677543 0.217822483393 0.432097683200
32.7 -0.012701153858 0.025461164956 0.596862742655 0.825062145050 -0.291631101647 0.219981922647 0.431082023594
32.8 -0.012613104588 0.023281209195 0.595874954145 0.825421112106 -0.291187172422 0.222126284199 0.429592751539
32.9 -0.010661967553 0.022629624721 0.593833410387 0.826777865725 -0.288780279587 0.221854774802 0.428747909343
33.0 -0.007385224146 0.016546348833 0.592141915122 0.829162763323 -0.287841692927 0.215963549771 0.427780337208
33.1 -0.001743614673 0.007061553151 0.587002869344 0.832157910476 -0.283943063331 0.215809819357 0.424635927222
33.2 0.003594366845 0.001474550052 0.587195597315 0.837311865823 -0.281596081467 0.211268703835 0.418303742554
33.3 0.007218513301 0.000492730278 0.584535187762 0.840116675057 -0.278160520312 0.205722349770 0.417742758209
33.4 0.009743441275 0.000295079688 0.580632856011 0.840877622176 -0.273454947164 0.204844223564 0.419745232812
33.5 0.011651720926 -0.001052422193 0.578055405455 0.841738884156 -0.270902976336 0.203379889074 0.420385357777
33.6 0.013817759852 -0.003880631609 0.578923266495 0.844455290414 -0.271848880351 0.198615331293 0.416587804574
33.7 0.014927056120 -0.009333572916 0.575883695649 0.846702866815 -0.265343067911 0.198276070501 0.416381929850
33.8 0.015136094387 -0.014420576578 0.570946803249 0.850470275800 -0.259844046416 0.194391541881 0.413996751157
33.9 0.014100868343 -0.016655524520 0.566727385123 0.853754767003 -0.255743245393 0.193880813331 0.410010268746
34.0 0.012219883161 -0.019982070644 0.561904404156 0.857119096614 -0.251141299031 0.191650639330 0.406872135424
34.1 0.008720781989 -0.020867689290 0.557457060209 0.858974701346 -0.247202747296 0.194681982673 0.403921019260
34.2 0.005607779130 -0.020075175277 0.553953872702 0.860760615287 -0.244177353911 0.195698247942 0.401460806008
34.3 0.002226030142 -0.015121335756 0.551420682156 0.861717738677 -0.246327838015 0.193589532168 0.399109293432
34.4 0.000165248337 -0.004852912732 0.548662114624 0.858968370200 -0.243633439973 0.194034611041 0.406407007371
34.5 0.000048606226 0.003568510050 0.549379538904 0.855803291475 -0.243438493594 0.198989275095 0.410781808913
34.6 0.000271350837 0.008817171722 0.549311612870 0.854127897711 -0.241244146275 0.200359565222 0.414876898445
34.7 -0.000461743165 0.014587886729 0.548996002525 0.854065388557 -0.236907343963 0.202160209369 0.416627498125
34.8 -0.002994121158 0.018741736716 0.549694480645 0.853173598734 -0.235018866701 0.199448206139 0.420810356082
34.9 -0.005234980978 0.021573683306 0.547294902253 0.850776282188 -0.231848827387 0.206895376984 0.423816165203
35.0 -0.005139329035 0.025543465904 0.548359584429 0.851696726692 -0.230197252251 0.206257562676 0.423178128732
35.1 -0.001960449885 0.030182517530 0.547326852018 0.853438840682 -0.223736520276 0.203561959539 0.424436854360
35.2 -0.002328525151 0.034783897591 0.544916275559 0.850810289296 -0.212554400977 0.204679561761 0.434797372636
35.3 -0.001950609232 0.036534869243 0.546168344647 0.853284697207 -0.206955398066 0.201242069174 0.434253748766
35.4 -0.002719501142 0.037171595038 0.543145433559 0.855306857687 -0.199197581308 0.200225903402 0.434373215566
35.5 -0.004448710599 0.037348020360 0.538793203988 0.856849437897 -0.190375287414 0.199617026418 0.435567828795
35.6 -0.007885926385 0.039009750244 0.539466978544 0.859555000007 -0.185205066146 0.200363220146 0.432109784024
35.7 -0.010057853103 0.040895936492 0.539834972892 0.859983761796 -0.181577826706 0.203486046295 0.431336123294
35.8 -0.011291705057 0.040715544958 0.539786791994 0.862395714916 -0.174500243149 0.207088717250 0.427712005002
35.9 -0.013822707429 0.039453885895 0.539749976949 0.864961383112 -0.169190607346 0.204023118905 0.426134850796
36.0 -0.013840841592 0.036864412195 0.543387368274 0.864180046093 -0.165875370070 0.218985087154 0.421572936920
36.1 -0.012440450907 0.034908113885 0.544059262562 0.867253683041 -0.169249059908 0.212770972392 0.417078311927
36.2 -0.012655444255 0.033191336720 0.542292569699 0.869428670707 -0.163242624464 0.209645206527 0.416526733224
36.3 -0.015708967730 0.032473225420 0.539726884391 0.871244930697 -0.152536894839 0.203305249365 0.419918732647
36.4 -0.018375710961 0.036075226733 0.539686486607 0.873648487949 -0.149960092262 0.205714857230 0.414646461154
36.5 -0.018470125457 0.039254449575 0.544717594977 0.875746817377 -0.144460252933 0.208620999059 0.410701869887
36.6 -0.019148303975 0.041921556121 0.544394421442 0.875188817424 -0.137147415442 0.214770383530 0.411228406913
36.7 -0.004695748501 0.041162406395 0.492820515621 0.849221785176 -0.177811444952 0.253128017882 0.427938846321
36.8 -0.020849335443 0.042943005932 0.548324745000 0.877610357152 -0.134130913483 0.214864443043 0.406991683187
36.9 -0.023148793681 0.038304494295 0.545654697051 0.880003899717 -0.127165803020 0.210890216635 0.406137060059
37.0 -0.023950463411 0.034645552014 0.546117503607 0.880581300891 -0.125961422506 0.208889028870 0.406295048185
37.1 -0.015695755502 0.037395471843 0.565431883746 0.848990125627 -0.115520333699 0.279892810199 0.433048304337
37.2 -0.021147441561 0.028673331600 0.552215103477 0.884342418960 -0.129497043225 0.222566484186 0.389401029713
37.3 -0.020573916425 0.025014653395 0.548724943103 0.888046358535 -0.124923884035 0.215897093953 0.386207370609
37.4 -0.019608900865 0.020838359552 0.546812885805 0.894044115169 -0.114761031786 0.199704738566 0.384230455730
37.5 -0.020037858156 0.019860183790 0.547452490751 0.897226547441 -0.108487185764 0.200078032121 0.378396398180
37.6 -0.021710666522 0.018871118862 0.548459633112 0.898701842868 -0.107568704253 0.198138107577 0.376171851440
37.7 -0.022772323558 0.017389154934 0.544242060755 0.900079430738 -0.103534059108 0.194895349890 0.375704031864
37.8 -0.024229490894 0.018130230170 0.544424940284 0.899186280509 -0.102055152996 0.202479266315 0.374233784424
37.9 -0.023798129941 0.019001823792 0.537673131084 0.898727947991 -0.098270358605 0.201139043923 0.377059805773
38.0 -0.023519842605 0.020054338078 0.537741700590 0.898761790256 -0.097568819286 0.200072102635 0.377728372812
38.1 -0.023271149652 0.021612519016 0.537676627415 0.899090246351 -0.099497098746 0.199869651707 0.376549038749
38.2 -0.024023782056 0.021658714541 0.539007344837 0.901242118195 -0.095324036828 0.199114038010 0.372866695028
38.3 -0.025740202430 0.022317780458 0.537623244435 0.901826595131 -0.091209738581 0.196657106372 0.373785444362
38.4 -0.028614383532 0.022319852809 0.540869342997 0.902587309674 -0.091282624164 0.199624143609 0.370342857674
38.5 -0.032424285439 0.023206189488 0.541507985033 0.900797349871 -0.086958236376 0.204912547581 0.372844803417
38.6 -0.034423249056 0.024667948630 0.542771186788 0.901247648893 -0.087662916924 0.207362179462 0.370228057946
38.7 -0.035310567458 0.026879258206 0.543210070282 0.902424709993 -0.082050881712 0.208093986529 0.368231161601
38.8 -0.018304838986 0.027028046690 0.502341347727 0.871087341554 -0.126219720277 0.264100944801 0.394367996360
38.9 -0.032045280136 0.034186891125 0.536293609549 0.901601332048 -0.068306160556 0.207383014549 0.373418788703
39.0 -0.031948345165 0.038163313994 0.543787351758 0.903210890622 -0.063159796245 0.205631799766 0.371398021164
39.1 -0.031426195672 0.039419285806 0.547091492030 0.903768087868 -0.062345832837 0.207913667301 0.368901270571
39.2 -0.029852722620 0.038031500255 0.543083302188 0.905891386669 -0.060401014854 0.194050125231 0.371560307165
39.3 -0.027806542489 0.038156278358 0.545151993601 0.905950637028 -0.055195621410 0.195737917996 0.371340213421
39.4 -0.011232408214 0.035456160083 0.510700196523 0.875908785716 -0.099254325831 0.235971869552 0.408961678754
39.5 -0.018353578879 0.037926767228 0.542172661222 0.904585523002 -0.053086764357 0.190868933473 0.377459769062
39.6 -0.012494203129 0.035812210723 0.539096236590 0.903130437623 -0.059651537259 0.194091262861 0.378319558604
39.7 -0.006688902777 0.031490065475 0.538605060653 0.910941831006 -0.059082250682 0.186391612900 0.363252577167
39.8 -0.001159465313 0.030204908574 0.543913719837 0.913144776420 -0.061424366259 0.182642641536 0.359214880008
39.9 0.008209904706 0.033884432843 0.572727890776 0.886699175949 -0.054486192985 0.251792548764 0.383922307939
40.0 0.009102297065 0.031813894107 0.571966060038 0.887287545217 -0.050819982838 0.251032938200 0.383563039649
40.1 0.003242851699 0.024980876665 0.552471621492 0.918705360912 -0.060934270028 0.167595500190 0.352390724741
40.2 0.000447089522 0.024976593231 0.554301351730 0.920761613703 -0.060765011880 0.162337603869 0.349502741666
40.3 -0.000469967799 0.027832787366 0.557574209425 0.922194656923 -0.067915518572 0.167787391512 0.341748282116
40.4 -0.000933031008 0.029821427215 0.547294434113 0.918854459908 -0.063412714708 0.176112587687 0.347375395759
40.5 -0.000995206979 0.031896230512 0.553858780850 0.918380047733 -0.066828213516 0.178448509050 0.346797069513
40.6 -0.003113389875 0.031917000026 0.551331598751 0.918264493672 -0.072260567913 0.168446698595 0.350990654746
40.7 -0.004985476791 0.031123444018 0.552195672216 0.916557368158 -0.074921295264 0.175672847085 0.351352303519
40.8 -0.004406943193 0.030265234812 0.550591095082 0.917976056466 -0.078240461491 0.172113111472 0.348676736821
40.9 -0.003643979338 0.028586692752 0.567392117995 0.924749089902 -0.085343708099 0.160747940835 0.334238944066
41.0 -0.000641458064 0.028608043992 0.574102952797 0.925530316060 -0.086972088735 0.164625399220 0.329739242077
41.1 -0.000325010302 0.031807893555 0.578392955893 0.924419135086 -0.085224613383 0.171411929717 0.329854480509
41.2 0.005647510044 0.034299126032 0.549183246211 0.906522202301 -0.118343343690 0.192707245961 0.356477582878
41.3 0.001376416562 0.034872752356 0.552005738195 0.890021563034 -0.126395811876 0.184859070800 0.397130759345
41.4 -0.010228001089 0.045448701226 0.581208616901 0.919141534713 -0.088641706509 0.171885614485 0.343186279688
41.5 -0.003342876187 0.048123427762 0.558295042356 0.899705863485 -0.132918018646 0.193925334436 0.367770477601
41.6 -0.010205306388 0.055100071662 0.569091514691 0.902152504382 -0.134677665926 0.193738389912 0.361176163960
41.7 -0.011245292465 0.055385175757 0.571096837673 0.894917076328 -0.140673841079 0.200750093097 0.372872226176
41.8 -0.010648110065 0.055827400013 0.571872928991 0.893534916675 -0.140706244416 0.195381068472 0.378976705812
41.9 -0.005453233073 0.055318558453 0.566707471609 0.893428792788 -0.143687063788 0.203302135073 0.373908092708
42.0 -0.003403698622 0.050980595761 0.577677832253 0.896751265125 -0.138011656257 0.188600315235 0.375792326062
42.1 -0.005779798680 0.051267837019 0.594995363057 0.916782332254 -0.111009099752 0.162942676472 0.347328114647
42.2 -0.004104802507 0.049483748381 0.596686285300 0.914480717586 -0.109523175331 0.169779880985 0.350577357001
42.3 0.006348378503 0.045749010817 0.578045408028 0.904937840217 -0.139533921761 0.189804442184 0.354389706042
42.4 0.009558800171 0.046915986925 0.574975593138 0.903055262099 -0.139384840923 0.193623620882 0.357173561666
42.5 0.011846479120 0.043776699106 0.597043463448 0.907974750532 -0.141059163583 0.166245287799 0.357836092435
42.6 0.008342214938 0.040066875196 0.623182150516 0.919025469658 -0.124278725524 0.171333064580 0.332553703156
42.7 0.002033082746 0.030656417712 0.626139088336 0.918595774353 -0.124501723575 0.174216780182 0.332159054776
42.8 -0.000001936375 0.023134536206 0.639317039273 0.922659401712 -0.139608420908 0.177345043974 0.312662521933
42.9 -0.002548247010 0.016712631133 0.646918306215 0.922417442240 -0.150770287915 0.185667697154 0.303219209099
43.0 -0.003097929771 0.014873145061 0.652097688720 0.919874428983 -0.162099431160 0.187264870357 0.304116223920
43.1 -0.000932793881 0.014109839701 0.655294493723 0.918106885186 -0.169090193972 0.188550291429 0.304855771274
43.2 -0.000149224207 0.013658100953 0.660793754164 0.916432612958 -0.179321707429 0.193139610100 0.301151261265
43.3 0.003031068633 0.012359862734 0.659259293595 0.912695355541 -0.189858235316 0.195173643101 0.304710169662
43.4 0.006809146798 0.012661165746 0.660739782177 0.912271621546 -0.198037249304 0.196726623774 0.299733835107
43.5 0.010109717209 0.016818158530 0.661652478793 0.910856350539 -0.204179980702 0.198660748365 0.298638830734
43.6 0.012164593130 0.021019499665 0.660081382370 0.908180750720 -0.208273071552 0.195864585810 0.305723920742
43.7 0.016956800282 0.025312570579 0.661682428332 0.905735065578 -0.218707122679 0.200051857389 0.302969371103
43.8 0.020518445019 0.028120860432 0.660088412772 0.902472009560 -0.225082169984 0.198241191758 0.309164549402
43.9 0.024000280022 0.032280298623 0.662239222842 0.896754821238 -0.234887019925 0.202307647342 0.315801352568
44.0 0.026014768661 0.037717350100 0.657544234351 0.893103463072 -0.245193606815 0.204028114988 0.317204709487
44.1 0.033922173626 0.041201269340 0.657665601377 0.891150115392 -0.262403250350 0.204044034917 0.308807444627
44.2 0.040432112510 0.042693574914 0.655239479867 0.887281746190 -0.270610530470 0.199967035621 0.315458758544
44.3 0.045124607955 0.043716512488 0.655999221780 0.882864030726 -0.276777524200 0.204433562508 0.319612615314
44.4 0.045241302814 0.042015909096 0.655565026736 0.878604548678 -0.286901375469 0.204179336747 0.322571614129
44.5 0.045884332179 0.039858994753 0.654292506032 0.874473548878 -0.301418598180 0.209897550947 0.316837275412
44.6 0.049748280180 0.038176385978 0.655177673156 0.872177437910 -0.308687383595 0.208758312523 0.316920467881
44.7 0.052043874286 0.038547996142 0.653782881178 0.868963804069 -0.314564972252 0.212905883543 0.317209505221
44.8 0.054307749112 0.039543652915 0.651657590936 0.864190600939 -0.317274787453 0.215227508026 0.325865669079
44.9 0.058326119192 0.040195821576 0.653805947408 0.865802842972 -0.326520783707 0.210953102956 0.315068886534
45.0 0.061185898597 0.037963242776 0.651432294382 0.859571416170 -0.331723888538 0.209321948287 0.327537118878
45.1 0.065588418599 0.037521056339 0.671164400838 0.842902741762 -0.298078705624 0.189795348904 0.405760740731
45.2 0.065868035121 0.036495240607 0.674160542187 0.841637512055 -0.303322869217 0.186854356191 0.405865722726
45.3 0.067929845416 0.035624962597 0.670817951763 0.835235608460 -0.315131002407 0.185324624480 0.410766007897
45.4 0.074271651048 0.034259211017 0.644906960348 0.846377742417 -0.366701925221 0.213554915197 0.321820933712
45.5 0.078813025646 0.031617769936 0.645431848372 0.844849589955 -0.369819416768 0.213211223759 0.322496113772
45.6 0.079462894862 0.032268625611 0.647211579587 0.840050624858 -0.377495374286 0.215970888442 0.324297341054
45.7 0.081086948608 0.031779408525 0.649213922463 0.833944144119 -0.387082653333 0.218282497740 0.327195561032
45.8 0.080878597012 0.031268151697 0.652471995764 0.827715460219 -0.398190625890 0.223712601926 0.326012291345
45.9 0.081567374492 0.031127589964 0.653860038341 0.822595611264 -0.407806860180 0.222537661685 0.327882622673
46.0 0.079914919977 0.032872518308 0.652465067808 0.815618665298 -0.416322371570 0.226135132347 0.332121630832
46.1 0.073499225251 0.034241294201 0.658010227625 0.808352842688 -0.427921700704 0.231290269865 0.331592386599
46.2 0.066870918550 0.034172792333 0.660344556882 0.799171736484 -0.440076423421 0.239879191199 0.331836180644
46.3 0.063727575149 0.031177691560 0.659915577664 0.790889822675 -0.450240871256 0.248319346920 0.331834217925
46.4 0.063081501802 0.029596417249 0.658515464141 0.785134468301 -0.458108667821 0.253632507706 0.330712664086
46.5 0.065494778339 0.029927781309 0.659230668213 0.782480534854 -0.462960150271 0.254768692617 0.329370650025
46.6 0.067785950349 0.030086424637 0.660419495619 0.780493791665 -0.465253568449 0.252544932978 0.332550169217
46.7 0.067922548095 0.031962406181 0.659460517600 0.780652252202 -0.466928318752 0.252734463812 0.329674532048
46.8 0.064753393989 0.032360264803 0.660190077723 0.778401230132 -0.467638837041 0.254505536651 0.332614453736
46.9 0.062630003177 0.032958179354 0.660358289434 0.777778990136 -0.468384590238 0.252932357888 0.334216906310
47.0 0.061837092114 0.035246771980 0.658360866347 0.778062542806 -0.471002738196 0.250143054263 0.331969204142
47.1 0.062743651260 0.037944613419 0.661143345730 0.775644779513 -0.470998893608 0.255033130840 0.333906155093
47.2 0.064582750096 0.039937303332 0.662475876033 0.773931713248 -0.470427188322 0.254437115986 0.339101338429
47.3 0.063792515485 0.043579624916 0.662413097080 0.772213817629 -0.471730388625 0.259289183099 0.337528339311
47.4 0.062181854142 0.047489180001 0.665119964181 0.770112444487 -0.471426827887 0.256843485365 0.344550421304
47.5 0.060789532579 0.047149521945 0.665819482534 0.769661669780 -0.471065304079 0.255797907468 0.346822467407
47.6 0.056879178810 0.045910404034 0.664316242444 0.769420165984 -0.472653773964 0.255610340543 0.345332263106
47.7 0.055956115950 0.041799660659 0.662792335866 0.769413286160 -0.476591690224 0.253937149387 0.341144368342
47.8 0.055382262660 0.038933236609 0.661908481729 0.769902901408 -0.476844255682 0.249576178040 0.342900582650
47.9 0.048137949399 0.041356625301 0.660775873468 0.772510684902 -0.476032686555 0.243153751251 0.342777444265
48.0 0.045073433360 0.045130336468 0.661771169528 0.770438570649 -0.470959566243 0.255124273254 0.345735594085
48.1 0.043714424978 0.047366735054 0.662689175114 0.772645694611 -0.467871616153 0.250177654935 0.348605683215
48.2 0.041577303394 0.050095072766 0.663848296402 0.771749716898 -0.464967216302 0.248367580051 0.355698478224
48.3 0.038755719040 0.053275442865 0.664778169017 0.771976508019 -0.467106693866 0.243977190672 0.355441609894
48.4 0.033807060890 0.057370321219 0.668378205443 0.770789333651 -0.459223234611 0.245068723706 0.367340638353
48.5 0.027491034160 0.055517928374 0.669937865724 0.770930944740 -0.454704604945 0.240822426771 0.375384815154
48.6 0.022073707128 0.049903588781 0.667877094591 0.773136087362 -0.462703101390 0.241971513285 0.360022523104
48.7 0.020049653234 0.045747734862 0.667329147295 0.773904429349 -0.461691385757 0.242610199967 0.359239877273
48.8 0.019197500580 0.047774632873 0.666953899759 0.775222583231 -0.462304582457 0.244399442057 0.354363277175
48.9 0.018706009107 0.050595996387 0.666988070144 0.776019160008 -0.458465912852 0.243759211830 0.358028932772
49.0 0.016679718990 0.051416829320 0.665385844164 0.775876207429 -0.456916674288 0.241716457719 0.361685523032
49.1 0.015527056258 0.051113264045 0.664131090829 0.776120199689 -0.452333082526 0.245317330150 0.364488169378
49.2 0.014327606650 0.047053879027 0.663694298557 0.777033290247 -0.455813045247 0.244913215185 0.358428864153
49.3 0.014733142768 0.043658202715 0.663475114433 0.779501816927 -0.451210441464 0.240899867046 0.361598270154
49.4 0.016156003656 0.043009660479 0.664071867122 0.782159036917 -0.449051353546 0.239044266992 0.359774875813
49.5 0.015617077247 0.045153123939 0.670224244614 0.783207959911 -0.444079888025 0.239861033612 0.363104708230
49.6 0.011968375156 0.046474996171 0.676650749954 0.779812426584 -0.446630021553 0.245939068974 0.363219186643
49.7 0.007092241998 0.048352244803 0.686222429846 0.774010440166 -0.452723872509 0.248664483229 0.366217023846
49.8 0.006801260978 0.045798445132 0.693213184053 0.765873299571 -0.465244720927 0.248648025612 0.367640582652
49.9 0.006454597364 0.036428536085 0.701604670202 0.757318532166 -0.480762964532 0.251558986587 0.363391922089
50.0 0.002752972982 0.028969843754 0.708407205921 0.750225263069 -0.490979111934 0.252033626948 0.364116213845
50.1 0.000026940627 0.019108987453 0.716781720174 0.739146278336 -0.509762224001 0.261850105353 0.353892323355
50.2 0.001394299784 0.011972770386 0.720465987022 0.732140574957 -0.520821576033 0.262174712785 0.352107205856
50.3 0.006886983246 0.007391239350 0.722909531110 0.723664264628 -0.532736566711 0.265325130110 0.349434339930
50.4 0.015299956864 0.004234904062 0.723127204888 0.716770591743 -0.541072167712 0.267716582080 0.349010973781
50.5 0.024760915158 0.000180756436 0.718643076000 0.709303740860 -0.546169401235 0.274670801141 0.350917567752
50.6 0.036033162798 -0.004897385254 0.712599454192 0.707502041764 -0.557821070871 0.265817670441 0.342954049215
50.7 0.046138868898 -0.011113581335 0.710217761182 0.705866211104 -0.558543991008 0.267900161641 0.343527299532
50.8 0.050633848753 -0.013842296863 0.707782977971 0.701667184927 -0.562659785847 0.271892223480 0.342274372103
50.9 0.050501476947 -0.015544525250 0.706910582826 0.698718514357 -0.566649735931 0.275055552149 0.339182779186
51.0 0.047091756803 -0.016520775172 0.707373614685 0.692378876223 -0.573146108391 0.279084490379 0.337974669800
51.1 0.040587254609 -0.017241377624 0.707169744535 0.684315424415 -0.582437485010 0.288363418134 0.330644091201
51.2 0.040112688687 -0.018029304853 0.708356677332 0.677629601164 -0.588857876297 0.292702416932 0.329226092939
51.3 0.047282810096 -0.016566101287 0.710178684201 0.671933325694 -0.594881116911 0.302855616101 0.320781137789
51.4 0.056403694186 -0.014467557372 0.711245598976 0.669531517232 -0.595338376974 0.302926631335 0.324861848118
51.5 0.066268693463 -0.018318545953 0.711137496266 0.665758190241 -0.601356891092 0.301831248555 0.322542739894
51.6 0.073132109636 -0.020865962568 0.709762087900 0.667025271483 -0.599030188099 0.302439353951 0.323682804813
51.7 0.080692260476 -0.022712888666 0.715620338224 0.665656719287 -0.601763000470 0.303552096222 0.320372514758
51.8 0.087399300922 -0.023900239579 0.717669442794 0.666048202099 -0.603372077466 0.304576639116 0.315523373968
51.9 0.096978147935 -0.024230053483 0.717665177712 0.658517028586 -0.601743961731 0.317450166939 0.321690719626
52.0 0.108482028467 -0.026090726576 0.722074060161 0.664570513565 -0.599628549284 0.307386513397 0.322963104340
52.1 0.114509568729 -0.029022305443 0.726547321805 0.665834438694 -0.602973536835 0.298662764802 0.322316563407
52.2 -0.058128451275 -0.036741911555 0.708312039881 0.333387572697 0.362231394637 -0.591720445426 0.638363577889
52.3 0.119876736418 -0.020410585350 0.730770352096 0.675679875016 -0.588863227887 0.309649690702 0.317512006685
52.4 0.116058659735 -0.020864288984 0.729756154613 0.669815003189 -0.594573476962 0.304034537343 0.324643253585
52.5 0.111271245795 -0.023511480207 0.727469757693 0.671944099219 -0.597343267472 0.301671320309 0.317279943950
52.6 0.108168069107 -0.025274005090 0.724868583744 0.670447786516 -0.595343680224 0.313876383525 0.312325605480
52.7 0.105094003001 -0.020758974178 0.729254561812 0.666873934675 -0.590863446586 0.317500582982 0.324581149400
52.8 0.100300846614 -0.014870420348 0.727195695474 0.664055930130 -0.587547107265 0.329656777122 0.324259969318
52.9 0.104282490238 -0.011249532056 0.729139288838 0.666907217166 -0.584754754673 0.325983520655 0.327156514289
53.0 0.105089016122 -0.005354687121 0.725153057209 0.668897063864 -0.581716942978 0.325306855874 0.329177103893
53.1 0.100983744309 -0.001239319264 0.718799025911 0.666528431719 -0.580571072045 0.327860437117 0.333443569122
53.2 0.100285904086 -0.000047915775 0.713195133733 0.667553609164 -0.576363645211 0.330204416556 0.336366125907
53.3 0.099293738150 0.000815485568 0.708889202240 0.669600018090 -0.576976172082 0.331152546719 0.330260962612
53.4 0.096710187080 0.005045021354 0.700322431443 0.668827762327 -0.572210049428 0.336172108441 0.335012532872
53.5 0.092788421896 0.009140105794 0.692532205202 0.665339709998 -0.572037573615 0.343501680003 0.334817383820
53.6 0.090518553796 0.012594440821 0.689501143112 0.663644092555 -0.571355958660 0.346108066219 0.336657234319
53.7 0.090219678084 0.011504941745 0.685894599954 0.663048994614 -0.572381403038 0.343580979630 0.338670445468
53.8 0.088624277805 0.014051450279 0.685056389308 0.661271953480 -0.570792770229 0.343080434628 0.345269217237
53.9 0.085925285030 0.013442034980 0.683979848534 0.664922101936 -0.573456858123 0.335280137929 0.341486543424
54.0 0.082768162846 0.009211837878 0.679369727569 0.658317174929 -0.575488617407 0.345489842967 0.340687711600
54.1 0.078081618694 0.004578899663 0.675042678982 0.658994342048 -0.577718737687 0.341101170865 0.340025746833
54.2 0.071908215575 -0.005722018692 0.668607931466 0.653996571701 -0.580525674038 0.346407028428 0.339529964278
54.3 0.063128882965 -0.022676746503 0.658842180462 0.650076459422 -0.589158809014 0.352404348563 0.325735582614
54.4 0.057934738760 -0.037615473696 0.659411259376 0.647868558244 -0.597175277475 0.342029699198 0.326594096820
54.5 0.058845767939 -0.050152051526 0.655674493062 0.645433578167 -0.605237265008 0.334339541848 0.324531077060
54.6 0.060751522377 -0.059294641433 0.652608411602 0.650383268812 -0.607613758816 0.328859904910 0.315687007476
54.7 0.060182259213 -0.060631319287 0.651274752794 0.648874160641 -0.612666784470 0.324443748292 0.313588885412
54.8 0.059518789321 -0.058601166001 0.651895313857 0.641876893887 -0.615867259990 0.333063320459 0.312682579834
54.9 0.058648656597 -0.057316748999 0.657211331082 0.633808066893 -0.624105263846 0.335387047293 0.310315134161
55.0 0.058060391534 -0.050531256335 0.660655157725 0.628762633193 -0.625737545809 0.344740022475 0.307025067005
55.1 0.055889004743 -0.042354526040 0.663412928405 0.616562403827 -0.631075705065 0.354557436275 0.309650256009
55.2 0.055976493323 -0.039897114815 0.668382294832 0.609539044778 -0.634764911191 0.356949471392 0.313245487253
55.3 0.058542263431 -0.037718002848 0.673418415219 0.605365771894 -0.637312773974 0.354429377828 0.318974178393
55.4 0.059910535736 -0.036513794231 0.672549742432 0.599257599515 -0.640629020863 0.359667459146 0.318000166484
55.5 0.058263788372 -0.034173270782 0.673404001974 0.593814884185 -0.642853631820 0.362603997859 0.320377015580
55.6 0.057268735444 -0.029583074503 0.671125650853 0.587098034337 -0.646058955989 0.368517796231 0.319559630312
55.7 0.057370915730 -0.029296419072 0.669791175570 0.582321361149 -0.651202820770 0.369380550059 0.316851270800
55.8 0.058676370550 -0.029531495585 0.665722219498 0.577907201459 -0.650685672417 0.376096525821 0.318092479442
55.9 0.060056569926 -0.029452693916 0.662880102894 0.572408867761 -0.656529766595 0.377532843899 0.314301933595
56.0 0.061574499339 -0.028934313263 0.664263223820 0.572156487696 -0.658998407617 0.374743885114 0.312929821070
56.1 0.061975794785 -0.025629159238 0.658053711841 0.568832732528 -0.659842802061 0.379011634957 0.312068869867
56.2 0.060352467219 -0.018650961112 0.655006781474 0.563437035527 -0.664036032977 0.380414601022 0.311254855760
56.3 0.061158569999 -0.012511587087 0.657976791555 0.556107152599 -0.663110047307 0.387033617569 0.318174290069
56.4 0.060226233167 -0.012806765706 0.652891373132 0.546597232045 -0.670699381255 0.390279479869 0.314762979872
56.5 0.061134812152 -0.019237778691 0.649178321948 0.543371621602 -0.672012393168 0.390596344751 0.317145265980
56.6 0.058257308272 -0.025344909137 0.650502684609 0.548754919250 -0.674273967123 0.382602325434 0.312790850941
56.7 0.054021336893 -0.026815399873 0.650439588522 0.548029951020 -0.674998842579 0.385715451587 0.308647575252
56.8 0.051806545730 -0.026531880832 0.649052247165 0.544891333608 -0.674558463966 0.394294860414 0.304295705361
56.9 0.051045153162 -0.029045434167 0.649605800090 0.548795427837 -0.675974183763 0.389881756981 0.299791088667
57.0 0.050156432349 -0.035362135263 0.647648125388 0.546881905820 -0.676828209362 0.392462160128 0.297988605430
57.1 0.047450520717 -0.043723622479 0.642812065499 0.543404687081 -0.681716087692 0.391838857224 0.294001414638
57.2 0.046205739459 -0.055304682194 0.640768026727 0.545877047769 -0.687840051354 0.384994823112 0.284030453735
57.3 0.045127086273 -0.072446114585 0.638294872746 0.543563683373 -0.698164036974 0.376112163438 0.275036615942
57.4 0.043331220810 -0.082608152733 0.637496573155 0.544385146524 -0.699163832426 0.371876726419 0.276626911234
57.5 0.042845201120 -0.085536335030 0.636590833502 0.540599778770 -0.705181899559 0.367644437499 0.274422913230
57.6 0.044302966284 -0.082060702425 0.638731332576 0.538987857492 -0.711456002080 0.360263168923 0.271169496251
57.7 0.046666935565 -0.079541607852 0.641215804780 0.535492194482 -0.712337938763 0.361630123681 0.273946024417
57.8 0.056667618364 -0.078315255240 0.647343314304 0.543238525635 -0.713309080853 0.349412896090 0.272015969172
57.9 0.066894295864 -0.070791214389 0.645278130155 0.546104885079 -0.711352928669 0.348762389055 0.272233835787
58.0 0.074199961752 -0.068373782098 0.649279643421 0.545990181892 -0.707310403244 0.348034727108 0.283687404492
58.1 0.078743714332 -0.071688493751 0.648692330216 0.546779370928 -0.710636241360 0.343240281090 0.279668663655
58.2 0.077840783036 -0.078565099553 0.650751993274 0.545540584268 -0.715530369247 0.334580217463 0.280103266107
58.3 0.082818279214 -0.075073075507 0.654852234957 0.545699429717 -0.721947107949 0.327045706015 0.272113233615
58.4 0.094081298994 -0.070869592044 0.651599930328 0.542031203048 -0.723425972363 0.326610982808 0.276011418861
58.5 0.103417653374 -0.069387381679 0.656877250594 0.545627803030 -0.719150878704 0.327466250322 0.279066603377
58.6 0.114600391361 -0.070404448451 0.643178641550 0.544264372586 -0.718674965430 0.321509876144 0.289679109255
58.7 -0.040057528335 -0.036266503891 0.642234382122 0.303960880614 0.408765252692 -0.705952473398 0.492087244857
58.8 -0.033065607461 -0.036480991726 0.658271158874 0.287877073033 0.409930732931 -0.707672741940 0.498279916650
58.9 -0.024121514242 -0.034403637868 0.650953662045 0.272045010476 0.414648394987 -0.717486348936 0.489153922503
59.0 -0.013759233238 -0.027249027176 0.638064609681 0.267849680706 0.415383542278 -0.723681193117 0.481662321631
59.1 -0.002792771499 -0.012490653087 0.620526739131 0.255369060361 0.410350575573 -0.732818694641 0.478931946023
59.2 0.000000000000 0.000000000000 0.000000000000 0.000000000000 0.000000000000 0.000000000000 0.000000000000
59.3 0.000000000000 0.000000000000 0.000000000000 0.000000000000 0.000000000000 0.000000000000 0.000000000000
59.4 0.000000000000 0.000000000000 0.000000000000 0.000000000000 0.000000000000 0.000000000000 0.000000000000
59.5 0.000000000000 0.000000000000 0.000000000000 0.000000000000 0.000000000000 0.000000000000 0.000000000000
59.6 0.161124336806 0.034738734460 0.596935786784 0.565920223910 -0.672536645082 0.351381240591 0.322428263266
59.7 0.153506231462 0.048291898721 0.610006869806 0.567781798123 -0.667698244003 0.356571275730 0.323511684487
59.8 0.143657918571 0.056166281569 0.600845034292 0.567615145553 -0.660916755825 0.369743186524 0.322942819129
59.9 0.134526463995 0.061798781442 0.595953746940 0.565461448443 -0.657839863756 0.377096911212 0.324496507736
60.0 0.125141284050 0.063697847410 0.590539702733 0.556258632051 -0.665858688722 0.375106784805 0.326348649322
60.1 0.117836202392 0.065505689433 0.623747970764 0.527503360743 -0.665802399112 0.412347502030 0.329267227813
60.2 0.108050443296 0.066743059977 0.605536329877 0.526186168186 -0.679460802314 0.408363349241 0.307734478935
60.3 0.098518441479 0.070898997588 0.612455570254 0.527803791374 -0.674637645549 0.418188361921 0.302333754274
60.4 0.089179827193 0.069212809458 0.612469847557 0.523073801463 -0.676669493883 0.413207686598 0.312684508743
60.5 0.079121962458 0.074642954051 0.633499184532 0.555524370227 -0.674208489274 0.370464601157 0.315581314979
60.6 0.074234320039 0.072516633389 0.628404946419 0.549195819483 -0.678011295764 0.381459283630 0.305243263007
60.7 0.069637431508 0.070717753258 0.627459694088 0.545459551698 -0.679268833572 0.385486518768 0.304085305543
60.8 0.065936430579 0.067410006117 0.625712974901 0.547993954973 -0.677326049605 0.388407418683 0.300119517777
60.9 0.061651900274 0.064717256390 0.628505780924 0.554449371372 -0.676764270081 0.386993852583 0.291224613295
61.0 0.057324881568 0.063791369796 0.632429068706 0.555478718202 -0.677968770622 0.386197802122 0.287494343115
61.1 0.054324258355 0.063239895943 0.629422407349 0.552141420005 -0.677691223402 0.392856361479 0.285549185403
61.2 0.051720034394 0.060129295720 0.628600540013 0.553913313607 -0.678134616217 0.390496887540 0.284298547513
61.3 0.048616702549 0.053867605042 0.632215952778 0.558559310016 -0.676276897186 0.390288159668 0.279886062442
61.4 0.046845689859 0.046656229023 0.631797719111 0.557119044806 -0.680554927132 0.388988134643 0.274137907225
61.5 0.045809560109 0.043141932880 0.631803352073 0.559572297886 -0.679613836241 0.389006255144 0.271436936483
61.6 0.045377113435 0.040637351871 0.634292871052 0.561895385499 -0.679867579926 0.385643879946 0.270799644350
61.7 0.043568985169 0.035378383605 0.633797301029 0.563606191626 -0.677961856915 0.385736596716 0.271887953545
61.8 0.041946846272 0.025601910914 0.631603654051 0.564604502010 -0.679932949487 0.381628221616 0.270689565699
61.9 0.040893974965 0.015349128416 0.628489528565 0.565198010903 -0.683796008276 0.380177021024 0.261609747950
62.0 0.040049881579 0.005386947350 0.626754641930 0.566784930061 -0.683999816976 0.377158283344 0.262012829337
62.1 0.039514224193 0.001874597945 0.624278580063 0.571142474680 -0.687484915669 0.366665174108 0.258297143694
62.2 0.038343222441 0.003164539971 0.625503441566 0.572650848088 -0.686465532628 0.365625850029 0.259140534243
62.3 0.037518840641 0.001935035456 0.624868591583 0.571991390469 -0.685964537629 0.367783423199 0.258870345857
62.4 0.038633618693 -0.007002408467 0.625470710553 0.581283987984 -0.683383315177 0.359592888042 0.256493907764
62.5 0.043671885593 -0.004499928157 0.622627756555 0.579340614346 -0.685087229568 0.362884728708 0.251663692499
62.6 0.038733194468 0.002116339888 0.624480869459 0.578330628204 -0.682838123221 0.362252092599 0.260843254396
62.7 0.044469865538 0.009704685456 0.623003847603 0.580323104041 -0.678973721805 0.363240194593 0.265096852201
62.8 0.040796547632 0.008897003732 0.625472256161 0.578712865580 -0.678877860766 0.364213296054 0.267516250632
62.9 0.037841765956 0.006572549205 0.624024982613 0.577644695923 -0.681195474385 0.365670865525 0.261885755732
63.0 0.037451827478 0.005749740504 0.624458413855 0.580986049624 -0.680651804872 0.362478276585 0.260341755527
63.1 0.039516643710 0.004774554833 0.624605022079 0.580154897218 -0.680055968325 0.362936236179 0.263099721869
63.2 0.040497777935 0.002412662601 0.627202621865 0.582044492748 -0.679241664581 0.358816523180 0.266656468609
63.3 0.051502574701 -0.002407409877 0.625428221157 0.579542675919 -0.683851109914 0.353119029908 0.267927036662
63.4 0.056558546100 -0.009698122098 0.618690504063 0.579224214544 -0.682485339096 0.357106462744 0.266810879597
63.5 0.069150388784 -0.015180763811 0.622319010408 0.591555721432 -0.677460051412 0.342969779081 0.271074598255
63.6 0.077259646441 -0.013479597101 0.613323774649 0.601993554396 -0.671913402514 0.343027596966 0.261664303463
63.7 0.083211924818 -0.003645716456 0.699420209023 0.651267899238 -0.649703344693 0.268895243377 0.285361236694
63.8 0.086828084510 0.000468863927 0.697282480858 0.661386805198 -0.636547071712 0.265728275473 0.294556960568
63.9 0.092788136551 0.001356165281 0.657776004875 0.667471429384 -0.624539253987 0.226670317550 0.336233814966
64.0 0.094341298105 0.013013250655 0.657860469238 0.674540326836 -0.624787862661 0.219543683993 0.326245375389
64.1 0.089806974963 0.024879339069 0.609941542664 0.639649038285 -0.636526959460 0.347276171636 0.255111344938
64.2 0.086645511370 0.032702896875 0.613473818704 0.649478845197 -0.626382277564 0.346197188257 0.256846216319
64.3 0.083259775080 0.041269379083 0.609546462414 0.653353950738 -0.618590620179 0.356337441514 0.251987871647
64.4 0.078956683872 0.057088116698 0.682664572274 0.696600462025 -0.596786335743 0.281165081920 0.282028478145
64.5 0.088435194222 0.059730239796 0.648986131362 0.698502849436 -0.585323978701 0.246020275554 0.330096400016
64.6 0.091556207295 0.049726972881 0.610604033209 0.674018743118 -0.604930177746 0.348281606067 0.241781175555
64.7 0.100921761686 0.050583586847 0.685146000946 0.713402211194 -0.582344578994 0.268017277221 0.283017341326
64.8 0.098789207891 0.046615845265 0.681349081574 0.715863858347 -0.582284586137 0.262766593202 0.281846260498
64.9 0.100477711907 0.047152396450 0.681106727506 0.715116173188 -0.583527326252 0.272449331477 0.271801545509
65.0 -0.061011122878 0.014354708706 0.605312991293 0.182733053696 0.335848564436 -0.629498927525 0.676421076770
65.1 0.117095253423 0.032936307884 0.606830404404 0.695481313279 -0.596520104172 0.324678095700 0.234635126040
65.2 -0.057789445435 -0.009372039616 0.611801344757 0.177823248110 0.355215654507 -0.601907664598 0.692753848436
65.3 0.105493835145 0.023933110625 0.599511316234 0.700275443528 -0.600920820820 0.320523904441 0.213946014167
65.4 0.098536622544 0.029800529249 0.607790333022 0.701861457995 -0.593041514796 0.326941505611 0.220910632200
65.5 0.087976450866 0.036802512246 0.600579813808 0.702543708030 -0.590721056467 0.333684715132 0.214791719209
65.6 0.074391669871 0.037186347223 0.621624646449 0.704410878259 -0.592370026036 0.332472345143 0.205828099542
65.7 0.059442633880 0.025674855683 0.624712294329 0.705235459790 -0.593838420913 0.340280579582 0.184954057167
65.8 0.047762497897 0.008092719044 0.629570821026 0.704722014048 -0.600221607296 0.338408550075 0.169057854854
65.9 0.040809870489 -0.010748451921 0.638875545346 0.706972839830 -0.604741190813 0.324436582431 0.170933904938
66.0 0.043052789172 -0.022249018741 0.636818637105 0.713422047996 -0.606229506812 0.313089477727 0.159655082728
66.1 0.050533639949 -0.017276273204 0.633866804377 0.713308902045 -0.604636269060 0.316911998769 0.158657421624
66.2 0.060885429401 -0.010360947734 0.635959577517 0.720451922211 -0.599360372809 0.305867346097 0.167813401968
66.3 0.062333738787 -0.003514184643 0.639795343695 0.723943318963 -0.594857608170 0.303079138350 0.173762863777
66.4 0.062481937426 0.001418013365 0.637726189403 0.723453850466 -0.588895032753 0.312909410175 0.178619337331
66.5 0.065495412349 0.002116348410 0.641800741827 0.729504735215 -0.585448769955 0.303679939760 0.181248650327
66.6 0.065961737290 0.001129332618 0.643522961721 0.732971224815 -0.582400894361 0.300590068819 0.182230602174
66.7 0.065916733016 -0.009825365000 0.645663560885 0.730585159513 -0.586757906168 0.299437459393 0.179715586862
66.8 0.065076139821 -0.015269492335 0.644478655089 0.735028703116 -0.587459044800 0.293003126753 0.169628547098
66.9 0.069550162080 -0.011295006470 0.644823556053 0.733352748615 -0.587381035912 0.297695276392 0.168981617829
67.0 0.074701671164 -0.006200753662 0.649198936580 0.737552061345 -0.586278767576 0.285735959951 0.175068914109
67.1 0.075319635384 0.002444589499 0.650213232220 0.737650834371 -0.579676713064 0.296315022586 0.179007157046
67.2 0.076141212325 0.004217877254 0.652247209748 0.739438815450 -0.572187096469 0.301180800780 0.187409418340
67.3 0.078823397183 0.003042564578 0.649484498313 0.742865404788 -0.573339394714 0.295478158058 0.179236120656
67.4 0.082876206760 0.005705007982 0.649691906344 0.743354651818 -0.574275001877 0.290051479944 0.183036124365
67.5 0.080360316454 0.004452212365 0.652202094696 0.741555894018 -0.577218998991 0.287381723955 0.185269608914
67.6 0.078004002477 0.007039297970 0.654245991251 0.733225584558 -0.583979987853 0.295409639463 0.184609752854
67.7 0.080941268737 0.011373223226 0.660736866327 0.728418003110 -0.589579048292 0.294098715543 0.187908765300
67.8 0.084162371820 0.016855270378 0.674672262015 0.722317367866 -0.597413656929 0.290687734241 0.191977039660
67.9 0.081625910289 0.020239321037 0.683778253626 0.715986250465 -0.604107137479 0.287220308165 0.199806782094
68.0 0.000000000000 0.000000000000 0.000000000000 0.000000000000 0.000000000000 0.000000000000 0.000000000000
68.1 0.059097742968 0.010311064325 0.697754984184 0.696928949338 -0.621655446400 0.304108188424 0.188023283848
68.2 0.044687616477 0.009227388396 0.697684120315 0.687727830238 -0.631488774713 0.310015922293 0.179283258707
68.3 0.036747216356 0.011398801330 0.702530146036 0.681210191509 -0.637077182503 0.314296134147 0.176927325700
68.4 0.039163836806 0.015964183119 0.700707241756 0.678066333188 -0.640507260483 0.316952170209 0.171807505261
68.5 0.046176200336 0.015338936234 0.702917036694 0.674872621527 -0.640128011411 0.318305184615 0.182934095148
68.6 0.054304393930 0.011049524827 0.705965033927 0.680804128761 -0.640408833538 0.308785963330 0.176163256778
68.7 0.057220443666 0.005383424090 0.703310263815 0.680310230205 -0.640420073789 0.311113677499 0.173920669960
68.8 0.061705851508 0.004145135956 0.704161647083 0.682313554718 -0.641446816970 0.304933948254 0.173232448608
68.9 0.066247236551 0.005502651990 0.703274008604 0.683830354966 -0.640781566369 0.303843005357 0.171623011055
69.0 0.069200613671 0.004155190921 0.701649050066 0.689370426372 -0.639490030651 0.296196117323 0.167597064485
69.1 0.072192637119 0.001264901997 0.695168404296 0.686143499286 -0.640737628944 0.298247063297 0.172369018324
69.2 0.078379208850 -0.004017145602 0.694805141424 0.688288461769 -0.642096736272 0.290255071433 0.172402923909
69.3 0.086752111823 -0.005685206308 0.689615768384 0.689545201029 -0.642637000613 0.286466904664 0.171702689883
69.4 0.096863493789 -0.009050859122 0.756677305516 0.719621990588 -0.628423898381 0.214987377537 0.202504375522
69.5 0.102884232724 -0.015366803812 0.683194000652 0.693607304812 -0.643882659080 0.271610778252 0.174790197621
69.6 0.101844054435 -0.021144976356 0.675657433038 0.698669660949 -0.646679021209 0.258979592984 0.163084391696
69.7 0.094679976826 -0.013102687995 0.739620921057 0.728325963586 -0.629262401186 0.194306016633 0.189249288296
69.8 0.086863857507 -0.005375899521 0.671499334160 0.696232325274 -0.646023227938 0.269196751962 0.159523186219
69.9 0.083462735037 0.002746090824 0.667886744870 0.695683343031 -0.648687043972 0.266070777645 0.156320652807
70.0 0.080820884715 0.007527166354 0.665202429332 0.696125221161 -0.646716951302 0.267633845523 0.159809217796
70.1 0.077655692363 0.014496482298 0.661484855098 0.693917153408 -0.646729783052 0.275325203542 0.156254933409
70.2 0.074027922159 0.020908769244 0.658628352875 0.694050059128 -0.647397373457 0.269331580982 0.163192082380
70.3 0.071048317076 0.024358723883 0.657889129983 0.694467092029 -0.647576213761 0.269618421196 0.160207404358
70.4 0.065645779225 0.028706052814 0.653628810857 0.690870461249 -0.649430768381 0.274143411008 0.160571084116
70.5 0.060871401576 0.034152046865 0.651215542742 0.688656712086 -0.650720976674 0.276684331851 0.160498984183
70.6 0.055959864090 0.037723180091 0.648270348589 0.688225744771 -0.652387121938 0.275662295238 0.157310731824
70.7 0.053594444502 0.041520826619 0.643097769957 0.689112665594 -0.650758694684 0.276644377906 0.158444765091
70.8 0.051465979394 0.043860896408 0.639630909696 0.690599501053 -0.649758184420 0.274620314374 0.159594216243
70.9 0.047590280770 0.041275509153 0.640859331925 0.691230516599 -0.650848167002 0.271418070595 0.157890048408
71.0 0.000000000000 0.000000000000 0.000000000000 0.000000000000 0.000000000000 0.000000000000 0.000000000000
71.1 0.037451458494 0.011133611589 0.641336874158 0.688313048852 -0.657129875536 0.269860352583 0.146904266659
71.2 0.031592601879 -0.002133663822 0.642124313398 0.694784137381 -0.660134075884 0.251403107325 0.135257095662
71.3 0.026177542959 -0.007018858368 0.641498665107 0.694954069187 -0.660878893828 0.251813577589 0.129876293271
71.4 0.022810231604 -0.010331213608 0.642602556668 0.695924264997 -0.661601377152 0.250858623114 0.122649852623
71.5 0.021689100025 -0.010348219840 0.642271310095 0.695321449438 -0.661018701218 0.253717964656 0.123327016514
71.6 0.021464217950 -0.006544205247 0.639749398465 0.695698605221 -0.657723757664 0.259392879669 0.126957643622
71.7 0.023943614639 -0.004092534059 0.638579553598 0.696320868247 -0.656131499934 0.261211582725 0.128051600102
71.8 0.027062362417 -0.008709752124 0.636120673745 0.694787334079 -0.653858774802 0.268404121655 0.133035673773
71.9 0.030211822652 -0.014873232287 0.636019513239 0.697917275276 -0.655086607973 0.256458773865 0.134171197478
72.0 0.032986655827 -0.017101790303 0.633614040502 0.700558384602 -0.652863319819 0.257636393601 0.128883373991
72.1 0.038538826011 -0.010830570066 0.632243310668 0.697370603509 -0.655214427536 0.260645308433 0.128188605197
72.2 0.044580769734 -0.003388871646 0.630616663538 0.695086768052 -0.654328611599 0.264947186409 0.136056757778
72.3 0.050324679797 0.001571717386 0.632401060077 0.696516656609 -0.652445184578 0.262582118228 0.142233819374
72.4 0.055388451005 0.002516433099 0.630335580669 0.694653179157 -0.651318934204 0.264361411693 0.152819012697
72.5 0.058352302973 0.001892546306 0.620225397174 0.693002707410 -0.651453938439 0.269918338843 0.149997013207
72.6 0.060554038771 0.008890861187 0.614239748608 0.696475170385 -0.647479908184 0.263282098357 0.162402716172
72.7 0.060491486071 0.022795522039 0.602223744506 0.689863544350 -0.648555413809 0.274754195388 0.167255186802
72.8 0.052543134153 0.027323472894 0.594376674715 0.683605454406 -0.649226997593 0.284299616146 0.174245850918
72.9 0.052495077867 0.025149191650 0.590750261554 0.678476707868 -0.652030276100 0.292334571385 0.170488633942
73.0 0.063307809800 0.031678158331 0.587962874486 0.675323901253 -0.647131939301 0.310416850322 0.169703448904
73.1 0.071169122595 0.038153966112 0.588863380499 -0.679436184030 0.646271899025 -0.293771054867 -0.185466093086
73.2 0.063464149743 0.035173479509 0.589776309314 0.675642593732 -0.648819725847 0.297884434040 0.183861123796
73.3 0.057195849946 0.034473116080 0.587149992213 0.671117342429 -0.653024313463 0.302427404575 0.178040511341
73.4 0.056695555563 0.042942651547 0.580685193588 0.669676354552 -0.648943631888 0.313640174785 0.178984869604
73.5 0.051632157359 0.050447326847 0.586613487077 0.672362011605 -0.642988648572 0.317363036118 0.183781463875
73.6 0.046827226699 0.047726733663 0.583217943557 0.663861970374 -0.644669634213 0.330362052651 0.185874315556
73.7 0.038279266673 0.035827269274 0.589535988585 0.667507545815 -0.645120769334 0.329709379404 0.171885410626
73.8 0.025485262944 0.022395209239 0.588724599767 0.657428471093 -0.655098722462 0.331531877636 0.169470007185
73.9 0.016238898712 0.017221702009 0.589906730941 0.656916113728 -0.654630983929 0.335810178033 0.164775661835
74.0 0.012749032615 0.013673596093 0.588188985162 0.659135549436 -0.653201580292 0.338677758058 0.155452240802
74.1 0.012159043830 0.014406291520 0.587627158646 0.658016077017 -0.651662831331 0.343736528748 0.155549334464
74.2 0.007368529780 0.011317996214 0.587638767578 0.659053149083 -0.649128096396 0.346726230354 0.155121185976
74.3 0.005235612543 0.005573094792 0.588583672426 0.655983521545 -0.651962377719 0.346017527355 0.157805412656
74.4 0.005177060642 -0.002895015251 0.584847908390 0.657674079782 -0.650191974593 0.345580458580 0.159026248164
74.5 0.007016531417 -0.006012440918 0.583832648818 0.659751979719 -0.649458369536 0.348195412370 0.147279008352
74.6 0.008251377128 -0.011471861571 0.586373981637 0.661671408997 -0.648988228527 0.342443238413 0.154070938907
74.7 0.008467290819 -0.018044572523 0.585744844943 0.660632945873 -0.649355474648 0.345787981024 0.149439789047
74.8 0.009104558876 -0.021182709185 0.588331893140 0.662783511248 -0.648691713442 0.344482695750 0.145769511416
74.9 0.010173015722 -0.024086066190 0.587129630682 0.661547071398 -0.647418669134 0.347881733152 0.148939044314
75.0 0.011162630049 -0.029630446258 0.586374955433 0.663614275899 -0.648525773322 0.343444637438 0.145176427753
75.1 0.013603979174 -0.033953587325 0.583724324801 0.662253981819 -0.649041847025 0.345308904676 0.144658579859
75.2 0.017934893349 -0.036622034310 0.581458671068 0.667758466910 -0.646334375527 0.340284771792 0.143376354288
