0.0 -0.029670122701 -0.111465048367 0.686850314236 -0.674352210947 0.602938726569 0.246424334597 0.347834781056
0.1 -0.029765213257 -0.112482925195 0.688567477602 -0.673845058256 0.601501209492 0.249922932168 0.348808916772
0.2 -0.028240138152 -0.114862294023 0.689693049335 -0.675180027591 0.607679703770 0.247336204274 0.337167777260
0.3 -0.027892834218 -0.117004032052 0.685352792742 -0.674061556521 0.602878386225 0.248157112332 0.347270380312
0.4 -0.031348824865 -0.117549299405 0.687929462815 -0.674069056654 0.609786764247 0.236939188439 0.343002667617
0.5 -0.032640641346 -0.119502362604 0.688411101548 -0.667898914970 0.610066452474 0.253241497748 0.342926678412
0.6 -0.028695050165 -0.119509209721 0.690760467279 -0.668213822734 0.615081178920 0.252182009650 0.334020455145
0.7 -0.031380180374 -0.115229889942 0.688798095805 -0.671353026903 0.616989062615 0.234025254352 0.337404490496
0.8 -0.034894849820 -0.113302083519 0.689906678159 -0.668853566123 0.613402142680 0.249978616022 0.337466161223
0.9 -0.036779649132 -0.115178235681 0.686483027154 -0.670483508560 0.613208312564 0.243642465493 0.339213471372
1.0 -0.036485982847 -0.119748954626 0.687049955867 -0.669586334232 0.618503769070 0.245518058927 0.329891059891
1.1 -0.031798153116 -0.120121966016 0.685893524405 -0.671777245880 0.614063724524 0.247642290464 0.332136071686
1.2 -0.026725550831 -0.122691884986 0.684118446280 -0.671411520692 0.613021796113 0.254394519060 0.329688149688
1.3 -0.026027382903 -0.126001445523 0.683306769300 -0.672667584839 0.606534637537 0.259737375646 0.334918720689
1.4 -0.026902152676 -0.124736670033 0.678290871610 -0.673458548030 0.605503636348 0.254677506654 0.339055007424
1.5 -0.026719112181 -0.126195360076 0.682206819091 -0.669698636387 0.605176027472 0.264066617833 0.339903712160
1.6 -0.027163486206 -0.128189607737 0.681345036683 -0.666381114721 0.605777514008 0.272658743926 0.338566127699
1.7 -0.027221694982 -0.123793916046 0.689351730813 -0.674633572197 0.610101526155 0.235941712898 0.342019267240
1.8 -0.032538825079 -0.122881463682 0.678284403960 -0.675512611451 0.605292254339 0.258787666491 0.332164029178
1.9 -0.034519355015 -0.124832117064 0.675469820486 -0.670722193435 0.601106389562 0.262727047834 0.346088638933
2.0 -0.033678665094 -0.125754721597 0.676424012069 -0.671485504427 0.605848302249 0.260232593253 0.338133182955
2.1 -0.031319446273 -0.130681543201 0.669771411874 -0.670393071808 0.599006081059 0.267718897180 0.346542113196
2.2 -0.030659364964 -0.130781794178 0.670676109554 -0.670840184062 0.601935816279 0.269054359759 0.339494435921
2.3 -0.027906372161 -0.129631539946 0.672629500864 -0.670859356509 0.600800964585 0.267116233040 0.342979362038
2.4 -0.027749572997 -0.127063002047 0.671150585288 -0.669728070006 0.602739234740 0.267225843468 0.341701735047
2.5 -0.025763789181 -0.127110033761 0.675136625429 -0.670981797983 0.602491094306 0.270525270098 0.337051904455
2.6 -0.023229367803 -0.125739125690 0.672455790474 -0.670856972356 0.600320182908 0.267139179426 0.343807009017
2.7 -0.020059393633 -0.125651477338 0.675398647192 -0.674131251946 0.600955275087 0.267030249270 0.336295492789
2.8 -0.016586652045 -0.125945081028 0.678780831883 -0.668065040089 0.602903622090 0.272180931702 0.340754846039
2.9 -0.016502341852 -0.128773202889 0.676626753375 -0.670423618521 0.601866509088 0.275073466261 0.335594197098
3.0 -0.016889763697 -0.128852814528 0.674728613674 -0.669730917439 0.598733600685 0.276253063142 0.341559392700
3.1 -0.017077665975 -0.127774956664 0.679144512583 -0.668170053068 0.604409068192 0.270577954446 0.339154874709
3.2 -0.015438508414 -0.126559702523 0.678463739618 -0.669443677937 0.604050492759 0.271364375992 0.336644530194
3.3 -0.012535517408 -0.123069672738 0.678697167408 -0.671226427744 0.611702601092 0.264787278549 0.324288001065
3.4 -0.009911422188 -0.120179674034 0.682451270269 -0.670953276474 0.611039181233 0.264574274050 0.326271778275
3.5 -0.009602617071 -0.118225202666 0.684786014621 -0.666697498519 0.610517152771 0.271228731678 0.330481810018
3.6 -0.010203058739 -0.116054780213 0.682478665154 -0.666930667841 0.614378540143 0.257964699883 0.333461702927
3.7 -0.009861444075 -0.117015425659 0.686687483032 -0.663532327090 0.620316145260 0.258035692344 0.329166086211
3.8 -0.009122197952 -0.115815252307 0.691728286273 -0.661796134806 0.627520908989 0.251024512968 0.324391859681
3.9 -0.011584926407 -0.114932101016 0.690855781818 -0.657770306670 0.626526284329 0.255276991315 0.331114325292
4.0 -0.014609523215 -0.117784939924 0.691809030846 -0.654348661038 0.629798131083 0.248713227933 0.336636115313
4.1 -0.016836612931 -0.118871838021 0.693091449418 -0.654634363160 0.629040456126 0.251840890485 0.335168794798
4.2 -0.020109732087 -0.120012856255 0.692080777399 -0.653487257109 0.628517116306 0.248535687686 0.340808819212
4.3 -0.022371460975 -0.122602983134 0.695050688634 -0.652495268522 0.633518836937 0.240406396099 0.339276542833
4.4 -0.024661052051 -0.124329402601 0.691596223971 -0.650327212756 0.625394940170 0.246215285940 0.354025024722
4.5 -0.026060576001 -0.126482036760 0.698147475405 -0.651103369481 0.633005244941 0.247069840890 0.338120179595
4.6 -0.027565893566 -0.127088750668 0.694444384196 -0.650687339012 0.633280028924 0.239184713632 0.344024802275
4.7 -0.029171724627 -0.123745244175 0.699187334844 -0.649485362325 0.641194369446 0.236638620664 0.333227711822
4.8 -0.028236030161 -0.120867007889 0.704720244184 -0.649614843598 0.642057114689 0.232424116382 0.334278695969
4.9 -0.027370155189 -0.119280025452 0.702837345399 -0.649293255995 0.635943632816 0.235378506677 0.344370327112
5.0 -0.030550324671 -0.119018931777 0.710403587429 -0.648221900884 0.645318873345 0.224844248106 0.335882394617
5.1 -0.035595053187 -0.119167599155 0.710361657328 -0.646428721840 0.647132183945 0.222349052477 0.337506656149
5.2 -0.041449623458 -0.115956319515 0.710063073327 -0.639645664215 0.659840251539 0.211289144575 0.332898128688
5.3 -0.044715548711 -0.115257805180 0.714119120137 -0.634949450804 0.653868078051 0.221320385164 0.346861670615
5.4 -0.046387826006 -0.113952027390 0.711494557037 -0.634170696891 0.654021655552 0.225503026589 0.345299270595
5.5 -0.044831850237 -0.113261136594 0.708094854265 -0.634219270370 0.653981755702 0.222850313425 0.347003628376
5.6 -0.044208201598 -0.113049476952 0.709576398313 -0.634611957175 0.653635830953 0.222354897945 0.347255185225
5.7 -0.046730695588 -0.110845276572 0.708297620582 -0.640486141807 0.658737899933 0.207076247005 0.336097172365
5.8 -0.047507372720 -0.108034182711 0.710016490736 -0.638146876793 0.654416126819 0.218840079499 0.341492483377
5.9 -0.047072317704 -0.105964935660 0.714091657516 -0.639123347312 0.663527695863 0.203141957331 0.331640903560
6.0 -0.048025589247 -0.105561341281 0.714184824482 -0.640129160715 0.656974965488 0.211075597879 0.337736057156
6.1 -0.048110397653 -0.105509591825 0.719375594703 -0.641185264040 0.663353724764 0.205630358990 0.326434447447
6.2 -0.048449364588 -0.103959561654 0.720377051463 -0.638613099024 0.657776906217 0.216446417087 0.335639389721
6.3 -0.048460978030 -0.106851942282 0.723584615734 -0.639982655435 0.662832941870 0.204843823565 0.330323628978
6.4 -0.048316974404 -0.110795820013 0.723135685811 -0.636736460145 0.652992198200 0.221061646483 0.345397767604
6.5 -0.047430723881 -0.111869747949 0.723440397770 -0.636860120679 0.654744239016 0.222218859542 0.341083489235
6.6 -0.046601633149 -0.110854713206 0.727793293048 -0.635169329373 0.663053857284 0.211075021308 0.335211635754
6.7 -0.043973314605 -0.107146050066 0.723485256677 -0.634969096781 0.664613544695 0.202025102779 0.338066473032
6.8 -0.039275933920 -0.105826644447 0.724788585695 -0.632193471524 0.672066134864 0.198728556237 0.330402006451
6.9 -0.036980540036 -0.107555057554 0.720996444243 -0.625360696633 0.664089890867 0.218455859608 0.346678025491
7.0 -0.034286291437 -0.107126236648 0.717756193905 -0.622468914403 0.665959030994 0.217263747595 0.349037940086
7.1 -0.030293206367 -0.107180688896 0.717795128018 -0.621901454872 0.670271373757 0.219408201613 0.340345276176
7.2 -0.024555714308 -0.106091005222 0.715150253602 -0.621303402018 0.672404279821 0.210929397411 0.342583356902
7.3 -0.018169356451 -0.104831766518 0.711932573764 -0.618842496114 0.674391583214 0.219119546446 0.337959438186
7.4 -0.015282086061 -0.105104982457 0.711772332486 -0.614217794648 0.673215993423 0.218546743595 0.348932726756
7.5 -0.016293677570 -0.106142804037 0.706608413192 -0.609576159425 0.677480156595 0.215724119633 0.350571886335
7.6 -0.021494364898 -0.103748603545 0.705578333253 -0.611418898333 0.680609449378 0.201732131833 0.349631027176
7.7 -0.026758238331 -0.101848057170 0.703670585801 -0.607467873706 0.680034790152 0.210488657613 0.352462752095
7.8 -0.029822341781 -0.103906125579 0.697562275513 -0.603092356810 0.677307812743 0.213520745459 0.363239077210
7.9 -0.034533195672 -0.105288188081 0.695542023265 -0.604271966276 0.682368383549 0.197662402205 0.360774659117
8.0 -0.039261929832 -0.106550847277 0.691218832083 -0.598489062224 0.682528044926 0.204983126842 0.365989382356
8.1 -0.039959269848 -0.110235919799 0.691137126898 -0.591980866538 0.685346323945 0.205943139222 0.370737768935
8.2 -0.044249492595 -0.113808831557 0.687017522055 -0.588064976889 0.689740761440 0.197496756826 0.373406341681
8.3 -0.048005120984 -0.115888487786 0.682434431121 -0.585299418085 0.682773528391 0.204313748621 0.386653323072
8.4 -0.044504588683 -0.116953978317 0.677407197358 -0.584572432070 0.684471863811 0.198670162889 0.387689960783
8.5 -0.041767615318 -0.116273102335 0.676352120238 -0.583569125235 0.689284853731 0.199159158667 0.380353908892
8.6 -0.037735829051 -0.112986747461 0.668070981646 -0.586194892317 0.679956293574 0.204726378074 0.390028328679
8.7 -0.038224719671 -0.111516973380 0.670434617094 -0.584231903082 0.686896442247 0.198502544096 0.383983204108
8.8 -0.034788928711 -0.107484338908 0.668354535478 -0.582585462138 0.689820236908 0.199805805894 0.380552046359
8.9 -0.034124764973 -0.101903552161 0.666461711020 -0.582120317410 0.689516535902 0.197933067229 0.382786342068
9.0 -0.033740362329 -0.099206561857 0.663432601442 -0.581318220788 0.692134147396 0.194691968918 0.380938952361
9.1 -0.028660588360 -0.099665739000 0.665009713314 -0.577979842377 0.693786168185 0.201393815917 0.379526791612
9.2 -0.027949081532 -0.098612789188 0.661827326575 -0.577020750153 0.694596727989 0.197678972997 0.381451783316
9.3 -0.030741870548 -0.101176253000 0.661589595462 -0.577417178393 0.692421047436 0.202542011658 0.382255449506
9.4 -0.030758120569 -0.107842094875 0.652779478708 -0.577724084640 0.687140069489 0.203798713827 0.390563043787
9.5 -0.032442618047 -0.112007490729 0.652011022125 -0.576848428144 0.687825236427 0.197944772380 0.393649847160
9.6 -0.036185128572 -0.116334104360 0.645246318573 -0.574135847837 0.688241801668 0.196469560580 0.397606542237
9.7 -0.039907842970 -0.118269201533 0.645240233706 -0.571806149971 0.688536079279 0.195837026327 0.400753856509
9.8 -0.043185047313 -0.118359505244 0.646051643338 -0.569327701575 0.687061664666 0.194444890845 0.407435174707
9.9 -0.045963795395 -0.119283566634 0.645296583346 -0.563639632387 0.691135385238 0.189481476035 0.410778546561
10.0 -0.050237784259 -0.122012209378 0.644580030603 -0.557278242598 0.688950551429 0.184258435402 0.425249252787
10.1 -0.055576049201 -0.126301831256 0.646432609933 -0.553805262851 0.690821718043 0.173960386535 0.431048568765
10.2 -0.062674463971 -0.128820946780 0.646094935322 -0.550170371003 0.692075888339 0.173175692301 0.433997358571
10.3 -0.068457302407 -0.133170957365 0.645090073918 -0.546352202586 0.688823175746 0.167765004115 0.445956059134
10.4 -0.073248506035 -0.140891912160 0.643494087426 -0.541593995808 0.688710267802 0.168168052990 0.451745079312
10.5 -0.077750989392 -0.142123282630 0.646825487195 -0.540864009364 0.691353130500 0.156606453359 0.452737662548
10.6 -0.076161512205 -0.140467977703 0.649216931465 -0.542281570140 0.691645704228 0.162881889184 0.448359686731
10.7 -0.070334531453 -0.144534344242 0.660178834090 -0.542438344420 0.714513027190 0.147316876688 0.416568739012
10.8 0.000000000000 0.000000000000 0.000000000000 0.000000000000 0.000000000000 0.000000000000 0.000000000000
10.9 0.000000000000 0.000000000000 0.000000000000 0.000000000000 0.000000000000 0.000000000000 0.000000000000
11.0 0.000000000000 0.000000000000 0.000000000000 0.000000000000 0.000000000000 0.000000000000 0.000000000000
11.1 0.000000000000 0.000000000000 0.000000000000 0.000000000000 0.000000000000 0.000000000000 0.000000000000
11.2 0.000000000000 0.000000000000 0.000000000000 0.000000000000 0.000000000000 0.000000000000 0.000000000000
11.3 0.000000000000 0.000000000000 0.000000000000 0.000000000000 0.000000000000 0.000000000000 0.000000000000
11.4 -0.039436974087 -0.144851466544 0.671945326706 -0.530967613130 0.725630170735 0.135027010364 0.416295514746
11.5 -0.038575755994 -0.139395863303 0.678370490668 -0.524997368681 0.710184802406 0.165438545043 0.438913883493
11.6 -0.036445231611 -0.135126423171 0.675156313996 -0.523276515324 0.713106879348 0.154130748765 0.440345295673
11.7 -0.033936353723 -0.132595960272 0.680278529211 -0.518825950536 0.715367647329 0.159737445114 0.439946259030
11.8 -0.028079184075 -0.129545967590 0.681179591618 -0.514398680067 0.721426310372 0.153060168386 0.437619311163
11.9 -0.024152354311 -0.127539920644 0.683697531761 -0.512237694308 0.721620143328 0.154577447636 0.439297992206
12.0 -0.021969973781 -0.126844154622 0.683384788712 -0.510429271884 0.723319083674 0.152775355769 0.439239288163
12.1 -0.022762779207 -0.129493301166 0.684050547465 -0.504140657292 0.728566406638 0.148810600390 0.439190840063
12.2 -0.022643083443 -0.131613190474 0.683866640405 -0.501433624229 0.729001508786 0.145011256019 0.442823730516
12.3 -0.023141998703 -0.127374663315 0.682401064330 -0.496364875852 0.734364751015 0.131858347926 0.443783391497
12.4 -0.023841217726 -0.123932694158 0.688054117690 -0.495471396906 0.734701842822 0.132524525473 0.444025390209
12.5 -0.023598311951 -0.124244279077 0.688715723721 -0.494654288684 0.735814068129 0.128178072257 0.444370536403
12.6 -0.023220585218 -0.125320438150 0.689635868655 -0.494002899990 0.734147402724 0.125470101777 0.448604479954
12.7 -0.022569663190 -0.124930110822 0.689270462267 -0.491619134089 0.734891570649 0.125915275741 0.449878149860
12.8 -0.021367389155 -0.120678672815 0.684690669567 -0.489134400452 0.735664216776 0.123916123938 0.451874421357
12.9 -0.023429519423 -0.118680191362 0.692785641880 -0.489246603030 0.739981839606 0.116654724337 0.446605322144
13.0 -0.022385561249 -0.112176975526 0.692579485216 -0.485342018107 0.742681598567 0.113724481723 0.447139699497
13.1 -0.020160377485 -0.111039630630 0.699461686351 -0.485772865796 0.743929825272 0.116237975713 0.443939039655
13.2 -0.019443072825 -0.117505023261 0.697694633443 -0.482677624799 0.740144950065 0.128021056252 0.450353608365
13.3 -0.021124709091 -0.126660845299 0.693878303177 -0.478694599898 0.742540424059 0.125196814205 0.451454268314
13.4 -0.021322460762 -0.128862419102 0.695367210903 -0.475512715630 0.742775608699 0.121925803988 0.455308852010
13.5 -0.021482900779 -0.127750589726 0.690797637129 -0.473782147704 0.744864139366 0.114807289742 0.455551508202
13.6 -0.020656262027 -0.122586904821 0.693878416054 -0.476411236989 0.745071801689 0.110825127249 0.453451358768
13.7 -0.019050661001 -0.121198178492 0.695756163833 -0.478633126767 0.744930241063 0.114901411025 0.450318700095
13.8 -0.018593244284 -0.121964176862 0.693739789900 -0.481188479911 0.740502277710 0.117927926542 0.454100239647
13.9 -0.019753992062 -0.121088581755 0.695754681649 -0.483769280342 0.743601790328 0.111903238236 0.447773744307
14.0 -0.018641528438 -0.113891774335 0.692648388213 -0.482817330297 0.741419408068 0.108125937660 0.453313874164
14.1 -0.016915401135 -0.106270443903 0.697283387846 -0.484543658167 0.742636841402 0.106928403615 0.449749131875
14.2 -0.013383043611 -0.101013913526 0.700919559211 -0.482766978968 0.745791910234 0.109255127870 0.445862969625
14.3 -0.009369573083 -0.097540091382 0.708655982783 -0.485355703677 0.749768844228 0.108828152153 0.436386244549
14.4 -0.007509068621 -0.095307482185 0.712036165414 -0.484361095550 0.749979717537 0.104811151575 0.438108861935
14.5 -0.006788669257 -0.095275664598 0.711100661448 -0.487224387421 0.748469813999 0.101266672477 0.438349626302
14.6 -0.006265506979 -0.095508729695 0.712724951030 -0.486579668190 0.750779637434 0.103590981943 0.434556177011
14.7 -0.006615394459 -0.095541577301 0.711376929900 -0.487038004423 0.745488161109 0.107887327556 0.442042654557
14.8 -0.008983564635 -0.094688019539 0.715039070951 -0.484859354505 0.751427533552 0.101664284835 0.435812392387
14.9 -0.009139322998 -0.091139955214 0.715426185839 -0.483152180366 0.752675251847 0.099201739887 0.436122632603
15.0 -0.009932261983 -0.087816740025 0.715545941153 -0.482394570718 0.753456723123 0.096305898777 0.436260952163
15.1 -0.011427165548 -0.083917290329 0.715597962417 -0.481705820521 0.753495587998 0.092067335512 0.437866997015
15.2 -0.015440065586 -0.082602720846 0.713398964243 -0.482279598037 0.752419162381 0.091486726197 0.439206070460
15.3 -0.021083878191 -0.084604294368 0.711923532650 -0.482490423256 0.748824187588 0.093185550468 0.444726635961
15.4 -0.026201655434 -0.085112139639 0.711933774325 -0.482511923584 0.751199120204 0.087388575065 0.441865774136
15.5 -0.028806173925 -0.083753028953 0.711481100017 -0.482506954136 0.750024832315 0.082453873196 0.444804618811
15.6 -0.030231953094 -0.082654096192 0.713291096648 -0.482077879136 0.749716036354 0.081106754198 0.446036408497
15.7 -0.031661678706 -0.082367769148 0.712022939921 -0.484734853708 0.745589097569 0.078877106591 0.450452462800
15.8 -0.031856438183 -0.084357138150 0.714891193657 -0.485495357698 0.746896082425 0.079382912545 0.447368810834
15.9 -0.030644384843 -0.085890762475 0.712910266013 -0.481738402769 0.746173124441 0.082591557705 0.452031430606
16.0 -0.030241489253 -0.086918627518 0.712164817937 -0.481058468386 0.747380259165 0.080031888690 0.451221004606
16.1 -0.032564897653 -0.089305611870 0.710060728559 -0.482460515144 0.743605087395 0.077107645962 0.456440287728
16.2 -0.036198111583 -0.089357618685 0.710663452314 -0.483457854198 0.744209989945 0.071893616152 0.455248615634
16.3 -0.038845790218 -0.088084731036 0.711474645847 -0.483400558215 0.743417406304 0.069551176688 0.456965090727
16.4 -0.041114432894 -0.090329685008 0.709372839751 -0.480943695370 0.743027194831 0.071236493509 0.459922940956
16.5 -0.045445509394 -0.091838178682 0.707742763789 -0.481635498664 0.744164903936 0.060664341784 0.458874361685
16.6 -0.051295940208 -0.094713396209 0.710908345272 -0.481431287464 0.737331531625 0.071074451951 0.468523798972
16.7 -0.055822366924 -0.096914374076 0.711859531342 -0.483123477055 0.736798814967 0.069805013281 0.467810295207
16.8 -0.058008571561 -0.100171870779 0.719547786432 -0.483919818649 0.736849729783 0.068705285922 0.467069233116
16.9 -0.056637523196 -0.103375231624 0.714915415979 -0.482255530089 0.737307835118 0.069453930621 0.467956099964
17.0 -0.056668573289 -0.107082307328 0.713738829468 -0.481578703478 0.733434722012 0.073379211817 0.474100149944
17.1 -0.058270821429 -0.108605595051 0.706385362178 -0.480416053600 0.735937959789 0.062174040762 0.473001187568
17.2 -0.061129331782 -0.109680506219 0.705148715638 -0.480093466034 0.735703737343 0.063869527947 0.473466955690
17.3 -0.063586144247 -0.109864105868 0.703743806822 -0.480810337203 0.733840719265 0.058297028974 0.476340922869
17.4 -0.066306652933 -0.109485843394 0.699145859065 -0.481151322375 0.731702753171 0.060107990310 0.479052727243
17.5 -0.068947889103 -0.109777677545 0.699418388731 -0.479419817947 0.734046204054 0.050230503275 0.478340574293
17.6 -0.070311847279 -0.106859657428 0.696684143457 -0.477747990263 0.732025744248 0.053765540767 0.482705328522
17.7 -0.074048674073 -0.106902515866 0.689126969197 -0.475922718720 0.729883257506 0.054271060078 0.487670635016
17.8 -0.076193727270 -0.107873209587 0.684511122885 -0.475119597592 0.731154783817 0.046148653562 0.487385219164
17.9 -0.078179592341 -0.106853795418 0.681116057065 -0.471855278233 0.730060365254 0.044210652349 0.492351376263
18.0 -0.079657613654 -0.103790475839 0.679099916757 -0.470751020253 0.730872852061 0.037799164901 0.492736820406
18.1 -0.078806849011 -0.104614203047 0.681773791122 -0.468362750835 0.734436034911 0.035364016869 0.489887161054
18.2 -0.074542777624 -0.111053373385 0.685864272384 -0.465118255881 0.737751190247 0.036371027991 0.487919396681
18.3 -0.066805253993 -0.116160581123 0.688519375887 -0.463208115134 0.741235689335 0.041595939161 0.484022388713
18.4 -0.058303575251 -0.116801928731 0.686912663550 -0.467325446482 0.737421356618 0.051193194650 0.484970026595
18.5 -0.055289422545 -0.121163529474 0.692548454608 -0.472250343705 0.737570978474 0.053454714009 0.479699132931
18.6 -0.052764485728 -0.127665640360 0.697913989959 -0.474822025716 0.737410699004 0.059175595942 0.476726078303
18.7 -0.049495753831 -0.130834067949 0.700009765844 -0.479076842094 0.732299068246 0.065453684183 0.479519831959
18.8 -0.049212831527 -0.134408277260 0.699942352447 -0.477964819500 0.734000844658 0.059312069553 0.478826137305
18.9 -0.050557680053 -0.132971219462 0.704793870417 -0.479608965532 0.732748629376 0.061114170466 0.478873411766
19.0 -0.052047080182 -0.131702490772 0.708524578267 -0.478079976141 0.733782174208 0.063006268368 0.478574411532
19.1 -0.052375702869 -0.127628008910 0.708677349982 -0.474328393184 0.737065306066 0.057569119857 0.477946761106
19.2 -0.052515700940 -0.123926079900 0.715637925487 -0.471983216559 0.740636881377 0.053773056235 0.475181346071
19.3 -0.049911342068 -0.124583353307 0.723742132866 -0.472560498516 0.746506092583 0.050330484160 0.465705992384
19.4 -0.042628752170 -0.126127627730 0.718733993427 -0.470684841563 0.744720418510 0.051506966841 0.470312992107
19.5 -0.036109432592 -0.134554805416 0.726656284395 -0.472612221931 0.741225679739 0.068644110013 0.471709831928
19.6 -0.034452831878 -0.145395180026 0.722282597589 -0.475798083427 0.735360128968 0.067781838955 0.477773258816
19.7 -0.032583318807 -0.148985245690 0.721059536773 -0.475244852382 0.734630499623 0.071685736224 0.478875259885
19.8 -0.027948885215 -0.146392764261 0.712883436944 -0.476351290406 0.734865214703 0.065059102391 0.478361659777
19.9 -0.022843101864 -0.140130819224 0.715610530097 -0.476856503368 0.734001903430 0.068480548432 0.478706063721
20.0 -0.022784287368 -0.136935474866 0.719751675186 -0.479618097172 0.735324965146 0.063531139976 0.474581363678
20.1 -0.022407368622 -0.133946275825 0.722083008223 -0.479489780278 0.735256884720 0.065057647204 0.474609699248
20.2 -0.022737951220 -0.131147628200 0.722209357290 -0.480039752329 0.736307792509 0.060782850727 0.472988494502
20.3 -0.022928137037 -0.128117712211 0.722851700332 -0.478633222889 0.737132714941 0.060177912993 0.473206315785
20.4 -0.022849337622 -0.124455747231 0.723169669986 -0.479581753325 0.738165067763 0.057105347675 0.471012371258
20.5 -0.024232053981 -0.121508818554 0.729327811207 -0.478812917625 0.739346596789 0.058631348343 0.469752237593
20.6 -0.023642476550 -0.116868981984 0.727218256195 -0.477356375498 0.740552431317 0.054134254664 0.469874951145
20.7 -0.024369854416 -0.113966099490 0.732350198415 -0.479844048169 0.741387069277 0.049137139797 0.466562369290
20.8 -0.022749741492 -0.112930826038 0.733505586461 -0.478737152985 0.742748800416 0.048423544892 0.465607257388
20.9 -0.018738616063 -0.112267293068 0.732083550936 -0.478752389714 0.743397419576 0.048838051100 0.464511862794
21.0 -0.015226475206 -0.112954733106 0.733362427505 -0.481506354903 0.741119813244 0.052678450506 0.464884967984
21.1 -0.013031892807 -0.113810034758 0.732412219277 -0.483447317073 0.739562908382 0.050673604335 0.465572316600
21.2 -0.012674328669 -0.115188668281 0.733334576619 -0.486340378148 0.736627032232 0.055121564555 0.466706829914
21.3 -0.014312158012 -0.115186799008 0.727792578719 -0.484108353402 0.736754019653 0.052158655459 0.469161050549
21.4 -0.015056156411 -0.115617542190 0.727308574093 -0.481738802657 0.736678663886 0.052658831170 0.471655933589
21.5 -0.016592540560 -0.116137137206 0.725819064447 -0.484755445887 0.735479401383 0.049186177686 0.470810925690
21.6 -0.020467857998 -0.113820997681 0.723319544610 -0.482223829452 0.737086792405 0.046277431187 0.471191721206
21.7 -0.022290438425 -0.111098375479 0.723679864768 -0.480034614974 0.737642573973 0.043544544574 0.472815052772
21.8 -0.021722479486 -0.112993537071 0.727538702718 -0.482044958539 0.737556902647 0.044991893371 0.470763425550
21.9 -0.019411215421 -0.113681180702 0.723616625827 -0.482484232764 0.739590486090 0.041539586074 0.467428433889
22.0 -0.015173820104 -0.113043648231 0.722800969955 -0.481272331630 0.738175696535 0.041792069008 0.470878972583
22.1 -0.014861885451 -0.107886480949 0.718793687424 -0.482252570942 0.736285662551 0.039605077674 0.473019364049
22.2 -0.018505891659 -0.101960864640 0.719515487855 -0.484052201359 0.736649434900 0.032245692585 0.471170130347
22.3 -0.022842545961 -0.095914867966 0.722356987207 -0.487095822007 0.735236403941 0.027316333969 0.470551706406
22.4 -0.027874830809 -0.091395634772 0.721232280474 -0.482182473384 0.739666604133 0.018011857426 0.469115071261
22.5 -0.032539335876 -0.086795896636 0.721273939079 -0.481969402958 0.738901364408 0.008700337058 0.470802052272
22.6 -0.039713965639 -0.083525669703 0.722206982516 -0.479930088584 0.740639733826 0.006393633887 0.470190404194
22.7 -0.045962271455 -0.076573768771 0.717575941926 -0.477518302584 0.738800021798 -0.005415422553 0.475522314605
22.8 -0.050487889288 -0.072897805716 0.720280040662 -0.478828123577 0.736182612822 -0.006663327646 0.478240931660
22.9 -0.055556389379 -0.069182151163 0.719934009090 -0.480636080766 0.735274689692 -0.012063863555 0.477718067233
23.0 -0.066442527190 -0.065373816026 0.718129740343 -0.482447857339 0.729404700332 -0.014114718985 0.484782036373
23.1 -0.072664514414 -0.058734025629 0.721117842787 -0.480514193156 0.730938531933 -0.020906990760 0.484146538197
23.2 -0.078888298051 -0.061838632569 0.715386797782 -0.482693245928 0.730121342520 -0.027471867706 0.482882337653
23.3 -0.084721797053 -0.064047446539 0.720314988011 -0.478144304691 0.728227029010 -0.027228143647 0.490226525501
23.4 -0.087117385609 -0.064206998989 0.718901064268 -0.476203137596 0.726778253209 -0.030782771480 0.494040851941
23.5 -0.088507027456 -0.065447310315 0.715996310769 -0.472996758468 0.727142289909 -0.032629438542 0.496460951581
23.6 -0.091499544719 -0.066681418499 0.714456177707 -0.473363724110 0.728303698529 -0.034493817989 0.494277941978
23.7 -0.096236362230 -0.066778618457 0.711199496703 -0.475654462518 0.725045537868 -0.041993193087 0.496284567600
23.8 -0.100895617085 -0.062354685502 0.711432478224 -0.483073286562 0.722076833847 -0.043906333676 0.493272216626
23.9 -0.103716163699 -0.065183233942 0.707268749170 -0.493598214798 0.718379551502 -0.045257402299 0.488101823259
24.0 -0.105241825459 -0.071145634352 0.708208039696 -0.498442576373 0.713254064313 -0.040578154142 0.491097802078
24.1 -0.106390155757 -0.072625163875 0.709948950715 -0.503864863236 0.712348433781 -0.039850259153 0.486920799855
24.2 -0.108009224489 -0.074395825928 0.705406229655 -0.507482258966 0.704450725868 -0.041964728898 0.494418742755
24.3 -0.111155558544 -0.075800224979 0.711396465914 -0.511641342273 0.702202569238 -0.041585028635 0.493361301711
24.4 -0.110975017752 -0.077747143813 0.713466070309 -0.513194936212 0.702055166412 -0.039238040739 0.492148226574
24.5 -0.110428164897 -0.078505088597 0.713429433183 -0.517282967365 0.699670243055 -0.045207505215 0.490750612969
24.6 -0.110708450988 -0.075819320000 0.714429876079 -0.517215676067 0.701331271018 -0.044726496956 0.488489440205
24.7 -0.110600015224 -0.072243351221 0.715562762346 -0.522293282901 0.698426277786 -0.046964874045 0.487036714982
24.8 -0.113230527727 -0.074952818885 0.716088958771 -0.521923518472 0.699052480355 -0.044386111195 0.486776482288
24.9 -0.115527065196 -0.074631980832 0.712806752784 -0.522890975143 0.698273349449 -0.052335593712 0.486066192195
25.0 -0.115276339619 -0.072166870604 0.706625480046 -0.525315853988 0.696247947342 -0.053635880270 0.486215221603
25.1 -0.117648603062 -0.073424279957 0.705754602634 -0.529379356688 0.695542941267 -0.054828412951 0.482671066773
25.2 -0.120005252181 -0.077351058965 0.708078730113 -0.529256386610 0.695082221528 -0.048365808133 0.484158167494
25.3 -0.120809540999 -0.083441925027 0.708493816178 -0.527727287749 0.695316107831 -0.046694600066 0.485653203717
25.4 -0.118970307876 -0.084946511557 0.703462637427 -0.532830122234 0.690215212664 -0.049489959515 0.487078807744
25.5 -0.119110142548 -0.088980351206 0.698848057592 -0.535970022975 0.691338709361 -0.050944347586 0.481862632770
25.6 -0.118823999787 -0.096579023914 0.696488337987 -0.536055497798 0.687857471314 -0.043076932286 0.487484338561
25.7 -0.119117004775 -0.101046606349 0.711154856533 -0.543409793548 0.693406444732 -0.044281888274 0.471097031460
25.8 -0.119285022826 -0.105504198376 0.714240295235 -0.545508970471 0.692213454845 -0.039251249088 0.470871357710
25.9 -0.118706931249 -0.108991510821 0.716087606239 -0.544812241465 0.693629013310 -0.037672451494 0.469722471086
26.0 -0.115576775640 -0.107888341172 0.710720390759 -0.545604507984 0.690216457807 -0.037213331121 0.473848214334
26.1 -0.114451242475 -0.105805178574 0.713781865587 -0.546708083221 0.689999484097 -0.035043509819 0.473057011475
26.2 -0.114751728331 -0.105542022005 0.711585528445 -0.548736526522 0.688247406836 -0.035145924122 0.473253098735
26.3 -0.116053575873 -0.106818947449 0.714926475569 -0.549395903180 0.689109882603 -0.034940736994 0.471243945495
26.4 -0.117340733584 -0.105921814487 0.713800768038 -0.551279440506 0.689990465144 -0.040184925425 0.467321418570
26.5 -0.117242261745 -0.104652197601 0.708407791503 -0.551612631113 0.686665447138 -0.039885317754 0.471829662411
26.6 -0.118633401384 -0.105859299826 0.717058372035 -0.553819760829 0.690378378170 -0.040284471035 0.463722469656
26.7 -0.115866064188 -0.109989362643 0.713209624857 -0.555825711115 0.686915418130 -0.027084271658 0.467409274006
26.8 -0.113749084421 -0.115412804630 0.709745820217 -0.558226906540 0.685883901881 -0.032609551842 0.465706571870
26.9 -0.114391772311 -0.118970189999 0.713684311118 -0.557543897750 0.688212230419 -0.027736766063 0.463399827139
27.0 -0.112465845523 -0.120702477248 0.705000384142 -0.563957565069 0.678055024686 -0.025374540836 0.470690323861
27.1 -0.112835508213 -0.125967279512 0.709840149965 -0.562056344282 0.685211695455 -0.037859774678 0.461675465805
27.2 -0.108381908828 -0.128995765143 0.704450056071 -0.564725641935 0.681215724451 -0.034407785580 0.464592499287
27.3 -0.106788886616 -0.132807827789 0.705937508922 -0.567260122063 0.679067417795 -0.019134946606 0.465528999982
27.4 -0.105280096885 -0.133779508383 0.702794094771 -0.566781762808 0.678819419453 -0.028335578257 0.466003995827
27.5 -0.102317090879 -0.136371721026 0.704818082443 -0.568575060990 0.681201498525 -0.030742270009 0.460154138591
27.6 -0.095930748037 -0.139663924935 0.689073027841 -0.568673730064 0.661956037317 -0.010989374006 0.488163524910
27.7 -0.094248872580 -0.143057457666 0.687191002400 -0.570315376727 0.659756928919 -0.012078073178 0.489198616066
27.8 -0.085604012956 -0.143810074429 0.674971976651 -0.575039287687 0.638271219437 -0.003192586307 0.511790460489
27.9 -0.082677847790 -0.143835806932 0.672159847454 -0.578212747453 0.643765757602 -0.014028636429 0.501037788377
28.0 -0.079805197413 -0.144036890945 0.670623012176 -0.579086814542 0.642147452028 -0.006894259105 0.502252506483
28.1 -0.079483333032 -0.144560397352 0.666346684462 -0.579288881670 0.643778948869 -0.015342650378 0.499737590788
28.2 -0.075835575764 -0.143067046102 0.669105178801 -0.579965797466 0.642760445357 -0.014734204899 0.500281507613
28.3 -0.070818002309 -0.140805003552 0.673139090080 -0.589058153206 0.651078584673 -0.017691212324 0.478324356193
28.4 -0.064689811781 -0.140829346660 0.684581697582 -0.583295035703 0.663826972540 -0.005866333055 0.468045123882
28.5 -0.056299457108 -0.140482635390 0.692375129473 -0.586095425056 0.662812433621 0.007868787645 0.465950547534
28.6 -0.049116713743 -0.136174362528 0.697641551195 -0.591635128203 0.668747236553 0.002128134012 0.450267120412
28.7 -0.042240133797 -0.133288644025 0.698318805275 -0.590959347407 0.665965020332 0.012025269831 0.455096730698
28.8 -0.037587808648 -0.132702329627 0.701712062473 -0.593940509175 0.666261442640 0.014047860095 0.450702805893
28.9 -0.032425974300 -0.129790972017 0.703999087927 -0.597893030362 0.664936285052 0.014129912100 0.447419273892
29.0 -0.028473066037 -0.126940513930 0.705603796496 -0.599766309746 0.668240130192 0.013410802343 0.439949602200
29.1 -0.022332148101 -0.123575441764 0.698434928660 -0.602001382826 0.665536389358 0.011822861644 0.441039532762
29.2 -0.013636975590 -0.119435956871 0.699678028481 -0.611219839676 0.667031312934 0.009447079615 0.425899386990
29.3 -0.004495650681 -0.112211198867 0.695041392228 -0.614512721784 0.663220356978 0.014900086869 0.426955337555
29.4 0.002295239803 -0.107666492892 0.695675623016 -0.613745928557 0.664950720546 0.014383902527 0.425381684810
29.5 0.008977846106 -0.103401486338 0.695984905596 -0.618254427671 0.665911498705 0.012726990611 0.417326445683
29.6 0.016784734019 -0.096071311907 0.695382615857 -0.623033763406 0.665666814279 0.017503637167 0.410378172799
29.7 0.019044940347 -0.091990254803 0.699742760429 -0.621706569057 0.659475361579 0.023962801357 0.421899245808
29.8 0.019388832201 -0.089668097016 0.701141101162 -0.622520862080 0.658380892233 0.027120114155 0.422216622630
29.9 0.017231143145 -0.086707274754 0.696562721711 -0.622572740659 0.660697571972 0.021225427640 0.418845296261
30.0 0.014411239679 -0.081900295876 0.694751195225 -0.625209977925 0.659224206264 0.012752203950 0.417580304461
30.1 0.009479648172 -0.075212388756 0.689184027059 -0.624035404652 0.658318770420 0.007167845115 0.420885771024
30.2 0.005444442669 -0.070050518663 0.690779780356 -0.624130386262 0.658518499541 0.009395676584 0.420388353749
30.3 0.001521788189 -0.063267872403 0.689839574073 -0.627304812588 0.658253954359 0.001421840331 0.416159082617
30.4 -0.000861269302 -0.057623522940 0.690771230527 -0.626787919153 0.657799096972 0.006490566904 0.417606423522
30.5 -0.002619612397 -0.052838645667 0.690467087255 -0.626975007506 0.657709367605 0.009991046223 0.417397779969
30.6 -0.002666857968 -0.049451050552 0.689607953312 -0.629343092738 0.659011267280 0.004332506960 0.411840564545
30.7 0.000051741537 -0.045898324836 0.689652571842 -0.630544087432 0.658197588697 0.010571178223 0.411191364488
30.8 0.006248317724 -0.045165972591 0.689360404879 -0.634219852809 0.659620325709 0.012292873774 0.403131603163
30.9 0.011422890739 -0.046520690363 0.686898379934 -0.635916408479 0.658871271395 0.019066689739 0.401416779045
31.0 0.015801750077 -0.046594794193 0.686228060160 -0.637893774899 0.657549229903 0.026949906852 0.399992805835
31.1 0.018777413141 -0.045378442364 0.682896297150 -0.643405478072 0.656000592358 0.023098269577 0.393902378204
31.2 0.023139721496 -0.041884731794 0.679154501024 -0.644932110447 0.654027685002 0.029436495296 0.394263684493
31.3 0.027020164688 -0.035905845641 0.681599098959 -0.648429659184 0.660028572277 0.025473838134 0.378486914489
31.4 0.029617683846 -0.028747824707 0.678492271447 -0.650203199502 0.656615909636 0.029448434882 0.381082846968
31.5 0.032614603466 -0.023636113465 0.677032566634 -0.652146719609 0.656343261907 0.038722813469 0.377384051557
31.6 0.035469522666 -0.021865523402 0.672067020153 -0.650954589680 0.657077095795 0.045801717750 0.377372514908
31.7 0.036298729485 -0.018304537150 0.668948669034 -0.654723091745 0.655961535022 0.047071254410 0.372607614947
31.8 0.032704137725 -0.014107188775 0.661246472918 -0.654874734219 0.652889777368 0.044181820784 0.378050245076
31.9 0.025410449709 -0.008743866051 0.659271447226 -0.655203029030 0.654419087694 0.043690883829 0.374880987892
32.0 0.019555384865 -0.006565834612 0.659260113585 -0.654825453444 0.655038501347 0.046651653422 0.374101337217
32.1 0.012415734943 -0.006284727304 0.656532773676 -0.655998754614 0.652801271234 0.045451754948 0.376098753246
32.2 0.006278078945 -0.005663358952 0.657357715770 -0.654148509684 0.655137346381 0.043602793066 0.375477803727
32.3 0.000545674278 -0.005679928921 0.656719002590 -0.653959292469 0.654157735283 0.045492856685 0.377286762495
32.4 -0.002918816446 -0.004519275853 0.656833414889 -0.654225968016 0.652966760074 0.047409017724 0.378649149015
32.5 -0.007047963956 -0.003763065560 0.655140079832 -0.652388448223 0.654497521608 0.045760687002 0.379378790076
32.6 -0.011775843472 -0.003208374657 0.655267042470 -0.651528257412 0.654901263249 0.048741942059 0.379788741636
32.7 -0.015576581775 -0.003220345614 0.658718149984 -0.651279055937 0.654340886067 0.056943541744 0.380040825666
32.8 -0.018596847382 -0.005473691081 0.654731587768 -0.652836948491 0.652060196759 0.051830083005 0.382014477452
32.9 -0.021383913088 -0.007259110732 0.654649586946 -0.653137420224 0.654538703875 0.052915375686 0.377081633666
33.0 -0.026173578215 -0.008337718110 0.651785572737 -0.654394994083 0.652123169141 0.056439543459 0.378572505502
33.1 -0.030007973815 -0.005849079824 0.649748284837 -0.656163558890 0.650667738820 0.059073333506 0.377612524835
33.2 -0.033774611347 -0.004383791967 0.647684385845 -0.659071303819 0.647290196200 0.056846160322 0.378693718515
33.3 -0.036055893399 -0.003767346658 0.652576097749 -0.660902742480 0.648774507817 0.064172901890 0.371727106425
33.4 -0.037643407233 -0.006245983134 0.647573567280 -0.660413476703 0.645168706583 0.073891270351 0.377029786624
33.5 -0.038342312512 -0.009341426394 0.648194140695 -0.664731041836 0.643475945697 0.076526215791 0.371772897918
33.6 -0.040447440248 -0.013389872213 0.649399165737 -0.663062359297 0.641955303614 0.081847137291 0.376221665994
33.7 -0.047317750506 -0.014858067753 0.646974815959 -0.663001221277 0.643963547430 0.078387639428 0.373625090367
33.8 -0.053678463920 -0.014486486711 0.645363789129 -0.664828961494 0.640459685916 0.077424989073 0.376588918773
33.9 -0.059623852696 -0.016766678600 0.645694780628 -0.664275039313 0.638078240960 0.084528960109 0.380065369985
34.0 -0.063237441232 -0.018345038061 0.643180640484 -0.664722815667 0.635882374472 0.086627550784 0.382482485367
34.1 -0.066420794744 -0.020915290437 0.642983801671 -0.663915785184 0.635522849361 0.089717636492 0.383767226097
34.2 -0.070474129686 -0.026770226924 0.641041496289 -0.663477941868 0.635659027839 0.088474020390 0.384586750547
34.3 -0.074713308685 -0.032684975212 0.642244972015 -0.660940762340 0.632495191706 0.099400505926 0.391441797167
34.4 -0.075553300694 -0.036762519694 0.643911920295 -0.659339000916 0.634922849924 0.104737701746 0.388812384511
34.5 -0.075389270666 -0.042371447238 0.645077475505 -0.659350920697 0.634447280175 0.109182697842 0.388345401087
34.6 -0.075767748716 -0.045754430232 0.646349139924 -0.659653522034 0.632438757051 0.117923197523 0.388551887054
34.7 -0.076508399170 -0.048022873966 0.646982939498 -0.660791789362 0.628577469178 0.114490836984 0.393873615010
34.8 -0.077221100718 -0.050178945781 0.648607618774 -0.660839520730 0.628333497452 0.121738425134 0.392004974033
34.9 -0.076366901364 -0.051691023769 0.646903678933 -0.661976329091 0.630595590055 0.120402217211 0.386833100467
35.0 -0.074811529351 -0.054995738139 0.648584245080 -0.662150376465 0.627157930178 0.128393187805 0.389544604490
35.1 -0.071674987198 -0.058552640329 0.646571114999 -0.664274095496 0.625111501312 0.129714459101 0.388779752663
35.2 -0.070988288029 -0.061621460270 0.646455282390 -0.666239320562 0.620876206502 0.132554790959 0.391237947203
35.3 -0.071238957345 -0.062293937693 0.646672500039 -0.668173619242 0.618741117954 0.136707338932 0.389890429460
35.4 -0.072532147503 -0.063520696076 0.644266690143 -0.667858076949 0.618441909766 0.145759607361 0.387620084826
35.5 -0.068484353665 -0.066756246194 0.642348227193 -0.671783175623 0.616364491301 0.147458268351 0.383481730866
35.6 -0.064562695469 -0.067106602357 0.642750236267 -0.675562384010 0.617787133428 0.152854242729 0.372276917847
35.7 -0.060263860540 -0.065108308638 0.642415520691 -0.677396345231 0.615118859890 0.161649863745 0.369638067881
35.8 -0.055230890682 -0.069046292889 0.641744523677 -0.677596738664 0.614820239260 0.165506463216 0.368057527814
35.9 -0.053480409105 -0.074476499588 0.642001174586 -0.678473191913 0.614013946950 0.168805213152 0.366286501007
36.0 -0.056958913221 -0.079041120260 0.642570185965 -0.681682358990 0.606419405028 0.171263083008 0.371797825499
36.1 -0.059183979177 -0.079811023477 0.638855419116 -0.681951541176 0.609056028399 0.171856702738 0.366685319425
36.2 -0.060649449754 -0.075541699896 0.636411260130 -0.678987845506 0.612796547098 0.168185324194 0.367654177516
36.3 -0.062299224890 -0.072635398269 0.638391589394 -0.677663937044 0.615836821136 0.170176812184 0.364083027287
36.4 -0.061617416647 -0.077870279095 0.639747979892 -0.677212446657 0.617684559427 0.180681945989 0.356655466147
36.5 -0.053518171843 -0.085047539178 0.638339109763 -0.678262045758 0.615050205609 0.184197436979 0.357414529747
36.6 -0.049697672553 -0.083760959964 0.641324938729 -0.678720611192 0.611789682196 0.189057939305 0.359595345197
36.7 -0.052440041229 -0.086316859190 0.640975985089 -0.681824195455 0.610363638923 0.181259245668 0.360162575280
36.8 -0.059931947587 -0.084722535562 0.642287216445 -0.681405290048 0.606888866972 0.183082396651 0.365860041378
36.9 -0.061887555930 -0.088201211071 0.646567318536 -0.682185387783 0.611309580133 0.183120319687 0.356918257379
37.0 -0.062026231288 -0.092401133771 0.648422164204 -0.681399096062 0.606571250527 0.195318415900 0.360024035769
37.1 -0.061363316783 -0.090989391716 0.651403296474 -0.681937404558 0.608458213309 0.195693369388 0.355589769396
37.2 -0.062330127029 -0.090347663635 0.651597249178 -0.683515755520 0.609020854362 0.193989713299 0.352516385495
37.3 -0.062970243815 -0.086262435078 0.655489278261 -0.686629143513 0.616475343050 0.191726075171 0.334274861139
37.4 -0.063124944308 -0.080780498636 0.659295659990 -0.686619213674 0.620223101261 0.193910414095 0.326000170830
37.5 -0.061913840275 -0.073350637035 0.660916050813 -0.686272215471 0.625903077484 0.187859731091 0.319350129644
37.6 -0.057471157875 -0.067633598060 0.664598271199 -0.688572206901 0.625606701698 0.196893086065 0.309382745695
37.7 -0.051573690322 -0.068216947647 0.666048235396 -0.687896620612 0.626964934005 0.198982266042 0.306788638445
37.8 -0.046605480776 -0.071678255198 0.668013691675 -0.689378359840 0.627955317257 0.209012898150 0.294521993950
37.9 -0.045518490169 -0.079943166371 0.670388483832 -0.688088063578 0.627118742634 0.209522340242 0.298926894639
38.0 -0.041570995237 -0.085643907013 0.668704383431 -0.692436910044 0.622349996095 0.217982451147 0.292737525713
38.1 -0.039145436172 -0.086310443269 0.668984008582 -0.692722520469 0.619760129364 0.226580196715 0.291022861889
38.2 -0.037382750817 -0.083381821925 0.666761084324 -0.698788119626 0.617129883175 0.226534037186 0.282007448763
38.3 -0.033295809869 -0.078419394309 0.665472039386 -0.704563251545 0.614642276748 0.225260096309 0.273976979356
38.4 -0.028141321372 -0.075998904269 0.666555601256 -0.707374077151 0.606382093950 0.234909318505 0.277020366022
38.5 -0.023631205490 -0.075175015121 0.668591043686 -0.708743619294 0.605785306941 0.236465129125 0.273479225376
38.6 -0.019489776947 -0.075327086429 0.669083613307 -0.712288317221 0.601114047255 0.240237347761 0.271280799327
38.7 -0.016554022309 -0.076001073860 0.668382065429 -0.714697667175 0.599343341002 0.242245138219 0.267043249571
38.8 -0.014334691691 -0.075287701908 0.670994861044 -0.717834412166 0.596390950767 0.247464180291 0.260371023784
38.9 -0.014874346634 -0.073946830967 0.671198257083 -0.719429715188 0.595083028411 0.242565632756 0.263550731374
39.0 -0.018039261895 -0.074898309565 0.674769862868 -0.721594758711 0.595723943200 0.244413545640 0.254314778190
39.1 -0.025544621857 -0.073656502930 0.674636907945 -0.723291383793 0.594947333205 0.241574273374 0.254025816180
39.2 -0.032003298910 -0.073478378346 0.675655502413 -0.725523759261 0.592656570147 0.240823123952 0.253727585372
39.3 -0.038046186706 -0.074434812987 0.673757096578 -0.726991989707 0.591181974911 0.242248617631 0.251599138908
39.4 -0.043506610087 -0.077754569994 0.677757667600 -0.731089586667 0.586593347115 0.242430056491 0.250287692661
39.5 -0.049618332422 -0.080099324010 0.676723170545 -0.730635291721 0.587145427904 0.244728953297 0.248072683706
39.6 -0.052301525545 -0.082164570287 0.676743775998 -0.730800135970 0.584713742070 0.249574551640 0.248502604161
39.7 -0.051210930356 -0.083163164018 0.677363003551 -0.732075835049 0.580793349162 0.255935671622 0.247469168379
39.8 -0.048350840565 -0.086599374026 0.680296037226 -0.730639865634 0.585683277761 0.253732900885 0.242404826491
39.9 -0.047910535723 -0.088917271968 0.682222799709 -0.731350517785 0.583680136345 0.260734292380 0.237616386955
40.0 -0.045241829684 -0.084904745982 0.682664915173 -0.732937635496 0.582905768815 0.263427982854 0.231579327672
40.1 -0.041210053913 -0.081649689814 0.681371907194 -0.735458167549 0.580259224082 0.265179568941 0.228211114694
40.2 -0.036834541818 -0.078858880262 0.684360192196 -0.734614617704 0.580640169793 0.268972580097 0.225504119327
40.3 -0.031495575306 -0.079787980977 0.689373036519 -0.734043985905 0.580145671328 0.272601007690 0.224274647258
40.4 -0.026733234239 -0.084562448199 0.689848839502 -0.733284678512 0.579508863547 0.279801312439 0.219486407068
40.5 -0.021992231197 -0.087669358181 0.695719254997 -0.736265645276 0.578386918453 0.276432770272 0.216717317416
40.6 -0.018642531121 -0.087618679129 0.697769085037 -0.734941400049 0.576571215668 0.279600314001 0.221924392908
40.7 -0.017421696675 -0.086063855433 0.698697269675 -0.736007061415 0.578169186550 0.281868801249 0.211101814661
40.8 -0.017570087169 -0.081522519233 0.703057182788 -0.735259753255 0.579189971231 0.279907293127 0.213504050836
40.9 -0.018887967173 -0.081856065970 0.705417671090 -0.736422838607 0.579010683992 0.275501131669 0.215701546240
41.0 -0.020854757159 -0.082046270868 0.706360121086 -0.735592923902 0.581031348816 0.275251972307 0.213405655359
41.1 -0.020202517976 -0.080734168919 0.706169592109 -0.736103087008 0.581391475645 0.278686432445 0.206082676894
41.2 -0.019477126990 -0.076750789810 0.705763076974 -0.734767070184 0.580909429321 0.280020527195 0.210357057995
41.3 -0.019290420424 -0.073027827144 0.707725041582 -0.737013282367 0.581188502106 0.273940767592 0.209732692935
41.4 -0.017682458223 -0.070870132448 0.708306565612 -0.737997536190 0.579209472505 0.278013350445 0.206360365652
41.5 -0.018274151586 -0.071225388737 0.708171356954 -0.738812483729 0.577790434818 0.280173771290 0.204492017447
41.6 -0.021569828156 -0.071042710103 0.711025279499 -0.741574128420 0.576809199460 0.273811822404 0.205878715237
41.7 -0.024293359713 -0.069611376839 0.709524971221 -0.740452145032 0.574663024161 0.283740170188 0.202446401304
41.8 -0.022076436695 -0.064704133409 0.708549486526 -0.741761158412 0.577839158441 0.274845796981 0.200878268424
41.9 -0.014780953491 -0.067027411884 0.711314545480 -0.738401600347 0.574166233156 0.294028312282 0.196579665490
42.0 -0.009837462716 -0.070402334895 0.709629788217 -0.741031257367 0.572225045553 0.296488394403 0.188482903285
42.1 -0.007593823950 -0.071169266213 0.710443638154 -0.740927843345 0.567380614286 0.307882070599 0.185239844774
42.2 -0.007595571207 -0.070328962314 0.709341499187 -0.742109532218 0.560932232944 0.316099083763 0.186305774144
42.3 -0.007269795110 -0.067061835351 0.707143610126 -0.744883695779 0.561823404927 0.313581924555 0.176547778324
42.4 -0.004948532360 -0.067814560647 0.706010225994 -0.744354207319 0.558122249136 0.324105298094 0.171441315944
42.5 -0.002344116452 -0.066925251056 0.705077965665 -0.748958684593 0.554726415665 0.319838481888 0.170419594065
42.6 0.000492023094 -0.064684936041 0.701904140347 -0.748241596105 0.551589706236 0.330854158522 0.162538720373
42.7 0.005405269260 -0.061751984576 0.700304774817 -0.750303547757 0.550172946756 0.332699189460 0.153836160297
42.8 0.009609586809 -0.058181275456 0.700678533905 -0.751176959768 0.550495529040 0.333495767257 0.146521059381
42.9 0.012486612937 -0.054978451184 0.699286288499 -0.750620970162 0.545717375298 0.343445846161 0.144241659050
43.0 0.015137017181 -0.050644462101 0.699562215287 -0.753423002190 0.544883024030 0.341082222183 0.138272150507
43.1 0.016253397647 -0.048655025889 0.703504512277 -0.754374415985 0.539012478379 0.347581159987 0.139900414157
43.2 0.014661770842 -0.049447145501 0.700900493011 -0.756333292899 0.535403254489 0.350562540765 0.135680544469
43.3 0.014295804329 -0.051712447081 0.700813105697 -0.757283532467 0.532636794045 0.354110708041 0.132004937537
43.4 0.015107924464 -0.055041118549 0.697489009111 -0.758194261431 0.527648238546 0.360194892717 0.130339700603
43.5 0.015564272219 -0.057498420411 0.699332532529 -0.759244124620 0.524217521581 0.364224035367 0.126827447182
43.6 0.017440308162 -0.057796314105 0.698281337929 -0.763164923093 0.520726679733 0.363128095261 0.120669016765
43.7 0.018910016885 -0.057020874057 0.698924718210 -0.762868461186 0.518923578431 0.366256900675 0.120854927016
43.8 0.020891362484 -0.054135537148 0.701355552682 -0.762423962431 0.515617441447 0.373906623066 0.114202420350
43.9 0.023952704604 -0.051253549319 0.702157197854 -0.762647867781 0.516304078341 0.373803157758 0.109861402265
44.0 0.028925944416 -0.053685058828 0.706369007898 -0.763738391731 0.510195391756 0.379284756694 0.112015197926
44.1 0.031874809669 -0.056730062846 0.709749047437 -0.764366835959 0.507714380582 0.383434504461 0.104629960455
44.2 0.033928075465 -0.056796874046 0.710263645635 -0.766002107902 0.503842600205 0.386991877437 0.098085124795
44.3 0.033999717420 -0.056040985387 0.710174902332 -0.766823933236 0.500238932837 0.392201153665 0.088996182807
44.4 0.035243576343 -0.053213877100 0.713839792235 -0.766936283490 0.497490739960 0.395673302376 0.088058721926
44.5 0.034927834933 -0.051259989138 0.712274532474 -0.769403945874 0.497834743305 0.392337023767 0.079055652635
44.6 0.032964959702 -0.047262886642 0.715389915181 -0.768595467077 0.498207044174 0.393524284058 0.078672657132
44.7 0.028392659939 -0.041210607064 0.716593398850 -0.771140229061 0.499567869686 0.387681288899 0.074012897111
44.8 0.025914204828 -0.036001149377 0.716480590737 -0.768584485693 0.500490144697 0.392926967433 0.066301596342
44.9 0.024263453729 -0.031712379165 0.712562006304 -0.769810916538 0.502561244519 0.388665556377 0.061338679254
45.0 0.022986482582 -0.029305077882 0.717287265771 -0.767985511956 0.502705011106 0.391963311091 0.062053911982
45.1 0.021539446827 -0.032046252774 0.717895733778 -0.768801910993 0.501441051797 0.391624462185 0.064271096493
45.2 0.017481564693 -0.033590140209 0.716719774021 -0.768704602121 0.501379608757 0.391804220274 0.064816476108
45.3 0.010435700787 -0.036404843236 0.714820978839 -0.770109488403 0.502214940338 0.388999259563 0.058233200426
45.4 0.002428894523 -0.039191799267 0.717051773111 -0.771310256335 0.500426099375 0.387982670354 0.064215691556
45.5 -0.006311169468 -0.041602087247 0.716550587571 -0.773060016998 0.499368504963 0.385472118570 0.066487233167
45.6 -0.011696745788 -0.044696506886 0.715884606935 -0.775699940117 0.496266108459 0.383616019427 0.069629750378
45.7 -0.016900259859 -0.048956820748 0.715018924284 -0.774560760126 0.495326586850 0.386766917074 0.071544063976
45.8 -0.021595246836 -0.054548072453 0.714409977645 -0.773201409491 0.494083181094 0.390570355676 0.074136278492
45.9 -0.025303793439 -0.059839416754 0.713203924756 -0.774377638730 0.490272082587 0.392693825061 0.075921784944
46.0 -0.028168514990 -0.063759440840 0.711050675409 -0.774366827800 0.490795318152 0.392248228073 0.074948644132
46.1 -0.030137847839 -0.067872911929 0.712876914978 -0.776949328808 0.486047446390 0.391698436217 0.081730994048
46.2 -0.028865124781 -0.070862360619 0.708678219017 -0.774440532770 0.485779049013 0.397451975172 0.079325306018
46.3 -0.026771533321 -0.073384945091 0.710854202913 -0.773024552920 0.482230599585 0.404022947268 0.081560698185
46.4 -0.023695375112 -0.076679924353 0.713213050841 -0.775905167518 0.480752262452 0.400968242564 0.077928824079
46.5 -0.018107134032 -0.083500907405 0.712245134371 -0.774325784813 0.479671239883 0.404242509510 0.083205012514
46.6 -0.014245906885 -0.090024359115 0.711778736518 -0.772959039779 0.478130941239 0.409289517915 0.080045089660
46.7 -0.013175202289 -0.093545566033 0.711844780136 -0.769515040912 0.475234219746 0.416551850010 0.092106429993
46.8 -0.012184077638 -0.098019159811 0.708035498979 -0.770571380258 0.472391957350 0.418206345447 0.090382737216
46.9 -0.009938740645 -0.099833702447 0.713923450449 -0.771846421931 0.472121041301 0.416074334427 0.090757763000
47.0 -0.008168486874 -0.099142209579 0.711809259738 -0.768683827131 0.474102894465 0.419381979099 0.092034640080
47.1 -0.003245308271 -0.097992933423 0.712042030606 -0.768373079604 0.476649818450 0.417654655684 0.089288015416
47.2 0.000054011461 -0.098114577510 0.715784363223 -0.766502951423 0.479047468252 0.417520387021 0.093077790273
47.3 0.000433219128 -0.100795300341 0.715731154437 -0.766620535450 0.477016624367 0.418780997027 0.096801710905
47.4 0.001030904053 -0.106174082710 0.715835834188 -0.766422953862 0.480077993218 0.413423690638 0.105838689715
47.5 0.002444098718 -0.111482277533 0.721762159522 -0.763316525093 0.480936742297 0.416987325569 0.110314562696
47.6 0.004321110587 -0.114325395923 0.717042797020 -0.760723190518 0.483475622406 0.419453623621 0.107750673215
47.7 0.007236457240 -0.117620027525 0.716880827797 -0.759592746603 0.482003541410 0.420307101411 0.118462592746
47.8 0.012119471230 -0.115126171953 0.714685112185 -0.758484728442 0.484302001360 0.420337757090 0.116054548224
47.9 0.017430904761 -0.110163334766 0.717706348000 -0.757920649489 0.486319800955 0.420982462622 0.108734108921
48.0 0.022804171776 -0.110585430910 0.720693776368 -0.759679436026 0.483725762653 0.418932537555 0.115724111586
48.1 0.026469668343 -0.117326559188 0.722411912390 -0.759054850268 0.480940101686 0.424064516781 0.112701546051
48.2 0.028544686842 -0.118180664081 0.721927999089 -0.756712410648 0.484365831941 0.424714165864 0.111328099477
48.3 0.028798596554 -0.119060377541 0.718875826973 -0.754603112679 0.487779310528 0.426977660314 0.101663976651
48.4 0.029480666522 -0.117020826610 0.721241056168 -0.752779668172 0.487133601723 0.430327520033 0.104124208334
48.5 0.030686858818 -0.117323833420 0.725652558959 -0.751366840345 0.486363393617 0.434721643927 0.099577170483
48.6 0.030515783772 -0.117537956921 0.723611311631 -0.750483157890 0.484071816956 0.440482521077 0.091785916010
48.7 0.030737976866 -0.116194259769 0.721255211693 -0.752702544450 0.479625714541 0.443866060532 0.079880997975
48.8 0.033390919824 -0.115418126969 0.726016021028 -0.754366628786 0.474787345139 0.447790595751 0.070650892616
48.9 0.037580071506 -0.115133699676 0.726095641159 -0.757619045670 0.470128423611 0.447711548089 0.067431570200
49.0 0.041484223829 -0.113315979222 0.720240734662 -0.756876079559 0.465731761224 0.455232258289 0.054736804724
49.1 0.045700566753 -0.109654952466 0.722411189566 -0.759134991912 0.462375540420 0.455252240817 0.051655792581
49.2 0.049994304845 -0.105794798242 0.724487114795 -0.758672731891 0.459019010067 0.460350155709 0.042367067648
49.3 0.053372820768 -0.100815257038 0.724145739168 -0.759316556750 0.454120034032 0.464555852005 0.037432896005
49.4 0.055236875812 -0.095355547862 0.724834235678 -0.762812405773 0.452140161689 0.461284221793 0.030056189235
49.5 0.053637111858 -0.089971846434 0.725146677123 -0.762863275129 0.452090547610 0.461668575749 0.022713132453
49.6 0.049890185616 -0.085450125894 0.717934358523 -0.767488986701 0.447047410371 0.459258164393 0.013827747875
49.7 0.046329548865 -0.081240624351 0.719294780031 -0.767530188763 0.445816692735 0.460437409505 0.011928023520
49.8 0.043695582298 -0.080042127056 0.716419294734 -0.768792736476 0.443084896287 0.460887446132 0.014705951910
49.9 0.043890222256 -0.079609631799 0.716193535097 -0.770662179647 0.439818117053 0.460994077904 0.011148493664
50.0 0.045638225076 -0.078310268257 0.709118249274 -0.767665665695 0.434844662668 0.470701986167 0.006259814678
50.1 0.044240113352 -0.075938218504 0.707560154437 -0.769946981506 0.428025820092 0.473252671130 -0.002729885109
50.2 0.040086488633 -0.075243942130 0.707607156757 -0.771854662563 0.425368518704 0.472534963479 -0.003565314293
50.3 0.036052339662 -0.077694909647 0.708929601288 -0.775389566344 0.418678347630 0.472695485938 -0.006199935846
50.4 0.030755446652 -0.077457137015 0.710883029173 -0.779493629626 0.413881497263 0.470026622112 -0.012913640129
50.5 0.025857087673 -0.078648199576 0.704739941357 -0.776949981651 0.416277510294 0.472168483446 -0.010894203747
50.6 0.023314968340 -0.081670578867 0.712593460935 -0.776042785751 0.417431656089 0.472723417324 -0.006401397668
50.7 0.018284066901 -0.086164955239 0.712012743774 -0.777431977769 0.414258648657 0.473216243328 -0.007461836633
50.8 0.011617137686 -0.089350246070 0.711835156823 -0.780895087623 0.412306125115 0.469212385868 -0.006801343042
50.9 0.003677064536 -0.088041472592 0.706483102593 -0.776268355479 0.413921418172 0.475421849369 -0.007110907341
51.0 -0.001093296952 -0.085362477912 0.705613248657 -0.773489322290 0.419149338838 0.475362825639 -0.007634399478
51.1 -0.001275419068 -0.085793105694 0.705769279289 -0.771492336707 0.422423395596 0.475721504041 -0.006862932939
51.2 0.002517274993 -0.085927273383 0.704601048311 -0.771028516706 0.420725383157 0.477943664642 -0.008662091094
51.3 0.007228092661 -0.084841618580 0.705890442836 -0.771562089427 0.421978192395 0.475879561058 -0.012844869363
51.4 0.013672342829 -0.083916658859 0.707018358813 -0.772284619188 0.418334127655 0.477700767443 -0.019364952595
51.5 0.019041711066 -0.081603155660 0.709484565963 -0.773522621323 0.414739613874 0.478563916834 -0.025107458855
51.6 0.022843473831 -0.078944692480 0.707497292741 -0.769810977335 0.413875419815 0.485274244176 -0.024639480240
51.7 0.025326837674 -0.076679231482 0.703152671864 -0.772577124402 0.409970770857 0.483745801459 -0.032226595600
51.8 0.027971739818 -0.076718340959 0.705666903041 -0.772999722052 0.408602009487 0.484116995295 -0.033860927601
51.9 0.029156284374 -0.075743504552 0.701855812837 -0.772737712648 0.407206768744 0.485521257772 -0.036444247732
52.0 0.029573976775 -0.074074494375 0.703446122908 -0.773192860608 0.406191665380 0.485444250060 -0.039051393878
52.1 0.029056997317 -0.072962195497 0.704530131585 -0.774792086447 0.403445540817 0.485074156792 -0.040397781952
52.2 0.030308814435 -0.072516644098 0.708278689924 -0.774009493961 0.401671775838 0.487529898603 -0.043401448380
52.3 0.031723887802 -0.073196164057 0.708134968112 -0.773236436874 0.400685772470 0.489271674014 -0.046578465390
52.4 0.032947081443 -0.072104423552 0.705292109795 -0.772594697872 0.398905377381 0.491320235235 -0.050757848312
52.5 0.035211421546 -0.071620289927 0.704621486996 -0.773415800494 0.398410877068 0.489824469960 -0.056291750798
52.6 0.038374810694 -0.071827169460 0.701879751369 -0.773489512616 0.395071661948 0.492228374903 -0.057823721244
52.7 0.042211560616 -0.071516005622 0.704728682391 0.774621823526 -0.390194187924 -0.493771540839 0.062443507952
52.8 0.044871288354 -0.069583348462 0.700170879016 0.773397122172 -0.389437380569 -0.495546273030 0.068039027906
52.9 0.047623759826 -0.070882567530 0.703219848126 -0.773644827335 0.387127522406 0.496626460706 -0.070484899520
53.0 0.050073762072 -0.076106997547 0.712835991897 -0.775746006191 0.388230587700 0.492756147840 -0.068458187371
53.1 0.049228904786 -0.082735516531 0.708281409385 -0.774147643547 0.390828613325 0.493201042014 -0.068564955722
53.2 0.047673629778 -0.086950212048 0.700972803266 -0.770866441397 0.392727943545 0.497598832165 -0.062650571542
53.3 0.044311565924 -0.089638917419 0.702295577357 -0.770393312971 0.399114609041 0.493263187438 -0.062394712096
53.4 0.040249398318 -0.092673002271 0.700227575478 -0.765621925930 0.407839628638 0.494454177913 -0.054817604755
53.5 0.035649275971 -0.100493354312 0.703713233134 -0.763958102435 0.414785693032 0.491715631198 -0.050364517414
53.6 0.033732292249 -0.102053496155 0.703157543540 0.761543405801 -0.419776207629 -0.491756827343 0.044886516364
53.7 0.034716953524 -0.100739654923 0.706919022658 -0.757135303944 0.427570517528 0.492337481343 -0.039158505171
53.8 0.039960781202 -0.100854036793 0.711402618228 -0.755848075501 0.433832956750 0.489116795416 -0.035318732146
53.9 0.041373379152 -0.100513842255 0.711283442563 -0.756378284336 0.434329456615 0.487626853728 -0.038338826600
54.0 0.041099957295 -0.099256380895 0.716033992274 -0.755961690012 0.441177482687 0.482079918346 -0.038513690184
54.1 0.040646674196 -0.097788833613 0.714280228911 -0.756955652180 0.445051230787 0.477021409392 -0.037391410638
54.2 0.038712543922 -0.099024685357 0.722292383457 0.756258524028 -0.453563003250 -0.470778760958 0.026851539016
54.3 0.037852180774 -0.101519291926 0.729626666953 -0.758981698653 0.457041789049 0.462737970074 -0.030547589519
54.4 0.031548079565 -0.101392482080 0.730877205652 -0.754688939884 0.469905066969 0.457342113400 -0.021726098700
54.5 0.029558920674 -0.107472933346 0.731043865885 -0.755806322994 0.473648517170 0.451995669327 -0.010667671484
54.6 0.029902672439 -0.111193056071 0.727605987265 -0.754416520223 0.477659493241 0.450199603117 -0.004176108830
54.7 0.030432681510 -0.112202265683 0.728083837038 -0.750402576309 0.486133430701 0.447829820859 -0.004325803207
54.8 0.025151186038 -0.110640237224 0.727860626710 -0.748782308192 0.499059191064 0.436152826223 0.005974188756
54.9 0.020155532979 -0.107989600264 0.730074506211 -0.748104221660 0.505888125112 0.429355689274 0.008424398733
55.0 0.017485278784 -0.107674138877 0.731857493866 -0.744354118064 0.515440943950 0.424375471082 0.012768702553
55.1 0.013150717015 -0.106928704193 0.737244716162 -0.746852238793 0.520886213464 0.412879764405 0.020483802834
55.2 0.003236030787 -0.105991129298 0.735124445087 -0.749526117580 0.533422399937 0.391588049256 0.018164305395
55.3 -0.001427721793 -0.106604372495 0.733471292263 -0.744192500764 0.533663328432 0.400963931964 0.024675878044
55.4 -0.003863650900 -0.103990107804 0.734167305249 -0.745220705592 0.537461899778 0.393816227473 0.026259954750
55.5 -0.006037060144 -0.098190575271 0.736382512912 -0.744224501218 0.545851696196 0.384197101706 0.023841237130
55.6 -0.010020967198 -0.088380841808 0.736718835077 -0.743915978703 0.556950392975 0.368956555439 0.016319822145
55.7 -0.013762474087 -0.078462407164 0.740430181498 -0.742810764824 0.566275914511 0.356785950631 0.016356703183
55.8 -0.019313777489 -0.078411075921 0.745958397803 -0.744392712968 0.572233329953 0.343610804339 0.018976830927
55.9 -0.026109920868 -0.081103017101 0.748305546350 -0.742878706410 0.576120024286 0.339960056292 0.025379229787
56.0 -0.033779045249 -0.083670159205 0.746837958997 -0.745742201367 0.577365380070 0.331418686198 0.026066097438
56.1 -0.039915004928 -0.087852774957 0.752481144192 -0.745261179832 0.579452617688 0.328055791306 0.034638641437
56.2 -0.043991601713 -0.090400692334 0.754410993919 -0.745598965930 0.581171944378 0.323611352652 0.039963051771
56.3 -0.048234440656 -0.093469488254 0.755426469437 -0.745569439131 0.583320683314 0.319118551037 0.045017132699
56.4 -0.051853862842 -0.095421572232 0.758395077498 -0.745572201509 0.585642962593 0.314191170204 0.049277999844
56.5 -0.056183373502 -0.097781671879 0.759108725434 -0.745793138220 0.587816308334 0.308638624240 0.054834134141
56.6 -0.062525983210 -0.098203466637 0.757396115463 -0.742139840851 0.593666920037 0.305779305985 0.057332893760
56.7 -0.069193522428 -0.099382393734 0.759795327536 -0.737841103072 0.600490304006 0.301799766613 0.062600337735
56.8 -0.076005628931 -0.102159982057 0.756450321732 -0.740388306363 0.602663659657 0.288829712468 0.072104551350
56.9 -0.080469847839 -0.102442204836 0.756275118844 -0.737386638533 0.607714996949 0.285863350941 0.072288120631
57.0 -0.084659208096 -0.104861277650 0.763356636932 -0.735068182971 0.614818392871 0.271855402986 0.088134840090
57.1 -0.083999983737 -0.112131721791 0.769817030923 -0.730947401842 0.619301939421 0.271840558846 0.091014911618
57.2 -0.076370835805 -0.118606473529 0.770536795936 -0.725936482737 0.622644562827 0.275860726797 0.096077212825
57.3 -0.066385971942 -0.122588934625 0.768926870917 -0.721252683615 0.623626480852 0.287229442228 0.091563236487
57.4 -0.056297849915 -0.124193903050 0.773950945232 0.717817706307 -0.627152276964 -0.286296574044 -0.097221570149
57.5 -0.045812423425 -0.126492815369 0.770906413030 0.712729618458 -0.623629558257 -0.308139199116 -0.090293405127
57.6 -0.038065876932 -0.127828223224 0.780293167649 -0.716101079755 0.625756598793 0.296016730139 0.089454000010
57.7 -0.031691733217 -0.128895827994 0.778791586847 0.712224684015 -0.627815889869 -0.298552161213 -0.097210158642
57.8 -0.028676985725 -0.133567839022 0.774727238755 0.710478857792 -0.628700229256 -0.300298434113 -0.098877018735
57.9 -0.024213742033 -0.135646957349 0.775521398302 -0.708276510371 0.626470645547 0.308923229477 0.102202511781
58.0 -0.019750409018 -0.133019565840 0.775128645276 0.712974718058 -0.624886010296 -0.302817258153 -0.097397298273
58.1 -0.018858272040 -0.131860864726 0.778027144420 -0.714801572073 0.625214888753 0.301654745169 0.084672723826
58.2 -0.027229064639 -0.126554700287 0.779888555839 -0.716273022301 0.630094392931 0.289991112782 0.076414449085
58.3 -0.035021166406 -0.123886167492 0.780747369187 -0.718887510502 0.626595988323 0.291109612868 0.076376750104
58.4 -0.044592851187 -0.122802813675 0.777682639645 -0.719984856089 0.627772252753 0.285457859423 0.077702098871
58.5 -0.054637153694 -0.124111397537 0.776423745094 -0.720870329733 0.627395333106 0.279722671905 0.092066772127
58.6 -0.060898597639 -0.126890769937 0.763654168266 0.717331470042 -0.625521784067 -0.288132874750 -0.105534384124
58.7 -0.063515102823 -0.126416909509 0.764223898944 -0.714367733254 0.630925445473 0.283234650203 0.106723740867
58.8 -0.063529313845 -0.124781853379 0.756900381481 -0.714117245360 0.630828196156 0.284346424096 0.106016309682
58.9 -0.064406033757 -0.124832944974 0.746855724488 -0.712170185322 0.630891148762 0.285062255260 0.116316362473
59.0 -0.065807614408 -0.126406808297 0.745989982394 -0.714441945587 0.629273381286 0.282742782163 0.116808549025
59.1 -0.065741706496 -0.127109256023 0.748647474826 0.711700214535 -0.632031517598 -0.285107624406 -0.112838858108
59.2 -0.064065997102 -0.122917159544 0.738354842165 -0.711136407024 0.629675842083 0.293565227783 0.107762709409
59.3 -0.055749618236 -0.116669688700 0.742421986043 -0.715481402997 0.636249478912 0.275557581749 0.085679529001
59.4 -0.041529402531 -0.111644024243 0.737218723552 -0.712242234981 0.635947716552 0.287324141944 0.075672570836
59.5 -0.029305388936 -0.112529762614 0.743822606973 -0.709964870529 0.633156261564 0.297935639925 0.079356067941
59.6 -0.019194242542 -0.116253547406 0.742699651184 -0.709797114904 0.629907428603 0.305016018205 0.079811751655
59.7 -0.020158040182 -0.125510609443 0.743810046852 0.711655165791 -0.628405740202 -0.301475093643 -0.088124449479
59.8 -0.024125845270 -0.133690572493 0.741528333295 -0.708735499342 0.624345012468 0.314373953230 0.095164672590
59.9 -0.032323401544 -0.135497932072 0.737859170549 -0.712971299457 0.624397293563 0.303687859617 0.097844927630
60.0 -0.038515579674 -0.131785510990 0.740815378591 -0.709434290382 0.631430894012 0.293713837056 0.108306027710
60.1 -0.039277207251 -0.131367415816 0.746685264664 -0.704105205508 0.634849302023 0.296699794412 0.114766960810
60.2 -0.042060350133 -0.133400327607 0.751798908975 0.704439676229 -0.640862415953 -0.282585832584 -0.114914549109
60.3 -0.046687136629 -0.135372702692 0.752697682829 -0.700548837359 0.644826904774 0.279215360300 0.124371909718
60.4 -0.050921503314 -0.133281869873 0.746991160263 0.702685465354 -0.644949417999 -0.276620423096 -0.117279693591
60.5 -0.057704605851 -0.132209730192 0.761316743666 0.703583758258 -0.649359612950 -0.263262897987 -0.118298921083
60.6 -0.066326798740 -0.128047940756 0.759818480647 -0.701697247228 0.652548361431 0.256439572779 0.126650522064
60.7 -0.073025042714 -0.128276304102 0.757846646753 -0.700231568307 0.654616726546 0.251925359608 0.132989869010
60.8 -0.078303283436 -0.129399311763 0.753345876528 -0.696897559839 0.655103197873 0.253248698987 0.145047191247
60.9 -0.081731711159 -0.133107278429 0.756068769118 -0.694973153056 0.657231579692 0.248817671034 0.152147079394
61.0 -0.084429955499 -0.134364771828 0.749494488507 -0.694754510354 0.655651717424 0.249871702696 0.158117449934
61.1 -0.086196208540 -0.135493525932 0.752073637473 0.694174873784 -0.661015867321 -0.240307223741 -0.153074184551
61.2 -0.086603552286 -0.137997725289 0.757954082159 0.689028328952 -0.664096189088 -0.237246630321 -0.167123457187
61.3 -0.086773783062 -0.139586845564 0.753212601128 -0.679675704407 0.651383232580 0.257205235489 0.218142815579
61.4 -0.087844230224 -0.147261820173 0.754130582333 -0.673608161948 0.632387882670 0.280539501089 0.260067680300
61.5 -0.086795328676 -0.149961537749 0.742843456610 -0.671592609051 0.643690120359 0.278693744185 0.238654967207
61.6 -0.083973691977 -0.156405016054 0.756687322373 -0.686714442997 0.650080186132 0.241935510092 0.217453982108
61.7 -0.085160272846 -0.157679358626 0.757685051418 -0.681092568777 0.649037267685 0.240033673494 0.239264233644
61.8 -0.087200645521 -0.158425214790 0.757885091819 -0.683198963419 0.646664880825 0.249989952528 0.229278721050
61.9 -0.089210149148 -0.156786609227 0.754514997407 -0.678504413773 0.652053897310 0.251218113895 0.226598620348
62.0 -0.089110254178 -0.158779927289 0.758036880738 -0.674455802222 0.651499575336 0.252200895067 0.238856406056
62.1 -0.085811696735 -0.159245307600 0.752216536116 -0.663214254481 0.658978849424 0.266004548524 0.234809090177
62.2 -0.079019814347 -0.160805011416 0.761044199518 -0.668757192394 0.658971779648 0.251425733465 0.235170388865
62.3 -0.072635078916 -0.154482205209 0.761405074521 -0.657451547099 0.669800801324 0.272042252032 0.212408481168
62.4 -0.064283301526 -0.146663177640 0.761827513228 -0.655204866495 0.669450864151 0.268076222362 0.225116108739
62.5 -0.055613631727 -0.140378576432 0.778866753986 -0.674423499681 0.681880658202 0.217126650787 0.181790342336
62.6 -0.049850216832 -0.140052478967 0.796225616031 -0.681930500912 0.682944572872 0.200095953459 0.168876024704
62.7 -0.046309267084 -0.139822573673 0.791990567465 0.672963543912 -0.678923907376 -0.223136423982 -0.190768270033
62.8 -0.042472392966 -0.143116699140 0.802549792037 -0.683382330829 0.679261006373 0.201537986524 0.175998622496
62.9 -0.041782888686 -0.137247079380 0.801995719080 -0.685180512755 0.682421424387 0.192082276607 0.167131874554
63.0 -0.044082559176 -0.129865813404 0.802036049129 -0.685124510987 0.684862937869 0.183363799607 0.167167215003
63.1 -0.046209134761 -0.124889274374 0.801396445320 -0.687248037297 0.678315164005 0.195060864609 0.171842755480
63.2 -0.048187915862 -0.117119903719 0.800128868103 -0.687843629340 0.679728690565 0.190295118303 0.169197567206
63.3 -0.049066326502 -0.108149485119 0.799431652037 -0.684414454953 0.685230889172 0.185813200121 0.165858183508
63.4 -0.051823337316 -0.102322757900 0.810620314917 -0.687074522181 0.681828686991 0.178866361535 0.176196104599
63.5 -0.053210084937 -0.102375718384 0.813238759297 -0.684092777122 0.680811837105 0.185564417944 0.184602712710
63.6 -0.053843391169 -0.101969930753 0.816567424545 -0.682219421828 0.682204395499 0.185946401283 0.186004728682
63.7 -0.051793432965 -0.102087519472 0.818412161882 -0.683090392201 0.684907563939 0.179223242530 0.179354883622
63.8 -0.049816164435 -0.101739749487 0.819446833344 -0.681773778305 0.686352503805 0.183648696565 0.174292604505
63.9 -0.047274245474 -0.099462376121 0.817426357625 -0.683913575640 0.683657677692 0.180431710969 0.179774298675
64.0 -0.045493091352 -0.099557220772 0.818633424763 -0.684219633704 0.682845200837 0.183501991732 0.178585955713
64.1 -0.042362579157 -0.098742625712 0.816896168655 -0.685042163154 0.683836982781 0.179786894902 0.175387821991
64.2 -0.039105114110 -0.099161050841 0.817525833149 -0.683142753007 0.683123410575 0.185314436279 0.179769142637
64.3 -0.036869287259 -0.098062313505 0.815636666449 -0.682254693478 0.683672294644 0.185997463507 0.180348746411
64.4 -0.035780586003 -0.096114344531 0.816825373203 -0.682188042421 0.683961909683 0.185324447805 0.180195532480
64.5 -0.033664106455 -0.094966605775 0.817332837335 -0.679619313108 0.685890903889 0.189719214119 0.177982799750
64.6 -0.030717418229 -0.087794776358 0.814975215777 -0.679381006827 0.688583186518 0.179951539808 0.178639542453
64.7 -0.030422518123 -0.083064511383 0.813167145086 -0.678920653336 0.687613776771 0.183747810366 0.180251997643
64.8 -0.031952061448 -0.081343248276 0.816656182247 -0.679715640477 0.685567468985 0.183537542922 0.185196824750
64.9 -0.035584740584 -0.082449984326 0.813942686302 -0.681623128590 0.683057617494 0.186280653451 0.184720653702
65.0 -0.040214445758 -0.086738322041 0.815758134903 -0.682080763052 0.682141990456 0.179913227558 0.192560037601
65.1 -0.043868021020 -0.089514406434 0.817323459738 -0.682640551844 0.680688323234 0.185756242103 0.190157571797
65.2 -0.044670215801 -0.092159064243 0.815819747981 -0.682531285429 0.678372638443 0.188340328267 0.196187483217
65.3 -0.042026231797 -0.091152934105 0.817049039231 -0.685632747418 0.678177210929 0.185327164572 0.188778304677
65.4 -0.038055230790 -0.089647948736 0.818392618740 -0.684854123238 0.680160613337 0.186833624903 0.182892226608
65.5 -0.033834842361 -0.090666400662 0.819472390033 -0.687992252318 0.676720142988 0.185001603383 0.185717300138
65.6 -0.031059792326 -0.091705204406 0.822056097996 -0.686093148640 0.674665051362 0.191074586702 0.193891109069
65.7 -0.029493618652 -0.096607358716 0.821236887086 -0.686166262996 0.672113312344 0.198178933470 0.195357787723
65.8 -0.028902575282 -0.100260422991 0.823878936067 -0.686906871324 0.674432081355 0.194828443760 0.187995200125
65.9 -0.028612990001 -0.101363466557 0.823291161121 -0.686755486250 0.671328671113 0.197133415879 0.197035869300
66.0 -0.031381739005 -0.102786860456 0.819796666209 -0.687907143888 0.669943797025 0.202525746671 0.192204037809
66.1 -0.034803055080 -0.105829644399 0.821196703164 -0.689163485490 0.668810200625 0.196334730371 0.197988079079
66.2 -0.036298850349 -0.107055646267 0.819726282600 -0.685856314407 0.669411942642 0.201049137231 0.202652440044
66.3 -0.035988226002 -0.107500120474 0.816802905376 -0.686079490687 0.669508167802 0.201958825369 0.200664841366
66.4 -0.031255034370 -0.106873473286 0.815390358160 -0.685636135357 0.670891855655 0.205691695501 0.193644350061
66.5 -0.025280277301 -0.110346426985 0.816537919071 -0.686796997631 0.669186115871 0.205559104686 0.195564007045
66.6 -0.020067436736 -0.110818733414 0.815486676941 -0.688718146961 0.665887134068 0.209793895472 0.195571368436
66.7 -0.017006624871 -0.105824822142 0.814959478831 -0.687223733869 0.668848031128 0.208698617014 0.191861247050
66.8 -0.016759799334 -0.104741594860 0.814082945590 -0.688933893961 0.663208172746 0.212702516686 0.200705377980
66.9 -0.020837870377 -0.105294012741 0.807900672286 -0.689642227839 0.664088574277 0.205986122647 0.202360273703
67.0 -0.028140976601 -0.105882227359 0.800469101888 -0.690326578503 0.660830728428 0.211949193343 0.204522621780
67.1 -0.036141515717 -0.106036310715 0.794884469734 -0.693602039707 0.658558543634 0.202130319148 0.210618587027
67.2 -0.041724694762 -0.106332999465 0.791523601686 -0.694578276848 0.657415376483 0.204483258122 0.208692686126
67.3 -0.046146920406 -0.108359854461 0.786068705795 -0.694522969948 0.651694958043 0.210289207396 0.220703364561
67.4 -0.049205286119 -0.110153072251 0.782981756046 -0.694318707351 0.654639037373 0.206266856284 0.216386800359
67.5 -0.051498726883 -0.108852198010 0.774674909932 -0.693552939313 0.651869255107 0.211939009432 0.221658861534
67.6 -0.053044431317 -0.106807950020 0.774310992824 -0.692857437746 0.651683439241 0.217059827008 0.219413530754
67.7 -0.053670436795 -0.106157642985 0.772656701459 -0.694575483390 0.649734444120 0.211274711556 0.225328751503
67.8 -0.053450288673 -0.104846297555 0.767358714280 -0.693685630861 0.649447302944 0.211880935581 0.228308815801
67.9 -0.054429390424 -0.104269660920 0.767030882432 -0.693579143543 0.649037281971 0.216885124633 0.225076478041
68.0 -0.054189873832 -0.104262838424 0.761919402164 -0.691664403422 0.648017917391 0.217270190845 0.233381224500
68.1 -0.052526290853 -0.102707676562 0.756494790917 -0.691185147256 0.647521532784 0.221591553307 0.232112344127
68.2 -0.055296210735 -0.102009910696 0.753272707599 -0.693609066269 0.645092093666 0.217445561274 0.235542101888
68.3 -0.058889069444 -0.100789957574 0.750594763770 -0.693750071512 0.642888889957 0.217418780613 0.241109492314
68.4 -0.059169915132 -0.103358205299 0.745835104870 -0.693871890602 0.640134449296 0.220411311967 0.245333527699
68.5 -0.059073210617 -0.107275375357 0.745591303076 -0.692707932276 0.637769680628 0.228411916813 0.247454139776
68.6 -0.056780748049 -0.109613123870 0.747601378471 -0.691563131100 0.636254309229 0.228122529536 0.254717492937
68.7 -0.053405434096 -0.115626170824 0.748183674565 -0.690324580257 0.635836779151 0.234740691286 0.253101505382
68.8 -0.051133595360 -0.117498747938 0.744208845221 -0.690611984916 0.633657322608 0.236756405291 0.255890383463
68.9 -0.050130052527 -0.117523536323 0.742737324323 -0.692082304029 0.632993946143 0.235268693935 0.254930167401
69.0 -0.053737233041 -0.118297793238 0.741733773917 -0.690921827646 0.627640134290 0.243788696549 0.263176673256
69.1 -0.057371772518 -0.118047641691 0.737073600928 -0.690990925670 0.627176851658 0.239584111465 0.267918254172
69.2 -0.062866534757 -0.120141973165 0.735273541445 -0.692282041539 0.622221510448 0.244703655453 0.271488651525
69.3 -0.063802680357 -0.119833468764 0.731790692301 -0.693778223974 0.618994414851 0.250194535048 0.270037747278
69.4 -0.058866674721 -0.122243984181 0.730568949238 -0.692965803117 0.614119062724 0.257498209124 0.276316566292
69.5 -0.050786281136 -0.134938282555 0.767034435018 -0.688583037693 0.598959298187 0.211932380079 0.349550891274
69.6 -0.040593948289 -0.137934419252 0.729854516685 -0.684693505214 0.594953639243 0.299912140038 0.295427959622
69.7 -0.030770127025 -0.142788735714 0.725120679506 -0.689831736829 0.587438352763 0.311095588105 0.286823798922
69.8 -0.025713538864 -0.144860144915 0.724529054463 -0.694078184887 0.579948243935 0.319715804500 0.282307123491
69.9 -0.023197176363 -0.139857075478 0.723788008498 -0.697195109070 0.574141523216 0.325105031542 0.280334103660
70.0 -0.023079301417 -0.131671159968 0.729273156052 -0.700401466330 0.575529932320 0.313209826140 0.283024182316
70.1 -0.024856497664 -0.126921622880 0.726466967816 -0.700655774068 0.577165222779 0.310039696163 0.282554735728
70.2 -0.027927514792 -0.122237367544 0.725372855823 -0.708417635358 0.581265835902 0.300268934014 0.264788687811
70.3 -0.029956353594 -0.117606986643 0.726572295007 -0.707916140824 0.578252530494 0.305641993352 0.266574043067
70.4 -0.031884153738 -0.113688632769 0.725040991163 -0.706844260870 0.580655295585 0.297962657915 0.272816555716
70.5 -0.031416366152 -0.111120079739 0.724357864024 -0.707966219865 0.575205242917 0.307892411160 0.270416388558
70.6 -0.030067780283 -0.108679148704 0.720197311957 -0.704366441545 0.567521201519 0.318762353558 0.283157489405
70.7 -0.031027022165 -0.106576491362 0.720630497023 -0.707057642892 0.569455294917 0.308855472411 0.283546211191
70.8 -0.033127864213 -0.105333312937 0.724020939979 -0.707485296515 0.574154647553 0.307143372846 0.274725216217
70.9 -0.037614473330 -0.106180783509 0.719386743003 -0.709492253949 0.571392664232 0.304796016952 0.277903855495
71.0 -0.037081781439 -0.104408358352 0.717407484481 -0.710089623609 0.562699745633 0.312005415387 0.285997103964
71.1 -0.038081495326 -0.103592372724 0.719750660865 -0.709419609790 0.567242788471 0.315299987908 0.274855150577
71.2 -0.037949403597 -0.097559733116 0.717559767889 -0.710123050442 0.567627593718 0.312719898079 0.275191630371
71.3 -0.037037776899 -0.093208167101 0.717047270983 -0.706848233443 0.565499830278 0.320529386606 0.278991808404
71.4 -0.035939310522 -0.089664341858 0.716484785089 -0.706605931498 0.560593996669 0.327817581155 0.281030357712
71.5 -0.036206400409 -0.086341968215 0.713365647825 -0.710057596160 0.563487222134 0.316259820898 0.279785786472
71.6 -0.037085601950 -0.086227140416 0.711877359297 -0.709147306799 0.558816228177 0.324526933480 0.281987215722
71.7 -0.038098898380 -0.086676414969 0.708801782924 -0.709747322116 0.554295531957 0.328093332704 0.285254214757
71.8 -0.038280067769 -0.082936600113 0.707583826716 -0.710246213651 0.555757313878 0.331834579092 0.276712732242
71.9 -0.038534233351 -0.079030999810 0.704713799207 -0.709717524501 0.553857244167 0.332314637746 0.281265301875
72.0 -0.038959248111 -0.078037531056 0.703262654556 -0.708850009785 0.551136976836 0.338565918519 0.281341101174
72.1 -0.038753523296 -0.078881360692 0.700284857357 -0.708846712982 0.548149661646 0.341098340589 0.284113019730
72.2 -0.039322545468 -0.079289810385 0.699146749890 -0.709564672400 0.544961571969 0.344832788562 0.283945784774
72.3 -0.039334578446 -0.076538200568 0.697226614469 -0.710845733512 0.546229227435 0.344096947673 0.279158135911
72.4 -0.038532573014 -0.074542299061 0.693872668664 -0.711636747760 0.541339936986 0.349925002504 0.279422090186
72.5 -0.037369732156 -0.074095151687 0.692095013554 -0.711536584744 0.542077633827 0.349273922302 0.279061381555
72.6 -0.036623751402 -0.074835001454 0.691451793308 -0.713193622211 0.541073101011 0.348047828238 0.278311814085
72.7 -0.036997871883 -0.079047638696 0.694726621518 -0.712118594307 0.536664200154 0.353588180743 0.282584575578
72.8 -0.035044689729 -0.085513739419 0.688289603703 -0.711885075882 0.529721125609 0.362740321836 0.284665815887
72.9 -0.034799650472 -0.096798259681 0.687543811156 -0.711269787516 0.518329189873 0.373768733217 0.292791861845
73.0 -0.033118129069 -0.100709664016 0.685465147582 -0.713398410418 0.516949451780 0.375697418527 0.287536818563
73.1 -0.031758840103 -0.099264857967 0.682479074566 -0.714077330242 0.518938832808 0.373328047283 0.285345796099
73.2 -0.032455055231 -0.094070762764 0.684005624432 -0.712240659747 0.523576342384 0.372243523114 0.282870669740
73.3 -0.031887760621 -0.095073134024 0.681040288074 -0.711456226973 0.515853412725 0.379214019588 0.289692977183
73.4 -0.028738146156 -0.099670876796 0.676834931942 -0.714096365137 0.510375359747 0.380580259062 0.291104860615
73.5 -0.028861852315 -0.120332943642 0.686985889916 -0.714692452178 0.509618575071 0.383121000275 0.287614161492
73.6 -0.024871334057 -0.130607362837 0.667064601644 -0.707923722601 0.490578633066 0.405588102832 0.306063553205
73.7 -0.021335893824 -0.131281519561 0.666709900702 -0.712558467595 0.491720873697 0.409647293359 0.287506708919
73.8 -0.016009003880 -0.125113821417 0.678113940977 -0.717664080445 0.492910130200 0.403373413724 0.281580823718
73.9 -0.014938281329 -0.117990610712 0.671726422836 -0.714805716205 0.491902922734 0.402715837257 0.291383350773
74.0 -0.014390830122 -0.118667653734 0.670762594574 -0.717163321808 0.488221656111 0.403893938282 0.290148360287
74.1 -0.012311044844 -0.116771156272 0.670109990841 -0.715087990222 0.487346935152 0.406191238273 0.293514580538
74.2 -0.012511480142 -0.118176054143 0.671582040226 -0.716315226764 0.487472312620 0.403972265342 0.293376292787
74.3 -0.010881806259 -0.116630928930 0.675307087907 -0.717640898952 0.485757082308 0.401760586848 0.296006803967
74.4 -0.011659959155 -0.110283109871 0.675847377098 -0.719353947310 0.487186911792 0.394515003636 0.299226876089
74.5 -0.012991119693 -0.108003625891 0.674713053989 -0.718642738555 0.487335459308 0.398994616961 0.294720308188
74.6 -0.016570640014 -0.109645413210 0.671368628041 -0.713318492756 0.489513277984 0.402274402543 0.299547631652
74.7 -0.017466178419 -0.107791235158 0.673561756408 -0.717503539774 0.492963007613 0.393761345667 0.295174772289
74.8 -0.013069884833 -0.105072885538 0.665211726772 -0.714055713780 0.485748400226 0.403079869593 0.302819332318
74.9 -0.010324085403 -0.108767317257 0.669637661642 -0.712168401485 0.484325946193 0.403664207162 0.308706581768
75.0 -0.008649264698 -0.107464293697 0.666688701250 -0.713919543859 0.485735133215 0.405109672725 0.300443702415
75.1 -0.005902618431 -0.104815796550 0.663732625629 -0.716448016339 0.484605383511 0.404823712585 0.296610222152
75.2 -0.004663385718 -0.110654697245 0.668570735497 -0.718194285590 0.476235737301 0.401075931218 0.310700157806
75.3 -0.008136168604 -0.114317458463 0.668594330325 -0.721082886205 0.474787118523 0.397930491313 0.310270829099
75.4 -0.011074749414 -0.114615318974 0.661507218204 -0.718055261847 0.472665073389 0.402622259678 0.314451403787
75.5 -0.010720448253 -0.114860135676 0.659033620427 -0.717636525900 0.475733184934 0.399517942398 0.314739840422
75.6 -0.008100158746 -0.114819516333 0.657622650071 -0.716885912434 0.477088332269 0.402783174328 0.310204813383
75.7 -0.008627617245 -0.113735462785 0.661337057580 -0.721403238184 0.475436391692 0.394406947870 0.313018793149
75.8 -0.007997362132 -0.112248878205 0.663985370672 -0.723207407657 0.471827662262 0.394850368656 0.313756097958
75.9 -0.008717845043 -0.113775500239 0.660975575671 -0.718974286043 0.473265510314 0.397520642654 0.317919913533
76.0 -0.009645657030 -0.116700463590 0.659522343744 -0.721010969124 0.471845367774 0.389823122792 0.324873920543
76.1 -0.009608073746 -0.118987635626 0.659671137639 -0.719442774243 0.472453621296 0.390584030504 0.326548289582
76.2 -0.005809682027 -0.120260351011 0.661958067834 -0.718131853011 0.475291225751 0.389261153225 0.326895468010
76.3 -0.003650586655 -0.122282124731 0.670480179551 -0.716255185784 0.479301100268 0.382822783114 0.332709604382
76.4 -0.005906912178 -0.127109236688 0.670614522785 -0.716046113846 0.476327430766 0.386361840066 0.333338671754
76.5 -0.007881267896 -0.125369426667 0.674138914681 -0.715413536007 0.482220754695 0.378812912293 0.334884149700
76.6 -0.011424944562 -0.125433664657 0.673727343347 -0.718104803644 0.480750451039 0.369606859994 0.341460486520
76.7 -0.014649085639 -0.127158851412 0.681122878331 -0.717670169406 0.480023536423 0.369668085806 0.343325557980
76.8 -0.016113008158 -0.129011364714 0.683326667820 -0.718267718320 0.482062389192 0.368288522593 0.340691798950
76.9 -0.017413104148 -0.129361068245 0.684600172139 -0.718008069675 0.485538011976 0.362941740730 0.342038804297
77.0 -0.017010915639 -0.125053874652 0.688488958779 -0.716324948006 0.488887757165 0.361222314413 0.342616066944
77.1 -0.018039407583 -0.120570193535 0.696167305890 -0.717398825776 0.491804612143 0.353552630188 0.344191350759
77.2 -0.021165416938 -0.117542477382 0.697093514016 -0.719742148357 0.491032067806 0.346984657368 0.347074049469
77.3 -0.023160553024 -0.117618374850 0.700543633300 -0.722083895392 0.491584051676 0.344160965032 0.344228410073
77.4 -0.021593310491 -0.118729588635 0.700198282869 -0.718036844737 0.491082437535 0.343748985923 0.353691622494
77.5 -0.017612978647 -0.117708422821 0.701174649419 -0.720706611443 0.490957237731 0.352199040692 0.339851153710
77.6 -0.010525030781 -0.114040530084 0.704849984423 -0.725621539339 0.496158314568 0.333649958021 0.340555449296
77.7 -0.004611102578 -0.113387178430 0.705643292523 -0.725019843458 0.492847495286 0.341472260638 0.338886807352
