0.0 -0.058281423225 -0.090241224951 0.700002724471 0.058276625381 0.896719089996 0.288944816778 0.330166021009
0.1 -0.067397457161 -0.079081413075 0.724160448804 -0.007698222282 0.917019726146 0.208542428448 0.339890592352
0.2 -0.063884025699 -0.078002855013 0.705108082821 0.068270141258 0.909018758333 0.278226258386 0.302678433253
0.3 -0.070378940910 -0.079283262308 0.731426944462 0.055317081142 0.913745601666 0.270158870487 0.298367526160
0.4 0.000000000000 0.000000000000 0.000000000000 0.000000000000 0.000000000000 0.000000000000 0.000000000000
0.5 -0.079710018029 -0.085241987652 0.705012256303 0.062065040463 0.899978608436 0.292564754244 0.317162891405
0.6 -0.089982323300 -0.087272204684 0.740200254932 0.054785029315 0.913003298349 0.275407457249 0.295929569761
0.7 -0.091828116497 -0.084698166413 0.724355271131 0.047415366452 0.905516571309 0.262613301344 0.329887520325
0.8 -0.085419901624 -0.078744881850 0.678246500261 0.050587037542 0.888175711748 0.317508748291 0.328288061696
0.9 -0.092314201238 -0.079543018501 0.723789874616 0.042373045889 0.891663901525 0.322459279527 0.314896847786
1.0 -0.081785236407 -0.079401251542 0.708066224438 0.055940023627 0.900813603649 0.291181990605 0.317204371950
1.1 -0.076482407005 -0.077095582757 0.687834917228 0.056912576035 0.894855054872 0.308393500371 0.317630033826
1.2 -0.089852296771 -0.076003722280 0.772031917658 -0.011004693944 0.927131784264 0.233444649943 0.292931983114
1.3 -0.088572008087 -0.081743278468 0.752826377050 0.022642012931 0.903619008831 0.285531205051 0.318483841147
1.4 -0.081182011908 -0.076766303416 0.765770239925 0.012061186809 0.922930443998 0.260982181924 0.282740559582
1.5 -0.078561874880 -0.075185665200 0.767612048696 0.014954977227 0.917448829675 0.262077328279 0.298963990452
1.6 -0.066806278502 -0.071948705762 0.722654296599 0.034369072132 0.913800404815 0.286495799767 0.285845664227
1.7 -0.062187229731 -0.071551173377 0.734313212952 0.068567588773 0.917227476362 0.274137377817 0.280786289658
1.8 -0.055362507038 -0.070013369816 0.698758709037 0.058267986181 0.891483593478 0.309011475995 0.326149891997
1.9 -0.050411663009 -0.072222736518 0.680769326074 0.052505392752 0.896420715192 0.312477144770 0.309888881864
2.0 -0.047559955307 -0.072890280350 0.674553594074 0.047876512669 0.895366758857 0.316726153835 0.309371540620
2.1 -0.055126030126 -0.068395143041 0.780471097698 -0.005256771615 0.931353901869 0.221996537247 0.288565093654
2.2 0.000000000000 0.000000000000 0.000000000000 0.000000000000 0.000000000000 0.000000000000 0.000000000000
2.3 -0.037145345613 -0.057298742544 0.713968367712 0.034489342753 0.911222154438 0.284707265748 0.295679629545
2.4 0.000000000000 0.000000000000 0.000000000000 0.000000000000 0.000000000000 0.000000000000 0.000000000000
2.5 0.000000000000 0.000000000000 0.000000000000 0.000000000000 0.000000000000 0.000000000000 0.000000000000
2.6 0.000000000000 0.000000000000 0.000000000000 0.000000000000 0.000000000000 0.000000000000 0.000000000000
2.7 -0.052609390586 -0.096667097771 0.741969182137 0.014234223232 0.915891058292 0.270639067013 0.296134178434
2.8 -0.036506448000 -0.097703866357 0.642318039385 0.061911998511 0.874078572077 0.418270512946 0.239172181234
2.9 0.000000000000 0.000000000000 0.000000000000 0.000000000000 0.000000000000 0.000000000000 0.000000000000
3.0 -0.036710257693 -0.102565561249 0.693766229968 0.041693505538 0.888287329811 0.335614669226 0.310757244635
3.1 -0.032928451130 -0.102917058496 0.753591916563 0.040064475436 0.908244765036 0.331631174076 0.252006049479
3.2 -0.024945896717 -0.089269316942 0.747968573634 -0.011555027251 0.931421091228 0.287989139954 0.222223957820
3.3 -0.023405109901 -0.089432820789 0.818809920383 -0.003588550240 0.929243947421 0.261351020964 0.261129187049
3.4 -0.009464842584 -0.085389718882 0.712321028561 0.064254425752 0.897981941821 0.315505944842 0.299926323795
3.5 -0.005362005627 -0.085195259112 0.686391554170 0.063528371129 0.903345041201 0.309188092876 0.290404211097
3.6 -0.002774097578 -0.089912277194 0.685972673814 0.054237162611 0.893926869776 0.330380477199 0.297996345566
3.7 -0.001199714747 -0.090167981896 0.670773548569 0.044540689365 0.886990277333 0.351414754327 0.296263472857
3.8 0.000291665476 -0.092156548696 0.698102972630 0.057130225171 0.902071791547 0.324488900361 0.278764369692
3.9 0.004942823260 -0.091613258324 0.668102228226 0.050586009421 0.887977405271 0.360659746887 0.280823308068
4.0 0.007779345096 -0.092857332974 0.665646058856 0.040371141265 0.892319558102 0.347681466472 0.285050127265
4.1 0.008514974614 -0.091707849408 0.710153421000 0.040222231118 0.908660889369 0.313672246432 0.272630302925
4.2 0.006149434011 -0.087773015245 0.709267850777 0.045404719020 0.905992114292 0.316180028202 0.277753289987
4.3 0.018069512224 -0.094117024858 0.862170809056 -0.111312089616 0.829996412418 0.420527864235 0.349101546086
4.4 -0.002222983741 -0.074540935281 0.702052788561 0.030881641257 0.907893249273 0.310710260351 0.279705749442
4.5 -0.009022385365 -0.068260210309 0.717032839529 0.042839519745 0.915368394505 0.286414955209 0.279699752095
4.6 -0.012536038662 -0.069505403040 0.721453901823 0.053022168364 0.906814410300 0.343810449536 0.238055980230
4.7 -0.018844007156 -0.065025625542 0.674344796607 0.040380775261 0.893972153638 0.347925923685 0.279518752746
4.8 -0.027333672796 -0.066136185022 0.748465251007 0.043845150703 0.925140144965 0.295325288705 0.234470230063
4.9 -0.038228741686 -0.072358726420 0.773230430391 0.028443819633 0.927832940522 0.291107383400 0.231459445555
5.0 -0.040158515088 -0.073610717140 0.732788441058 0.039966589810 0.916251663745 0.309282407110 0.251455668133
5.1 -0.048434330779 -0.080039219201 0.754288417948 0.055283690115 0.919032940553 0.301758270152 0.247515886722
5.2 -0.057104657706 -0.084096725916 0.755754966347 -0.000601834451 0.898061636957 0.317414286052 0.304521107695
5.3 -0.047840970551 -0.083571881584 0.709856319579 0.019357553963 0.937837930094 0.267028724323 0.220864126486
5.4 -0.055386379941 -0.095424108113 0.734702154658 0.037699333934 0.910988645493 0.314644562077 0.263964481625
5.5 -0.047231352281 -0.092574575281 0.678896595872 0.042725915036 0.897426659220 0.353257177569 0.260785839341
5.6 -0.049161575428 -0.096248056674 0.700331137634 0.049977678819 0.909528085517 0.326252861469 0.252626134158
5.7 -0.046353005836 -0.094762681052 0.681667243111 0.043360305062 0.902566076692 0.346038376584 0.252491194066
5.8 -0.047297695710 -0.092138353100 0.688950544096 0.038927159561 0.911885642408 0.324233771736 0.248639724672
5.9 -0.047264831293 -0.092178767614 0.694626373724 0.042794001673 0.903756417133 0.349630731116 0.243210533841
6.0 -0.046472157697 -0.090264070826 0.687220819861 0.039083744682 0.905908243165 0.346169657424 0.240768112809
6.1 -0.045750031249 -0.090457179347 0.696183498546 0.037625409479 0.897065004195 0.361993694960 0.250637729840
6.2 -0.043959239539 -0.087614001960 0.705882942811 0.041220555196 0.911237640135 0.333068643772 0.238772082888
6.3 -0.042563398439 -0.085389522645 0.716028238705 0.025827892604 0.910286739803 0.336951780865 0.239111832986
6.4 -0.039392855380 -0.082699441527 0.670643789316 0.043420967842 0.904821361230 0.354892756134 0.231222956165
6.5 -0.041556237275 -0.082517871146 0.684075684229 0.044352785186 0.911349980671 0.332152166639 0.239058531272
6.6 -0.045240736205 -0.079184428752 0.715783269754 0.037594664916 0.914776587597 0.321291470152 0.241955010617
6.7 -0.045319237508 -0.078271767300 0.689103900797 0.037682525579 0.901477771786 0.350657807031 0.250912248822
6.8 -0.044685435971 -0.078754330979 0.679906675411 0.040224013371 0.910609686651 0.333618279743 0.240563652172
6.9 -0.048343768879 -0.082250443402 0.738129914604 0.045917900913 0.914151815286 0.335082509415 0.223467485037
7.0 -0.042473241597 -0.079627529005 0.706597600646 0.035362053689 0.903742734744 0.352087499649 0.240900367676
7.1 -0.040327182555 -0.076626431787 0.681210240365 0.043049333757 0.914343487526 0.319025078034 0.245653701922
7.2 0.000000000000 0.000000000000 0.000000000000 0.000000000000 0.000000000000 0.000000000000 0.000000000000
7.3 -0.051327732307 -0.100123353359 0.764205277173 0.034029503969 0.916831981840 0.315030389898 0.242934072078
7.4 -0.055197665104 -0.099106518831 0.750103405552 0.045126994454 0.912110063800 0.315108917438 0.258312129094
7.5 -0.054639940281 -0.093541729499 0.713453434695 0.035945764860 0.904564872245 0.355832105496 0.232064229441
7.6 -0.060590190038 -0.092678142720 0.716699266730 0.027118691493 0.897216499639 0.355089589312 0.261110154741
7.7 -0.059361891440 -0.091794521037 0.693887401956 0.036667465278 0.899443490603 0.344973539346 0.265800980722
7.8 -0.059940671287 -0.091495076317 0.712964947478 0.038302470516 0.901926621899 0.339271463523 0.264492274936
7.9 -0.056183531049 -0.086573396345 0.670018759842 0.032871883783 0.891198663673 0.354287922393 0.281361776313
8.0 -0.059641310356 -0.093396469531 0.719929322491 0.030233119148 0.907985537349 0.320944930528 0.267661304711
8.1 -0.057484667037 -0.094670234301 0.691530165719 0.037664867623 0.901322498157 0.341477129263 0.263803870808
8.2 -0.060629562323 -0.100443171401 0.734716944979 0.031958294315 0.903486997616 0.351327580752 0.243431393960
8.3 -0.065429038227 -0.103518517939 0.726605493725 0.041621941464 0.899132800230 0.352951372410 0.255446961724
8.4 -0.066231209018 -0.102283195194 0.706599167193 0.032548813387 0.890554686149 0.354108100721 0.283655387272
8.5 -0.065594439801 -0.104869565838 0.707664940326 0.039760116034 0.894106710632 0.350508671290 0.275927516798
8.6 -0.067675085438 -0.105996699615 0.711204056377 0.036955428300 0.893872905016 0.347590695156 0.280724481724
8.7 -0.071417787730 -0.106677200200 0.749399875478 0.035867914884 0.912180714512 0.305722981058 0.270505629531
8.8 -0.072757461233 -0.104324770757 0.751509800789 0.039698558150 0.909481074951 0.316696682303 0.266404598693
8.9 -0.076324966498 -0.099578299109 0.771552970539 0.020717866766 0.913858881171 0.289166473716 0.284280610983
9.0 -0.065207130621 -0.091882277399 0.740677043893 0.057320638282 0.913578930871 0.348022003873 0.202406932481
9.1 -0.051656669477 -0.086417037660 0.692172532795 0.060974076480 0.899620852637 0.406197106929 0.148217387037
9.2 -0.054074600148 -0.087356951123 0.770496524489 0.041281453789 0.923194983214 0.317291992311 0.212914668721
9.3 -0.043073607701 -0.085076108625 0.708287248498 0.033078991669 0.903441125109 0.346307407108 0.250541600445
9.4 -0.060725300091 -0.177902008630 0.944220602699 0.932224772503 -0.030446680834 -0.075486897250 0.352607007166
9.5 -0.036687571797 -0.083337667844 0.706445285950 0.023869782906 0.910640913560 0.341191409587 0.231844305600
9.6 -0.035320482802 -0.086214993349 0.743079675917 0.026075239678 0.912010729772 0.335211013899 0.234925704889
9.7 -0.028457141952 -0.086666845749 0.710183279213 0.020853027340 0.906066632709 0.350511039076 0.236115268095
9.8 -0.021882351443 -0.087995949500 0.708857109379 0.014755753059 0.912075346872 0.348187913857 0.216023160851
9.9 -0.025616000283 -0.182853815007 0.978193299817 0.915933698584 0.023744150700 -0.114637764257 0.383874794837
10.0 -0.017378930548 -0.176098671450 0.938855853384 0.923865431404 0.007718089389 -0.091907683189 0.371437846111
10.1 -0.006974224515 -0.082383128122 0.732865197731 0.009042968475 0.925242840036 0.330038441894 0.186865027641
10.2 -0.001954275409 -0.079945531159 0.690054261320 0.014303152663 0.912037783932 0.359161922764 0.197446736466
10.3 -0.002239631202 -0.079029918641 0.700968454464 0.018606843488 0.923046553741 0.321004628249 0.211174983474
10.4 -0.001770047179 -0.077312024249 0.701670119534 0.011128924596 0.916920047536 0.343149676102 0.203425842154
10.5 -0.000826671425 -0.075204319885 0.723755944448 0.009755888879 0.928629764975 0.318034873719 0.190801995098
10.6 0.000497142826 -0.072670765901 0.701215754600 0.010949889697 0.919633409332 0.345116257275 0.187214479460
10.7 0.001039736124 -0.065038383011 0.743486808758 -0.022693039152 0.984449264329 0.168689005502 0.043459076818
10.8 -0.000593588291 -0.065870818536 0.704975142075 -0.002627679708 0.928170015811 0.332157334645 0.167824378711
10.9 -0.002698937111 -0.066874742267 0.740426305476 -0.001969829971 0.938911310780 0.302112574852 0.164832224930
11.0 -0.005606057140 -0.072077594431 0.745357002365 -0.009251118083 0.929207454299 0.332559249924 0.160910748491
11.1 -0.011576485742 -0.073790375882 0.765463454146 -0.015397787718 0.938480086931 0.311036992440 0.149244845475
11.2 -0.015856965179 -0.074936483633 0.734522894068 -0.007263613089 0.929448989242 0.331561402216 0.161675146148
11.3 -0.019444006511 -0.073770753898 0.742321597346 -0.004478589250 0.934058000522 0.318072759070 0.162312395822
11.4 -0.018592353144 -0.075081397658 0.722770742339 -0.006879200999 0.928987801751 0.339110832330 0.148115442100
11.5 -0.019151548778 -0.077127326062 0.751109833287 -0.008835390216 0.951953812359 0.276120898701 0.132148115070
11.6 -0.019480162172 -0.080960314505 0.748824233874 0.002998033971 0.937851082875 0.306277371103 0.163157991202
11.7 -0.016857437654 -0.077945255466 0.726864309753 -0.013745256989 0.926537682422 0.342752680458 0.154465501009
11.8 -0.015367229486 -0.075939962829 0.735925099038 -0.011401788702 0.929911982486 0.334286600126 0.152925383829
11.9 -0.014071484105 -0.074252628240 0.737261164216 -0.015099612716 0.929993947951 0.331245175668 0.158618700244
12.0 -0.015052257643 -0.074318345543 0.727281113701 -0.016199449572 0.927412108218 0.338250935394 0.158841632041
12.1 -0.017172222531 -0.077595805196 0.750598302085 -0.019349300454 0.936490074843 0.317726030100 0.147180549290
12.2 -0.018569846975 -0.082110628909 0.763849416842 -0.012288717144 0.929082741167 0.340454754036 0.144030579916
12.3 -0.020951957586 -0.084199905733 0.757594319659 -0.032539520554 0.914854402644 0.380287209259 0.131773442087
12.4 -0.028189750154 -0.086913365911 0.764622777999 -0.031628230170 0.926366407390 0.354437827979 0.123364340119
12.5 -0.034410951956 -0.090694362782 0.774570033336 -0.042027892851 0.927477390629 0.342753994461 0.143314498136
12.6 -0.032969080708 -0.091779923218 0.736273950772 -0.024460780294 0.925742893075 0.348182701574 0.145501108147
12.7 -0.034192324198 -0.095549730486 0.743902032390 -0.010589990765 0.936211028218 0.330518894953 0.118970680494
12.8 -0.031726628516 -0.097293619951 0.754624514442 -0.035877620613 0.920511292671 0.364397678625 0.136330804362
12.9 -0.027535626291 -0.093814074725 0.723153400229 -0.024131110501 0.925054085013 0.356619519977 0.128511272962
13.0 -0.026137011005 -0.091895959842 0.717647792910 -0.022072779356 0.921600915195 0.365428806969 0.128943136925
13.1 -0.022530088979 -0.090705393046 0.705415622273 -0.031353105192 0.912464538939 0.386763605809 0.129766564240
13.2 -0.024882927203 -0.090507969803 0.732107582657 -0.042836263046 0.922208223301 0.363793262037 0.123901210404
13.3 -0.028990637761 -0.091467223682 0.748504494170 -0.026144319795 0.927531298192 0.346144630070 0.138513755598
13.4 -0.025935629873 -0.088856946870 0.695507902504 -0.031204397030 0.913266675526 0.392800378992 0.103335024283
13.5 -0.032122292883 -0.092710026840 0.742212726623 -0.032271298407 0.924267053344 0.359053549428 0.125576773513
13.6 -0.031189158999 -0.093570990083 0.727235690179 -0.043773753026 0.908529202876 0.402635680550 0.102679378730
13.7 -0.038712754499 -0.098822767554 0.756790238613 -0.050114296493 0.928369187718 0.349832935652 0.115048362507
13.8 -0.038661025231 -0.099390495174 0.731205457304 -0.050288684114 0.913395386747 0.392559774184 0.095271923530
13.9 -0.039711997748 -0.103283926938 0.743304712526 -0.036590899175 0.910482106455 0.395827743414 0.114034369677
14.0 -0.035449061673 -0.101671502620 0.731283415748 -0.034269179490 0.908222590255 0.404701619207 0.100865996745
14.1 -0.035611451721 -0.099521797118 0.741541383453 0.040423881705 -0.919332056640 -0.378546133129 -0.099485197470
14.2 -0.031893931547 -0.098078670814 0.737144067878 -0.029296140698 0.913272013889 0.399624657363 0.073321879515
14.3 -0.028330403207 -0.093921647437 0.689374310988 -0.042229800214 0.906756050138 0.411699780098 0.080705641562
14.4 -0.036482608172 -0.109394492113 0.780327806555 -0.036013476013 0.940909549099 0.320913019705 0.102015115267
14.5 -0.028772104852 -0.101363374889 0.704513709443 -0.050627772482 0.900253803405 0.425515937515 0.076916220849
14.6 -0.036857261439 -0.115521742708 0.766896025407 -0.048431623271 0.918614825994 0.376443713491 0.109960492473
14.7 -0.033371296737 -0.114294196911 0.738572367121 -0.058418771571 0.911673267987 0.397725280669 0.085168660219
14.8 -0.036780061016 -0.119317453511 0.752082601162 -0.050509784985 0.916573219123 0.384386236577 0.097926077922
14.9 -0.034021995545 -0.119455063490 0.733639008279 -0.047987365566 0.906767130600 0.412320584814 0.073907502651
15.0 -0.033324392365 -0.117059845891 0.710438099753 -0.042438354617 0.906907224867 0.409720058996 0.088587497976
15.1 -0.040692880616 -0.122848824826 0.793023999099 -0.033619883696 0.943413813794 0.321642840687 0.073389116341
15.2 -0.035249552861 -0.112803430256 0.762778796745 -0.061710827405 0.933275665696 0.344641920073 0.080064052666
15.3 -0.033271419518 -0.106307184171 0.715717269680 -0.038505376972 0.914364580368 0.392794083273 0.090374544308
15.4 0.000000000000 0.000000000000 0.000000000000 0.000000000000 0.000000000000 0.000000000000 0.000000000000
15.5 -0.044554507248 -0.122756232643 0.791718436372 -0.064463478040 0.932365754069 0.338293244568 0.109982913756
15.6 -0.049813851693 -0.085197668987 0.772880052750 -0.027797099740 0.963382071886 -0.256970375920 0.071333938026
15.7 -0.057240196281 -0.076407603716 0.759306454884 -0.009421376144 0.949291036473 -0.294606294624 0.109384171213
15.8 -0.058112721432 -0.106521101540 0.749820933049 -0.035689438790 0.916843578531 0.375613008173 0.130533461443
15.9 -0.061222335718 -0.106690731068 0.758992645022 -0.027883904726 0.926530868551 0.356432995807 0.117126243773
16.0 -0.055571170776 -0.103715000377 0.714635683852 -0.025137925471 0.909546457396 0.397316786207 0.119300871494
16.1 -0.055610235021 -0.104453895834 0.735669284347 -0.031765112389 0.910839833222 0.391214755958 0.127721535270
16.2 -0.053706656752 -0.104042629318 0.746801816295 -0.034995606165 0.909645329422 0.397012002863 0.117056190747
16.3 -0.054664983881 -0.105390720629 0.761469126925 -0.033499653120 0.923312203580 0.358231653989 0.134322113004
16.4 -0.049848454330 -0.102285382952 0.721207229877 -0.032391159754 0.900673825937 0.416595824217 0.119102440302
16.5 -0.053676968320 -0.102775209721 0.742341346390 -0.015941251025 0.914855006250 0.387811477077 0.111303424489
16.6 -0.059262154596 -0.108200246167 0.782700589111 -0.029594433366 0.928832444758 0.342356290728 0.138515808768
16.7 -0.054485592422 -0.106872381477 0.733883064425 -0.020574978162 0.923765561521 0.355408051807 0.141134596513
16.8 -0.059223641123 -0.113280820267 0.766790815821 -0.008047315106 0.927435679598 0.346880510808 0.139542868504
16.9 -0.061801684019 -0.116649526088 0.774310902187 -0.012818268679 0.928672973105 0.335359637818 0.157911729570
17.0 -0.064781836049 -0.123175665356 0.796418802004 -0.013287573989 0.924515550228 0.357315514652 0.131985077764
17.1 -0.057906674517 -0.117886521210 0.727139779551 -0.015312846266 0.913586955594 0.372911983231 0.161434333619
17.2 -0.061278386723 -0.122395171172 0.758106817797 -0.005933490189 0.926406247474 0.341139268932 0.159249042473
17.3 -0.056291586784 -0.119063123802 0.724455878842 -0.008211346245 0.911534211687 0.386685916210 0.139685206524
17.4 -0.058546874742 -0.122745650706 0.761268729401 -0.003667479658 0.923285837978 0.346843641284 0.165013028222
17.5 -0.056954368315 -0.121299481015 0.765616268238 -0.012151388551 0.924510322006 0.346216125461 0.158957235540
17.6 -0.042355971286 -0.110937196846 0.707974076313 -0.037080845061 0.922645302768 0.366286948084 0.114823899398
17.7 -0.038246928545 -0.104193581312 0.719783990507 -0.043189069423 0.921078894465 0.368233425244 0.118964360153
17.8 -0.039906429422 -0.100232563896 0.748020447149 -0.007308944628 0.940179966612 0.322402156440 0.109841063511
17.9 -0.033709635639 -0.092153252984 0.713310670246 -0.033229595355 0.918626069763 0.383527634374 0.089042077779
18.0 -0.031910084042 -0.089415882005 0.730620083589 -0.041991358802 0.917062758560 0.374725193858 0.129667465989
18.1 -0.025654158116 -0.090978413761 0.731519408864 -0.027937343997 0.919242745224 0.368473844399 0.135791406787
18.2 -0.021632172599 -0.065512362395 0.759376653885 0.005793124419 0.959297858740 -0.276040262653 0.059294445956
18.3 -0.021779186071 -0.099443387050 0.768886726359 -0.025124446313 0.934593793268 0.329308195721 0.132133705066
18.4 0.000000000000 0.000000000000 0.000000000000 0.000000000000 0.000000000000 0.000000000000 0.000000000000
18.5 -0.003123798253 -0.070967963443 0.763560317235 -0.037361055830 0.957146843960 -0.281054834554 0.059010597176
18.6 0.001659857313 -0.107510278661 0.764694347174 -0.055262380032 0.918337353256 0.380861313279 0.092451257515
18.7 0.003427373160 -0.105583046292 0.784107441039 -0.050557030915 0.931778607677 0.347526444273 0.091967295444
18.8 0.008815351769 -0.096060930790 0.716833277384 -0.052555617058 0.906726661605 0.414267009939 0.058885590138
18.9 0.006237597392 -0.099086638763 0.785410937860 -0.063287804092 0.945448374748 0.314402973903 0.057208343280
19.0 0.000000000000 0.000000000000 0.000000000000 0.000000000000 0.000000000000 0.000000000000 0.000000000000
19.1 -0.015094929752 -0.101840428457 0.812662133761 -0.074330227279 0.915014439064 0.394449436000 0.040413315340
19.2 -0.014286364839 -0.096291826336 0.724953514694 -0.059763852948 0.906051076308 0.414544167308 0.060438914228
19.3 -0.023346045310 -0.098877912886 0.749261136406 -0.074286046208 0.910554420446 0.394656843009 0.098072457961
19.4 -0.023274869489 -0.096674327726 0.712001624168 -0.059152433553 0.897814125592 0.434157663470 0.044021684913
19.5 -0.023026322604 -0.094636792916 0.688885374273 -0.050365978239 0.902963268156 0.423879870976 0.049461698098
19.6 -0.022471582254 -0.096814273768 0.700151274464 -0.070280333544 0.904621460675 0.415878643931 0.061364819930
19.7 -0.023078728862 -0.097554450953 0.696711749496 -0.069379652381 0.891779261935 0.446499882009 0.023538631715
19.8 -0.024280443865 -0.098404730889 0.711472949103 -0.081579334397 0.905412946596 0.415373050636 0.032209271038
19.9 -0.025577356682 -0.100166717068 0.716496278805 -0.081978783810 0.904528248402 0.416092892857 0.044439074723
20.0 -0.031106983655 -0.111935782873 0.765115588644 -0.085925218948 0.921710239015 0.373583256008 0.059183129977
20.1 -0.031754611241 -0.114528680495 0.752134419959 -0.081488507067 0.897822126784 0.432483010434 0.015280626900
20.2 -0.036331767197 -0.121857131707 0.797998211896 -0.104148257857 0.919319401172 0.378293054740 0.029989060487
20.3 -0.035613996460 -0.127113261255 0.786059035394 -0.088135954812 0.907614329244 0.409820506736 0.022703195359
20.4 -0.030117575852 -0.118277197786 0.704218813252 -0.097111889886 0.883225953373 0.458502183965 0.016029455107
20.5 -0.032307296084 -0.119948537225 0.719342148823 -0.097950734324 0.894476830733 0.435954172077 0.016149698946
20.6 -0.029650962108 -0.116606798721 0.704525502503 -0.099084627761 0.890780633860 0.443447320459 -0.006824431015
20.7 -0.027665246417 -0.114703895240 0.704014048558 0.091419292882 -0.890707372451 -0.444651271118 0.023835617134
20.8 -0.026409877504 -0.113272921919 0.712175628623 -0.102790355032 0.897599277691 0.428102900680 -0.021853741800
20.9 -0.031072997045 -0.119599819713 0.758778655086 -0.103435517002 0.911826770412 0.396940494416 0.017643085781
21.0 -0.027188991236 -0.119696532657 0.750314823291 -0.112785830705 0.925805746201 0.360638434517 0.010148706395
21.1 -0.025479469655 -0.125102222797 0.779623139713 -0.115501775645 0.919087104066 0.376738493478 0.002518430749
21.2 -0.016160584566 -0.117312516447 0.706940145907 0.107772036607 -0.887918651281 -0.445000974724 0.044269507873
21.3 -0.030819546738 -0.098473036757 0.781638001296 -0.097344134859 0.951253876935 -0.266785806871 0.120272666375
21.4 -0.018131837375 -0.135912389381 0.783473819706 -0.112211331801 0.910398460803 0.397765546742 -0.019126667429
21.5 -0.014296628942 -0.131725008124 0.750423171998 0.128722928673 -0.906102381269 -0.401640158324 0.033076661185
21.6 -0.016440810302 -0.133149001096 0.757371283012 -0.131723923012 0.903132200555 0.406228384325 -0.044491979005
21.7 -0.012967949297 -0.124288089352 0.701796659844 0.142554544912 -0.897042646919 -0.416232366812 0.041752941831
21.8 -0.013541730131 -0.127505019198 0.721472483801 0.144807191862 -0.897345851594 -0.413454558938 0.053447427493
21.9 -0.012286495758 -0.130382871135 0.733264154806 0.143964225611 -0.894440659174 -0.419585927543 0.056549609795
22.0 -0.010724285003 -0.131412119907 0.738749150922 0.135981577951 -0.894148361562 -0.422831124063 0.056758774623
22.1 -0.011306550016 -0.134611132017 0.744967946462 0.145032803945 -0.876820548527 -0.458402736759 0.004259388820
22.2 -0.014045092173 -0.141433802543 0.796349131285 0.177725392445 -0.906307090818 -0.378107240429 0.063687178844
22.3 -0.010640863680 -0.139762702749 0.749635592749 -0.169526131144 0.895446090018 0.411048115503 -0.021832028585
22.4 -0.000000000000 -0.000000000000 0.000000000000 0.012182328544 0.611583835831 0.647651055695 0.454274050194
22.5 -0.016620779791 -0.144110436386 0.745422674549 0.187265262554 -0.892264033624 -0.408256680237 0.046077096083
22.6 -0.020071583823 -0.145497263870 0.757578322705 0.175441422326 -0.884459672543 -0.429483086920 0.049956711528
22.7 -0.021461836583 -0.140618551060 0.770986251231 0.178841227672 -0.883765351612 -0.418557414191 0.108555559972
22.8 -0.000000000000 -0.000000000000 0.000000000000 -0.155214014490 0.584020090944 0.716545599334 0.348412897514
22.9 0.000000000000 0.000000000000 0.000000000000 0.000000000000 0.000000000000 0.000000000000 0.000000000000
23.0 0.000000000000 0.000000000000 0.000000000000 0.000000000000 0.000000000000 0.000000000000 0.000000000000
23.1 0.000000000000 0.000000000000 0.000000000000 0.000000000000 0.000000000000 0.000000000000 0.000000000000
23.2 -0.003809033322 -0.110419095250 0.770712903406 0.145131482208 -0.905581315632 -0.394208211714 0.058815129574
23.3 -0.000580863048 -0.105136149506 0.755543345617 -0.161379817121 0.899640809913 0.399621536596 -0.070039954696
23.4 0.002191651913 -0.100264935369 0.747337227602 0.177221309215 -0.914565966045 -0.360715048780 0.045236654343
23.5 0.002655913861 -0.094756315488 0.717505303607 0.178927878039 -0.908397959668 -0.373441246970 0.057789241143
23.6 0.000000000000 0.000000000000 0.000000000000 0.000000000000 0.000000000000 0.000000000000 0.000000000000
23.7 0.003561668775 -0.091705603028 0.768613804051 -0.159116773226 0.899658968114 0.396107064741 -0.091623069321
23.8 0.000000000000 0.000000000000 0.000000000000 0.000000000000 0.000000000000 0.000000000000 0.000000000000
23.9 0.006289384264 -0.075098523749 0.701937695028 -0.147534577711 0.897384996920 0.402354199536 -0.105094309067
24.0 -0.003560745070 -0.095499990578 0.855373105377 -0.162401193504 0.915279393356 0.362437862541 -0.067292497678
24.1 -0.004885291465 -0.095427662252 0.771537435510 -0.136219359304 0.901702778278 0.397983442129 -0.099927801877
24.2 0.000000000000 0.000000000000 0.000000000000 0.000000000000 0.000000000000 0.000000000000 0.000000000000
24.3 -0.004459455608 -0.095653268459 0.728876765880 0.134594314308 -0.899508959712 -0.406885631780 0.084923993101
24.4 -0.005411373869 -0.095720237314 0.720904808840 -0.151156471408 0.904586848634 0.389355351820 -0.085303953245
24.5 0.000000000000 0.000000000000 0.000000000000 0.000000000000 0.000000000000 0.000000000000 0.000000000000
24.6 -0.006852090219 -0.092261270047 0.772995497372 -0.144721116421 0.905813120164 0.388754768932 -0.086186538591
24.7 -0.001479437081 -0.094611641597 0.756597745105 -0.143879450455 0.919658487099 0.362908902284 -0.042709477712
24.8 0.001999181747 -0.089533405927 0.689971514847 0.130887840165 -0.913107453586 -0.381156548094 0.061829097899
24.9 -0.008187787869 -0.100202194810 0.829495544940 0.126039704358 -0.949250421660 -0.287828373574 -0.013872896958
25.0 -0.001026507295 -0.082251933080 0.671223550455 0.126336687365 -0.898806193649 -0.413112969823 0.074324570958
25.1 -0.002977744334 -0.083238055627 0.676779048975 0.127271176878 -0.911139508904 -0.388103492985 0.054795269715
25.2 -0.001315769189 -0.082289610510 0.665056812134 0.117071790608 -0.893192177964 -0.425202797534 0.087775338434
25.3 0.000139295913 -0.079986746697 0.661204865772 0.125719365996 -0.896312019220 -0.420052603734 0.066145410365
25.4 0.002278865137 -0.081321207379 0.667979044502 0.127820615145 -0.925414054904 -0.353691163051 0.046618435307
25.5 0.001511668171 -0.081463496181 0.699019893684 0.139892241844 -0.929352926483 -0.338360444066 0.047386797753
25.6 0.002384570537 -0.078561760418 0.669509282377 0.126788594310 -0.900976279097 -0.409580493123 0.066409461004
25.7 0.003489700321 -0.077864736597 0.681865256793 0.125639745644 -0.910507351998 -0.389425587687 0.059487208096
25.8 0.001552807224 -0.081393108443 0.781897254858 -0.112890736920 0.924466434256 0.356721825731 -0.073260033436
25.9 0.005595276351 -0.068392350269 0.657931402190 0.121204933775 -0.902226511805 -0.408873111652 0.064183050662
26.0 0.005408369763 -0.068999507315 0.660487940337 0.113132757457 -0.892276363303 -0.432240702431 0.064898735297
26.1 0.004391437058 -0.078549476593 0.768502868020 -0.126618965331 0.923699517544 0.356911668978 -0.057973265010
26.2 0.004132772330 -0.083474834216 0.748354642956 0.100138115225 -0.912201858056 -0.392793965575 0.059774816150
26.3 0.003391974482 -0.078706646405 0.686883317153 0.100249545666 -0.897109781444 -0.423845442053 0.074155983452
26.4 -0.001099856635 -0.087175454427 0.756811035570 -0.112567187609 0.935225148307 0.335660248749 0.003840267842
26.5 0.002174257856 -0.084372821209 0.691686805381 0.107623438391 -0.908237543220 -0.400175509925 0.058149134563
26.6 0.002016355309 -0.082229292264 0.678758442927 0.108692506459 -0.899118452940 -0.417524664025 0.073790931371
26.7 0.000037830437 -0.083275362311 0.664673880375 0.110344886268 -0.920499767289 -0.373800053746 0.027887350444
26.8 -0.001239402914 -0.092651563754 0.719971364851 0.098491255794 -0.918111664350 -0.382152493659 0.036468012098
26.9 0.000000000000 0.000000000000 0.000000000000 0.000000000000 0.000000000000 0.000000000000 0.000000000000
27.0 -0.010231130586 -0.082166109897 0.772937321520 -0.098216040225 0.965794937515 -0.235808846453 0.044586276457
27.1 -0.002318048993 -0.111496969313 0.727055136021 0.093432939214 -0.921847151680 -0.371799934369 0.056858804184
27.2 -0.001903526395 -0.107506551060 0.687820988156 0.102648513005 -0.906771787988 -0.404825952192 0.057828675578
27.3 -0.007959703381 -0.123545302281 0.769772360445 0.109621896058 -0.939475511279 -0.324421723531 0.010924692819
27.4 -0.004747904808 -0.114462192081 0.675226902477 -0.105382567724 0.899838434289 0.419220026957 -0.058650452635
27.5 -0.007708424293 -0.122572772838 0.718693777311 -0.101361723805 0.907686293578 0.405403135286 -0.038466755751
27.6 -0.003864707966 -0.115713453737 0.642398122033 -0.105189193058 0.889693639740 0.433602258122 -0.096796398805
27.7 -0.005012445388 -0.120566042048 0.668748323185 -0.104425284647 0.903146872724 0.408461218415 -0.081120399814
27.8 -0.004758191368 -0.117757093764 0.657178563026 -0.104493376567 0.899243856767 0.417537202776 -0.078130049395
27.9 -0.008915530136 -0.119301631280 0.679772634073 -0.117273245600 0.910783228164 0.393306821484 -0.045062637904
28.0 -0.007191245756 -0.118942281764 0.671063326125 0.120310000976 -0.898866641637 -0.412446114004 0.086327673782
28.1 -0.016911911237 -0.123651840395 0.717519832671 -0.117305157546 0.926648473339 0.356946950195 -0.012287457719
28.2 -0.017486391625 -0.120063522367 0.672948025222 0.101001602232 -0.906574418381 -0.407165670802 0.046234368204
28.3 0.000000000000 0.000000000000 0.000000000000 0.000000000000 0.000000000000 0.000000000000 0.000000000000
28.4 -0.019871235511 -0.111412533211 0.686835682768 -0.115568837989 0.921916527786 0.369591472361 -0.010765827353
28.5 -0.025204456268 -0.120301331366 0.731106727902 -0.094725941379 0.919483626255 0.381398929772 0.010569458271
28.6 -0.029433546562 -0.131110936432 0.802963592417 -0.107569192479 0.927961828922 0.355259505483 -0.033262541364
28.7 0.000000000000 0.000000000000 0.000000000000 0.000000000000 0.000000000000 0.000000000000 0.000000000000
28.8 -0.023964618893 -0.110294778802 0.679854470459 -0.113783441271 0.913605190633 0.385791076575 -0.059532590876
28.9 0.000000000000 0.000000000000 0.000000000000 0.000000000000 0.000000000000 0.000000000000 0.000000000000
29.0 0.000000000000 0.000000000000 0.000000000000 0.000000000000 0.000000000000 0.000000000000 0.000000000000
29.1 0.000000000000 0.000000000000 0.000000000000 0.000000000000 0.000000000000 0.000000000000 0.000000000000
29.2 -0.019238221146 -0.105721695643 0.697567028809 -0.129561667688 0.911549847382 0.387213166717 -0.048544963944
29.3 -0.030196847392 -0.120583708291 0.771040128443 -0.109270076912 0.923045074777 0.367975313385 -0.025337895742
29.4 0.000000000000 0.000000000000 0.000000000000 0.000000000000 0.000000000000 0.000000000000 0.000000000000
29.5 -0.026501354765 -0.083450485285 0.696222836610 0.111505444221 -0.957030842866 0.249439480984 -0.097151670280
29.6 -0.014211456770 -0.114578224670 0.660914887669 -0.119946706222 0.903705933366 0.403613845065 -0.077615963162
29.7 -0.014436055758 -0.115350261199 0.672831537117 -0.124351767872 0.924507691619 0.359029681620 -0.030329089669
29.8 0.000000000000 0.000000000000 0.000000000000 0.000000000000 0.000000000000 0.000000000000 0.000000000000
29.9 -0.017603122170 -0.117326193825 0.748774987062 -0.108330146615 0.931273457989 0.346886252163 -0.025773122439
30.0 0.000000000000 0.000000000000 0.000000000000 0.000000000000 0.000000000000 0.000000000000 0.000000000000
30.1 -0.011927099394 -0.103827092487 0.686336836662 -0.122271450245 0.923601220475 0.358704018104 -0.057809215426
30.2 -0.025405039176 -0.073320481499 0.692674215535 -0.109975249049 0.958723446434 -0.235370297351 0.115566521882
30.3 0.000000000000 0.000000000000 0.000000000000 0.000000000000 0.000000000000 0.000000000000 0.000000000000
30.4 -0.008451811334 -0.089034534611 0.664140810049 -0.135656439403 0.906805827738 0.393923689201 -0.064223424973
30.5 0.000000000000 0.000000000000 0.000000000000 0.000000000000 0.000000000000 0.000000000000 0.000000000000
30.6 -0.022150991330 -0.072351051942 0.723875941292 -0.103223900235 0.952772765707 -0.246152963648 0.144836465830
30.7 -0.020802736466 -0.086869406525 0.762403761415 -0.113841714629 0.956960730117 -0.229201124829 0.136868803610
30.8 0.000000000000 0.000000000000 0.000000000000 0.000000000000 0.000000000000 0.000000000000 0.000000000000
30.9 0.000000000000 0.000000000000 0.000000000000 0.000000000000 0.000000000000 0.000000000000 0.000000000000
31.0 -0.006077961028 -0.126027042516 0.726065335409 -0.126329641165 0.971713820042 -0.182263215214 0.081198485711
31.1 0.000000000000 0.000000000000 0.000000000000 0.000000000000 0.000000000000 0.000000000000 0.000000000000
31.2 0.000000000000 0.000000000000 0.000000000000 0.000000000000 0.000000000000 0.000000000000 0.000000000000
31.3 -0.015349069906 -0.087998327042 0.689302656677 -0.101896642780 0.958406737253 -0.239634814885 0.116827889104
31.4 0.000000000000 0.000000000000 0.000000000000 0.000000000000 0.000000000000 0.000000000000 0.000000000000
31.5 -0.030618160255 -0.095971036431 0.723777149130 0.092788282418 -0.949141442234 0.273611533844 -0.125130275423
31.6 -0.027544547620 -0.093933818081 0.693281651329 -0.095679445798 0.960571640115 -0.241277106073 0.099664065454
31.7 -0.019663980119 -0.091341553716 0.763414074451 0.119438860285 -0.964590391265 0.221028465661 -0.080287938694
31.8 0.000000000000 0.000000000000 0.000000000000 0.000000000000 0.000000000000 0.000000000000 0.000000000000
31.9 0.000000000000 0.000000000000 0.000000000000 0.000000000000 0.000000000000 0.000000000000 0.000000000000
32.0 0.000000000000 0.000000000000 0.000000000000 0.000000000000 0.000000000000 0.000000000000 0.000000000000
32.1 0.000000000000 0.000000000000 0.000000000000 0.000000000000 0.000000000000 0.000000000000 0.000000000000
32.2 -0.039327347416 -0.055166453068 0.732513718535 -0.079130416107 0.951893557466 -0.261558040559 0.138652168827
32.3 -0.037519995436 -0.047957584145 0.726761737561 0.095082862324 -0.945865159301 0.287082225277 -0.117822517552
32.4 -0.021955880024 -0.073242025210 0.680064325425 -0.113469212828 0.923829470979 0.361746131934 -0.052948865166
32.5 0.000000000000 0.000000000000 0.000000000000 0.000000000000 0.000000000000 0.000000000000 0.000000000000
32.6 0.000000000000 0.000000000000 0.000000000000 0.000000000000 0.000000000000 0.000000000000 0.000000000000
32.7 -0.040476094557 -0.044167481236 0.674769300110 0.093956523460 -0.944992538069 0.273121675673 -0.153511644415
32.8 -0.041408252724 -0.050578596349 0.726793681064 0.089902017999 -0.950694796945 0.265380498541 -0.132929384321
32.9 0.000000000000 0.000000000000 0.000000000000 0.000000000000 0.000000000000 0.000000000000 0.000000000000
33.0 0.000000000000 0.000000000000 0.000000000000 0.000000000000 0.000000000000 0.000000000000 0.000000000000
33.1 0.000000000000 0.000000000000 0.000000000000 0.000000000000 0.000000000000 0.000000000000 0.000000000000
33.2 0.000000000000 0.000000000000 0.000000000000 0.000000000000 0.000000000000 0.000000000000 0.000000000000
33.3 0.000000000000 0.000000000000 0.000000000000 0.000000000000 0.000000000000 0.000000000000 0.000000000000
33.4 -0.012229141710 -0.080523556400 0.703095805308 0.102278436086 -0.952648791892 0.254560295055 -0.131142887720
33.5 0.000000000000 0.000000000000 0.000000000000 0.000000000000 0.000000000000 0.000000000000 0.000000000000
33.6 0.000000000000 0.000000000000 0.000000000000 0.000000000000 0.000000000000 0.000000000000 0.000000000000
33.7 0.000000000000 0.000000000000 0.000000000000 0.000000000000 0.000000000000 0.000000000000 0.000000000000
33.8 0.000740341981 -0.108126221240 0.775730331003 0.112140000077 -0.965957778430 0.217790202100 -0.083172222177
33.9 0.000000000000 0.000000000000 0.000000000000 0.000000000000 0.000000000000 0.000000000000 0.000000000000
34.0 0.000000000000 0.000000000000 0.000000000000 0.000000000000 0.000000000000 0.000000000000 0.000000000000
34.1 0.000000000000 0.000000000000 0.000000000000 0.000000000000 0.000000000000 0.000000000000 0.000000000000
34.2 0.000000000000 0.000000000000 0.000000000000 0.000000000000 0.000000000000 0.000000000000 0.000000000000
34.3 0.000000000000 0.000000000000 0.000000000000 0.000000000000 0.000000000000 0.000000000000 0.000000000000
34.4 0.000000000000 0.000000000000 0.000000000000 0.000000000000 0.000000000000 0.000000000000 0.000000000000
34.5 0.000000000000 0.000000000000 0.000000000000 0.000000000000 0.000000000000 0.000000000000 0.000000000000
34.6 0.000000000000 0.000000000000 0.000000000000 0.000000000000 0.000000000000 0.000000000000 0.000000000000
34.7 0.000000000000 0.000000000000 0.000000000000 0.000000000000 0.000000000000 0.000000000000 0.000000000000
34.8 0.000000000000 0.000000000000 0.000000000000 0.000000000000 0.000000000000 0.000000000000 0.000000000000
34.9 -0.013040129619 -0.056975430488 0.677134916323 0.138317877375 -0.953747111654 0.256108765949 -0.075119317182
35.0 0.000000000000 0.000000000000 0.000000000000 0.000000000000 0.000000000000 0.000000000000 0.000000000000
35.1 -0.010076045964 -0.053267932048 0.749709636995 -0.155975870564 0.946875745505 -0.266202589911 0.090741564350
35.2 0.000000000000 0.000000000000 0.000000000000 0.000000000000 0.000000000000 0.000000000000 0.000000000000
35.3 -0.006813975140 -0.039095157927 0.635999270574 0.119480932624 -0.947899401765 0.232006698315 -0.182712678297
35.4 0.000000000000 0.000000000000 0.000000000000 0.000000000000 0.000000000000 0.000000000000 0.000000000000
35.5 0.000000000000 0.000000000000 0.000000000000 0.000000000000 0.000000000000 0.000000000000 0.000000000000
35.6 0.000000000000 0.000000000000 0.000000000000 0.000000000000 0.000000000000 0.000000000000 0.000000000000
35.7 0.000000000000 0.000000000000 0.000000000000 0.000000000000 0.000000000000 0.000000000000 0.000000000000
35.8 0.000000000000 0.000000000000 0.000000000000 0.000000000000 0.000000000000 0.000000000000 0.000000000000
35.9 0.000000000000 0.000000000000 0.000000000000 0.000000000000 0.000000000000 0.000000000000 0.000000000000
36.0 0.000000000000 0.000000000000 0.000000000000 0.000000000000 0.000000000000 0.000000000000 0.000000000000
36.1 0.010507092134 -0.067717560840 0.716797600010 0.184705734567 -0.951199399552 -0.227589613948 0.096470003280
36.2 0.000000000000 0.000000000000 0.000000000000 0.000000000000 0.000000000000 0.000000000000 0.000000000000
36.3 0.000000000000 0.000000000000 0.000000000000 0.000000000000 0.000000000000 0.000000000000 0.000000000000
36.4 0.000000000000 0.000000000000 0.000000000000 0.000000000000 0.000000000000 0.000000000000 0.000000000000
36.5 0.000000000000 0.000000000000 0.000000000000 0.000000000000 0.000000000000 0.000000000000 0.000000000000
36.6 0.000000000000 0.000000000000 0.000000000000 0.000000000000 0.000000000000 0.000000000000 0.000000000000
36.7 0.000000000000 0.000000000000 0.000000000000 0.000000000000 0.000000000000 0.000000000000 0.000000000000
36.8 0.000000000000 0.000000000000 0.000000000000 0.000000000000 0.000000000000 0.000000000000 0.000000000000
36.9 0.000000000000 0.000000000000 0.000000000000 0.000000000000 0.000000000000 0.000000000000 0.000000000000
37.0 0.000000000000 0.000000000000 0.000000000000 0.000000000000 0.000000000000 0.000000000000 0.000000000000
37.1 0.000000000000 0.000000000000 0.000000000000 0.000000000000 0.000000000000 0.000000000000 0.000000000000
37.2 0.000000000000 0.000000000000 0.000000000000 0.000000000000 0.000000000000 0.000000000000 0.000000000000
37.3 0.000000000000 0.000000000000 0.000000000000 0.000000000000 0.000000000000 0.000000000000 0.000000000000
37.4 0.000000000000 0.000000000000 0.000000000000 0.000000000000 0.000000000000 0.000000000000 0.000000000000
37.5 0.000000000000 0.000000000000 0.000000000000 0.000000000000 0.000000000000 0.000000000000 0.000000000000
37.6 0.000000000000 0.000000000000 0.000000000000 0.000000000000 0.000000000000 0.000000000000 0.000000000000
37.7 0.000000000000 0.000000000000 0.000000000000 0.000000000000 0.000000000000 0.000000000000 0.000000000000
37.8 0.000000000000 0.000000000000 0.000000000000 0.000000000000 0.000000000000 0.000000000000 0.000000000000
37.9 0.000000000000 0.000000000000 0.000000000000 0.000000000000 0.000000000000 0.000000000000 0.000000000000
38.0 0.000000000000 0.000000000000 0.000000000000 0.000000000000 0.000000000000 0.000000000000 0.000000000000
38.1 0.000000000000 0.000000000000 0.000000000000 0.000000000000 0.000000000000 0.000000000000 0.000000000000
38.2 0.000000000000 0.000000000000 0.000000000000 0.000000000000 0.000000000000 0.000000000000 0.000000000000
38.3 0.000000000000 0.000000000000 0.000000000000 0.000000000000 0.000000000000 0.000000000000 0.000000000000
38.4 0.000000000000 0.000000000000 0.000000000000 0.000000000000 0.000000000000 0.000000000000 0.000000000000
38.5 0.000000000000 0.000000000000 0.000000000000 0.000000000000 0.000000000000 0.000000000000 0.000000000000
38.6 0.000000000000 0.000000000000 0.000000000000 0.000000000000 0.000000000000 0.000000000000 0.000000000000
38.7 0.000000000000 0.000000000000 0.000000000000 0.000000000000 0.000000000000 0.000000000000 0.000000000000
38.8 0.000000000000 0.000000000000 0.000000000000 0.000000000000 0.000000000000 0.000000000000 0.000000000000
38.9 0.000000000000 0.000000000000 0.000000000000 0.000000000000 0.000000000000 0.000000000000 0.000000000000
39.0 0.000000000000 0.000000000000 0.000000000000 0.000000000000 0.000000000000 0.000000000000 0.000000000000
39.1 0.000000000000 0.000000000000 0.000000000000 0.000000000000 0.000000000000 0.000000000000 0.000000000000
39.2 0.000000000000 0.000000000000 0.000000000000 0.000000000000 0.000000000000 0.000000000000 0.000000000000
39.3 0.000000000000 0.000000000000 0.000000000000 0.000000000000 0.000000000000 0.000000000000 0.000000000000
39.4 0.000000000000 0.000000000000 0.000000000000 0.000000000000 0.000000000000 0.000000000000 0.000000000000
39.5 0.000000000000 0.000000000000 0.000000000000 0.000000000000 0.000000000000 0.000000000000 0.000000000000
39.6 0.000000000000 0.000000000000 0.000000000000 0.000000000000 0.000000000000 0.000000000000 0.000000000000
39.7 0.033058339667 -0.063018968489 0.728627631706 -0.287880450878 0.916311833752 -0.246846417859 0.128702429338
39.8 0.000000000000 0.000000000000 0.000000000000 0.000000000000 0.000000000000 0.000000000000 0.000000000000
39.9 0.000000000000 0.000000000000 0.000000000000 0.000000000000 0.000000000000 0.000000000000 0.000000000000
40.0 0.000000000000 0.000000000000 0.000000000000 0.000000000000 0.000000000000 0.000000000000 0.000000000000
40.1 0.000000000000 0.000000000000 0.000000000000 0.000000000000 0.000000000000 0.000000000000 0.000000000000
40.2 0.000000000000 0.000000000000 0.000000000000 0.000000000000 0.000000000000 0.000000000000 0.000000000000
40.3 0.000000000000 0.000000000000 0.000000000000 0.000000000000 0.000000000000 0.000000000000 0.000000000000
40.4 0.000000000000 0.000000000000 0.000000000000 0.000000000000 0.000000000000 0.000000000000 0.000000000000
40.5 0.000000000000 0.000000000000 0.000000000000 0.000000000000 0.000000000000 0.000000000000 0.000000000000
40.6 0.000000000000 0.000000000000 0.000000000000 0.000000000000 0.000000000000 0.000000000000 0.000000000000
40.7 0.000000000000 0.000000000000 0.000000000000 0.000000000000 0.000000000000 0.000000000000 0.000000000000
40.8 0.000000000000 0.000000000000 0.000000000000 0.000000000000 0.000000000000 0.000000000000 0.000000000000
40.9 0.000000000000 0.000000000000 0.000000000000 0.000000000000 0.000000000000 0.000000000000 0.000000000000
41.0 0.054794634340 -0.081225012768 0.594922310309 0.270155391665 -0.828698506311 -0.428772219331 0.237548382275
41.1 0.000000000000 0.000000000000 0.000000000000 0.000000000000 0.000000000000 0.000000000000 0.000000000000
41.2 0.028733289585 -0.061477186596 0.726409891420 -0.280880074347 0.895035327446 -0.289863321732 0.189729810977
41.3 0.000000000000 0.000000000000 0.000000000000 0.000000000000 0.000000000000 0.000000000000 0.000000000000
41.4 0.018874286234 -0.047267893621 0.717765863795 -0.279880419789 0.884975993828 -0.313289923412 0.200832927714
41.5 0.000000000000 0.000000000000 0.000000000000 0.000000000000 0.000000000000 0.000000000000 0.000000000000
41.6 0.000000000000 0.000000000000 0.000000000000 0.000000000000 0.000000000000 0.000000000000 0.000000000000
41.7 0.027879410866 -0.056722980421 0.680949999908 0.273042629482 -0.856028110601 -0.383605431851 0.213331828385
41.8 0.030410025200 -0.051867066279 0.639954857939 0.268002698313 -0.856824115490 -0.387812388984 0.208874459337
41.9 0.000000000000 0.000000000000 0.000000000000 0.000000000000 0.000000000000 0.000000000000 0.000000000000
42.0 0.011063705321 -0.033522327141 0.702381262327 0.245276744805 -0.883592406367 0.364100557566 -0.162894327244
42.1 0.000000000000 0.000000000000 0.000000000000 0.000000000000 0.000000000000 0.000000000000 0.000000000000
42.2 0.000000000000 0.000000000000 0.000000000000 0.000000000000 0.000000000000 0.000000000000 0.000000000000
42.3 0.000000000000 0.000000000000 0.000000000000 0.000000000000 0.000000000000 0.000000000000 0.000000000000
42.4 0.000000000000 0.000000000000 0.000000000000 0.000000000000 0.000000000000 0.000000000000 0.000000000000
42.5 0.031578393744 -0.049139680339 0.749237738267 -0.252837420850 0.903622497292 -0.305920323274 0.161097414053
42.6 0.000000000000 0.000000000000 0.000000000000 0.000000000000 0.000000000000 0.000000000000 0.000000000000
42.7 0.000000000000 0.000000000000 0.000000000000 0.000000000000 0.000000000000 0.000000000000 0.000000000000
42.8 0.000000000000 0.000000000000 0.000000000000 0.000000000000 0.000000000000 0.000000000000 0.000000000000
42.9 0.000000000000 0.000000000000 0.000000000000 0.000000000000 0.000000000000 0.000000000000 0.000000000000
43.0 0.032715056814 -0.107453370449 0.697833283771 0.261347413822 -0.852539743952 -0.423888933252 0.158718891557
43.1 0.032304775374 -0.105273795018 0.678368210143 0.254999483326 -0.856407935895 -0.413774681947 0.174158615690
43.2 0.028873534418 -0.105907488919 0.677381690107 0.244025162770 -0.866629214769 -0.410550286075 0.144409094751
43.3 0.028773952995 -0.112742563018 0.728168705577 0.245103449224 -0.867727984995 -0.403274593029 0.156019376531
43.4 0.031203839863 -0.108969902757 0.682203534569 0.221404374487 -0.871523650845 -0.400437837839 0.176284335671
43.5 0.031417883361 -0.108368424271 0.714653614964 0.239110222788 -0.880914024205 -0.390267147017 0.120450559469
43.6 0.030116512079 -0.117937416190 0.833625079330 0.222138012721 -0.905236948048 -0.352849143058 0.081842858180
43.7 0.032630482259 -0.096250638123 0.694993593869 0.219980698625 -0.868564724350 -0.417062289679 0.152521665268
43.8 0.033181899653 -0.097939478133 0.715729786137 0.203422797856 -0.886683991114 -0.393278753735 0.133200927453
43.9 0.032421887162 -0.098404652351 0.761125059541 -0.207833493286 0.898505459859 0.376428558656 -0.088287699595
44.0 0.032649804738 -0.090952146751 0.755641953691 0.175584698546 -0.898722592176 -0.387465895154 0.106479556915
44.1 0.032010984024 -0.082667993487 0.706013866040 -0.194703772968 0.882562545867 0.418865628092 -0.087894135341
44.2 0.037880544516 -0.078123366228 0.677336419255 0.169772521536 -0.885966589091 -0.411993448730 0.128459690759
44.3 0.038858541475 -0.077732208148 0.664047896173 -0.140616960290 0.905210721317 0.388680623366 -0.098730914663
44.4 0.032572364690 -0.082042201694 0.703153890607 -0.149428523964 0.887634621088 0.431958573490 -0.056459600260
44.5 0.032059811775 -0.081975555193 0.684693937034 0.141137697176 -0.903010171170 -0.402341152173 0.052672369104
44.6 0.033792784746 -0.083979105460 0.686908686917 0.138729221988 -0.893440938902 -0.424454488875 0.048537393162
44.7 0.032725539862 -0.082894874453 0.672213272421 0.123474402207 -0.900552164775 -0.414511828128 0.044043329358
44.8 0.033624449019 -0.080260297752 0.669697526043 0.127542802266 -0.894602190285 -0.426599374432 0.037851399727
44.9 0.037344532176 -0.082670922119 0.696026008058 0.125646452494 -0.904114731230 -0.406667033199 0.037569214241
45.0 0.033968778602 -0.083112492398 0.694312553177 -0.120813672195 0.905684864057 0.406273863384 -0.008973937791
45.1 0.035354876388 -0.081361627919 0.665149528968 -0.119296520627 0.888260718592 0.442821712589 -0.025887580664
45.2 0.034321210567 -0.083490348897 0.669921283944 -0.115622456672 0.891311157952 0.438329541986 0.007942282198
45.3 0.033897830536 -0.084642834238 0.697566252044 -0.105239987388 0.896153936718 0.430569528080 -0.021036830774
45.4 0.033931855741 -0.091550823111 0.734730959247 -0.090139373672 0.914369707917 0.390634890283 0.056633144454
45.5 0.039868303881 -0.085593604776 0.685450823991 -0.096472450881 0.902313234844 0.420006801488 0.010871023424
45.6 0.038656230392 -0.084739478169 0.679138854011 -0.089958231539 0.911093691556 0.401853848612 0.018146243190
45.7 0.035961098060 -0.084532776003 0.680925371127 -0.076077036874 0.907249494963 0.410625249323 0.049975423649
45.8 0.032372041685 -0.089769936113 0.753212287576 -0.071325322537 0.926491506169 0.358815044481 0.088192693669
45.9 0.030747310291 -0.084242675919 0.692664612170 -0.057183022456 0.909684228029 0.408137354053 0.051269946804
46.0 0.032644499746 -0.054614994534 0.769925714906 -0.088309024095 0.960657085482 -0.247600930202 -0.089628453853
46.1 0.000000000000 0.000000000000 0.000000000000 0.000000000000 0.000000000000 0.000000000000 0.000000000000
46.2 0.002143763020 -0.077704252943 0.738569715061 -0.056826241088 0.914561696430 0.388340102716 0.097671113278
46.3 -0.002236572036 -0.077233934632 0.697360628182 -0.038771569917 0.903649162974 0.418892690872 0.080273713983
46.4 -0.003511894436 -0.078424520552 0.704979737380 -0.032032447230 0.930440424596 0.349379083274 0.105777099476
46.5 -0.001442447994 -0.075791703770 0.676350384052 -0.030074595233 0.921415483964 0.375268170877 0.096243568927
46.6 -0.001911522671 -0.076455893084 0.709834287426 -0.021042611923 0.928685293770 0.355362534514 0.104011069995
46.7 -0.005769326065 -0.076024181964 0.753364163111 -0.022080749339 0.935996543859 0.323254174117 0.137585062083
46.8 -0.005825700177 -0.073062103692 0.694255046771 -0.019968712223 0.924675704835 0.355302968566 0.135410088060
46.9 -0.007670183691 -0.072083303099 0.687973385801 -0.013282237084 0.929444779538 0.348247480980 0.121159712606
47.0 -0.010239335760 -0.069642650363 0.756347003590 -0.037434502064 0.943089937314 0.307109928758 0.121916036071
47.1 -0.008298006983 -0.067513653459 0.705775454252 -0.015455972469 0.926931990455 0.354220610155 0.122824905163
47.2 -0.005297727790 -0.064330937619 0.699529725083 -0.028994914477 0.925370700470 0.359354752129 0.117100485776
47.3 -0.009357640322 -0.059924615573 0.743542184652 -0.029767968789 0.943739967118 0.300085910440 0.135709943826
47.4 -0.010557312229 -0.057019983616 0.718754321561 -0.021219591068 0.934943430926 0.330470700518 0.127356295571
47.5 -0.010656488734 -0.057785834832 0.702938848311 -0.017950733103 0.927330747000 0.350048871455 0.131153514794
47.6 -0.014351350964 -0.057884135182 0.691011958773 -0.015046210160 0.920310783386 0.374803270619 0.111014331852
47.7 -0.018572690820 -0.060615257209 0.738859293981 -0.018143090869 0.943438830888 0.303757125333 0.131626780847
47.8 -0.019131271610 -0.064681010846 0.719191985849 -0.012634387837 0.927199607734 0.348844700499 0.135825750856
47.9 -0.025145389519 -0.039860386267 0.697741556851 -0.027266023499 -0.988867502286 0.032927855773 -0.142525026573
48.0 -0.025124300751 -0.058941327516 0.708010596734 -0.013984552770 0.932251616072 0.339438899530 0.124469233548
48.1 -0.025352210654 -0.056316756831 0.703086206213 -0.025023003193 0.929900890667 0.350675618404 0.108096223357
48.2 -0.027273587348 -0.052884065006 0.695078619130 -0.020504242512 0.926261240890 0.348657002830 0.141626212406
48.3 -0.033361982788 -0.049281672495 0.758384744008 -0.024541021622 0.946972983909 0.294339333541 0.126507955227
48.4 -0.037257293278 -0.045752752759 0.743825257493 -0.023397697143 0.931465079192 0.335169214903 0.139595671117
48.5 -0.045082946528 -0.046867383308 0.780528285582 -0.058361470223 0.921721797569 0.363936883455 0.120717900666
48.6 -0.050025213989 -0.054060672538 0.773696589566 -0.025796585227 0.924926777059 0.360896645966 0.116613053300
48.7 -0.044517216523 -0.057335126793 0.687023334293 -0.018372178580 0.919182631367 0.377854411239 0.109507064405
48.8 -0.045027565471 -0.054978910883 0.684162916087 -0.021329708016 0.919209567421 0.379589990107 0.102519530471
48.9 -0.044908863887 -0.053352625980 0.701309845794 -0.016353480336 0.925947268435 0.363101149892 0.102526946243
49.0 -0.043416040090 -0.051102425078 0.673551813110 -0.024394269625 0.919316647119 0.381668887360 0.092685933992
49.1 -0.042635013732 -0.050919383771 0.654197399752 -0.016523570247 0.916403396065 0.390018877890 0.088414151564
49.2 -0.052374888914 -0.055484320394 0.763992131405 -0.031923522268 0.943018316986 0.324060011106 0.068428442595
49.3 -0.043259799701 -0.058605011768 0.676145693603 -0.024915687653 0.926954858540 0.362035160107 0.095207360977
49.4 -0.043536899476 -0.060952531169 0.668043530052 -0.022489009857 0.910753308486 0.401658256461 0.093237870709
49.5 -0.041789238938 -0.058040278628 0.686202519847 -0.034843242217 0.926937008479 0.362965459854 0.088486189528
49.6 -0.046459588929 -0.057308611263 0.698588829445 -0.032515141603 0.919091798322 0.375713988716 0.114245483531
49.7 -0.057770623828 -0.042362046681 0.738384620147 -0.038923160358 0.988346846810 0.077740702613 0.124947513563
49.8 -0.057893851286 -0.053750782944 0.707941038493 -0.022679158922 0.917340112896 0.380234348174 0.115735100517
49.9 -0.069915849095 -0.062460920802 0.781133586118 -0.024127159614 0.930617921910 0.332678104543 0.150643427822
50.0 -0.070732397539 -0.064193098430 0.742465890221 -0.033529779034 0.923093933273 0.358416724444 0.135317389534
50.1 -0.083694599654 -0.076628581602 0.803921348974 -0.002844419507 0.943585714459 0.307732004880 0.122224882567
50.2 -0.074428839649 -0.076741336038 0.710804711853 0.005834608001 0.917435593711 0.368571878404 0.149775362430
50.3 -0.079030621438 -0.081306825221 0.748408914524 0.005140148355 0.924933832422 0.329242285947 0.189922356929
50.4 -0.074512810430 -0.080696755315 0.739720115333 0.016335423306 0.921587613649 0.327607660855 0.207563592334
50.5 -0.069606040467 -0.083586267690 0.765591095415 0.016307159421 0.933550630981 0.294228241344 0.204076059209
50.6 0.000000000000 0.000000000000 0.000000000000 0.000000000000 0.000000000000 0.000000000000 0.000000000000
50.7 -0.053381456423 -0.096026237216 0.780801881316 0.041008616249 0.927110653104 0.320955171096 0.189134630466
50.8 -0.043032237927 -0.092889676605 0.704501198123 0.042111685600 0.921276781056 0.338239367001 0.187269402825
50.9 -0.049171895385 -0.096921115848 0.747495506718 0.043598666870 0.926260571822 0.304186406499 0.218199769560
51.0 -0.053481065133 -0.096880810425 0.743349893263 0.032422895041 0.917016330069 0.336546677615 0.211580103152
51.1 -0.054852052923 -0.090882214939 0.672592062827 0.087745892961 0.896600850559 0.401053679549 0.166022646546
51.2 -0.062123899463 -0.092547267746 0.707287930883 0.043154537555 0.919248492864 0.321751743261 0.222700942892
51.3 -0.058054431305 -0.093787189090 0.753641852071 0.040914451181 0.918803210878 0.342557164720 0.191784400469
51.4 -0.053138781647 -0.092852646479 0.762310026966 0.057498376162 0.918420249296 0.328360710363 0.213019779155
51.5 -0.043305093425 -0.093629122012 0.736813026464 0.051370137647 0.911324631695 0.341710369069 0.223791305226
51.6 -0.031287642703 -0.092894473927 0.693145542416 0.040387700649 0.900879968286 0.371376837119 0.221050585226
51.7 -0.028541411588 -0.097001687110 0.735614505426 0.056822964820 0.911734258031 0.348889932020 0.209254889397
51.8 -0.021184295750 -0.098473326533 0.731576741942 0.055886190999 0.910263712347 0.351623701625 0.211323165071
51.9 -0.013322980873 -0.098878867445 0.747395352410 0.050247608909 0.903768082667 0.363440984357 0.220429311664
52.0 -0.001306325486 -0.102685891108 0.760961342206 0.052806708071 0.913591266863 0.346609239362 0.205972046361
52.1 0.004991675978 -0.101732678466 0.726999340157 0.051475662597 0.905501900699 0.351104701088 0.232684449127
52.2 0.008847893229 -0.103008241413 0.776354017864 0.056458245057 0.931759906309 0.293443430581 0.206220504822
52.3 0.009020745967 -0.095909377477 0.715540462699 0.042278714381 0.905047016441 0.344009715096 0.246494876744
52.4 0.007062478702 -0.095704465966 0.736501972692 0.042117811769 0.910525866976 0.338702527387 0.233343809518
52.5 0.002339038861 -0.099478502030 0.750448479685 0.042133012679 0.919577950850 0.317839956766 0.227110024958
52.6 -0.000004945654 -0.101671422753 0.741042794312 0.044423848672 0.916881214536 0.324035598170 0.228814971579
52.7 -0.004880281910 -0.089146723224 0.716695175474 0.021117845410 0.931746858924 0.252590146373 0.260000087396
52.8 -0.008621694625 -0.088501838299 0.723451365741 0.035685896629 0.914863282777 0.316619135722 0.248000027225
52.9 -0.004276223404 -0.089708074329 0.762547605644 0.050025640826 0.915066895032 0.341424977787 0.208755832061
53.0 -0.004656682470 -0.079444157812 0.718860272035 0.039614615728 0.915618000675 0.306035484000 0.257714263465
53.1 -0.006914380471 -0.075292070550 0.710357093506 0.039319269394 0.920620385555 0.303845130116 0.242054203970
53.2 -0.006602777647 -0.074850025724 0.713638682185 0.030115634710 0.919745625363 0.312785261008 0.235215674791
53.3 -0.006089437086 -0.074517007680 0.704593171337 0.026630956425 0.921667020681 0.316719203484 0.222507620754
53.4 -0.009185124576 -0.071806580271 0.707329429656 0.025066732155 0.916852225495 0.322227269392 0.234357083112
53.5 -0.014682980052 -0.064013170450 0.696767179198 0.027563294942 0.920401126513 0.307098978479 0.240400184072
53.6 -0.013428353872 -0.062861535955 0.689421014442 0.023882100578 0.921465100959 0.323625073337 0.213538111104
53.7 -0.012829288557 -0.062669028841 0.679736224612 0.021758022037 0.915961570667 0.332739073436 0.223216707590
53.8 -0.018182287406 -0.059127819448 0.689420612591 0.022039408105 0.916945719455 0.321757815177 0.234939823009
53.9 -0.020125037681 -0.059243274072 0.692392779002 0.019342152961 0.921175214748 0.318397753821 0.222901267862
54.0 -0.024204530756 -0.062589924940 0.721354254448 0.026634766355 0.929743678496 0.304128945462 0.205846705219
54.1 -0.029838390097 -0.065907818438 0.717225195284 0.025915667076 0.932943816367 0.290663796088 0.210852487170
54.2 0.000000000000 0.000000000000 0.000000000000 0.000000000000 0.000000000000 0.000000000000 0.000000000000
54.3 0.000000000000 0.000000000000 0.000000000000 0.000000000000 0.000000000000 0.000000000000 0.000000000000
54.4 -0.059102651947 -0.107192185244 0.732163818000 0.024026504995 0.941666300154 0.216918711968 0.256190512335
54.5 -0.060157739180 -0.115620536979 0.713635733989 0.028870439871 0.932700527874 0.210932314567 0.291107852311
54.6 -0.055472846030 -0.128354516083 0.715168123008 0.028882820700 0.938060175096 0.260678996739 0.226396447028
54.7 -0.053358851774 -0.125508241997 0.662541518905 0.053105268918 0.901657044467 0.340948750316 0.260669051165
54.8 -0.057555993323 -0.126004654848 0.698607144477 0.068968785155 0.908455721739 0.325013782055 0.253609049105
54.9 -0.061076715148 -0.122192235568 0.690320101640 0.052965691377 0.900531485010 0.331385604218 0.276443956997
55.0 0.000000000000 0.000000000000 0.000000000000 0.000000000000 0.000000000000 0.000000000000 0.000000000000
55.1 -0.069100814859 -0.102705259047 0.712211522253 0.053667961653 0.931886818051 0.171253996516 0.315243995839
55.2 -0.065417738025 -0.099137351076 0.690402278250 0.056953441541 0.907474512972 0.293501157564 0.295132824862
55.3 -0.065614216768 -0.097383166671 0.710173749092 0.055230714599 0.912979158402 0.286336102704 0.285359879411
55.4 -0.061806075619 -0.093808971085 0.683278744752 0.071271648116 0.906752391522 0.293825856820 0.293916346104
55.5 -0.067947275319 -0.088883138574 0.689140223094 0.071356391059 0.905451639712 0.272187609565 0.317772715628
55.6 -0.070841308311 -0.086930237679 0.700385573900 0.079450116093 0.905256903279 0.255264542240 0.330208466872
55.7 -0.067771881454 -0.083740181357 0.683764894106 0.075477463275 0.910572487146 0.264475085618 0.308567378831
55.8 -0.066150837809 -0.084062705550 0.674510330731 0.064499382556 0.906770364806 0.277478609773 0.310826247729
55.9 -0.068286204737 -0.082852125245 0.680808556100 0.078412335345 0.902643916211 0.251059877406 0.340667585997
56.0 -0.064981415769 -0.079817140018 0.651122590691 0.070360150154 0.895575630630 0.281065337863 0.337632958912
56.1 -0.073174646689 -0.079627850553 0.709340588452 0.074876687824 0.906466991368 0.219282924399 0.353024183658
56.2 -0.075307550542 -0.065779223887 0.691001816663 0.068121596255 0.905126950419 0.204284050733 0.366568790769
56.3 -0.069896286265 -0.061906803783 0.659263233618 0.077698754541 0.897875072691 0.256322170393 0.349402636435
56.4 -0.070975039004 -0.060642338356 0.660895138891 0.082628371793 0.893472549674 0.273370422875 0.346623667760
56.5 -0.075949356716 -0.065582656587 0.709408433341 0.086896812840 0.909349435985 0.234791757943 0.332273046745
56.6 -0.078867017675 -0.072721070452 0.707274805717 0.082625871378 0.901124521263 0.270956456832 0.328222730868
56.7 -0.079962914318 -0.073897633000 0.660376161409 0.080013081292 0.890076779415 0.259143867959 0.366340946753
56.8 -0.081266124619 -0.074558659290 0.661722538712 0.078260080916 0.898521462280 0.261835068696 0.343477711589
56.9 -0.085747867032 -0.078433055393 0.687049657196 0.080038566811 0.903190835840 0.251619616983 0.338419429447
57.0 -0.087119805829 -0.083362431339 0.702255624511 0.052792825375 0.914048665105 0.210913028724 0.342408600540
57.1 -0.092698738930 -0.093596602794 0.714084376893 0.069325317708 0.909881869943 0.197660324143 0.358105262924
57.2 0.000000000000 0.000000000000 0.000000000000 0.000000000000 0.000000000000 0.000000000000 0.000000000000
57.3 0.000000000000 0.000000000000 0.000000000000 0.000000000000 0.000000000000 0.000000000000 0.000000000000
57.4 -0.087635828663 -0.124359232057 0.634097657114 0.081109134880 0.888354638948 0.297048001089 0.340602156111
57.5 -0.090567103836 -0.127580868253 0.639485465506 0.089429725248 0.869938775422 0.327587991342 0.357624047272
57.6 -0.090073032221 -0.122193892581 0.637253426631 0.104137470420 0.885006944835 0.287286368569 0.351261494165
57.7 -0.094493298711 -0.125924502291 0.688803863439 0.121590895567 0.868727130597 0.334378514946 0.344557448653
57.8 -0.077314310515 -0.116411883090 0.641131017567 0.084004353477 0.878467456453 0.323604774005 0.341347545458
57.9 0.000000000000 0.000000000000 0.000000000000 0.000000000000 0.000000000000 0.000000000000 0.000000000000
58.0 -0.061792971462 -0.114594786953 0.677697536755 0.114864753888 0.869308368781 0.344417576390 0.335388701890
58.1 -0.058488836049 -0.117540010459 0.673186355998 0.110639306955 0.874082947349 0.300232799741 0.365510890222
58.2 -0.054852933647 -0.116233763683 0.622867008554 0.114979728352 0.865957461093 0.326639722404 0.360837677348
58.3 -0.058998495547 -0.121100532363 0.721350334275 0.095649224763 0.901158994076 0.312527973702 0.284762987151
58.4 0.000000000000 0.000000000000 0.000000000000 0.000000000000 0.000000000000 0.000000000000 0.000000000000
58.5 -0.035764589309 -0.110340327821 0.661577401299 0.149903224317 0.858456340265 0.353202698346 0.340337463526
58.6 -0.023769780075 -0.112420588566 0.666367745495 0.158937305421 0.870450819102 0.347644400279 0.310157500998
58.7 -0.012246448679 -0.121998751009 0.717070862086 0.162854703652 0.879277260757 0.329271264828 0.303200063280
58.8 -0.004398244944 -0.119672839640 0.710150677056 0.157960921641 0.883510979396 0.318681560900 0.304792977715
58.9 0.003688928030 -0.116978865457 0.686969752955 0.175194447733 0.878475938212 0.371730900266 0.243727448709
59.0 0.000000000000 0.000000000000 0.000000000000 0.000000000000 0.000000000000 0.000000000000 0.000000000000
59.1 0.000000000000 0.000000000000 0.000000000000 0.000000000000 0.000000000000 0.000000000000 0.000000000000
59.2 0.000000000000 0.000000000000 0.000000000000 0.000000000000 0.000000000000 0.000000000000 0.000000000000
59.3 0.000000000000 0.000000000000 0.000000000000 0.000000000000 0.000000000000 0.000000000000 0.000000000000
59.4 0.000000000000 0.000000000000 0.000000000000 0.000000000000 0.000000000000 0.000000000000 0.000000000000
59.5 0.000000000000 0.000000000000 0.000000000000 0.000000000000 0.000000000000 0.000000000000 0.000000000000
59.6 0.000000000000 0.000000000000 0.000000000000 0.000000000000 0.000000000000 0.000000000000 0.000000000000
59.7 0.016933566747 -0.000069582559 0.650498537952 0.138178161341 0.892791619887 0.298393662250 0.307881700522
59.8 0.007697872667 0.007645776344 0.678982200754 0.131786732364 0.895167025648 0.271205353723 0.328261952529
59.9 -0.001666677676 0.013028768221 0.651015000436 0.131772168667 0.898234659316 0.270261134616 0.320576841778
60.0 -0.012012898215 0.017761163618 0.671392482974 0.146287902398 0.894138302272 0.284546716345 0.313288544698
60.1 0.000000000000 0.000000000000 0.000000000000 0.000000000000 0.000000000000 0.000000000000 0.000000000000
60.2 -0.031418657320 0.021400843838 0.667782240294 0.154465721534 0.907968892791 0.308712334366 0.237548995378
60.3 0.000000000000 0.000000000000 0.000000000000 0.000000000000 0.000000000000 0.000000000000 0.000000000000
60.4 -0.058254197296 0.032452572852 0.745198015539 0.124601799522 0.902039489882 0.248807265400 0.329991052809
60.5 -0.066074549005 0.031669318204 0.740095809837 0.118357828463 0.902013967389 0.248073774305 0.332898827843
60.6 -0.068139813776 0.027900492493 0.712666921422 0.108155098842 0.897218656802 0.244212456410 0.351655275256
60.7 -0.067522261165 0.021184509536 0.663513008883 0.086484602966 0.889459750987 0.251570678405 0.371609954913
60.8 -0.070514826761 0.017260645609 0.667505540688 0.082712658465 0.892534311684 0.254065643646 0.363306712456
60.9 -0.083468772199 0.016996806912 0.724577246526 0.097386695625 0.900111623075 0.254408972846 0.339986723351
61.0 -0.075425808106 0.007933197790 0.641624121581 0.091967306644 0.884177912143 0.287593994485 0.356456348692
61.1 -0.078220005570 0.008304070050 0.639461224542 0.080466995288 0.890298226306 0.262413805818 0.363363626992
61.2 -0.088761263541 0.008838520444 0.693810889927 0.089124757695 0.897766832501 0.255698054383 0.347404658879
61.3 0.000000000000 0.000000000000 0.000000000000 0.000000000000 0.000000000000 0.000000000000 0.000000000000
61.4 -0.090126347181 -0.007385251926 0.682502989044 0.070224035771 0.892853601460 0.270385542478 0.353231778835
61.5 -0.086280146577 -0.013746124877 0.644505227985 0.073852213615 0.880336232064 0.291964434266 0.366484294593
61.6 -0.085780806097 -0.017279066480 0.638276993547 0.077170151070 0.881962549785 0.296801828013 0.357904321640
61.7 0.000000000000 0.000000000000 0.000000000000 0.000000000000 0.000000000000 0.000000000000 0.000000000000
61.8 0.000000000000 0.000000000000 0.000000000000 0.000000000000 0.000000000000 0.000000000000 0.000000000000
61.9 -0.110734594420 -0.036965341281 0.755690915203 0.057020065508 0.927078659463 0.137184188722 0.344172005924
62.0 -0.101593329533 -0.048916362152 0.700145646782 0.083134936263 0.907232851905 0.195659110350 0.362952679195
62.1 -0.091788153907 -0.055981313525 0.638030084529 0.079799431125 0.878437241972 0.316299873112 0.349191141035
62.2 -0.098713673303 -0.055917004599 0.676449252946 0.091253342960 0.879607662828 0.314498298395 0.345042036858
62.3 -0.097424356608 -0.055972834515 0.648057460863 0.091006125013 0.876555014945 0.298434655986 0.366477757977
62.4 -0.106007965746 -0.070883027910 0.713493680133 0.106434729774 0.878662929662 0.317999639972 0.339851928511
62.5 -0.098906517021 -0.068922179048 0.720774369361 0.095086464875 0.895515851481 0.300396598452 0.314279823695
62.6 -0.101139502122 -0.057290363201 0.705242360221 0.102644839036 0.908491567486 0.330771767526 0.233874211136
62.7 -0.095489539927 -0.050475256008 0.703439350197 0.092408195280 0.883149122490 0.310569478016 0.339197512101
62.8 -0.100050424339 -0.051683645383 0.697316802199 0.097173043268 0.890201281597 0.294512958779 0.333708248350
62.9 -0.126213040484 -0.068468799944 0.846746194828 0.173314289868 0.849656036562 0.068158096827 -0.493357122476
63.0 -0.097020562886 -0.054747638055 0.667103899486 0.081991482937 0.881681414906 0.312000448847 0.344341399276
63.1 -0.102802971565 -0.057052455250 0.718844723043 0.100772045793 0.893614623339 0.284643509128 0.332078262540
63.2 -0.096906006926 -0.058622368653 0.687243678855 0.090618325588 0.887805270078 0.309699733763 0.328140513191
63.3 0.000000000000 0.000000000000 0.000000000000 0.000000000000 0.000000000000 0.000000000000 0.000000000000
63.4 0.000000000000 0.000000000000 0.000000000000 0.000000000000 0.000000000000 0.000000000000 0.000000000000
63.5 0.000000000000 0.000000000000 0.000000000000 0.000000000000 0.000000000000 0.000000000000 0.000000000000
63.6 -0.062819045618 -0.077058618134 0.755891357970 0.032342714284 0.920793179500 0.281908217755 0.267622170569
63.7 -0.043985063882 -0.076408425512 0.673034975942 0.097040163760 0.900468944908 0.357106015113 0.228504222813
63.8 -0.042521897826 -0.074494945159 0.664551605345 0.119627525714 0.899457973410 0.360672621365 0.215823699716
63.9 -0.041446950740 -0.074205390648 0.734768008545 0.053034792542 0.924577458858 0.274155340514 0.259196224162
64.0 0.000000000000 0.000000000000 0.000000000000 0.000000000000 0.000000000000 0.000000000000 0.000000000000
64.1 -0.034392967529 -0.048589887034 0.700117430673 0.018076415176 0.934713384823 0.208843556571 0.286999129487
64.2 -0.034889387166 -0.047128088500 0.666254844878 0.049528226654 0.906736342552 0.307457320291 0.284334584704
64.3 -0.038596888501 -0.037804982530 0.704620529554 0.022959353597 0.937431011913 0.236891957802 0.254122345171
64.4 -0.040592751219 -0.034237884898 0.708179233203 0.030318167145 0.926668147479 0.293041845569 0.233438278640
64.5 -0.032936815691 -0.030326523806 0.711711448788 0.046648742064 0.933463380256 0.290502264441 0.205130316969
64.6 -0.026115135428 -0.037897840147 0.678063056120 0.023828275295 0.914459246097 0.317865673684 0.249314889282
64.7 0.000000000000 0.000000000000 0.000000000000 0.000000000000 0.000000000000 0.000000000000 0.000000000000
64.8 -0.017391553473 -0.050430339856 0.702532204586 0.041688808625 0.922725243372 0.306248691429 0.230329996911
64.9 -0.018315041662 -0.051945237986 0.745203273868 0.035420501059 0.935285253226 0.291619787636 0.197344325132
65.0 0.000000000000 0.000000000000 0.000000000000 0.000000000000 0.000000000000 0.000000000000 0.000000000000
65.1 0.000000000000 0.000000000000 0.000000000000 0.000000000000 0.000000000000 0.000000000000 0.000000000000
65.2 0.000000000000 0.000000000000 0.000000000000 0.000000000000 0.000000000000 0.000000000000 0.000000000000
65.3 0.000000000000 0.000000000000 0.000000000000 0.000000000000 0.000000000000 0.000000000000 0.000000000000
65.4 -0.012611513339 -0.069506840466 0.708518593698 0.032286276109 0.917880697011 0.339815620627 0.202430151920
65.5 0.000000000000 0.000000000000 0.000000000000 0.000000000000 0.000000000000 0.000000000000 0.000000000000
65.6 0.000000000000 0.000000000000 0.000000000000 0.000000000000 0.000000000000 0.000000000000 0.000000000000
65.7 0.000000000000 0.000000000000 0.000000000000 0.000000000000 0.000000000000 0.000000000000 0.000000000000
65.8 0.000000000000 0.000000000000 0.000000000000 0.000000000000 0.000000000000 0.000000000000 0.000000000000
65.9 0.000000000000 0.000000000000 0.000000000000 0.000000000000 0.000000000000 0.000000000000 0.000000000000
66.0 -0.062670939678 -0.125362029359 0.656826704196 0.010245059432 0.882163625868 0.423776433988 0.205172878201
66.1 0.000000000000 0.000000000000 0.000000000000 0.000000000000 0.000000000000 0.000000000000 0.000000000000
66.2 0.000000000000 0.000000000000 0.000000000000 0.000000000000 0.000000000000 0.000000000000 0.000000000000
66.3 -0.043211185863 -0.108398124035 0.719402468552 -0.057790339695 0.941117301499 0.308417778648 0.125845044683
66.4 -0.045591486828 -0.112267499520 0.729529951140 -0.017277540427 0.896472905538 0.379306555842 0.228395168355
66.5 -0.038057771556 -0.105912677716 0.692899032302 -0.019439962977 0.894429782114 0.373317471800 0.245461846234
66.6 -0.031566065409 -0.103626473479 0.647743838404 -0.016110039938 0.880354150528 0.414526140610 0.229967639055
66.7 0.000000000000 0.000000000000 0.000000000000 0.000000000000 0.000000000000 0.000000000000 0.000000000000
66.8 -0.035317747948 -0.123691716964 0.663598996227 -0.009113522142 0.881910012575 0.414542113048 0.224291127654
66.9 0.000000000000 0.000000000000 0.000000000000 0.000000000000 0.000000000000 0.000000000000 0.000000000000
67.0 0.000000000000 0.000000000000 0.000000000000 0.000000000000 0.000000000000 0.000000000000 0.000000000000
67.1 -0.027040328144 -0.111814013976 0.733582742080 -0.010738089670 0.924546246541 0.311985925606 0.218549110410
67.2 -0.020922759027 -0.104437552000 0.684175726894 -0.034715241151 0.890416200960 0.407674335806 0.199387755453
67.3 -0.015590777287 -0.101385184211 0.660534951144 -0.064486566091 0.897931860397 0.396907068691 0.178954283832
67.4 -0.016738769319 -0.108797073721 0.718613749439 -0.023960892101 0.892401860741 0.402040707952 0.203489714102
67.5 -0.018003188681 -0.106379870819 0.682277410728 0.002879365412 0.893811587387 0.411555171951 0.178086765225
67.6 -0.026298515111 -0.110050393189 0.753279995672 -0.020838307280 0.895608990126 0.388994432785 0.214787413544
67.7 0.000000000000 0.000000000000 0.000000000000 0.000000000000 0.000000000000 0.000000000000 0.000000000000
67.8 -0.019780832507 -0.088228839111 0.725452372036 -0.016026127324 0.903946148876 0.342406573148 0.255699553854
67.9 -0.024295231681 -0.081589786815 0.710059556379 0.006459267555 0.892061222981 0.405969958842 0.198427429642
68.0 0.000000000000 0.000000000000 0.000000000000 0.000000000000 0.000000000000 0.000000000000 0.000000000000
68.1 0.000000000000 0.000000000000 0.000000000000 0.000000000000 0.000000000000 0.000000000000 0.000000000000
68.2 0.000000000000 0.000000000000 0.000000000000 0.000000000000 0.000000000000 0.000000000000 0.000000000000
68.3 -0.073448550385 -0.082051486308 0.700274862714 0.000787058561 0.866655034889 0.397688500876 0.301251203003
68.4 -0.077041042243 -0.077783164417 0.747223111875 0.015620629573 0.907726268364 0.333274091584 0.254396142921
68.5 -0.067925847206 -0.079316180907 0.711833973023 0.007989851667 0.866557851898 0.410718603334 0.283414679328
68.6 -0.056115310568 -0.080965621481 0.686565186938 0.005530107071 0.863261837340 0.408362501080 0.296628531702
68.7 -0.053691929964 -0.087621076836 0.698903950170 0.018340862848 0.867173486752 0.405951084262 0.287884479976
68.8 -0.049570603255 -0.089428443160 0.701154560666 0.009818821214 0.865502867975 0.419185024833 0.274029726915
68.9 -0.043713544806 -0.086785105829 0.682263969621 0.010454268380 0.861929902878 0.418922018374 0.285432817522
69.0 -0.042906208935 -0.090875561196 0.708522021546 0.019866327190 0.868917951929 0.402848553319 0.286879704665
69.1 -0.038683609619 -0.091749929316 0.685526752932 0.009783257970 0.863172644926 0.420822478422 0.278829185289
69.2 -0.035886848358 -0.100400037930 0.694087913081 0.017889262854 0.851588472799 0.465190465325 0.240987298923
69.3 0.000000000000 0.000000000000 0.000000000000 0.000000000000 0.000000000000 0.000000000000 0.000000000000
69.4 -0.015977700084 -0.104300048668 0.681126584476 0.033383031026 0.854941030311 0.455195060378 0.246493133654
69.5 0.000000000000 0.000000000000 0.000000000000 0.000000000000 0.000000000000 0.000000000000 0.000000000000
69.6 -0.011485083941 -0.119805809761 0.709432137153 0.045508786914 0.873214158201 0.414910064823 0.251546461591
69.7 0.000000000000 0.000000000000 0.000000000000 0.000000000000 0.000000000000 0.000000000000 0.000000000000
69.8 0.000000000000 0.000000000000 0.000000000000 0.000000000000 0.000000000000 0.000000000000 0.000000000000
69.9 -0.033734679570 -0.094984316350 0.712386825824 0.032664271804 0.870272071624 0.403163217489 0.281103160356
70.0 -0.033529647738 -0.087977897025 0.674121336278 0.032697820986 0.857632691619 0.430698119383 0.279098815349
70.1 0.006060943836 0.009978076137 0.043745362030 0.485958431251 0.678180391884 0.508412864763 -0.213148113064
70.2 -0.043828360514 -0.077379463489 0.714771397523 0.044662617455 0.886386945511 0.392491927212 0.241399089690
70.3 -0.044485385892 -0.071610993546 0.668025285149 0.067037901038 0.849906983785 0.481633888697 0.202960183279
70.4 -0.051796524210 -0.067774077728 0.678509232801 0.043190209854 0.856063976801 0.456203457895 0.239097215377
70.5 0.000000000000 0.000000000000 0.000000000000 0.000000000000 0.000000000000 0.000000000000 0.000000000000
70.6 -0.061916066796 -0.057778044845 0.664041692212 0.055357346437 0.847028944134 0.463457779168 0.254331317229
70.7 -0.066052229094 -0.056165242428 0.688527687558 0.047115268040 0.845453431768 0.457929394344 0.270719995614
70.8 -0.109776126132 -0.071975222522 0.880740749113 0.219562004652 0.898229518968 0.380701140098 0.006549755359
70.9 0.000000000000 0.000000000000 0.000000000000 0.000000000000 0.000000000000 0.000000000000 0.000000000000
71.0 0.000000000000 0.000000000000 0.000000000000 0.000000000000 0.000000000000 0.000000000000 0.000000000000
71.1 0.000000000000 0.000000000000 0.000000000000 0.000000000000 0.000000000000 0.000000000000 0.000000000000
71.2 0.000000000000 0.000000000000 0.000000000000 0.000000000000 0.000000000000 0.000000000000 0.000000000000
71.3 0.000000000000 0.000000000000 0.000000000000 0.000000000000 0.000000000000 0.000000000000 0.000000000000
71.4 0.000000000000 0.000000000000 0.000000000000 0.000000000000 0.000000000000 0.000000000000 0.000000000000
71.5 -0.094781262971 -0.111211851144 0.665387769693 0.059444905030 0.840908687986 0.467982475123 0.265200461376
71.6 -0.108460217169 -0.115942371631 0.731318657460 0.060456393213 0.864515779079 0.433283847617 0.247432010129
71.7 -0.090608440682 -0.103333482509 0.655965025528 0.045516234434 0.846143312907 0.457839017668 0.268985502074
71.8 -0.093675701900 -0.104408242428 0.724483429959 0.139492741144 0.973984183163 0.151982300499 0.093797475720
71.9 0.000000000000 0.000000000000 0.000000000000 0.000000000000 0.000000000000 0.000000000000 0.000000000000
72.0 -0.082237792689 -0.113908213136 0.629436267397 0.055387973428 0.833549166118 0.497298474240 0.234141383744
72.1 0.000000000000 0.000000000000 0.000000000000 0.000000000000 0.000000000000 0.000000000000 0.000000000000
72.2 0.000000000000 0.000000000000 0.000000000000 0.000000000000 0.000000000000 0.000000000000 0.000000000000
72.3 0.000000000000 0.000000000000 0.000000000000 0.000000000000 0.000000000000 0.000000000000 0.000000000000
72.4 -0.057887147310 -0.091653479159 0.625992243814 0.037336741010 0.833841399869 0.477642455753 0.274175440361
72.5 0.000000000000 0.000000000000 0.000000000000 0.000000000000 0.000000000000 0.000000000000 0.000000000000
72.6 0.000000000000 0.000000000000 0.000000000000 0.000000000000 0.000000000000 0.000000000000 0.000000000000
72.7 0.000000000000 0.000000000000 0.000000000000 0.000000000000 0.000000000000 0.000000000000 0.000000000000
72.8 0.000000000000 0.000000000000 0.000000000000 0.000000000000 0.000000000000 0.000000000000 0.000000000000
72.9 0.000000000000 0.000000000000 0.000000000000 0.000000000000 0.000000000000 0.000000000000 0.000000000000
73.0 0.000000000000 0.000000000000 0.000000000000 0.000000000000 0.000000000000 0.000000000000 0.000000000000
73.1 -0.055030814445 -0.048101014610 0.686182029054 -0.002298943402 0.905214217671 0.353793357102 0.235397951256
73.2 0.000000000000 0.000000000000 0.000000000000 0.000000000000 0.000000000000 0.000000000000 0.000000000000
73.3 -0.066512666977 -0.055761823381 0.639399861367 0.050463173563 0.880910975177 0.387427069625 0.267113435920
73.4 0.000000000000 0.000000000000 0.000000000000 0.000000000000 0.000000000000 0.000000000000 0.000000000000
73.5 0.000000000000 0.000000000000 0.000000000000 0.000000000000 0.000000000000 0.000000000000 0.000000000000
73.6 0.000000000000 0.000000000000 0.000000000000 0.000000000000 0.000000000000 0.000000000000 0.000000000000
73.7 0.000000000000 0.000000000000 0.000000000000 0.000000000000 0.000000000000 0.000000000000 0.000000000000
73.8 0.000000000000 0.000000000000 0.000000000000 0.000000000000 0.000000000000 0.000000000000 0.000000000000
73.9 0.000000000000 0.000000000000 0.000000000000 0.000000000000 0.000000000000 0.000000000000 0.000000000000
74.0 -0.128131472719 -0.080004496061 0.696519589400 0.093493713377 0.896308071966 0.352313008594 0.252519919339
74.1 -0.137982041492 -0.071838982750 0.731137746327 -0.030060778297 0.922633473088 0.261460138123 0.281926267167
74.2 0.000000000000 0.000000000000 0.000000000000 0.000000000000 0.000000000000 0.000000000000 0.000000000000
74.3 0.000000000000 0.000000000000 0.000000000000 0.000000000000 0.000000000000 0.000000000000 0.000000000000
74.4 0.000000000000 0.000000000000 0.000000000000 0.000000000000 0.000000000000 0.000000000000 0.000000000000
74.5 0.000000000000 0.000000000000 0.000000000000 0.000000000000 0.000000000000 0.000000000000 0.000000000000
74.6 0.000000000000 0.000000000000 0.000000000000 0.000000000000 0.000000000000 0.000000000000 0.000000000000
74.7 0.000000000000 0.000000000000 0.000000000000 0.000000000000 0.000000000000 0.000000000000 0.000000000000
74.8 -0.114231419015 -0.102897580062 0.698996133946 -0.084229176380 -0.975927386554 0.197463069032 0.038464508159
74.9 -0.096176639901 -0.110811929377 0.539860786736 -0.000159672546 0.825114934934 0.462050372623 0.325107323530
75.0 -0.141740073064 -0.129961247211 0.715711668681 -0.020079538853 0.899412936350 0.250721143067 0.357480195906
75.1 0.000000000000 0.000000000000 0.000000000000 0.000000000000 0.000000000000 0.000000000000 0.000000000000
75.2 -0.108703981886 -0.133842623036 0.634260482168 0.049554097634 0.882058494889 0.348436381657 0.313224026761
