11.3 0.080446664260 0.044445054457 0.802770055292 -0.115444927693 0.855007812637 0.265941998431 -0.430010421350
12.0 0.078022479265 0.039847823962 0.793926467634 -0.119374254061 0.839985475977 0.257810630548 -0.462285481485
12.1 0.075209407609 0.037994370501 0.780468144896 -0.138535737933 0.830971295134 0.278366701080 -0.461309587705
13.1 0.083389274039 0.048632487167 0.827947210356 -0.128475075161 0.870005139003 0.248660201180 -0.405898161513
13.3 0.098770475871 0.053674864977 0.878729195548 -0.135312007791 0.856892337355 0.266292679542 -0.420136158348
13.5 0.096194777083 0.048361010532 0.808216683676 -0.128657333231 0.839437093625 0.273135973084 -0.451873208611
13.6 0.103960953487 0.055931626050 0.858339348472 -0.124489353159 0.859782579816 0.229643837183 -0.438793829081
13.7 0.097176288509 0.046552694284 0.785242622616 -0.119158035765 0.836140310412 0.291161474915 -0.449328097655
13.9 0.133128051151 0.067654577400 1.002108364355 -0.190473742104 0.876384412811 0.281208732448 -0.341455360694
14.2 0.093443406123 0.044829366036 0.791947723608 -0.110020546919 0.856197740186 0.273172142086 -0.424497219949
14.3 0.100326156477 0.050548405392 0.867982144985 -0.124901204225 0.864896890185 0.246875277361 -0.418814584224
14.5 0.079872962829 0.036419870117 0.777523472368 -0.125513953047 0.861771810372 0.297596149464 -0.391193208354
14.6 0.076951128088 0.035294344665 0.769698436299 -0.116741636033 0.863356700660 0.300508580241 -0.388176752323
31.3 0.139815130087 0.038215291440 0.950490779215 -0.077741465342 0.912787466764 0.236727025769 -0.323628831156
32.0 0.118024286215 0.016290868324 0.961195538753 -0.067884978294 0.910562185342 0.266980927235 -0.308203375775
34.4 0.170976875669 0.031210220561 0.916746192399 -0.039525815071 0.908345777591 0.220969268271 -0.352871422413
34.7 0.171879800776 0.019974004527 0.909633040953 -0.042821022661 0.923227075034 0.245772573026 -0.292256685622
34.9 0.188229064340 0.030011192563 0.962472337892 -0.044829033114 0.930408034809 0.206727617473 -0.299324136560
36.1 0.238451831182 0.045633415711 1.005817422575 -0.056046997712 0.937977394951 0.177214260322 -0.292664050657
