167.1 0.085572985665 0.020098367398 0.653938497595 -0.095379034843 0.954602319148 0.166666357165 -0.227726979911
168.7 0.080637201680 0.018848042479 0.639926716317 -0.093912546619 0.962211121690 0.152955827854 -0.204779651354
170.7 0.083330014125 0.018163079406 0.645831663894 -0.092397304978 0.957631285246 0.153449175063 -0.225518092896
171.0 0.083946216804 0.018549564446 0.637062227649 -0.101480706429 0.955908551356 0.150854643014 -0.230615230089
171.7 0.088321726878 0.022607162958 0.641041914233 -0.083526315187 0.960136801705 0.138640956107 -0.227902088566
172.7 0.090715634175 0.019814537010 0.649796614419 -0.094446614695 0.956281609051 0.151760970010 -0.231460426735
172.8 0.090952232274 0.020945166480 0.651603341538 -0.090244083979 0.958593314947 0.134136673959 -0.234440215289
173.1 0.092277291216 0.020484513389 0.654313373033 -0.093190808305 0.951141190526 0.173635054305 -0.237690506433
173.3 0.092357928591 0.019902752051 0.647765882863 -0.086963400596 0.957198423753 0.155960360254 -0.227782594926
174.3 0.088167237002 0.023962880462 0.641125269651 -0.092061938250 0.957726185242 0.126011533067 -0.241673844594
174.4 0.089276713750 0.024171167524 0.642226691372 -0.090125816938 0.960821781043 0.111778655850 -0.237074617562
174.5 0.089938530973 0.024855522000 0.649064447334 -0.094567726930 0.958247040205 0.134016749186 -0.234220122747
177.4 0.092285694504 0.019450424641 0.641502992410 -0.089534552678 0.953100314048 0.151885567695 -0.245996198271
177.5 0.091453870219 0.018237007919 0.639765471641 -0.095285085561 0.950904894690 0.171468805759 -0.239372267349
177.8 0.090566714956 0.021677576818 0.629922344401 -0.103845672009 0.949569770462 0.154785674976 -0.252140282884
179.0 0.086683329636 0.028348158914 0.656250897324 -0.085826901703 0.958135040832 0.128057802367 -0.241272016048
179.2 0.084567052207 0.027662068204 0.655242401383 -0.089230871002 0.957025101005 0.109831667042 -0.253135956791
179.7 0.080645504371 0.024092331608 0.643432766311 -0.089563858775 0.952806930574 0.128890387596 -0.259854836855
181.5 0.071382745833 0.025034873016 0.652162215969 -0.091168915959 0.951348351951 0.138941240743 -0.259460736188
181.9 0.071927727287 0.027792735791 0.667532453599 -0.090794515041 0.955414409268 0.120466115668 -0.253825880431
194.9 0.083714362416 0.033337510842 0.705616889745 -0.192183502956 0.897517604891 0.175230804019 -0.356120506887
203.0 0.084299015003 0.037324018922 0.659679576330 -0.090628233454 0.945116453476 0.088014138164 -0.301321960952
205.0 0.099019298156 0.017427532730 0.658254557680 -0.218382939809 0.865121144585 0.182919397375 -0.412813263906
205.9 0.092662504646 0.037751472808 0.655512596058 -0.101113030840 0.929583767580 0.093101432237 -0.342026749482
207.7 0.091994789989 0.031307076655 0.640458318323 -0.102061717324 0.935779611762 0.096870202661 -0.323289480039
208.3 0.091942627660 0.026619291820 0.613740630744 -0.098032788714 0.915249468444 0.116917768661 -0.372878288751
208.8 0.092963342292 0.028597732617 0.609879112312 -0.106742959073 0.910739399530 0.132096553827 -0.376444135696
208.9 0.093289990081 0.027828730766 0.611557642942 -0.105057735549 0.918653050565 0.112640247795 -0.363801621032
211.5 0.083993670350 0.027419781537 0.604081111057 -0.104094528803 0.917756762281 0.097239478951 -0.370717329098
211.9 0.088775036523 0.033270637257 0.633114891371 -0.092579825731 0.916509611804 0.104305799740 -0.374912533106
212.5 0.091755902852 0.035816034074 0.642290033564 -0.094610823696 0.921689500429 0.077720136427 -0.368098950327
212.7 0.088806282106 0.037032082514 0.629660824850 -0.094351605017 0.914240424740 0.097366123669 -0.381814167316
213.0 0.086468941994 0.033448134399 0.610213858994 -0.090152267890 0.920820692586 0.100857743420 -0.365772519870
213.2 0.087253701060 0.031824039196 0.604629189481 -0.098157556033 0.921551326817 0.113917681812 -0.357953918831
213.3 0.086533601632 0.031222554132 0.602106591620 -0.090801905371 0.910164311213 0.107740424003 -0.389548381606
213.4 0.086206349850 0.032296363558 0.608422628334 -0.089982137853 0.912963096081 0.104306112583 -0.384085713011
213.7 0.088494110428 0.035248126261 0.623756944030 -0.097078844602 0.913793887530 0.079949660913 -0.386218177670
213.9 0.083338763653 0.030743368746 0.597739815187 -0.092232449683 0.914024281568 0.117346506498 -0.377203639090
214.5 0.081056517498 0.029578500193 0.590564075441 -0.092944672735 0.915119206006 0.111258858483 -0.376217481012
214.9 0.080588677853 0.034104072020 0.599512747519 -0.092488568024 0.918271425351 0.104901996530 -0.370430864389
215.3 0.080261669208 0.026916423745 0.581172410229 -0.091552375077 0.896786486615 0.183671601174 -0.391990947555
215.5 0.078694788126 0.031320563623 0.587175596124 -0.084881659327 0.911593738092 0.144557161374 -0.375360077362
215.7 0.079596802481 0.033677077624 0.588749930901 -0.084558068296 0.891347350524 0.166454327488 -0.413089325281
215.8 0.079111918023 0.032798418233 0.590865664513 -0.084193563120 0.913449770183 0.100425922146 -0.385273403499
215.9 0.074992528684 0.028172421663 0.572614847940 -0.093496586166 0.908019720304 0.138828273226 -0.384038131528
216.1 0.078277102061 0.031209629838 0.587001091797 -0.101346724819 0.900555672921 0.175488093589 -0.384619617735
217.1 0.077551070158 0.032026992739 0.587015420274 -0.086294607912 0.902126166492 0.107598283929 -0.408832764919
217.3 0.074994332294 0.031576788709 0.578371661951 -0.098417727895 0.909463596123 0.119728683904 -0.385817262980
217.5 0.077202292617 0.032979950977 0.597681154689 -0.095470681975 0.909517491482 0.120016228333 -0.386341023589
217.6 0.076224946255 0.030872213990 0.590709326343 -0.100799305816 0.907244865207 0.133165328898 -0.386022343501
217.7 0.076253286089 0.032993714117 0.596299428808 -0.097067188291 0.915770667686 0.127124146381 -0.368485408897
218.0 0.076373183455 0.032334018474 0.583205026435 -0.088563607095 0.912280702430 0.131287352936 -0.377708933481
218.1 0.073160806343 0.031107137018 0.571375196827 -0.101348829311 0.922205977616 0.120838456941 -0.353075936551
218.5 0.076623531774 0.034514897581 0.585319598466 -0.095314573191 0.901627035554 0.122811842516 -0.403610049718
218.6 0.074424659101 0.034898683591 0.583338323749 -0.094395584195 0.913689336040 0.101271745004 -0.382106404755
218.9 0.076850361146 0.036685873844 0.579105030922 -0.096660861860 0.913578677574 0.113035119451 -0.378488757347
219.0 0.078947186178 0.038714282699 0.594527598649 -0.096541626889 0.902478952154 0.108901683177 -0.405403352967
219.1 0.076845344109 0.038592486724 0.592073484054 -0.103720782023 0.908465794939 0.123118186105 -0.385712083105
219.2 0.076926007553 0.039598359259 0.592133129606 -0.094035941664 0.910747183205 0.109162372113 -0.387014710926
219.3 0.074933435636 0.035250521340 0.576770238390 -0.109006895852 0.896299237405 0.148599910938 -0.403340104817
219.4 0.079688663237 0.040957933941 0.612449536175 -0.097311923437 0.909110268720 0.072041737614 -0.398571068827
219.6 0.078049484422 0.039242651421 0.603722972839 -0.103579767334 0.906606513181 0.093972549916 -0.398126891730
219.8 0.075329595769 0.037643465885 0.592595405587 -0.095026179186 0.914754470197 0.100901484734 -0.379490678281
219.9 0.073908657639 0.032982949602 0.574457519600 -0.099640238499 0.901127496768 0.137344477114 -0.398970615518
220.1 0.073804588990 0.033946094018 0.569454502798 -0.102741362253 0.882943981203 0.162744340806 -0.428215387482
220.3 0.074115280416 0.033925532984 0.581876276648 -0.099922383124 0.912099791851 0.111385684839 -0.381684052941
220.4 0.080669179108 0.040286782821 0.630875248929 -0.095959207108 0.918165533211 0.073140643936 -0.377378232545
220.5 0.076544866673 0.036235336462 0.591833196629 -0.096652009611 0.914112043486 0.090032366522 -0.383342841293
220.6 0.077121921650 0.034194077585 0.588743860653 -0.099727632147 0.908599901772 0.119080772839 -0.387711732382
220.7 0.080666994111 0.039394882325 0.613332315480 -0.088328476383 0.920308543951 0.075844718307 -0.373467325072
220.8 0.081524404427 0.037850648355 0.611498197253 -0.093547158567 0.913005967970 0.100668498324 -0.384102701137
220.9 0.079940091253 0.035793200583 0.595695947355 -0.096693553794 0.924204112191 0.079811509149 -0.360731532683
221.1 0.081822416000 0.037277622119 0.605963718256 -0.088471691298 0.911601175148 0.099651389678 -0.388877432931
221.5 0.079742719395 0.034825156259 0.596029136159 -0.095425858220 0.913874661766 0.097468640162 -0.382396224288
221.6 0.079706642022 0.033628514446 0.597246156158 -0.086878039220 0.908266457273 0.107048945453 -0.395025027272
222.0 0.077761117129 0.032329693702 0.582507520552 -0.094303424272 0.915832218386 0.103200464365 -0.376441065895
222.2 0.080196240599 0.033610233082 0.592619362462 -0.094857183651 0.919578712346 0.091202503002 -0.370215086074
222.3 0.078935539887 0.032608421572 0.590505388759 -0.094568900165 0.924082984462 0.094822006409 -0.357961098515
222.7 0.103921080341 0.033539023533 0.727272300783 -0.153909169160 0.902598518697 0.090555178356 -0.391698406133
222.8 0.081975285610 0.035435862629 0.605768147502 -0.087461166474 0.918639090133 0.062479420236 -0.380196118450
222.9 0.079599768204 0.032014646417 0.589090672887 -0.091859115477 0.904767890978 0.097101265642 -0.404386338258
223.0 0.106309729777 0.032765378969 0.695805748395 -0.214837472172 0.855414576991 0.194131483862 -0.429445839420
223.1 0.077387246677 0.029080558902 0.563618466652 -0.094406064495 0.909033542292 0.120039831328 -0.387731805337
223.2 0.080219277139 0.034796464554 0.599372603614 -0.089049504640 0.918564975221 0.074153961950 -0.377901788760
223.5 0.083103665369 0.036147570053 0.601783421458 -0.079189714788 0.911036850444 0.063798978617 -0.399587958442
223.6 0.081656419885 0.031186110519 0.579270958859 -0.099254585654 0.908788417764 0.130694760475 -0.383628750941
223.7 0.081560014915 0.031786013160 0.585257326132 -0.088892743126 0.891461672337 0.131194746995 -0.424478627653
223.8 0.083961609006 0.034845853203 0.594988876618 -0.084932856484 0.897817780511 0.108336078147 -0.418297665615
224.1 0.079734901967 0.033506942253 0.567992875224 -0.085476488446 0.914747303870 0.110930888719 -0.378979521760
224.3 0.082386122218 0.035824435345 0.588355605652 -0.085780215625 0.909455299143 0.097740018964 -0.394942656801
224.4 0.082926560330 0.035137901941 0.592290422719 -0.080248391554 0.906351747319 0.106237323300 -0.400999173219
224.5 0.081284192833 0.034687749854 0.577214861084 -0.082020400616 0.902311374142 0.101050822762 -0.410969061117
224.6 0.081774686135 0.034948019454 0.581590486527 -0.084972701395 0.911356682295 0.103427284613 -0.389244697397
224.7 0.082669445926 0.038593701842 0.602800315471 -0.085031281883 0.912613287624 0.061499389377 -0.395125921017
224.8 0.080250831752 0.034769866514 0.575498437836 -0.082263554468 0.899448648215 0.104070900476 -0.416406153298
225.1 0.082529980366 0.034269461742 0.572558601152 -0.069295203813 0.911776403950 0.105724803425 -0.390748294774
225.2 0.083694024309 0.035334044950 0.580680426563 -0.094035985609 0.910186792369 0.132066111041 -0.381150598482
225.3 0.083504157468 0.034822132623 0.583987301969 -0.082666932258 0.904110912937 0.100076273647 -0.407104869625
225.4 0.078596521989 0.031176176793 0.564185455385 -0.082459507068 0.912856828551 0.096284358831 -0.388100711809
225.6 0.082638299434 0.036025333356 0.583235935581 -0.083303366914 0.902605711338 0.086376329205 -0.413403687301
225.7 0.081508802974 0.034684015643 0.567303880520 -0.078481172164 0.905135895992 0.095426495989 -0.406772048285
225.8 0.085327058488 0.034624541674 0.581245864931 -0.082332905454 0.900575025674 0.110368786406 -0.412316197594
226.1 0.084279195232 0.033632665128 0.585654437793 -0.077473751511 0.896909969651 0.079094828784 -0.428128873385
226.2 0.085202779623 0.036328383850 0.593220052752 -0.072869641318 0.902118723597 0.081120774606 -0.417482028160
226.7 0.078484823200 0.030583679269 0.567015139222 -0.090932159578 0.910872637280 0.104629834006 -0.388709375812
226.8 0.075297027276 0.027393813228 0.558474924444 -0.080914507052 0.901671889116 0.110240012375 -0.410228944126
226.9 0.080366464392 0.030688689220 0.589572376979 -0.087873802581 0.916868115646 0.093827600486 -0.377925170793
227.0 0.080367503580 0.031174450387 0.598428836287 -0.088362892040 0.905757103769 0.080774454855 -0.406536044805
227.1 0.080362474084 0.033212607652 0.598528454486 -0.082729345838 0.905698432909 0.054510438994 -0.412182988494
227.2 0.077592680294 0.029407821659 0.590466915601 -0.091810453944 0.900206150393 0.110717749980 -0.411024703856
227.3 0.075035892447 0.028240559800 0.577358294432 -0.100159913380 0.910356086241 0.121705069905 -0.382632544298
227.4 0.072156330849 0.029025046088 0.579978155771 -0.094795266071 0.902749756457 0.097795371238 -0.408035292728
227.9 0.071031854046 0.030019700875 0.578935886128 -0.098312603846 0.907901364774 0.140822121072 -0.382385765928
228.0 0.070311840291 0.032641023149 0.594458780603 -0.093857484219 0.910021087676 0.100514545372 -0.391087226599
228.1 0.073436631131 0.036169486176 0.605791195422 -0.089540135397 0.899427374009 0.081426311661 -0.419979426645
228.2 0.067476975506 0.033413854974 0.589113777128 -0.104057209151 0.912481597922 0.102788212064 -0.382078544462
228.4 0.066502062207 0.031244804624 0.579504829323 -0.097075473404 0.903610765922 0.119234108993 -0.399808908636
228.5 0.067260345501 0.033663259791 0.579208356638 -0.091597419827 0.896817698300 0.111443101262 -0.418220472812
228.7 0.065894060920 0.033077624325 0.591997509627 -0.101484682497 0.902811773011 0.113825545401 -0.402088929151
228.8 0.067554850858 0.035962883735 0.616353670115 -0.094944676581 0.909278035943 0.106712224127 -0.390911067844
228.9 0.067265012528 0.032415004965 0.590832575890 -0.107704730930 0.897644816280 0.139788054043 -0.403847464630
229.0 0.067166952501 0.036667986852 0.609554281324 -0.099307214350 0.903045039828 0.073200840195 -0.411447894896
229.1 0.067779416671 0.037917071303 0.620312864627 -0.090909308239 0.901850693571 0.063559991954 -0.417565505764
229.2 0.068871342318 0.037848245525 0.623278352775 -0.094361762214 0.912489200959 0.054790829558 -0.394280713402
229.4 0.063129344301 0.029882642656 0.568459507729 -0.101320384351 0.904764232588 0.115447042556 -0.397250353694
229.5 0.070533022454 0.036537817979 0.624874841798 -0.100980311453 0.912408592809 0.065690629454 -0.391149942694
229.7 0.071368030204 0.034659421629 0.621741493624 -0.102634410258 0.905102240364 0.076752505315 -0.405419739588
229.9 0.069526952730 0.031828309788 0.607610529202 -0.110106459500 0.904024011364 0.116066347760 -0.396416141664
230.0 0.070432610997 0.033831968567 0.610938944639 -0.103261329846 0.898908689179 0.106271352574 -0.412318646072
230.1 0.073798079778 0.038344362447 0.630358913223 -0.094622913730 0.901890704540 0.074288255140 -0.414874579133
230.2 0.072795182604 0.038038786474 0.624010387313 -0.101366695799 0.907915255808 0.065346849315 -0.401428039053
230.4 0.068678817986 0.031547827735 0.580868473648 -0.113490160380 0.905817178857 0.125171823058 -0.388519287419
230.5 0.074776994183 0.036472338159 0.620478137713 -0.103443204048 0.896223450881 0.085111154354 -0.422893746740
230.7 0.073305682764 0.035258316803 0.603085042712 -0.104576924088 0.900938997101 0.109797403139 -0.406592081471
230.8 0.076553705366 0.039275313842 0.620025637220 -0.097975483236 0.902286399804 0.066426222284 -0.414569191338
230.9 0.073899406064 0.035120912094 0.605091245088 -0.112636437759 0.915386743102 0.150423646614 -0.356023693004
231.0 0.072715018355 0.034895288607 0.586216406084 -0.095763661578 0.894752917746 0.113686752948 -0.421096021723
231.1 0.078625291922 0.040148590759 0.623303834424 -0.088902284957 0.901554661688 0.075772990386 -0.416598163277
231.2 0.076738517680 0.039788116430 0.610104821172 -0.096678112575 0.902632959558 0.080926773573 -0.411531214111
231.6 0.078833851597 0.036073412431 0.590363761083 -0.108561137698 0.893475540015 0.141248821569 -0.412267763937
231.7 0.081712114264 0.041455863386 0.623857683330 -0.102250952840 0.900380669187 0.098092151593 -0.411384641173
232.2 0.078101854985 0.039971460793 0.599412080467 -0.092626800975 0.909212994636 0.076363294954 -0.398648533560
232.4 0.082235074546 0.042605995471 0.622221484618 -0.092511935335 0.904157988410 0.078686381767 -0.409570906120
232.5 0.083687686395 0.043030583523 0.625532220080 -0.098361362638 0.906619351855 0.070302854431 -0.404257222373
232.6 0.083455195447 0.042517245378 0.621734411359 -0.090435269609 0.900025468813 0.079185907765 -0.418933418946
232.7 0.081298835257 0.041354626143 0.615685772853 -0.102412836452 0.913834646463 0.074427860263 -0.385847565069
232.8 0.084239546074 0.042620618795 0.626894622879 -0.100182988448 0.905496653340 0.068159455630 -0.406685957741
232.9 0.084229502307 0.042518259829 0.619926504720 -0.099470455552 0.898316685763 0.069794644717 -0.422210217925
233.0 0.083521126935 0.042209593241 0.624348212545 -0.099191317150 0.905815634416 0.062067586543 -0.407193729999
233.1 0.083146944054 0.041231802046 0.622797733072 -0.099726967187 0.908603720756 0.069297234913 -0.399614444031
233.2 0.098764475829 0.028328522586 0.649873408559 0.197670741990 -0.812054467887 -0.205469935489 0.509191441951
233.3 0.079198225129 0.033442484990 0.581365393356 -0.092580283940 0.896655244252 0.152712981523 -0.405113575747
233.4 0.084963953639 0.039989486700 0.615964986662 -0.092375305920 0.897173767809 0.084051003546 -0.423652525090
233.6 0.087533550113 0.039812598861 0.623665766506 -0.101694001551 0.899289638006 0.100606038894 -0.413297594914
233.7 0.087250251733 0.040853494737 0.621242114268 -0.091618877804 0.899126490974 0.072321415806 -0.421837821057
233.8 0.084505641489 0.038650866294 0.603905621674 -0.091273921497 0.903188272782 0.079663024435 -0.411793416293
233.9 0.087246586143 0.040775583887 0.620290382544 -0.096227257794 0.901913674622 0.063896713362 -0.416184152040
234.0 0.086749042323 0.036824218706 0.598514335090 -0.095758381571 0.888744086406 0.097422628120 -0.437576407919
234.1 0.087590131634 0.039087881972 0.608677472796 -0.098077520001 0.899226698974 0.084398266782 -0.417910368962
234.2 0.091039972828 0.041541508587 0.622485392825 -0.095843752294 0.884500982763 0.074424842812 -0.450480775849
234.3 0.089537925922 0.040059447533 0.609004267679 -0.093112741535 0.894148359461 0.067933755246 -0.432682023586
234.4 0.091606633513 0.040826090712 0.628255604086 -0.097872252730 0.904947332781 0.071318709703 -0.407927675801
234.5 0.086704439513 0.036540949721 0.589615559957 -0.111131341399 0.897992986623 0.102686923807 -0.413175285579
234.7 0.093627436180 0.040682701879 0.611992453516 -0.093102327885 0.882555140604 0.077921427993 -0.454264935248
234.8 0.090684100461 0.040714449029 0.608419623613 -0.091466872106 0.899282422638 0.088724946597 -0.418393139873
235.0 0.094607946635 0.043630644511 0.620381373251 -0.095660039198 0.902373698046 0.077974087728 -0.412905446342
235.1 0.093610913248 0.045133412207 0.607848751248 -0.087998128944 0.897910054765 0.054693306516 -0.427811296106
235.2 0.096886596577 0.043719018507 0.634244443054 -0.107592996574 0.903888280459 0.081692012389 -0.405876999409
235.3 0.092048367143 0.042067332964 0.608447870466 -0.093330069279 0.902855165573 0.070753440586 -0.413685869728
235.6 0.088599020930 0.036465321102 0.577390959884 -0.091340564189 0.888843925459 0.102377074718 -0.437186815995
235.7 0.093745162415 0.039350854853 0.606008596768 -0.087795256166 0.893257807804 0.082438138469 -0.433112497070
235.8 0.086893375088 0.032132783288 0.556826443216 -0.102464614080 0.877551189413 0.140152311775 -0.446947695290
235.9 0.085078658307 0.035172900379 0.568748362406 -0.078955788715 0.878357593151 0.100190062955 -0.460668941071
236.0 0.093360692072 0.040376376731 0.620144399432 -0.094460784830 0.890341995407 0.085032815683 -0.437192991254
236.1 0.091195776210 0.039629321687 0.611635252814 -0.078632888070 0.896554140524 0.073617610703 -0.429637043814
236.2 0.091207196470 0.038070340260 0.598684229601 -0.078218497451 0.885766702235 0.064563342205 -0.452913668056
236.3 0.093335860593 0.038793111962 0.611640105033 -0.082325997947 0.891455325676 0.073897485646 -0.439396169761
236.4 0.088302267669 0.031056245330 0.575082356283 -0.097302775908 0.891948540576 0.129273532428 -0.422194652475
236.5 0.092521171567 0.029646637706 0.590586653655 -0.099570651214 0.878365821171 0.152123444401 -0.442060660181
236.6 0.091847741899 0.034266479445 0.605532069737 -0.081011710884 0.893930359819 0.093510645953 -0.430791566291
236.7 0.091986503710 0.032413461820 0.599755670439 -0.069243327892 0.898762428339 0.092478003487 -0.422941222654
236.9 0.106182607251 0.023607380276 0.678979956927 -0.237747192901 0.880764932545 0.087340161381 -0.400126357637
237.0 0.087007801300 0.025296476138 0.574697793526 -0.069554225079 0.888111743706 0.158959188165 -0.425619215923
237.1 0.097608901227 0.031494811232 0.619923993979 -0.082133833314 0.888545180151 0.089154074166 -0.442485081460
237.2 0.095798426476 0.031899539278 0.611898406828 -0.092986978141 0.900198769131 0.061378588447 -0.420984877201
237.4 0.091863251014 0.027650437778 0.574958606164 -0.097216603283 0.897412221838 0.136385319359 -0.408165751632
237.5 0.096566972867 0.036115469765 0.611977614729 -0.086373016498 0.898649297034 0.064241256511 -0.425255457253
237.6 0.093172180204 0.034071050272 0.587617377179 -0.082413865698 0.895090973103 0.062748827194 -0.433685011611
237.7 0.096303621921 0.030959366473 0.586891269378 -0.095485319707 0.888504872332 0.131543993979 -0.429112832726
237.9 0.100785342455 0.035640488717 0.611386239313 -0.078994949621 0.890777774337 0.080681866911 -0.440187677057
238.0 0.099761806778 0.031345759403 0.590974185508 -0.092361682522 0.892271627641 0.106152470566 -0.429013187560
238.1 0.101291371450 0.037418479174 0.616917024112 -0.086766480902 0.891090750905 0.058916647318 -0.441540122879
238.2 0.096282458698 0.031414948126 0.585202166568 -0.091032062240 0.885182209363 0.116700712572 -0.441074328834
238.3 0.089796480647 0.028964965046 0.563244872634 -0.067862021995 0.883931016441 0.142123938372 -0.440297047782
238.4 0.105098962992 0.034003163726 0.618204522864 -0.083835802882 0.887585120318 0.068852930179 -0.447686817263
238.5 0.100392542668 0.026881504250 0.579109374557 -0.101273775530 0.876893706915 0.121422782937 -0.453935630840
238.6 0.093061540876 0.022445529944 0.540847533337 -0.070254660556 0.868325076682 0.144945085896 -0.469112743326
238.7 0.097432185042 0.032289764725 0.634075848197 -0.203926321298 0.888886383889 -0.036881400257 -0.408576570956
238.8 0.108520997939 0.029648245341 0.621687754208 -0.100438400002 0.882479486150 0.085628932752 -0.451452954587
238.9 0.101809217078 0.027579151395 0.588871713969 -0.084645459394 0.891010410460 0.102783002567 -0.434017567662
239.0 0.103539114422 0.030383064284 0.596749240893 -0.075820487974 0.887621007043 0.059502332542 -0.450377257287
239.2 0.104567066033 0.027012266934 0.609399169561 -0.086147096827 0.897545115260 0.102612119042 -0.420074037292
239.3 0.105019570738 0.029329114803 0.625583971662 -0.088775616181 0.905142349777 0.061975938498 -0.411090257316
239.4 0.103638598381 0.028674731241 0.608503587630 -0.073982629219 0.893101405644 0.077548189333 -0.436901279628
239.5 0.098773827036 0.025277830375 0.578907032225 -0.090884850423 0.890692172834 0.121971432559 -0.428404443085
239.6 0.101218464859 0.027564042125 0.610502650802 -0.085203636640 0.903886730540 0.100529496259 -0.406967982818
239.7 0.099272184126 0.029808496417 0.608894835849 -0.084057493899 0.891148034425 0.060444631026 -0.441741966582
239.8 0.098824716412 0.028779809658 0.602557998718 -0.085820194017 0.889047039178 0.078297363488 -0.442831547316
239.9 0.095400851117 0.028341810659 0.600095779996 -0.083452283491 0.895150738833 0.093162282056 -0.427857055977
240.0 0.094640332957 0.024798980657 0.573716077175 -0.105386648428 0.889565340021 0.139111460795 -0.422155376185
240.1 0.099785131626 0.030080415752 0.619802657984 -0.092390511292 0.891304841591 0.073943144973 -0.437689483642
240.2 0.095732976009 0.026875564222 0.594277246684 -0.084496157633 0.883458067203 0.122593249110 -0.444221946905
240.4 0.092928600249 0.023582985187 0.570930139693 -0.098315108795 0.882562579960 0.154844970600 -0.432943953552
240.6 0.098834375098 0.030941659727 0.617596999192 -0.092863605896 0.899880180918 0.083695006008 -0.417836279733
240.7 0.096079463736 0.024581757094 0.578381105919 -0.098295359191 0.872718122733 0.159561515738 -0.450822829180
240.8 0.098866115429 0.029450721462 0.613566016595 -0.101569740996 0.892455655964 0.101032831785 -0.427783656483
240.9 0.099498952843 0.026360423168 0.573864096206 -0.088288785784 0.855068587461 0.125273526217 -0.495347700783
241.1 0.092067472607 0.026374663891 0.581890335224 -0.072664276263 0.890385801773 0.132348439232 -0.429437908887
241.2 0.100371713183 0.029225641999 0.621119401314 -0.086945329669 0.889669523057 0.099114164095 -0.437155615162
241.3 0.096508823586 0.028402339627 0.614718491849 -0.085963875856 0.893085761314 0.093527228687 -0.431579300339
241.4 0.097016274479 0.027739526364 0.608685556173 -0.070976584871 0.891949394016 0.079113736603 -0.439465151743
241.6 0.103050938590 0.027099832913 0.625149015012 -0.089488414748 0.885695091743 0.095156460297 -0.445512374858
241.9 0.100154781972 0.026324016039 0.609383626498 -0.086594894102 0.896526327636 0.094386463631 -0.424067286706
242.0 0.101768682466 0.025204950059 0.613772881524 -0.093173877171 0.893244272121 0.083996528407 -0.431715047400
242.1 0.098733103460 0.019584162506 0.584575658841 -0.097821106986 0.881167536258 0.142383114593 -0.440115726543
242.2 0.100379299656 0.023857202284 0.611088642935 -0.097185330412 0.892584118232 0.084031753699 -0.432188926054
242.3 0.099279888510 0.025724704094 0.626149152683 -0.096579756437 0.911653282732 0.061590568716 -0.394673592449
242.4 0.099708664085 0.024822750553 0.623781864945 -0.091602786684 0.896125423778 0.070924984476 -0.428413119440
242.5 0.100932634525 0.024380807336 0.629482444989 -0.089860950965 0.899811648884 0.078594702247 -0.419627071103
242.6 0.097636638388 0.022498421311 0.618846811084 -0.085432797704 0.898872988813 0.078577135019 -0.422556766495
242.7 0.097361714994 0.020564077136 0.611885563240 -0.091287383151 0.886653079153 0.099969013026 -0.442175448596
242.8 0.094744505890 0.018838603438 0.585748931346 -0.089122330572 0.894200226306 0.129136841827 -0.419269414042
242.9 0.098481973884 0.020914167233 0.613211777636 -0.099858131126 0.883488038278 0.106879211285 -0.445032666287
243.0 0.100513843913 0.023390070575 0.620750788796 -0.098631052077 0.897061787757 0.080045302528 -0.423255022482
243.1 0.098663406690 0.022614141358 0.612890494200 -0.104324238015 0.898693239359 0.081330622417 -0.418153374673
243.2 0.101031479364 0.024583521902 0.612978303167 -0.090000067504 0.889795057686 0.068694766251 -0.442092492876
243.3 0.102527439676 0.024766266235 0.631205169918 -0.097921001864 0.902612177548 0.078172535777 -0.411815236466
243.4 0.103382406031 0.024547238986 0.625508121034 -0.095731331821 0.892655289071 0.077755511015 -0.433539072643
243.5 0.104175719846 0.023972682995 0.626508994517 -0.092521645095 0.893432352346 0.080212369587 -0.432185553594
243.6 0.102047691639 0.021916210465 0.614930527057 -0.098920781802 0.893611387059 0.085450370910 -0.429385144080
243.7 0.101973838558 0.021757949828 0.613291858436 -0.092376453234 0.886989320120 0.079997306982 -0.445327932828
243.9 0.104049906331 0.021976871557 0.623246865896 -0.102440681235 0.895182402971 0.098737782026 -0.422380424073
244.0 0.103928027353 0.023332614194 0.614310988537 -0.088869845276 0.892529573833 0.081894797509 -0.434495515023
244.2 0.099780210567 0.017910867061 0.583788788258 -0.102270418091 0.887147925220 0.137900338279 -0.428360615677
244.3 0.103600114786 0.022277226737 0.605362287383 -0.098392645131 0.896692995868 0.085892871110 -0.422945591345
244.4 0.100727497433 0.018046180975 0.577687814383 -0.100007513932 0.886869942140 0.147477240430 -0.426275341113
244.7 0.108341808549 0.026678632369 0.621585512792 -0.091369356761 0.887475397624 0.062456053591 -0.447368193580
244.8 0.105456977892 0.024996426823 0.609926721285 -0.094159060347 0.888273951704 0.094940517194 -0.439419795040
245.1 0.103150333308 0.022858011278 0.602816273146 -0.096730642960 0.893720350507 0.115224632997 -0.422646899613
245.2 0.103335156110 0.023191728973 0.591751218389 -0.093580515294 0.879296748840 0.128456256166 -0.448975394524
245.3 0.103819207494 0.025710849280 0.605003523704 -0.098393508989 0.892782815964 0.081987629678 -0.431897660897
245.4 0.104315096178 0.026804704804 0.616521754358 -0.101744917739 0.900171341008 0.083446750555 -0.415182090611
245.7 0.105361628383 0.022963903285 0.570913653437 -0.078528699871 0.872034406703 0.118477465605 -0.468350645315
245.8 0.105233563849 0.017929197409 0.564134810395 -0.073667602922 0.875846763032 0.154072482449 -0.451361498266
245.9 0.105827574051 0.017851554093 0.564674583530 -0.090800502077 0.874454689547 0.143605534996 -0.454380583950
246.0 0.108481453136 0.017861576149 0.572035780876 -0.095502006113 0.869226696422 0.141705186431 -0.463943916002
246.1 0.104590734421 0.016627590185 0.562963488760 -0.097326563438 0.883435411345 0.141374132138 -0.435984826334
246.2 0.112028139680 0.023075947975 0.606002837465 -0.097334059286 0.889967900437 0.070253515106 -0.439940519515
246.3 0.112264668309 0.015594795546 0.561522731938 0.078205634373 -0.840926925514 -0.162230116700 0.510301062052
246.4 0.116396623525 0.023483274214 0.625215906087 -0.098961020169 0.884128607727 0.072583771208 -0.450838017077
246.5 0.113248038868 0.021376340803 0.612841134211 -0.095778244516 0.883816401728 0.076609148583 -0.451471077997
246.6 0.116676720385 0.021844268758 0.626754471538 -0.103383668855 0.882862441570 0.096831179044 -0.447760481781
246.8 0.113712140997 0.023844952085 0.636970111807 -0.120051683340 0.898039577254 0.074115674358 -0.416676586608
246.9 0.113425596132 0.024796593158 0.625624091295 -0.114547809991 0.887713833084 0.058792995161 -0.442025263416
247.0 0.110367463543 0.023196518698 0.611830469682 -0.111604724042 0.871683829214 0.081584760083 -0.470165518069
247.2 0.107428052222 0.021714061388 0.611303685597 -0.103775724693 0.882749449197 0.112039580665 -0.444332241989
247.3 0.111207759805 0.022822638562 0.628622394457 -0.102028200240 0.884275094766 0.090639122718 -0.446578495412
247.4 0.107275204355 0.020832696983 0.612899758321 -0.094344137624 0.881646052974 0.098245500479 -0.451826562530
247.5 0.106534932676 0.020660270110 0.613983524810 -0.107488521920 0.885904685155 0.094229846783 -0.441293374584
247.6 0.106918544310 0.021668701240 0.610812391781 -0.103521623390 0.885032370890 0.090585355383 -0.444741800776
247.7 0.106818735631 0.021469304300 0.602468027043 -0.100947493127 0.879293001559 0.107589632997 -0.452855265966
247.8 0.104619434160 0.022770417008 0.599887471538 -0.103617047371 0.891484122444 0.088832104203 -0.432005120556
247.9 0.098832355187 0.015429569058 0.564991171685 -0.109807055967 0.871031693380 0.157484333045 -0.452155818754
248.0 0.109123154697 0.023036601188 0.610702818407 -0.102434647921 0.876081072306 0.110039699781 -0.458127015275
248.1 0.108110015786 0.026206640264 0.617416310886 -0.112068240969 0.888190265205 0.067908592579 -0.440394351934
248.2 0.110130536041 0.025120777745 0.612195358489 -0.110365574526 0.874468483377 0.088732753303 -0.463951301358
248.3 0.109160295793 0.026707256794 0.611889803541 -0.109622793748 0.873493712662 0.072780589226 -0.468715865812
248.4 0.110307632704 0.025626317119 0.622831451757 -0.106296393044 0.896137516124 0.083521679892 -0.422685175999
248.5 0.101778838697 0.018288717377 0.558774642286 -0.106183611242 0.859256416496 0.147669649527 -0.478118318017
248.6 0.109443124331 0.026074867518 0.615620316885 -0.109560414873 0.883513703480 0.076964999754 -0.448861270405
248.7 0.105344256555 0.026992735207 0.605521341885 -0.127637988513 0.881112041211 0.068078600267 -0.450239290719
248.8 0.108134791826 0.022744189772 0.613044957025 -0.107037340185 0.877606330051 0.109484990931 -0.454272136523
249.0 0.109527161252 0.023154633311 0.621402528460 -0.109507236169 0.883695468533 0.108338928060 -0.441987738278
249.1 0.103494608190 0.017099491862 0.579122331585 -0.115321897443 0.886177455282 0.162789212089 -0.418198577410
249.2 0.104900225427 0.023371148841 0.595182615192 -0.090379933502 0.882143179691 0.085213157742 -0.454305619482
249.3 0.109167330353 0.023970215799 0.612230115376 -0.104868758936 0.874194220111 0.092797387168 -0.464946936606
249.5 0.106129975619 0.021907569629 0.598996167002 -0.111293853178 0.889490034479 0.079658384941 -0.435976717861
249.6 0.104684120550 0.019750660200 0.611099572141 -0.102299672608 0.888858663931 0.088911706083 -0.437675406050
249.7 0.104511116528 0.020567781153 0.611647033639 -0.106250370008 0.894657606106 0.081871275491 -0.426140494390
249.9 0.105386910088 0.019756418838 0.612147441331 -0.108662922939 0.890204987207 0.076788195357 -0.435696021309
250.0 0.103059655739 0.010869275931 0.556562615867 0.097937212791 -0.831928086737 -0.164327692200 0.520865021311
250.1 0.103649210831 0.014368006535 0.591673993488 -0.116304805488 0.887080348000 0.137393346889 -0.425070249069
250.3 0.105614199223 0.020174097972 0.614870722847 -0.107132257252 0.889263519145 0.068360053796 -0.439385907852
250.4 0.106458732235 0.019935908516 0.623937583945 -0.109925083887 0.888223416503 0.087071031019 -0.437486312775
250.5 0.099182090430 0.014103880299 0.573696257246 -0.125615132891 0.889631509165 0.129654331243 -0.419483456979
250.9 0.103629193357 0.018386535970 0.613033144303 -0.109303529926 0.886570115654 0.086657511806 -0.441063083948
251.0 0.103435788200 0.017074290096 0.615677759810 -0.107140927764 0.888369769041 0.095638993226 -0.436088474999
251.3 0.097454920897 0.014550599954 0.578509357368 -0.109167298729 0.882273868083 0.104469575169 -0.445826682075
251.4 0.105243390945 0.018618821949 0.626233281520 -0.107797440685 0.895995465099 0.090888303790 -0.421083310686
251.5 0.104089360111 0.018116330195 0.620142279918 -0.130322608469 0.902481707717 0.080728641465 -0.402524125246
251.6 0.103579291917 0.019243754076 0.610295868419 -0.107850133744 0.895195085042 0.076565125018 -0.425595923381
251.7 0.105950397155 0.021703650600 0.616321892188 -0.107397176785 0.881439335285 0.069781750449 -0.454599881142
251.8 0.107810525234 0.021641573970 0.626321289573 -0.120392237865 0.895799078923 0.076300876524 -0.420984436177
252.0 0.107416422547 0.022510343965 0.623560456316 -0.110851676021 0.894651053215 0.072141016324 -0.426740052805
252.1 0.107956225507 0.020808079290 0.620359749465 -0.115291980350 0.882613481792 0.100509208507 -0.444521203128
252.2 0.099032569226 0.018187422340 0.571700553510 -0.122179440119 0.883433494941 0.120542043687 -0.435989747737
252.3 0.106523731799 0.023351092298 0.621879734165 -0.110449409498 0.884675632658 0.088464329614 -0.444211678492
252.6 0.105542831860 0.021457243670 0.620772267646 -0.126628186777 0.887774371740 0.085404941867 -0.434198068974
252.7 0.106987757408 0.022496035132 0.626699343983 -0.127525460896 0.881778020999 0.077649981619 -0.447409497955
252.8 0.106433004150 0.021612683300 0.624906744120 -0.130790063646 0.885104770255 0.085300203724 -0.438414621299
252.9 0.104922537879 0.019952462102 0.611028626289 -0.114016838005 0.876753365593 0.121928063180 -0.451040180008
253.0 0.106849429941 0.022654803119 0.620226304720 -0.107544516946 0.884040828901 0.085545768592 -0.446752628629
253.2 0.107066801090 0.022660978801 0.632426703191 -0.119759174811 0.898569606355 0.093272156874 -0.411741068312
253.3 0.103103750263 0.023082786754 0.610752227743 -0.115641316982 0.905442035139 0.078244668831 -0.400848573167
253.4 0.103752803878 0.019984351622 0.588834837340 -0.114128183812 0.872462061102 0.121416546337 -0.459393874441
253.6 0.107267734344 0.021661296929 0.613782987812 -0.115842568182 0.886721799355 0.086301487206 -0.439154873880
253.7 0.108664143024 0.022535644838 0.616763576713 -0.112107119900 0.880343026282 0.078073201480 -0.454238621161
253.8 0.106705710228 0.021089982888 0.606244299780 -0.110326426071 0.880868628222 0.089286835192 -0.451582108356
253.9 0.107691467045 0.022945049269 0.610746067602 -0.099004762481 0.884978566274 0.076882423742 -0.448441843679
254.0 0.111658549742 0.023610218366 0.627340348009 -0.108647740175 0.886145727156 0.088955974071 -0.441620032918
254.1 0.111271257908 0.024828551151 0.629538346353 -0.125197516628 0.879055737167 0.064788543251 -0.455399865445
254.2 0.104623881278 0.016472198729 0.575357283933 -0.117989779915 0.865115126096 0.134498315971 -0.468577030420
254.3 0.112294014532 0.021685960504 0.633534770181 -0.110430828596 0.877131828193 0.073827738476 -0.461513004256
254.4 0.109099683154 0.018971524133 0.613067501322 -0.093147368902 0.872440506167 0.100801985494 -0.469052332460
254.6 0.105749526460 0.017634939823 0.601268883403 -0.110715333178 0.879928120479 0.096089827821 -0.451924067493
254.7 0.106982412436 0.020141809369 0.614350511655 -0.101284474192 0.882976705454 0.078609102204 -0.451568601614
254.8 0.105779026471 0.018241216950 0.608608766842 -0.102089684285 0.884218303526 0.079370066550 -0.448816310541
254.9 0.107616246445 0.019993397892 0.624634329462 -0.107064087396 0.879007638386 0.089763760387 -0.455878624384
255.1 0.098057787416 0.014792356131 0.577066536215 -0.108671847117 0.880145705230 0.134272891998 -0.442159199479
255.2 0.100643185851 0.019387782362 0.609402233082 -0.092966763353 0.888924334461 0.088678526219 -0.439666723214
255.3 0.104888989475 0.021650767446 0.621979572475 -0.105348274632 0.885278035224 0.071294109823 -0.447327275365
255.4 0.103158391429 0.020901421072 0.616807702276 -0.117592954006 0.890844405382 0.063971751874 -0.434137947581
255.6 0.103501062883 0.022419309228 0.615767853283 -0.109578011387 0.885043072033 0.081288186460 -0.445065894906
255.7 0.101466989067 0.022547569055 0.610008030062 -0.113060141115 0.889970567777 0.086350207173 -0.433259084963
255.8 0.104928177247 0.024636493162 0.623901108755 -0.106165971664 0.881473877208 0.088530671867 -0.451547240496
256.0 0.100003531475 0.025051235735 0.617787574872 -0.113790433131 0.894750204555 0.076055285783 -0.425075760636
256.1 0.104016688799 0.025349733389 0.636892614969 -0.124559202544 0.896602533486 0.080089592486 -0.417342256648
256.2 0.099586119037 0.021968006335 0.597335034309 -0.118027720738 0.870662181886 0.117601772468 -0.462803030763
256.3 0.101767030636 0.022946516264 0.611894185044 -0.111531819641 0.880030582140 0.092193234825 -0.452335312749
256.5 0.099511472085 0.024161655586 0.599375379033 -0.099059040389 0.877179483993 0.079437992638 -0.463069179179
256.6 0.101529381696 0.022189132034 0.605232517039 -0.110103907089 0.875723960978 0.088870634731 -0.461613132498
256.7 0.099762740814 0.021394245074 0.607733946654 -0.119225343044 0.888082292783 0.099221155867 -0.432724301431
256.8 0.102730412567 0.022408888588 0.615328266823 -0.115890706965 0.878333764973 0.088781176910 -0.455210988416
256.9 0.095477459694 0.017702974585 0.575909066078 -0.109968180968 0.877583015552 0.112436979696 -0.452894000386
257.1 0.103129255411 0.022909775374 0.620554908267 -0.111411638142 0.881860552737 0.081210819216 -0.450903776048
257.2 0.104441778372 0.022859726956 0.621401005206 -0.119413662127 0.878769604204 0.093622536226 -0.452481138540
257.4 0.102627772152 0.022668486032 0.622759585896 -0.117708554137 0.881161723679 0.073896062910 -0.451927079177
257.7 0.106072081600 0.024435522196 0.640795973034 -0.112881619383 0.886061996992 0.083597309636 -0.441772981646
257.8 0.104933350298 0.024108603553 0.624538024041 -0.110218088635 0.872400037562 0.091103743632 -0.467408018005
257.9 0.102196210573 0.022777944180 0.611773510262 -0.110312734258 0.872665202114 0.105251784617 -0.463905817505
258.1 0.103691712706 0.025421945634 0.618074407964 -0.110745456447 0.876256072617 0.084282948841 -0.461310224916
258.2 0.102135582745 0.026101965456 0.613140903106 -0.110361094978 0.878280731811 0.074365567892 -0.459252813989
258.3 0.102047436086 0.025093184737 0.617195186666 -0.113722352260 0.881213991565 0.092015643571 -0.449513346859
258.5 0.102917323941 0.025100504793 0.612798380325 -0.103440240141 0.878941251369 0.074448458197 -0.459586575559
258.6 0.103727701751 0.023158732063 0.611460752172 -0.105942183965 0.876975794460 0.072035331253 -0.463142117109
258.7 0.105170628788 0.021260957930 0.620202240882 -0.123939470842 0.877183373308 0.091894033337 -0.454690910175
258.8 0.105706198336 0.020366445087 0.621502703710 -0.126493813370 0.871401346492 0.097535710758 -0.463838111454
258.9 0.102619100005 0.020014954001 0.607621323251 -0.116835199445 0.876901780075 0.100359546973 -0.455324901146
259.0 0.108666917410 0.022862212253 0.634958274671 -0.109948622959 0.876618776990 0.078130660046 -0.461894381973
259.1 0.106532755442 0.020516407171 0.618139063550 -0.119059962326 0.866317159027 0.092021294288 -0.476289183947
259.2 0.104926580185 0.022460532630 0.620616945534 -0.119110605196 0.871769378800 0.083441991871 -0.467833568600
259.3 0.105796276805 0.022133134809 0.620357118370 -0.121228086031 0.872452139440 0.082943959577 -0.466102258216
259.4 0.103604860036 0.021253560201 0.613440470412 -0.112936147882 0.869122757389 0.082354833115 -0.474435180560
259.5 0.100759125396 0.023825785328 0.605209270871 -0.123849362132 0.875099820356 0.070605378225 -0.462467858860
259.7 0.104979465582 0.023726465865 0.620174610977 -0.112449642772 0.865813996981 0.084796394026 -0.480136201544
260.0 0.101651746138 0.023010214797 0.600802468370 -0.116777913445 0.878646212119 0.063481562920 -0.458599873561
260.1 0.106035765053 0.024155300527 0.626753753576 -0.119864170694 0.869317456284 0.076193217361 -0.473407155006
260.2 0.100599684545 0.023745212233 0.612020994753 -0.121791276577 0.877020019493 0.080187174496 -0.457791205033
260.3 0.102627135728 0.022682748494 0.615389627360 -0.124654146971 0.869163460008 0.081901532212 -0.471495877448
260.4 0.102936243956 0.022364110078 0.619778337104 -0.120228768892 0.868716981846 0.082819028306 -0.473304190911
260.5 0.103317228817 0.020934323129 0.624244094801 -0.126946497724 0.868200185099 0.095263995442 -0.470146569149
260.7 0.105088454889 0.021981859292 0.619414664278 -0.124802809607 0.866268130698 0.077704784144 -0.477457590757
260.8 0.103118137937 0.018533361373 0.606217996425 -0.125192771038 0.864890931981 0.095761395491 -0.476571296860
260.9 0.105461652759 0.018570218088 0.618766090899 -0.118868745873 0.864287314572 0.101012937808 -0.478198751065
261.0 0.103238320348 0.010458352930 0.593478725015 -0.130230779479 0.861158357106 0.175491454294 -0.458965115812
261.1 0.101261509395 0.013689111755 0.586465773547 -0.095268266813 0.864298442135 0.122185699322 -0.478521488694
261.3 0.112402426228 0.015838176584 0.623668661574 -0.121864927483 0.862998354809 0.099329214282 -0.480121324497
261.4 0.112130593354 0.015966404629 0.624394243704 -0.124640289865 0.868770180206 0.092840135307 -0.470195577822
261.5 0.112618033110 0.016699625268 0.621592326376 -0.127854752805 0.857761984599 0.101559064022 -0.487425170131
261.6 0.110345150829 0.018283111530 0.616442139534 -0.127811959561 0.862483568462 0.114285497280 -0.476156510234
261.7 0.110638985195 0.020855260596 0.619303320073 -0.129321161544 0.875734296832 0.089534033318 -0.456452774563
261.9 0.108508582360 0.019468015859 0.608684675642 -0.124380609270 0.861623023309 0.091191235003 -0.483548744596
262.0 0.111705831710 0.021238096153 0.630843159191 -0.129872223010 0.870063218370 0.093160657706 -0.466309225286
262.1 0.110279922706 0.020795350311 0.626305357242 -0.123840944058 0.867762197206 0.095112193978 -0.471811254881
262.3 0.107640810445 0.018262994396 0.616075922309 -0.131077557372 0.867471522936 0.106412702716 -0.467961715902
262.4 0.108511589774 0.020182884570 0.624351848443 -0.126487615884 0.870181290092 0.094598446039 -0.466729621311
262.5 0.108720055994 0.019612624568 0.628426185198 -0.132797483176 0.873100999579 0.082742174588 -0.461750154889
262.6 0.108618816043 0.020164830890 0.629847645529 -0.132564876213 0.873176188391 0.081258442820 -0.461938267620
262.8 0.107947616892 0.019619686255 0.633502147612 -0.133601231541 0.870572721259 0.077932532390 -0.467097814517
262.9 0.106461224444 0.019703757317 0.629518032501 -0.134019205622 0.869870577186 0.071862433307 -0.469254538763
263.0 0.107496331987 0.019693063271 0.627343934196 -0.136933333471 0.860195116733 0.098090422302 -0.481343840084
263.1 0.108296167552 0.020775521961 0.637983873610 -0.134434378095 0.864109438162 0.093831588858 -0.475854925158
263.2 0.106314991684 0.020327551344 0.626338361264 -0.129699531644 0.866287023239 0.088139065824 -0.474295614500
263.3 0.107514835124 0.022334166875 0.625120627159 -0.131213538352 0.870323880196 0.082967043782 -0.467371180712
263.4 0.107115057305 0.019321077911 0.613697854976 -0.132047610035 0.861082613049 0.096345171814 -0.481474578828
263.5 0.108486063971 0.021203102938 0.616671840490 -0.122635821119 0.868416236543 0.083578964199 -0.473104906157
263.6 0.112558913611 0.022578316856 0.632740956299 -0.131214964920 0.872384097921 0.088562873980 -0.462477281635
263.7 0.110566048371 0.023848505409 0.616857761531 -0.125941778481 0.862727943087 0.078518822037 -0.483398344263
263.9 0.113168581314 0.025666847051 0.627815392851 -0.131645339027 0.863766612585 0.076309382070 -0.480368214918
264.0 0.114250310309 0.026314048730 0.629904946559 -0.135918704020 0.861539868744 0.074390390734 -0.483467920579
264.1 0.113092236415 0.025615247009 0.623632421866 -0.126855158987 0.867354736512 0.088868094246 -0.472975677507
264.2 0.113817887141 0.026156309740 0.625976902202 -0.132725914620 0.865081034244 0.082521542922 -0.476664274656
264.4 0.113411089062 0.025792003126 0.627486205824 -0.138871645321 0.861847935724 0.089720271765 -0.479461233728
264.5 0.113154929988 0.027347629442 0.628202998003 -0.132042193100 0.867766509382 0.070541724811 -0.473888182483
264.7 0.111592098063 0.026893180982 0.621069747918 -0.135113155634 0.866656151285 0.078542181264 -0.473796028240
264.8 0.116346193929 0.027503870277 0.633440294105 -0.130127620150 0.862997808649 0.079822243862 -0.481591106777
264.9 0.114837848634 0.026227774610 0.622441277378 -0.126513229454 0.863001398225 0.082479241366 -0.482099745051
265.0 0.116829454792 0.028175648134 0.640862559332 -0.138043482384 0.862653071941 0.079890613286 -0.479990796110
265.1 0.116247420484 0.028549968244 0.636816839001 -0.139391577144 0.857331678719 0.069537465965 -0.490629108098
265.2 0.115735146856 0.026994742394 0.636689160205 -0.136602198438 0.869632247873 0.087970651164 -0.466198195380
265.3 0.115050928230 0.028032038754 0.627256246946 -0.132501818424 0.858120829346 0.071398561084 -0.490891185327
265.4 0.110831919721 0.024313735659 0.609171213145 -0.139606763785 0.861281106749 0.069728741490 -0.483572858289
265.7 0.116878668631 0.025861744569 0.633009123522 -0.141172329823 0.858549575338 0.076553323240 -0.486931811119
265.8 0.111310034396 0.023849602477 0.605518922845 -0.136353689527 0.851966188111 0.080193379433 -0.499129549880
265.9 0.115977987932 0.023917539138 0.623768263131 0.133623492849 -0.851542110930 -0.080004150808 0.500619747237
266.0 0.114072072825 0.022649007781 0.616124588173 -0.127091251501 0.854140133432 0.093706395564 -0.495491228664
266.1 0.113623984932 0.023924874796 0.614931298022 -0.146233365359 0.852048020294 0.078187786403 -0.496504424982
266.2 0.109941213206 0.023805421894 0.588103871792 0.131497774149 -0.845365007023 -0.076449672967 0.512075959010
266.3 0.117053682899 0.027274117810 0.636844795498 -0.142591664144 0.860680368107 0.062361880092 -0.484776151623
266.4 0.114206957190 0.026358495243 0.621906511267 -0.132539964617 0.862848370620 0.074379725682 -0.482072093680
266.5 0.110023425942 0.025877003784 0.610239455381 -0.127496233585 0.857942283712 0.083218187785 -0.490667383736
266.6 0.112747173863 0.026662659675 0.616365379644 -0.120561393985 0.855228132754 0.089828071806 -0.495964422859
266.7 0.106151945455 0.022043475165 0.577248717990 -0.132984831539 0.858015970440 0.135253741025 -0.477315466531
266.8 0.112670946778 0.027386061615 0.618028311782 -0.123490313659 0.865979052810 0.083238576537 -0.477390575843
266.9 0.111943865187 0.026986555729 0.622424222255 -0.123222775526 0.861779438284 0.087813615579 -0.484191198042
267.0 0.112122436085 0.027476026856 0.623666152509 -0.124511974066 0.863832118761 0.076565886369 -0.482108394405
267.2 0.112552757134 0.026826987225 0.619392104529 -0.124795488910 0.858734716098 0.085784626248 -0.489532196301
267.3 0.110648222609 0.023870484809 0.612031740802 -0.127534828979 0.857527600193 0.108029467028 -0.486529461141
267.4 0.109765447945 0.023863642302 0.602859882721 -0.115647675507 0.852682545626 0.110646020418 -0.497308304475
267.5 0.113772309574 0.025493698656 0.627414849574 -0.140923598153 0.855019744091 0.099319810775 -0.489098509389
267.6 0.113552666161 0.025457408942 0.620352039535 -0.124025317571 0.859982591937 0.095289992230 -0.485764839761
267.7 0.114460229862 0.025289813227 0.622223890094 -0.133667611500 0.854336279482 0.102586688647 -0.491648718609
267.8 0.115393220302 0.026940872814 0.624571244529 -0.128732419706 0.855465645166 0.090204015757 -0.493426518945
267.9 0.116457687171 0.029703504944 0.626749169803 -0.135053387669 0.854484418660 0.077086200153 -0.495655806475
268.0 0.118760274616 0.031181199755 0.629896961737 -0.130511759590 0.860700436462 0.078900934591 -0.485732520841
268.1 0.120848965311 0.031684370813 0.633783915062 -0.135161833348 0.860889886441 0.094035552015 -0.481411671221
268.2 0.120695187807 0.032729543170 0.628139410318 -0.131379526809 0.859096006517 0.088344387268 -0.486712174453
268.3 0.120515384494 0.031686778560 0.623532843940 -0.120833617667 0.854245778823 0.093089036968 -0.496988749774
268.4 0.123395389698 0.032737370681 0.635620927648 0.132611882925 -0.850411075875 -0.092481928288 0.500661745567
268.5 0.120116028371 0.033052730895 0.629827406664 -0.129979125268 0.861370650802 0.087539394181 -0.483200665767
268.6 0.118994596515 0.031470216706 0.615008695244 -0.129023371853 0.851774682102 0.092102620122 -0.499349544720
268.7 0.122893455615 0.032516291397 0.641875561146 -0.135357892929 0.852655417119 0.101108940198 -0.494402632166
268.8 0.119010423153 0.031459488981 0.624573377488 -0.131604487466 0.851383779914 0.100817326074 -0.497656291974
268.9 0.120146813620 0.032779726729 0.638490376667 -0.138665787972 0.858485010408 0.086941927498 -0.486020974233
269.0 0.113948186650 0.030292298132 0.612998654829 0.120067364968 -0.846335691383 -0.113402210084 0.506398720485
269.1 0.115607234484 0.031143284871 0.622482123887 -0.116018547249 0.858538888140 0.093480893407 -0.490624089109
269.3 0.112728361446 0.028362019801 0.616961038831 -0.124722200575 0.852099630414 0.112758870776 -0.495636993770
269.4 0.113705750926 0.030105461930 0.626388866140 -0.122639035846 0.854734214280 0.090648623326 -0.496157149415
269.6 0.114880233479 0.032057286662 0.633024387672 -0.128217474592 0.854833880211 0.086049825139 -0.495393524429
269.7 0.113857564055 0.032505605229 0.629525780269 -0.117768249078 0.856465078975 0.092040767518 -0.494091798273
269.8 0.110633642618 0.030447057625 0.614738405741 -0.122612332641 0.855335798418 0.092398508215 -0.494802388342
269.9 0.113692512714 0.031288495966 0.626647000673 -0.122023447808 0.854884127985 0.089873422560 -0.496191670447
270.0 0.113883178133 0.032049135638 0.622265295473 -0.114643020700 0.858687396347 0.077943352541 -0.493394129429
270.1 0.116024722120 0.032110861599 0.630562113911 -0.130842479730 0.855320257306 0.092080388976 -0.492776526335
270.2 0.115417607204 0.031921592159 0.627600053348 -0.127259044022 0.857739211289 0.092047592860 -0.489505691265
270.3 0.116720231579 0.033631325142 0.625663156970 -0.138043859987 0.850715048415 0.092682756043 -0.498635844933
270.4 0.118915178848 0.036363119658 0.630903233830 0.120594005320 -0.852490433499 -0.077791448570 0.502658569214
270.5 0.120608791623 0.037066666907 0.639748367476 -0.138146962276 0.856542757074 0.082559036700 -0.490340624034
270.6 0.121945534893 0.041180681675 0.635889199993 -0.140963083928 0.850810444746 0.084599005614 -0.499093182011
270.7 0.119668641728 0.041292660721 0.621565397701 0.130709327225 -0.849124854551 -0.067182162048 0.507334810811
270.8 0.120719456256 0.041535223068 0.621993620535 0.129186198832 -0.847828338711 -0.091493444600 0.506089896860
270.9 0.121058718593 0.042106963439 0.621820956425 0.126973315115 -0.846343156029 -0.095991112618 0.508297890798
271.1 0.119950579073 0.043248535873 0.610007474379 0.119099686590 -0.853243983529 -0.086779931133 0.500259145624
271.2 0.124961035450 0.046008312657 0.623190782680 0.124352044218 -0.848501213726 -0.076969355515 0.508584287720
271.3 0.125019864838 0.047118523465 0.636305497356 0.140552620659 -0.851340338093 -0.072549281367 0.500201150871
271.4 0.123434251560 0.045893162918 0.616647112194 0.119107685876 -0.849197209724 -0.072132710225 0.509386228980
271.6 0.116832970973 0.043327410702 0.601684028894 0.134667978748 -0.848431528441 -0.075162636389 0.506338873815
271.7 0.116657145315 0.043908654130 0.602781769143 0.131700476851 -0.838842030495 -0.082090233940 0.521785612837
271.8 0.118649945007 0.047271969276 0.619350753459 0.142264042755 -0.846020925449 -0.063881829316 0.509831979898
272.0 0.117723443109 0.047818532397 0.627234166431 0.136281285650 -0.851892215070 -0.069859014107 0.500826100790
272.1 0.115329562831 0.045960200580 0.620205706230 0.140525143885 -0.842719998990 -0.095388006894 0.510858899679
272.2 0.113612611443 0.045790939120 0.614238260957 0.130250188725 -0.848853162738 -0.077944917567 0.506367244468
272.3 0.113282670449 0.044099239397 0.615835333804 0.134914250149 -0.844352347289 -0.096290973703 0.509504962800
272.4 0.111935552886 0.042694486609 0.608886829662 0.121942193554 -0.840958057340 -0.096500047419 0.518273468428
272.5 0.113677554101 0.042573594549 0.619459460159 0.137693729359 -0.844866883047 -0.097226530745 0.507727671638
272.6 0.112691611055 0.042471042849 0.612596271316 -0.126316281540 0.854940466724 0.101442812222 -0.492778196783
272.7 0.110396609247 0.040393777083 0.600847087988 0.125980138789 -0.848267050274 -0.103954418156 0.503751421829
272.8 0.112212192416 0.041051359791 0.609874207440 0.135883745806 -0.846604721260 -0.116041290382 0.501328707030
272.9 0.113322932494 0.043644299776 0.613163765596 0.128076650501 -0.848673776165 -0.093768290869 0.504536124449
273.0 0.116933103562 0.046094841217 0.628266189531 -0.137271195564 0.852256570051 0.094888434238 -0.495793851032
273.1 0.115906147540 0.046084073688 0.619463903925 0.124749804587 -0.845904200497 -0.099811684613 0.508842998827
273.2 0.113957831590 0.048618571687 0.620643626332 -0.120474672083 0.856481960345 0.081735624837 -0.495220953335
273.3 0.111948377597 0.047046307878 0.612531654824 0.119044746988 -0.852081424079 -0.090410846665 0.501608885251
273.4 0.108684308933 0.046450026362 0.606859908493 0.120629711496 -0.847909813452 -0.097983102900 0.506849812568
273.5 0.106920022288 0.047426554176 0.602982795305 0.117496542857 -0.849307798884 -0.099277380483 0.504989927518
273.6 0.108286491819 0.049334193795 0.605463067965 0.117469742673 -0.849502992639 -0.086058823759 0.507089147889
273.8 0.106030723746 0.048728726018 0.613086177404 0.121893487639 -0.845096059801 -0.107602678087 0.509289987188
273.9 0.101540751490 0.049005776585 0.607660817247 0.123630823785 -0.850069579086 -0.101479372685 0.501795841994
274.0 0.102220578714 0.050318243573 0.620542800288 0.122196747694 -0.850695186984 -0.098687372257 0.501643754324
274.1 0.101491693698 0.049162214742 0.613701828470 0.122254269082 -0.846207981381 -0.094149346758 0.510021417630
274.2 0.100595086822 0.048421939602 0.611943265444 0.121172284851 -0.845009473020 -0.105332319626 0.510079768599
274.3 0.097001722850 0.046541912430 0.604338821365 0.126215916069 -0.846911624273 -0.107334023146 0.505261962429
274.4 0.099156850016 0.047633556104 0.617090752965 0.125590263391 -0.844887182845 -0.104454532192 0.509393742317
274.5 0.095139022326 0.045840734079 0.604562946906 0.122233098168 -0.848589489228 -0.099945286447 0.504941470071
274.6 0.097962137663 0.049455097134 0.625097067085 -0.116022626563 0.860966365006 0.083057050163 -0.488238870710
274.7 0.098185437208 0.047804584057 0.616159796919 -0.122822360791 0.853786093973 0.102089581735 -0.495521634977
274.9 0.095595396329 0.047831290833 0.611477441686 -0.119229860467 0.854192750249 0.092194977461 -0.497633471468
275.4 0.092545608272 0.045136370415 0.599158927252 0.120700621237 -0.840963104792 -0.122471112102 0.513043120128
275.5 0.091448024994 0.047709972349 0.603423219835 0.120294429892 -0.844166982279 -0.106549509048 0.511427960017
275.6 0.089038276305 0.046367337709 0.596134712655 0.120512715056 -0.843817770340 -0.102185753862 0.512841425468
275.7 0.088013644816 0.045845603672 0.593457358639 0.112574379399 -0.846492887704 -0.098374055153 0.510978811148
275.9 0.088483533344 0.047143625361 0.613840534079 -0.115675037977 0.858939468372 0.096755581016 -0.489367584546
276.0 0.086802129056 0.046503061497 0.616412537467 0.121503002348 -0.849498632385 -0.101279749603 0.503320480723
276.1 0.084387972326 0.045086757708 0.601404755634 0.113821200251 -0.846651204979 -0.093930272575 0.511276417775
276.2 0.084245606817 0.043543765679 0.593289461224 0.117636115654 -0.850432478571 -0.107407911187 0.501387957873
276.3 0.085039350558 0.043947363108 0.603257766460 0.116834977709 -0.845079522803 -0.113952071925 0.509121904291
276.4 0.085846547799 0.042805127575 0.603847572139 0.122025744527 -0.845878243274 -0.113614616810 0.506647248166
276.5 0.084165442872 0.041536381563 0.597400474637 0.122054586463 -0.846930094101 -0.108218097899 0.506064162844
276.6 0.084200029233 0.044207406990 0.604216262820 0.113385601463 -0.847135306280 -0.083509195019 0.512378466159
276.7 0.081128816200 0.039722000986 0.584765704579 0.119126893505 -0.842382675187 -0.108512632349 0.514222928705
276.8 0.080655197541 0.040440517204 0.588338265918 0.114408461215 -0.845934320840 -0.113332443041 0.508391174373
276.9 0.079365983788 0.041004457262 0.588222849587 0.116826556148 -0.846328517404 -0.116733217643 0.506411840606
277.0 0.080963268078 0.042288525776 0.597923721654 0.120803469273 -0.843117154400 -0.106763633573 0.512992702010
277.1 0.081705577125 0.042296478369 0.593080687838 0.113504882770 -0.840308046961 -0.093822911547 0.521724342034
277.5 0.085093233637 0.039881910630 0.599176237091 0.118646939797 -0.835444984477 -0.143466362411 0.517080249522
277.7 0.082034046341 0.042350044114 0.586950816775 -0.107894407367 0.855866817158 0.098498764196 -0.496133834363
277.8 0.085464272429 0.042046333341 0.590283058686 0.111668752677 -0.844799968172 -0.115401425758 0.510417098444
278.1 0.082889363750 0.041364579737 0.590986176720 0.120454769859 -0.837044492277 -0.110311240815 0.522186361866
278.3 0.082109969446 0.040839783455 0.596765682183 0.111979260939 -0.842212307484 -0.121122382304 0.513291771558
278.4 0.080470073306 0.042104940976 0.594921249043 0.113657957800 -0.845668750273 -0.119577933801 0.507570045598
278.6 0.073717750311 0.038950630802 0.577528661481 0.115980394238 -0.841486111789 -0.117687736197 0.514392135015
279.2 0.066174012185 0.030326804423 0.549812890398 0.128832518466 -0.830084325335 -0.167627760785 0.516006907741
279.3 0.072256372538 0.037569788418 0.599429875876 0.110866219444 -0.847959456606 -0.130080992417 0.501749316642
279.6 0.067874446813 0.035377653598 0.583751024450 0.117712137240 -0.843606210923 -0.115551487384 0.510999283173
279.7 0.069701448373 0.036817599305 0.591326526237 0.114448274702 -0.840945096127 -0.114538125805 0.516327372365
279.8 0.068224961531 0.033823468427 0.580829109306 0.119590977565 -0.845423927864 -0.122801722749 0.505841988340
280.0 0.067480962560 0.033259840475 0.581472715796 0.125510794569 -0.836514785210 -0.123540042644 0.518871768777
280.1 0.069388474372 0.034904210801 0.595220221163 0.118685553057 -0.837612983898 -0.120226738493 0.519484128777
280.2 0.067126847847 0.033644072217 0.586595416787 0.123424946493 -0.838143842194 -0.126314010583 0.516067779567
280.3 0.065974113407 0.032517660974 0.577257968468 0.125260044160 -0.838696516428 -0.125326780750 0.514967254001
280.4 0.064838248937 0.033149926950 0.582937724012 -0.131130627713 0.851206766975 0.122529209948 -0.493192042759
280.5 0.064971418020 0.032188116457 0.582763691796 0.125181366572 -0.840406503914 -0.138857883773 0.508689514101
280.6 0.066829833931 0.034125412209 0.587196243925 0.133076319164 -0.839391930160 -0.138788057767 0.508379539204
280.7 0.072166288516 0.037810752490 0.611050146983 0.121287380583 -0.844359518900 -0.126267182600 0.506362491453
280.8 0.068781042241 0.035845625422 0.589242063633 0.115651508088 -0.840900490626 -0.119521538418 0.515000675145
280.9 0.070405438557 0.037214346504 0.602058612574 0.121414881106 -0.842521824189 -0.136599410245 0.506710966461
281.0 0.072004861802 0.039909804707 0.612098853566 0.112809427998 -0.841826245546 -0.115770491510 0.514975532003
281.2 0.074165498580 0.038929826737 0.606843785419 0.117081240066 -0.842694619510 -0.134740407248 0.507939744584
281.3 0.074825831186 0.038439675806 0.607001162907 0.106350135618 -0.839980726886 -0.150404093473 0.510392629041
281.4 0.073281897596 0.037620860767 0.589344064863 0.116984810003 -0.842767985237 -0.122384699154 0.510958572392
281.5 0.074776665119 0.038230514405 0.600606749084 0.125789985868 -0.832536201340 -0.138279063785 0.521477951049
281.7 0.070728380422 0.035374858358 0.580989639359 0.120316351108 -0.837722198097 -0.143791579368 0.512902989048
281.8 0.072843731349 0.037376845461 0.591292598569 0.120984381338 -0.836078171989 -0.124914041945 0.520319663209
282.0 0.068551247355 0.036292810715 0.571487174378 0.114707384669 -0.838661709706 -0.129782757398 0.516376982889
282.1 0.070502025705 0.038030331201 0.587479538823 0.119047375394 -0.841503146046 -0.118326444876 0.513516338636
282.2 0.068327215981 0.038121819561 0.590829951200 0.116604421628 -0.838932889220 -0.114932656693 0.519023603191
282.4 0.067495046320 0.040825823109 0.607272377728 0.112412978770 -0.836093400475 -0.116226941179 0.524216029925
282.5 0.061679954480 0.035197083572 0.569739985493 0.121798369418 -0.835514828798 -0.132575825742 0.519137533310
282.6 0.065503050897 0.041277028386 0.606249221036 0.117546647176 -0.838216384925 -0.114608283044 0.520039440078
282.8 0.063634345222 0.039403396399 0.599106822704 0.114074383731 -0.839187447463 -0.140745128864 0.512778969633
283.0 0.058563949113 0.035878552871 0.570572945943 0.121593489961 -0.835925830002 -0.149365496835 0.513938691180
283.1 0.062270005346 0.038995468778 0.598271918098 0.123400237311 -0.834423878658 -0.143829357214 0.517515495575
283.3 0.063248596882 0.041803117181 0.611686061131 0.127206654559 -0.834501055205 -0.129939186904 0.520136773941
284.1 0.067802487280 0.050215668544 0.663892431371 -0.126865050953 0.841836979413 0.180263653941 -0.492667001135
284.2 0.067032619886 0.043271199223 0.609513040761 0.117348369785 -0.835315174842 -0.143768337785 0.517502254913
284.8 0.064837227636 0.044638840774 0.596993769895 0.119360445236 -0.841760490142 -0.140923137278 0.507280031868
286.2 0.068015940643 0.047780768062 0.613307254483 0.121268343010 -0.835501644579 -0.110756824643 0.524370018863
286.8 0.075188385802 0.050316344740 0.632844836395 0.130121329468 -0.837323896680 -0.095978277381 0.522250229236
287.2 0.070018647394 0.043787252558 0.585894454423 0.121839812887 -0.830351999387 -0.128825564281 0.528275109293
287.3 0.070634526297 0.043161224710 0.588211314663 0.125778210316 -0.832214091281 -0.115120628548 0.527585811947
287.4 0.077320029861 0.048906553315 0.628391558794 0.109557186588 -0.838932065439 -0.094036487263 0.524735506241
287.5 0.068829533141 0.043234957383 0.579406056324 0.130284658963 -0.828236522950 -0.105686357444 0.534677999866
291.9 0.054592311975 0.034216265955 0.513628301607 0.122710568685 -0.821923044061 -0.182789697979 0.525330897902
292.1 0.061614480358 0.035734590093 0.604472226472 0.069019879200 -0.836537247510 -0.209432702314 0.501577145618
293.1 0.044487491088 0.021320837567 0.536293568247 0.186806673940 -0.800617520208 -0.250646625598 0.511166432762
293.4 0.045890725014 0.037749166737 0.619465087460 -0.103276345591 0.850414144566 0.131713083296 -0.498779954340
294.2 0.049614406200 0.041466764222 0.617805707125 -0.089739221999 0.857276624889 0.122796137289 -0.491878815483
294.9 0.050610805056 0.025905867560 0.472057273039 0.150502034356 -0.816659270000 -0.176675960607 0.528396044006
295.6 0.056783245173 0.037377316507 0.523434719399 0.131335210546 -0.817978041284 -0.173235672541 0.532590262965
295.7 0.075810779462 0.054163998611 0.650748889029 0.126517539372 -0.837085876215 -0.095623385023 0.523580668389
295.9 0.090156122773 0.064210597926 0.806845768413 -0.087268358085 0.868969851346 -0.127570695728 -0.470107805423
297.4 0.074901167461 0.041230743638 0.624791246008 0.145251578248 -0.814134091466 -0.165295845261 0.537368536173
299.4 0.106436821310 0.054897142446 0.791289687668 -0.139143292066 0.857594905220 -0.032117832285 -0.494103802518
299.9 0.058669638310 0.031180820456 0.498275101352 0.136480659609 -0.814720540858 -0.186439111379 0.531830732101
300.0 0.061894604569 0.032686915547 0.505334116313 0.145238694544 -0.812153625874 -0.182116006648 0.534926134816
300.1 0.060985168720 0.033026554443 0.504012765807 0.135647907703 -0.816378366993 -0.173227180346 0.533964746994
300.4 0.061762782277 0.035752399285 0.510570459526 0.147167498540 -0.809336165716 -0.184855172076 0.537722292264
301.0 0.064384801553 0.038512534699 0.517397383876 0.168760186639 -0.801506642606 -0.178470163770 0.545211428628
301.1 0.068245985660 0.043885501112 0.534838278143 0.150485064509 -0.808517201870 -0.153167253346 0.547899600422
301.2 0.063985450135 0.040177873689 0.515885231530 0.160276179756 -0.813206448066 -0.167080610539 0.533939030794
301.5 0.080725895120 0.058253822758 0.614539858235 0.128629207795 -0.813784178379 -0.117563633162 0.554426397351
301.6 0.081105810172 0.058020623159 0.616684629757 0.138606922130 -0.819615421897 -0.100574283582 0.546720673478
301.8 0.081762318103 0.058298281888 0.621989415980 0.136687500589 -0.828829240550 -0.106176735998 0.532057438558
301.9 0.078591960110 0.056996689320 0.608974162796 0.112410588738 -0.832598673396 -0.101981428119 0.532675414223
302.0 0.072729942570 0.043824244895 0.540348918129 0.147212953938 -0.804213542771 -0.162769546853 0.552335947076
302.1 0.067161861993 0.038022817630 0.507211424615 0.160070303773 -0.797303389820 -0.179129228410 0.553712490341
302.4 0.064206392702 0.036163510796 0.506685766676 0.168321256935 -0.808289633579 -0.155763442329 0.542285508516
302.9 0.084326489715 0.053357629602 0.636332939931 0.102233148426 -0.831108231212 -0.103658751726 0.536714406892
303.0 0.083348322918 0.050891095571 0.643310868135 0.113857472897 -0.836367090165 -0.119753120664 0.522671748276
303.4 0.178316014518 0.098282950193 1.463666297476 0.160571981044 -0.834521236666 -0.060681278196 0.523553938898
303.5 0.086516731596 0.053580778747 0.637561675781 0.122965682512 -0.831407516875 -0.099204209077 0.532728361088
303.6 0.065434308032 0.036141625160 0.518481019135 0.136161073967 -0.809954824507 -0.178185662939 0.541925468784
303.7 0.099068845777 0.058870275232 0.691848095495 -0.126976609896 0.854733051995 0.090256181310 -0.495138538292
303.8 0.065747825601 0.037388847593 0.516438344076 0.136963520164 -0.811193161510 -0.181643003657 0.538713716261
304.0 0.086132968470 0.054456489380 0.631040587084 0.120265216684 -0.833921101182 -0.096786584355 0.529853028441
304.2 0.060835915446 0.032695348667 0.491276689569 0.154322293138 -0.806935296626 -0.187405673870 0.538441426993
304.4 0.062741900453 0.035227999352 0.510523429038 0.133038409072 -0.817687276536 -0.175860448170 0.531753140350
304.6 0.063198166678 0.035812370531 0.512248377239 0.135069059699 -0.813927531659 -0.179599337396 0.535744715632
305.0 0.064018758761 0.033910322988 0.513502049685 0.136775683999 -0.815044179176 -0.171379025380 0.536306468279
305.1 0.083672030494 0.050832069090 0.639521283123 0.113704090479 -0.844395533645 -0.111376964151 0.511529798179
305.3 0.067216760801 0.034730434602 0.513997575645 0.137770687131 -0.807961378849 -0.163476593552 0.549083829131
305.6 0.064857638970 0.033167379393 0.502173159342 0.132907829889 -0.817078116245 -0.187328802833 0.528797485182
305.7 0.199899356167 0.097529188810 1.444533002423 0.143055051262 -0.806384119089 -0.054751156776 0.571211183031
306.0 0.201119321028 0.099356421346 1.466249325427 0.099354623245 -0.839180152002 -0.061491707231 0.531153557145
306.1 0.094471551687 0.054709227329 0.677826206124 0.129068998700 -0.821321775931 -0.112729236122 0.544117499516
306.2 0.168529032891 0.084505656438 1.239104449447 0.158918219900 -0.818001758499 -0.028166407925 0.552109387662
306.3 0.096966815867 0.053244094031 0.671417466400 0.134268858876 -0.813819810307 -0.098555390020 0.556736944156
306.4 0.066322436956 0.032870595903 0.492991170838 0.140990341328 -0.810934495071 -0.177037694359 0.539596722686
306.5 0.068354651274 0.032407674077 0.495283618305 0.137087934267 -0.807141739219 -0.182306137482 0.544512243505
306.7 0.070211485607 0.036196283375 0.517939768990 0.130592350604 -0.813147579987 -0.169070225687 0.541435046807
306.8 0.064169298490 0.031699841247 0.488698965016 0.142100045176 -0.815039502274 -0.189858213546 0.528651156854
306.9 0.217618711092 0.097732724084 1.554767825182 0.132988540095 -0.810731640031 -0.077366671431 0.564838608992
307.0 0.068749050508 0.032365918742 0.497965739829 0.138433811125 -0.805655028747 -0.186632371479 0.544907710082
307.1 0.064894413919 0.030648406861 0.488968692700 0.138501760947 -0.809076220726 -0.200805909006 0.534686747713
307.3 0.070123960491 0.032147453175 0.509249663715 0.141857241671 -0.803959294232 -0.175513627530 0.550200820389
307.4 0.196392447256 0.089580066420 1.423031360788 0.114934730707 -0.815379514787 -0.055419652703 0.564690106729
307.6 0.068373361136 0.032259207479 0.495950045854 0.140704078424 -0.797489259726 -0.191097649030 0.554702561264
307.7 0.202765126936 0.098118841047 1.456060265132 0.125875018981 -0.807334214771 -0.053953462160 0.573982551283
307.8 0.096454742645 0.054001809259 0.667919997610 0.124567380432 -0.814451891933 -0.107557951631 0.556401267520
308.0 0.066727290422 0.033324327280 0.499453031876 0.129308043202 -0.812642781340 -0.175599269254 0.540422091089
308.2 0.069113783379 0.032842321637 0.505919838736 0.129345578402 -0.807911019211 -0.174840404769 0.547704609478
308.3 0.064558000514 0.030437070984 0.490065380478 0.137866155981 -0.807494679164 -0.190497265234 0.540976947839
308.4 0.066802459062 0.029210569056 0.493339393290 0.144850485651 -0.802576415353 -0.186265478136 0.547900178847
308.5 0.062713490861 0.027799414084 0.481224404696 0.141922086892 -0.807888608734 -0.186041747457 0.540890548389
308.8 0.063683182653 0.033048437748 0.503499231489 0.116516975975 -0.817861601087 -0.162395743368 0.539586710653
308.9 0.078990572021 0.038058314801 0.549786980962 0.129062147928 -0.770540334993 -0.150720837852 0.605717577058
309.0 0.069591450780 0.027263301673 0.497227454058 0.174057666771 -0.764502085620 -0.196170738192 0.588861215566
309.1 0.088844378075 0.060564486510 0.627335671885 0.010285331477 -0.814870998522 -0.059867162814 0.576450683530
309.2 0.084346775501 0.061927525575 0.613101859112 -0.020566454411 -0.829685809639 -0.031872103982 0.556940434180
309.3 0.087300932350 0.049772624298 0.627563768989 0.105717367389 -0.834283940512 -0.116190267118 0.528482702331
309.4 0.074424611016 0.032660729682 0.516176389601 0.136305417463 -0.783145191787 -0.165179491981 0.583798061989
309.6 0.064022497412 0.030056422948 0.485185448410 0.127183842198 -0.811458610281 -0.198017837446 0.534928154183
309.7 0.090816998301 0.041036901934 0.683220632119 0.109592597554 -0.827845128479 -0.177406372562 0.520757990615
309.8 0.083727898669 0.027628707629 0.516382337429 0.188470972833 -0.727086472102 -0.189863512301 0.632278262463
310.2 0.171944398781 0.075180264135 1.264065105866 0.149142900464 -0.814514546935 -0.043456193978 0.558957965571
310.4 0.063972070357 0.028588167615 0.483885646654 0.121762236363 -0.815394297564 -0.186121996224 0.534476098450
310.8 0.091626670086 0.060684045242 0.623788359112 -0.009270300881 -0.818167387914 -0.048195876813 0.572881614590
311.1 0.066086451188 0.028271640583 0.478057146768 0.134145973323 -0.809265649633 -0.180943193410 0.542543571449
311.2 0.226933059164 0.097418304170 1.589820888325 0.149781577149 -0.806374112625 -0.056181802474 0.569359178996
311.4 0.265744477700 0.112072195555 1.900526328105 0.186969154715 -0.807858445010 0.046316426332 0.557011720400
311.5 0.066027338041 0.028721246964 0.476252806595 0.136851834871 -0.806457718590 -0.184784220000 0.544749773253
311.6 0.065677860974 0.027754278425 0.472435689966 0.142051680062 -0.805448368015 -0.195213566794 0.541263253873
311.9 0.062477823785 0.028670461068 0.465712807080 0.119294928264 -0.815749172075 -0.182289396949 0.535810212771
312.0 0.064385164258 0.030255212566 0.474939012205 0.113396648505 -0.821424264441 -0.181410127773 0.528671678299
312.1 0.072208652934 0.036202534286 0.505001096112 0.098161979658 -0.813006510791 -0.168643756670 0.548583560179
312.2 0.068575581645 0.031165497865 0.486735781370 0.117696041595 -0.810662815586 -0.179555402672 0.544732318291
312.5 0.066896637891 0.030610728653 0.488128122692 0.110505410567 -0.815929989090 -0.173240724272 0.540402126747
312.7 0.079954609329 0.034679173189 0.532035712089 0.107106091259 -0.773742223738 -0.167326927879 0.601542147839
313.9 0.080733265040 -0.011033484769 0.785652116105 -0.143047876077 0.784521155862 0.546760771287 -0.255179388149
