0.0 0.113186392114 0.028281926184 1.14248960235 0.0161609947932 -0.967275631056 -0.222872130157 -0.12018606164
0.1 0.00887440941499 0.0711786763525 0.30441435818 -0.0571924839841 0.862629069131 0.0717117213153 0.497451040698
0.2 0.0989199498255 0.0108678833205 0.832573052786 0.0885669740659 -0.920376914234 -0.378973624464 0.0379633877594
0.3 0.00877044223728 0.0685308572538 0.301710663494 -0.0573045829115 0.861015247463 0.077108507355 0.499422873433
0.4 0.13663934368 0.00550644916317 1.16960097812 0.0730672777287 -0.946088465133 0.031055990199 -0.314027569714
0.5 0.10698929314 0.00457926541386 0.828519164091 -0.0808439636209 0.92463282926 0.371950437118 -0.0130865170557
0.6 0.0120203918838 0.0657266815086 0.304735635945 -0.0603048230119 0.864120851356 0.0843337569073 0.492489898393
0.7 0.155791014372 0.00201670169016 1.21547981612 0.0692023423176 -0.939942458181 0.120426896104 -0.311795724507
0.8 0.152805908226 0.00278166875326 1.2125809642 0.0351665908916 -0.959774656955 -0.0187335573763 -0.277929797933
0.9 0.115016860893 -0.00466126498106 0.838033117835 0.0816172549553 -0.92034113454 -0.37934668155 0.0490603196449
1.0 0.192840171558 -0.00488919552437 1.35818548392 0.0824782564465 -0.915154281549 -0.0870965524156 -0.384843044284
1.1 0.0283646546986 0.059762853489 0.0512329336398 -0.0680653537892 -0.347147931187 0.91215247245 0.206962046013
1.2 0.102307368286 -0.00946312194678 0.816285888303 -0.0655922434026 0.918817162715 0.389063418226 -0.0101161111112
1.3 0.11925640098 -0.0153841111137 1.12089629491 -0.00752727715003 -0.968549701619 -0.22633042881 -0.10309875163
1.4 0.0973244944039 -0.0184859926679 0.822842487678 -0.0520436144754 0.916292367101 0.396658635909 -0.0190180636128
1.5 0.0949447991086 -0.0192733082606 0.820609559446 0.0533390857283 -0.918945672106 -0.389904415634 0.025852278832
1.6 0.0927749664588 -0.0154726831322 0.820115761994 0.0587735838708 -0.920968182518 -0.384286051543 0.0262202825548
1.7 0.0953997910998 -0.0160522547112 0.822608159283 0.0534503894485 -0.920086361667 -0.386389714483 0.0358766147098
1.8 0.120244751559 -0.0164426924795 1.13954913039 -0.00840383506186 -0.976309159314 -0.184818008654 -0.112214547509
1.9 0.102037550068 -0.0114135562363 0.806628881219 -0.0433993332027 0.918106098381 0.392380950604 -0.0351408536629
2.0 0.102984813186 -0.00641962163639 0.804652114142 0.0607580631375 -0.922761163496 -0.376933986983 0.0523551560348
2.1 0.102053960319 -0.0110463698327 0.809717083916 -0.0468292777026 0.917755962751 0.39314459384 -0.0311181606149
2.2 0.113312048355 -0.0136471940994 1.08788681315 -0.0311933748184 -0.96286989867 -0.256056013153 -0.0796482876783
2.3 0.105102062851 -0.0170471949562 1.06292022418 0.00225412933396 -0.966377347964 -0.250291677973 -0.0588541942541
2.4 0.10564290926 -0.0107266288664 1.09924606768 -0.0185253644344 -0.969675196296 -0.229131254878 -0.082980073504
2.5 0.104992859899 -0.0037514297493 1.08525409625 -0.0302494032473 -0.964065320025 -0.255163741213 -0.0674870172565
2.6 0.108968450275 0.0058997520307 1.10199059569 -0.0353973323797 -0.96585992128 -0.247683774907 -0.0671892027941
2.7 0.0924445916395 0.00393972257073 0.803690511415 0.0543767486261 -0.920989798816 -0.38102418407 0.0603450978885
2.8 0.109093804646 0.0082955870793 1.06142601976 0.00784650895493 -0.971162833691 -0.237604310162 -0.018038141423
2.9 0.093745161139 0.00705978657139 0.788289803996 0.0509432893056 -0.91586765471 -0.393581252767 0.0607043474604
3.0 0.163852101156 0.023660211799 1.31846965168 -0.0807306102915 0.991999229789 0.0865231160997 0.0439755277421
3.1 0.179463109079 0.0302359204082 1.32390887 0.083315330983 -0.991516989975 -0.0994349571689 -0.00808105851391
3.2 0 0 0 0 0 0 0
3.3 0.126606585984 0.0427740409055 1.03908404851 0.00231815617045 -0.980888943233 -0.168296940681 -0.0976096662827
3.4 0.181348968014 0.0737223329454 1.31786816395 0.0913691601445 -0.992399790264 -0.0677793453544 0.0469072830268
3.5 0.127381116492 0.061711967313 1.03971646713 0.0119610975385 -0.984379653894 -0.16827720019 -0.0503628140787
3.6 0.186036435646 0.0894685516931 1.34282826905 0.0867751843702 -0.991365308575 -0.0965970532359 0.0182729755935
3.7 0.131781197445 0.0769890473388 1.07871030263 -0.0182294477731 -0.98343900681 -0.172769048928 -0.0516358678716
3.8 0.130014754349 0.0743255135662 1.04873395188 -0.0249004831163 -0.971068038132 -0.237274000943 -0.0103865169866
3.9 0.13203661792 0.0732749715489 1.04805259442 -0.0247489332173 -0.972622263792 -0.230151882049 -0.0205799288109
4.0 0.181583845508 0.0869415020515 1.36929749365 0.102981394672 -0.841948393525 0.142982547796 0.509974240543
4.1 0.154032705409 0.0778934294993 1.31162869284 -0.165188476328 0.779380728848 0.221185563242 0.562454792319
4.2 0.105352165063 0.0472139824515 0.901935067306 -0.353673286342 0.54467936802 0.211369804751 0.730453556512
4.3 0.167329873165 0.0809119584178 1.31969573765 -0.0876727726243 0.992249069964 0.0878236503427 0.00650188721702
4.4 0.166991871806 0.0851686846327 1.31924064741 0.0851450065809 -0.989264137344 -0.0756220040554 0.0915866088571
4.5 0.167172618206 0.0875201872847 1.28935600849 0.0874192602457 -0.993366415657 -0.0647766273962 0.0372159337546
4.6 0.177902734662 0.0863361193529 1.30286648615 0.0869293014555 -0.989440787201 -0.0589481659275 0.099876618408
4.7 0.182716633195 0.0878340122525 1.29747203556 0.0877561248328 -0.989320049048 -0.0600298826363 0.0997051467901
4.8 0.180340678371 0.0736016157777 1.13130091847 -0.207158727304 0.837961122346 0.0970015696181 0.495476653971
4.9 0.20355594103 0.0910783184498 1.31407054835 0.0615740459465 -0.928960618856 -0.0134749638753 -0.364772848261
5.0 -0.0176773337136 0.0663424234256 0.0467131772699 0.0403864960718 -0.313454723861 0.940411405199 -0.125464959233
5.1 -0.000255966161858 0.0794036245175 0.260880797302 -0.118128077133 0.863871626433 0.0979800740602 0.479761894615
5.2 0.142648775331 0.0736373179601 1.01448584228 -0.0141687548676 -0.977805040036 -0.207606371719 -0.0244160702548
5.3 0.0317577681882 0.0903429789274 0.25125113899 -0.0812865103217 0.620377588618 0.13882578838 0.767627221548
5.4 0.166122266765 0.0553967246838 1.029138767 0.098295308416 -0.844886076716 0.304893870398 -0.428421845275
5.5 0.270076163061 0.046903375301 0.774523451586 0.231709621067 0.506256898554 -0.53391880064 0.63635313977
5.6 -0.00627748412877 0.0764870232138 0.249111705927 -0.136383785652 0.85901640043 0.115275553579 0.47979353221
5.7 0.114617673841 0.0625933630996 0.950223290887 -0.182151182828 0.914197830425 -0.00512973804842 0.361990275045
5.8 0.110008706899 0.0498660785765 0.686208164481 0.101705161021 -0.898779715593 -0.367207350534 0.216817537977
5.9 0.0825991961641 0.0613728829722 0.542064929602 -0.149954616937 0.844234577807 -0.505399072954 0.0967128096495
6.0 -0.0081322365819 0.075696202454 0.248317107995 -0.150491835375 0.857006633554 0.125469641597 0.476601727407
6.1 0.115628371341 0.0508567738152 0.683096233609 0.106060943911 -0.896311821981 -0.364082901854 0.229825661169
6.2 -0.00688494750521 0.0747524373745 0.250430369221 -0.153701630437 0.857792975012 0.130492355954 0.472798864062
6.3 0.124557521075 0.0449541088628 0.698069800572 0.101015824771 -0.883125294324 -0.394675105624 0.232630777569
6.4 0.0276361554751 0.0877478958415 0.243812960838 -0.0951908095241 0.621802561805 0.169981577054 0.75855556644
6.5 -0.00342817019689 0.0746151460847 0.255476807711 -0.144445779269 0.860634755014 0.129085781674 0.470935341935
6.6 0.126792032674 0.0456240490545 0.710966759793 0.0952208692105 -0.897299377404 -0.382667295591 0.198374782326
6.7 0.288248475074 0.0461015479436 0.764595344331 0.206186435465 0.527980926256 -0.517679816978 0.64088290852
6.8 0.147142838097 0.0358245802524 0.740173595343 -0.0784783826265 0.916040598306 0.35807405626 -0.162768964945
6.9 0.15157467991 0.0275854353293 0.748734418657 0.0978322864754 -0.899976547298 -0.378294352661 0.193298838026
7.0 0.00648675875539 0.0655529960716 0.267140821618 -0.134814574876 0.866345875753 0.142903707878 0.459182299573
7.1 0.246467587713 0.044531507958 1.20521617548 -0.0980399576728 0.991363608804 0.0864706502759 -0.0104493291587
7.2 0.158098015439 0.0198507631265 0.745788147838 0.38666122566 0.237211243489 0.0984160422848 0.885741613087
7.3 0.206513579854 -0.0096111419729 0.888885753459 0.411451850713 0.786760517898 -0.268057626175 0.373979105126
7.4 0 0 0 0 0 0 0
7.5 0.133857937622 0.0143143269384 0.808079549228 0.443353860969 0.207591443713 0.0732501222794 0.868894450464
7.6 0.156122263497 0.0493508804478 1.21986173616 -0.133145339678 0.9389419368 0.0636552637326 0.310818862427
7.7 -0.0148168371016 0.0669967855068 0.0467639476259 0.0317840909184 -0.314208582424 0.942931264886 -0.105562152287
7.8 0.089302373574 -0.092129287523 0.327890486808 0.444121635552 0.0935562307332 -0.884368740912 0.109064818449
7.9 -0.00867188475441 0.0650794200264 0.289115462184 -0.115880304754 0.852043023315 0.121182791308 0.495892299276
8.0 0.170690652177 0.0376839298426 1.27071453879 0.0435482075383 -0.914583364511 -0.00524337903151 -0.402011604256
8.1 0.124897541342 0.028029698384 1.03109164348 0.0222309462939 -0.989653116905 -0.114291167512 -0.0838452279797
8.2 0.122057038917 0.027805666972 1.03158448212 0.0191813311779 -0.988504981743 -0.14208135565 -0.0479881858306
8.3 -0.00972438852866 0.0675288080239 0.280755103248 -0.121507218608 0.851920010155 0.121565521033 0.494661617897
8.4 0.244351052017 0.0254002658446 0.85673905918 0.238455250509 0.514225185479 -0.490661958784 0.661787272714
8.5 0.0919414425978 0.0426276388344 1.00448553254 -0.0413572918644 -0.985179506006 -0.124939624766 -0.110004570449
8.6 0.155814958887 0.063379148546 1.25899926802 -0.0472052809915 -0.705783723386 -0.0839738331556 0.701847129078
8.7 -0.0189534384118 0.0705572287561 0.272441599042 -0.134263820564 0.843508840377 0.123038516295 0.505299501486
8.8 0.0891140498315 0.0517071226175 1.00754989385 -0.040217232119 -0.985735721219 -0.101589076778 -0.128012974474
8.9 0.238282367921 0.043585776698 0.82583571826 0.219064027558 0.52243513018 -0.47348666444 0.674450046468
9.0 0.105686254058 0.0533295502741 0.955559191442 -0.0152660038261 -0.953558102538 -0.266124736423 0.140255191973
9.1 -0.0154865289567 0.0710740334361 0.267458311624 -0.161032040667 0.846976535337 0.138665854131 0.48731017983
9.2 -0.0151874249015 0.070282447498 0.266479148173 -0.169190803085 0.847098403021 0.145349172541 0.482361260667
9.3 0.106132472029 0.0479204110481 0.713508382744 0.113151754986 -0.888420396108 -0.376552005165 0.236884924654
9.4 -0.0184776062293 0.0712661989851 0.260810264131 -0.181302473849 0.844944831179 0.149298915368 0.480528333306
9.5 0 0 0 0 0 0 0
9.6 0.220927613695 0.0727866933013 0.746710603402 0.190147921594 0.522003902261 -0.448099628502 0.700401611131
9.7 0.202042607484 0.072231565148 0.71040167844 0.189161867515 0.528336870272 -0.429368283007 0.707616292165
9.8 -0.0326731436229 0.0689005801146 0.255065569442 -0.189798317931 0.828021672499 0.156490590362 0.503852561282
9.9 0 0 0 0 0 0 0
10.0 0.1011580619 -0.0401020942284 0.22946956645 0.445573419737 0.308796433862 -0.789381380536 0.288073126344
10.1 -0.0370305384669 0.0656986481657 0.252349871339 -0.204724708402 0.823171249267 0.168415669925 0.502108604063
10.2 -0.0130171144442 0.00766145974262 0.0241370567574 0.584268292558 0.246404435413 0.178867983946 0.75227764877
10.3 0.0820223508162 0.0388668349753 0.663450915169 0.129241090233 -0.858110374936 -0.387795171993 0.310738201065
10.4 0.108581928088 -0.0396744830441 0.224098283359 0.43087561124 0.319935394535 -0.790113975048 0.296154448549
10.5 -0.00858983531838 -0.00975901550398 0.156607152045 -0.162409759716 0.521639133014 0.801757695233 0.242281412807
10.6 0.0759124735699 0.0304241262717 0.670630168321 0.151891243215 -0.856236878982 -0.402381731992 0.286140523283
10.7 0.10963406883 -0.0355239009711 0.215008926324 0.42541010638 0.343675011228 -0.777039530492 0.311646107147
10.8 0.0755947111788 0.0352554559763 0.665913847566 0.155499538944 -0.861360966761 -0.381542113363 0.297157860503
10.9 0.107823465418 -0.0352919735641 0.217067792687 0.426109163247 0.33790835579 -0.779054004224 0.311967598617
11.0 0.109003761743 -0.0359943670713 0.216307442617 0.428879351788 0.327758295607 -0.782831805315 0.309534110977
11.1 0.0110487909061 0.00763344972596 0.0092435596981 0.534435101725 0.00770151297642 -0.146515238327 0.832377975249
11.2 0.0765221899474 0.0303936999624 0.654952483736 0.157806385875 -0.846242057596 -0.395109823484 0.320717557858
11.3 0.0703962734401 0.0341897453335 0.65990537517 0.16849749004 -0.851012452399 -0.390829900131 0.307633533405
11.4 0.0665538862852 0.0370370844133 0.664825285519 0.166581194297 -0.852706958689 -0.391677208758 0.302870454896
11.5 0.0658828758773 0.0299278701415 0.677800447143 -0.175417016256 0.865292907382 0.384052459904 -0.270186533499
11.6 0.0632768889804 0.032164896531 0.67792172041 -0.173294884942 0.864551160059 0.384981326231 -0.272597786025
11.7 0.0593719366928 0.0406125109707 0.675273704847 0.171719961691 -0.856553798654 -0.387275889517 0.294695147851
11.8 0.0637874779208 0.0338658757966 0.695961941997 -0.169237617895 0.865493758845 0.37674437139 -0.283448162308
11.9 0.0550403092711 0.0387800981554 0.671517233114 0.170323413832 -0.854628269911 -0.388508912633 0.299434934125
12.0 0.0534052726124 0.0346815656464 0.675186828126 0.168492520727 -0.858356652306 -0.380601409861 0.299961155341
12.1 0.0544879980577 0.0299636785398 0.678734778511 0.166034441276 -0.859121991884 -0.374478402943 0.306770098119
12.2 0.0586530997635 0.0199141528876 0.674806045334 0.167808055659 -0.847591053676 -0.393538609334 0.313938250534
12.3 0.0623482875318 0.0177237673448 0.684481938357 0.165994484441 -0.85659194301 -0.383499414121 0.302695017592
12.4 0.06355491103 0.00984836822885 0.677585930119 0.166184537467 -0.847672052675 -0.397777056318 0.309205763349
12.5 0.0658796847955 0.0078219809035 0.69380882453 0.157297767845 -0.849988224191 -0.399612375517 0.30510224565
12.6 0.0650835355989 -0.0120043101341 0.679993812521 0.175955544545 -0.839884566821 -0.400931016778 0.320761407506
12.7 0.0681650179537 -0.00852032327569 0.705510989777 0.149455448208 -0.847140290075 -0.389189290123 0.329466378232
12.8 0.0653141558513 -0.00382670606778 0.708019224116 0.147081611608 -0.867153548511 -0.402696242498 0.253470824967
12.9 0.0651121148652 -0.00748904393125 0.713147216924 0.14554151198 -0.865078889457 -0.400483227113 0.264706192045
13.0 0.0658154347605 -0.00648875951408 0.723247113709 0.134896802525 -0.870526814537 -0.397902734883 0.256240768444
13.1 0.0693589451336 -0.0121832941339 0.739271920932 0.132374785543 -0.873562117469 -0.394323353319 0.252735506219
13.2 0.0724126359219 -0.0177135606138 0.742990786913 0.133805876184 -0.875630791568 -0.39411788022 0.245026122786
13.3 0.0762937388285 -0.0277036212032 0.941300073201 0.00219991124605 -0.936219833058 -0.311751620281 0.162168159119
13.4 0.0811279359544 -0.023690514584 0.754826361586 0.135033985837 -0.883854464755 -0.383872311992 0.230671098944
13.5 0.0862551532083 -0.0167279852339 0.755432538023 0.120137996356 -0.887698610322 -0.370374324673 0.245725250405
13.6 0.0846772959109 -0.0117256175726 0.746133229081 0.13683093452 -0.878819147996 -0.389707078105 0.238919638684
13.7 0.0847887206477 0.000937623610971 0.750232651255 0.12931364092 -0.893489782985 -0.350619810875 0.249037624057
13.8 0.08212179707 0.00837684053406 0.756509596045 0.126841840823 -0.893101964894 -0.363607686415 0.232528445787
13.9 0.0842338166294 0.00793024226432 0.930066873269 0.0580350159224 -0.927610432097 -0.269478236571 0.252095821477
14.0 0.0817455365086 0.0131471539486 0.740201123116 0.128640281878 -0.888117074343 -0.371689056352 0.237796100738
14.1 0.0843098403991 0.0209380511618 0.742166976911 0.129611807716 -0.886460457633 -0.362715646787 0.256565773105
14.2 0.080625018528 0.0254340443561 0.733407316106 0.149590380777 -0.871692959269 -0.370082001994 0.284277003185
14.3 0.0807295846968 0.0308021315248 0.717233914285 0.15564052836 -0.868072885862 -0.354850713155 0.310332824782
14.4 0.081117190763 0.0329296279221 0.703162017268 0.159768296841 -0.862371540365 -0.376160956138 0.298818260436
14.5 0.0831368040755 0.0363979509766 0.702350667086 0.167175615127 -0.852706052474 -0.385551119231 0.310314415134
14.6 0.0829334831027 0.0374796106116 0.697893174606 0.17325622704 -0.848916179252 -0.374694174041 0.330042234169
14.7 0.077391090455 0.0352702017903 0.688936729003 0.179316384804 -0.847078728242 -0.378016361129 0.327729908642
14.8 0.0751061136044 0.0381100320947 0.691290973518 0.180258116438 -0.843418509263 -0.371990785947 0.343183747956
14.9 0.0712133346732 0.0358990452144 0.693620528789 0.182749348593 -0.844980520382 -0.375121004203 0.334506842933
15.0 0.0674205950743 0.0326703212253 0.688268861324 0.186535107562 -0.839242757982 -0.382624915381 0.338340687697
15.1 0.0670524841167 0.0300386596089 0.695219313129 0.184419368778 -0.839305003229 -0.382494853454 0.339491229719
15.2 0.0660376051424 0.0226104683085 0.691874858236 0.189846005609 -0.833392800652 -0.390389205102 0.342069002564
15.3 0.0636604837676 0.0193237394481 0.688813179436 0.195826498789 -0.828999695505 -0.390403091454 0.349280565458
15.4 0.0594590756406 0.0184477150741 0.6936655255 0.200934606812 -0.832057463037 -0.384356717398 0.345797015286
15.5 0.056724760353 0.0165427881473 0.695125801168 0.200400330282 -0.827705746946 -0.390877107761 0.34922484265
15.6 0.0541053574466 0.0137074003386 0.687730480603 0.208643146854 -0.817757467902 -0.397265477926 0.360445420291
15.7 0.0536201012423 0.0142358059643 0.687131269355 0.209480045302 -0.815984540824 -0.396999209463 0.364251242197
15.8 0.0533934803993 0.0195495642638 0.688346555787 0.209504506846 -0.818574367277 -0.388141798049 0.367953545241
15.9 0.055574267925 0.0216272504771 0.680243430812 0.218226089115 -0.803026503702 -0.399914530373 0.38417987555
16.0 0.0560776410694 0.0244400332054 0.684549443007 0.218136463455 -0.811610619687 -0.388918719598 0.377421402239
16.1 0.0584651331869 0.0278572305287 0.679556833889 0.227115391481 -0.802434986517 -0.388165325523 0.392229998124
16.2 0.0592590424925 0.027339359715 0.6770158261 0.235096353743 -0.797709488773 -0.386234062181 0.399014442332
16.3 0.058613184015 0.0266079827231 0.682328058111 0.236677733598 -0.800982045692 -0.380681270121 0.396854108555
16.4 0.0567880289928 0.027077002518 0.682445432182 0.239107217501 -0.795152332849 -0.383243574991 0.404579866444
16.5 0.0527507999789 0.0254960413108 0.680833360321 0.244085388723 -0.788591402795 -0.388196425431 0.409694346718
16.6 0.0433619669792 0.0260486207768 0.695148576579 0.234963680264 -0.814046299885 -0.360021549516 0.390519108989
16.7 0.0351074008888 0.0232481784183 0.672825165991 0.249282937344 -0.788497990405 -0.391868038855 0.403197688981
16.8 0.0305042667585 0.0232846487011 0.673581647937 0.246721568577 -0.792364857546 -0.392678129002 0.396346170827
16.9 0.0270808801161 0.0243692604461 0.67893527901 0.240749153826 -0.800730568568 -0.380802245001 0.394791149464
17.0 0.0230683363911 0.0236896817491 0.672161338045 0.242167689079 -0.797665447553 -0.388212308352 0.392906920008
17.1 0.0187507604489 0.0237116870983 0.67093239892 0.246635800497 -0.790365747911 -0.393703468325 0.39936242371
17.2 0.0150308909583 0.0237239096663 0.673445256243 0.242324896171 -0.792775467768 -0.391194577642 0.399690511301
17.3 0.0122085918293 0.0209450145282 0.669016873499 0.246185861919 -0.790107606537 -0.392622330428 0.401210913527
17.4 0.00843820210729 0.0178724751463 0.636307613237 0.243542086878 -0.784946821571 -0.403252403462 0.402409292047
17.5 0.0042956413526 0.0179411553525 0.66470472828 0.24539480425 -0.790102653749 -0.400988865749 0.393353678171
17.6 0.000712548098469 0.0157087387055 0.662466794111 0.240553288571 -0.787926799644 -0.405494141553 0.396080768186
17.7 -0.00338152614188 0.016978507582 0.660114998354 0.243101186361 -0.782355510604 -0.409274780113 0.40164141044
17.8 -0.00852363248591 0.0212676534558 0.660057092382 0.235728269089 -0.792781436071 -0.404341075974 0.390433185133
17.9 -0.00746276146808 0.02798108196 0.658728370639 0.235621228524 -0.78140667679 -0.400965077747 0.41606880268
18.0 -0.0086531900089 0.0353406316747 0.656234862766 0.236942350785 -0.787818380953 -0.40034700869 0.403636957761
18.1 -0.0076910774731 0.042251699002 0.667290264236 0.235494875731 -0.792780998663 -0.393647654788 0.40135019066
18.2 -0.0059630910787 0.0446021765069 0.664344641541 0.234913169175 -0.790809964546 -0.393674401901 0.405531587192
18.3 -0.00197808936967 0.0473144365505 0.658144380597 0.23929311689 -0.78355338758 -0.388817140206 0.421431043593
18.4 -0.0023515854278 0.0488487177985 0.664987694375 0.228098955396 -0.793115370034 -0.390988618224 0.407512916093
18.5 -0.0010378536041 0.0486326407561 0.659395765702 0.22551000334 -0.795211140914 -0.391788794193 0.404086649747
18.6 0.00360035169292 0.0521159351121 0.661401549836 0.228882715805 -0.787259749908 -0.390402498155 0.418832517857
18.7 0.0047516836506 0.0516745762042 0.644165777083 0.223853170843 -0.784270044615 -0.390558602857 0.426935864923
18.8 0.00588412206369 0.0537014780966 0.671434783976 0.211857909948 -0.795300431215 -0.396648485324 0.406550647758
18.9 0.00818502599946 0.0512415859531 0.668049257775 0.207301688324 -0.791725406163 -0.39780088639 0.414670165361
19.0 0.0123203023591 0.0484147031788 0.667037174829 0.208841884289 -0.78583946086 -0.39818539175 0.424605467367
19.1 5.96559412829e-15 1.3413127994e-14 1.99059749445e-13 -0.508554998856 0.481559232612 0.67982898295 0.217497293236
19.2 0.0214454372036 0.0503289165502 0.670595606838 0.195199644517 -0.785764505339 -0.403222560418 0.426477206543
19.3 0.0357697473191 0.0487296057789 0.694261851018 -0.173652547869 0.778511673385 0.392162208595 -0.458228293727
19.4 0.0472308781664 0.0483425305687 0.695225538981 -0.173923119626 0.777606502259 0.393780350202 -0.458274930472
19.5 0.0501426535068 0.0520511361023 0.672591916952 0.19095182157 -0.784333193206 -0.406019206785 0.428377459252
19.6 0.052141067707 0.0516316376236 0.663842687473 0.191116649945 -0.784772237429 -0.41664505949 0.417149680424
19.7 0.0517522777689 0.0518504496143 0.665456379061 0.192236246072 -0.784390651668 -0.416862337503 0.417135856579
19.8 0.0476349965238 0.0505135431983 0.670895386558 0.192405257958 -0.786605460158 -0.419125085377 0.410568178951
19.9 0.0415145601687 0.0456236814211 0.671662148765 0.196109042779 -0.791945524457 -0.420927648178 0.396463673786
20.0 0.0441410938989 0.0430475614435 0.674807610037 0.179931615599 -0.791990361572 -0.421239330151 0.403649981566
20.1 0.0437359296478 0.0387735435928 0.664760654788 0.186857795328 -0.792692348119 -0.430636625666 0.388941000915
20.2 0.0465774290542 0.0401959403527 0.66483073507 0.18307634631 -0.795174065231 -0.428251400821 0.3883065736
20.3 0.0519671564255 0.0413975613429 0.665590049905 0.179019910308 -0.799871780702 -0.430752335777 0.377636639342
20.4 0.0585718361756 0.0433153175239 0.669740089493 0.172573918492 -0.80405731679 -0.428818457568 0.37393155045
20.5 0.0606549701872 0.0420375181385 0.669013205532 0.171207610241 -0.806138243822 -0.432764176157 0.365437072393
20.6 0.060747735631 0.0411808554457 0.668875084831 0.169677010719 -0.809400557589 -0.433694327789 0.357756452704
20.7 0.0613568205951 0.0416458271908 0.66910507885 0.16463360535 -0.815642090929 -0.431711514734 0.34820816122
20.8 0.0630014752489 0.0418541420287 0.672945457287 0.161951285805 -0.816449285432 -0.434234212139 0.344416890342
20.9 0.0622069932729 0.043497393731 0.667114429618 0.162667992607 -0.81674467691 -0.44301796256 0.33196738058
21.0 0.062904590488 0.0467918987938 0.664714122844 0.158624122997 -0.822363234261 -0.439237211811 0.325004261973
21.1 0.0634222755877 0.0491797629993 0.667072132553 0.156910577872 -0.822504345136 -0.44447210186 0.318292669492
21.2 0.0663693841274 0.0501000489525 0.690359505552 0.153573455528 -0.824117571822 -0.452360936637 0.304327134144
21.3 0.0664127834639 0.049472086873 0.689474862668 0.155175795151 -0.823610350666 -0.456257674935 0.299024074179
21.4 0.0665661617371 0.052055193483 0.675008199009 0.139827889614 -0.834769227883 -0.434073977134 0.3085259792
21.5 0.0995331974372 0.0668616070625 0.858681507404 0.0428792446908 0.790752145518 0.596958023762 0.128504990561
21.6 0.0669039194806 0.0481890733346 0.665236618543 0.155158105519 -0.839486335939 -0.438918244582 0.280248869108
21.7 0.0676205485484 0.0485491735898 0.654907221287 0.159742959391 -0.850235719417 -0.416111212413 0.280058685378
21.8 0.0782778670641 0.0417826584608 0.65497824346 0.132385174781 -0.838569713938 -0.440880546036 0.291374920835
21.9 0.0735619668272 0.041131047842 0.659004218715 0.157706710988 -0.854711049115 -0.418803840834 0.263060751028
22.0 0.0799112462153 0.0394266157559 0.6568206518 0.132085775362 -0.843450971488 -0.445847179879 0.269005759857
22.1 0.0821868927736 0.0416546900273 0.661353209949 0.131516321084 -0.851170663977 -0.437932738817 0.257734115602
22.2 0 0 0 0 0 0 0
22.3 -0.0255786048854 0.0701000502301 0.230340273114 -0.182286815389 0.837909846067 0.150703644253 0.491901431598
22.4 0 0 0 0 0 0 0
22.5 0 0 0 0 0 0 0
22.6 0 0 0 0 0 0 0
22.7 0 0 0 0 0 0 0
22.8 0 0 0 0 0 0 0
22.9 0 0 0 0 0 0 0
23.0 0 0 0 0 0 0 0
23.1 0 0 0 0 0 0 0
23.2 0 0 0 0 0 0 0
23.3 0 0 0 0 0 0 0
23.4 -0.0110264887034 0.0660752720757 0.230756466267 -0.110180552577 0.851383619761 0.129614208248 0.496191832719
23.5 0 0 0 0 0 0 0
23.6 0 0 0 0 0 0 0
23.7 0.0939203064493 0.00410736513812 0.671132660081 0.0735723786925 -0.867227130777 -0.467648970231 0.154300516458
23.8 0.0846155174587 -0.0926908421829 0.283404742744 0.430618807238 0.0821278482622 -0.894776283268 0.0848402162508
23.9 -0.00827396810995 0.0682630906402 0.236625682744 -0.0973529877287 0.854452509992 0.117774233946 0.496550635652
24.0 0.0810048537898 -0.0954797017113 0.281325241834 0.432667719161 0.0772527861009 -0.895311694998 0.0724404627007
24.1 0.227059039608 -0.00112806744476 0.649889576677 0.277495910422 0.499467725328 -0.546273695773 0.612464742137
24.2 -0.00769430033477 0.0686862826338 0.241071198872 -0.0826948050956 0.855204932521 0.108271671869 0.500063333661
24.3 -0.00706658303357 0.0711803236465 0.236007404447 -0.0795779447321 0.854535980281 0.099729869297 0.503477469494
24.4 -0.00961549407952 0.0699787770765 0.234004879348 -0.0842396656466 0.852096582082 0.10638800066 0.505486584244
24.5 -0.0103695842256 0.0700815466197 0.234250115357 -0.0857784813999 0.851626425382 0.10358472536 0.50660111369
24.6 0.0810490290364 0.00728657697946 0.676968327308 0.0489023170183 -0.871928290448 -0.46934384406 0.130636808554
24.7 0.12923901666 0.0256512741053 1.41918738329 -0.13157365434 0.789448736331 0.229869662633 0.553731888543
24.8 0.0746450863877 0.00756049766679 0.674088909148 0.0477772077064 -0.875259335773 -0.464008050891 0.127808302838
24.9 -0.0117899910025 0.0719950990017 0.233467325251 -0.0727952042153 0.848673258313 0.0910859162244 0.515904947381
25.0 0.0692455675372 0.00316572910841 0.674920074792 0.0512760281923 -0.883063589738 -0.454213084246 0.106112862138
25.1 0.0721567224912 -0.000518292142693 0.674946394385 0.0456396587438 -0.888603317731 -0.438982352733 0.124882581879
25.2 -0.0112769906207 0.0657142028925 0.23400239613 -0.0670959629829 0.848993774484 0.102399811135 0.514025273034
25.3 0.0797974311371 -0.00691178523955 0.672677622577 0.0376476120856 -0.877176682279 -0.463587282022 0.119291899636
25.4 0.0862176930175 -0.0103857019069 0.679388282604 0.0375871028978 -0.878507962032 -0.462723975559 0.112683152178
25.5 -0.00136886908562 0.0647534780943 0.235150550496 -0.0455782179082 0.857291959054 0.0926917318998 0.504362335858
25.6 0.0973809452097 -0.0105531120528 0.670090611777 -0.0151942960151 0.906520490899 0.404868748027 -0.118621371685
25.7 0.0920269286761 -0.00991999795255 0.655853333089 0.0297944119789 -0.904449263392 -0.397497935402 0.151918446264
25.8 0.0899973642011 -0.0226938297542 0.693846442105 0.0297971762402 -0.88623403165 -0.44809823451 0.113619283854
25.9 0 0 0 0 0 0 0
26.0 -0.00428725340328 0.0676999736895 0.246790903999 -0.0428318697292 0.853087349258 0.0810864169091 0.513646180229
26.1 0.0757381469928 -0.0117110618213 0.713276190849 0.0189722689794 -0.889764728385 -0.44245911562 0.110402500593
26.2 0.0590422727124 -0.111318194145 0.299090766234 0.457550240589 0.0587981992015 -0.886933884089 0.0232128060134
26.3 -0.00454212559514 0.0376603204485 0.0732808769475 0.202130503053 0.684029113851 0.322142640198 0.622472128296
26.4 0.0550369781526 -0.00456294603398 0.706553225598 0.0245788896518 -0.927379570541 -0.353041055724 0.121346707001
26.5 0.05256954996 -0.00679982321865 0.712135934113 0.0219633841098 -0.93003614684 -0.350161495099 0.109257963919
26.6 0.0460565426341 -0.0215187662128 1.02392289046 0.0019703625802 0.928009920295 0.0265976002538 0.371599614057
26.7 0.055737237923 -0.0198321177704 0.744950718523 0.0182045684106 -0.903910339884 -0.415236966795 0.100960153267
26.8 1.10025624133e-17 4.6086901273e-19 1.07332255468e-16 -0.0679377513486 0.774222011107 0.370707559701 0.508468921999
26.9 0.0597830556398 0.0025824146408 0.718404358651 0.021536585008 -0.932367147507 -0.340628238114 0.119164093401
27.0 0.059131975081 -0.00516636454207 0.695913858126 0.0257028385821 -0.933593144567 -0.333740528429 0.127908030205
27.1 0.0562315011143 0.00352819700291 0.718745672544 0.032259085912 -0.935935480252 -0.333761267553 0.107645457234
27.2 0.0602709977863 0.00353727670843 0.728510214014 0.0151994309625 -0.934640051537 -0.342903745624 0.0929191723977
27.3 0.0634666056804 -0.00402416608815 0.767231906741 0.0238418092052 -0.916188497407 -0.387843839608 0.098017148663
27.4 0.0568409663856 0.00839113465804 0.738980357889 0.0338573720222 -0.941620981333 -0.321453098616 0.0941887002992
27.5 0.0550261132804 0.00970650040447 0.730295805789 0.0261894228723 -0.945537652792 -0.306086095528 0.10762882238
27.6 0 0 0 0 0 0 0
27.7 0.058655390534 0.0335089731192 0.736572994024 0.0290247759523 -0.947299530112 -0.299080917129 0.111048492292
27.8 0.0550038142732 0.0312132355823 0.717936781974 0.0189749585159 -0.952472356847 -0.288800401254 0.095029935427
27.9 0 0 0 0 0 0 0
28.0 0.051333434563 0.00422164620864 0.723760476787 0.0333589869909 -0.947659919631 -0.300624436382 0.102238950316
28.1 0.0556882328304 -0.00774964994372 0.697760990216 0.0133919520225 -0.931616616185 -0.331141745679 0.149185389156
28.2 0.0575600416487 -0.026603594358 0.771796574054 0.0221891776967 -0.957062583404 -0.279115230498 0.0750569113785
28.3 0.0564355619268 -0.0258234798774 0.743507059882 0.0278013487615 -0.947679181021 -0.302007511175 0.0996128408404
28.4 0.0584560920007 -0.0322302238165 0.733780956608 0.0329326007896 -0.944027731673 -0.313925492948 0.0958012030937
28.5 0.0502592098373 -0.053085728841 0.91177780793 -0.00106729288905 -0.917662883185 0.0320512829285 -0.396063642578
28.6 0.0584521105917 -0.0434444878213 0.736703698346 0.0162530818475 -0.936836970425 -0.342778734144 0.0676392459663
28.7 0.060578511132 -0.0423869981453 0.745274857729 0.0236664931321 -0.942313964242 -0.323370749022 0.0831603786346
28.8 0.0618990798319 -0.0411930932288 0.743304099981 0.0170350329972 -0.948288919176 -0.308927552958 0.0708639572781
28.9 0.0632868545021 -0.0376305244112 0.735695485232 0.0109167585308 -0.937477239136 -0.339879219107 0.0741577164166
29.0 0.0640943626327 -0.0310387091539 0.729438599765 0.00422636059555 -0.94433366883 -0.322338128091 0.0656825012395
29.1 0.056610808223 -0.0400513658722 0.744544929871 0.0153749622905 -0.947790295314 -0.314928236302 0.0477218254435
29.2 0.0526523330155 -0.0448098743281 0.739968482045 0.00756263771835 -0.938765110152 -0.338158375118 0.0656642049341
29.3 0.0491129578206 -0.039842607124 0.739139954118 0.0162012629627 -0.951373364359 -0.299900352023 0.0684545069574
29.4 0.0525332853341 -0.0322610530508 0.739789934229 0.00995276054606 -0.952032267662 -0.298219415514 0.0678283428809
29.5 0 0 0 0 0 0 0
29.6 0 0 0 0 0 0 0
29.7 0.0737645366845 -0.0238304728318 0.741195170865 -0.00516169212494 -0.943040902567 -0.321603555841 0.0849609668628
29.8 0.0800630137117 -0.0217486221324 0.730901626147 -0.017988778747 -0.945718736505 -0.314180578976 0.0811359295123
29.9 0.106887415624 -0.0204300189515 0.9471024181 0.108833475419 -0.699060499718 -0.460411501174 0.536181817996
30.0 0.0893081138267 -0.0193405430379 0.730996004233 -0.0332389872915 -0.943924806922 -0.313346037205 0.0985666757485
30.1 0.0912934884321 -0.0145027744974 0.731855611075 -0.0200579638828 -0.9532312106 -0.288099497096 0.0891437995341
30.2 0.0932700824248 -0.0118427651464 0.746608427048 -0.0102666718531 -0.956176509355 -0.279480026067 0.0866717568568
30.3 0 0 0 0 0 0 0
30.4 0 0 0 0 0 0 0
30.5 0.150238176833 -0.0127011860872 0.963173762987 0.10271257859 -0.694638828747 -0.44755855987 0.553731306035
30.6 0.114183089143 -0.0218735412795 0.74716942945 -0.0124544513586 -0.93693616919 -0.33839122122 0.0865267756637
30.7 0 0 0 0 0 0 0
30.8 0.0871409115704 -0.000496832669746 0.716374026214 0.00148762560414 -0.963884484313 -0.257922952855 0.0663342917387
30.9 0.105973879389 0.00103982590755 0.940828709238 0.109099290638 -0.677790502721 -0.46791694519 0.556552883028
31.0 0 0 0 0 0 0 0
31.1 0.0651939812742 -0.00585298050106 0.750102708582 0.0182178051815 -0.964969523049 -0.246713554394 0.0873747860663
31.2 0.0580323873766 0.00787121997393 0.753754796141 0.0263761246398 -0.964289428578 -0.248502972598 0.0877295308979
31.3 0.0551190514557 0.00850176912671 0.747870333036 0.0106105570816 -0.961416195179 -0.268872817395 0.0572164643432
31.4 0.0487477099448 0.0108757992587 0.741960394982 0.00348918541371 -0.964045491897 -0.263073780904 0.0373671104032
31.5 0.041555736503 0.0110165335481 0.73923032068 0.00354662745017 0.962595313874 0.269966073398 -0.0227156852262
31.6 0.0291589347028 0.0104848655511 0.74514474629 -0.00697924070674 0.962821333969 0.269960277074 0.00691504562204
31.7 0.0263661432219 0.00910663534293 0.753999010161 -0.00665157638798 -0.960141014215 -0.279031165773 0.0150531684373
31.8 0.0249533954974 0.000893553071027 0.767056310446 -0.022394184272 -0.966248502202 -0.25441835008 -0.033669506161
31.9 0.0279573028552 -0.0119550693642 0.749970985139 0.000789145710332 -0.960338820087 -0.277763512082 0.024416372345
32.0 0.0354220393799 -0.0149545891216 0.752686965204 0.000539750462491 -0.965092271286 -0.257212085573 0.0493817740551
32.1 0.0416859256553 -0.0164135917679 0.750647544016 0.00742659806004 0.959400146115 0.281273999452 -0.0195228713927
32.2 0.0475408329354 -0.0178650552465 0.752555798924 0.00531798307293 0.95688844867 0.288946441368 -0.029088999281
32.3 0.0549379262931 -0.0182296353713 0.756663562266 -0.00720504536091 -0.957405926392 -0.287614671309 0.0244904119523
32.4 0.0621044803277 -0.0189875148832 0.755943293092 -0.011153415536 -0.957190083867 -0.288470604819 0.0211531279906
32.5 0.0684762435572 -0.0184725329306 0.775040319931 -0.00825004376544 -0.966974937645 -0.253402159325 0.0260528768629
32.6 0.0738220590394 -0.0218932682408 0.755868463395 -0.0119809132014 -0.964088402859 -0.262176126151 0.0406655636612
32.7 0.0775202890898 -0.0268752975962 0.76312854982 0.00157117591558 -0.960990687127 -0.270340889696 0.0583972090063
32.8 0.0767262502938 -0.0306859150841 0.748749902974 0.0189740403958 0.95418442439 0.297207871941 -0.028975004713
32.9 0.0721598580714 -0.0349861387649 0.754831553407 -0.0270797464794 -0.953250350164 -0.300692387634 -0.0128275197239
33.0 0.0662112390371 -0.0369137219177 0.740659665876 -0.0357787609295 -0.954164419606 -0.29698929895 0.00935397957479
33.1 0.0644244040941 -0.0436990965228 0.75863618928 -0.0514787506244 -0.950593129644 -0.305658230609 -0.0171955275536
33.2 1.05417454905e-15 -9.10350512248e-16 1.42895975427e-14 0.0330176835194 0.971990375555 0.0736209025604 0.220736279551
33.3 0.0503903946955 -0.0627717800723 0.763169425817 -0.0264120361917 -0.957219321078 -0.288080398103 0.00657722797013
33.4 0.0474865881203 -0.0680130474084 0.743430500643 0.0489218929275 0.946429512855 0.318324483239 0.0233954901857
33.5 0.0317432718033 -0.0746222832209 0.760282655563 -0.00489184161168 0.943918601447 0.325078345673 0.0576004592139
33.6 0.0409824202678 -0.0509141643335 0.688777955886 0.0495129084736 0.988671773094 0.116619710545 0.0804763325082
33.7 0 0 0 0 0 0 0
33.8 0 0 0 0 0 0 0
33.9 0 0 0 0 0 0 0
34.0 0 0 0 0 0 0 0
34.1 0.105993940525 -0.050505086259 0.729354730548 0.0550420057016 0.944149127787 0.324024979104 0.0236773103261
34.2 0.121212551268 -0.0503357148922 0.741800718348 0.0645355119843 0.944762234499 0.32124201292 0.00794084961844
34.3 0.127441266117 -0.0517787987061 0.739753731779 0.0542692558798 0.946491243708 0.317250926141 -0.0236859307085
34.4 0.125669011219 -0.0548098221016 0.731253861155 0.0436135102115 0.939990728955 0.335575070885 0.0436424450131
34.5 0.144051956284 -0.0576134618384 0.734293930918 0.0792513493781 0.943383462184 0.321471922003 -0.0200666455579
34.6 0.152276926647 -0.0636318419113 0.771087662627 -0.0388101730303 -0.9575923832 -0.277221238701 0.0682567426741
34.7 0.133267339196 -0.0635238439894 0.731976903733 0.0671057257072 0.939182865075 0.334334296358 0.0406564362049
34.8 0 0 0 0 0 0 0
34.9 0.133948859883 -0.0751932809764 0.778249254865 0.0742603792119 0.944391911075 0.317636747211 -0.0414271794498
35.0 -0.0223540285336 0.0221164955583 0.0736113221715 -0.446800776205 -0.649497925686 0.518077113787 0.331839743071
35.1 0.108992507791 -0.0638549010123 0.713838987137 0.011872638467 0.933891853876 0.343438670113 0.0987670268446
35.2 0.127212543547 -0.0758785650313 0.728347904418 0.0791782820078 0.932856594469 0.342367643404 0.0793332878655
35.3 0 0 0 0 0 0 0
35.4 0 0 0 0 0 0 0
35.5 0.00466383500469 0.0356382775299 0.0739074961213 -0.267696808402 -0.465787169998 0.730063368341 0.422360283695
35.6 0 0 0 0 0 0 0
35.7 0.110259613945 -0.0773988239127 0.724343477361 0.0757976350615 0.939814951622 0.319778947794 0.0935093566121
35.8 0.102867628126 -0.0775576496013 0.716971300632 0.0911044115107 0.930776739465 0.345148714551 0.0789114207075
35.9 0.00110989164887 0.035065814278 0.0736496865543 -0.256837391847 -0.480985869012 0.73950334494 0.394742891998
36.0 0.103581698709 -0.0771200603841 0.876399767093 -0.0270702948259 -0.957382224778 -0.284392166472 0.0425155320537
36.1 0.0840166762214 -0.0643717392017 0.748414140449 0.10420595848 0.93253943696 0.337689636751 0.0740069318503
36.2 0 0 0 0 0 0 0
36.3 0.0585897291293 -0.0795785301093 0.732800335626 0.109825009194 0.91724049901 0.368511928564 0.103958130213
36.4 0.0459298743902 -0.0892214489481 0.760634075687 0.105494459611 0.918794133045 0.362918992857 0.113921309234
36.5 0.0415392742572 -0.098868050863 0.782775113788 0.0988231177887 0.916807430211 0.382129373962 0.0606239957121
36.6 0.0396966025549 -0.0960402731435 0.793975306618 0.113051085196 0.925330571474 0.354647086255 0.0721680666408
36.7 0.0379391240981 -0.0932755301476 0.765599146155 0.122189933564 0.902919261624 0.394731566962 0.118293774846
36.8 0.0515340724359 -0.0926218755979 0.786531174631 -0.123391819469 -0.938610892084 -0.322001015482 -0.00996986344314
36.9 0.0547285330067 -0.0817594388198 0.798661570393 -0.108259124968 -0.939179694807 -0.324139319448 -0.0339877082244
37.0 0.0476273310615 -0.084526756292 0.788107545366 -0.116349784069 -0.92900313822 -0.345199283149 -0.0652177264028
37.1 0.0325376209841 -0.0848557354881 0.756691855839 0.124431709733 0.89950032878 0.387703410304 0.158436024237
37.2 0.0422969767299 -0.0559482406557 0.659346662634 -0.10627429004 -0.916789824836 0.360952357101 0.133849124977
37.3 0.0263760228408 -0.0743076459584 0.775264210984 0.106706393416 0.939836708405 0.306791472195 0.105828633779
37.4 0.021720997925 -0.0710192789676 0.779835064946 0.121150828872 0.926814223335 0.327876974685 0.137239067176
37.5 0.0230581767528 -0.0674784319006 0.773415837371 0.127099494283 0.927496640751 0.324982099356 0.134098229097
37.6 0.0256763394344 -0.0760116946031 0.804179297336 0.144339124716 0.914681894673 0.355786942027 0.126249358481
37.7 0.0246270950756 -0.0674481285215 0.773489675617 0.124668505517 0.926453678674 0.323074602269 0.147526764932
37.8 0.0126796731728 -0.077982265354 0.8007507084 0.0787018654541 0.905427948155 0.359348885904 0.211836317174
37.9 0.0208411844228 -0.0775857184871 0.799705754194 0.0888229106815 0.902814746892 0.365123575339 0.209095189003
38.0 0.0408294645936 -0.0661227097156 0.779579704801 0.149452187166 0.918108757175 0.318496766864 0.182483323202
38.1 0.045455545556 -0.0616675120243 0.780143674899 0.150772378264 0.915433131237 0.325749997837 0.182035191913
38.2 0.0434693301127 -0.0578597719329 0.815291280209 -0.108284405283 -0.950085470202 -0.237955718121 -0.170262042445
38.3 0.0418126223266 -0.0445272699912 0.792994193009 0.122234703451 0.930577201296 0.29286378022 0.182525493931
38.4 0.0357134556812 -0.0465406074394 0.810894457535 0.123953470423 0.905561456162 0.3465300614 0.210976071702
38.5 0.0357146703266 -0.0425530993259 0.829046269884 0.130410857032 0.902034090052 0.353712252628 0.210273990529
38.6 0.0366054207026 -0.0217463287672 0.78587751143 0.125951010763 0.925040542366 0.285776220699 0.216259773306
38.7 0.0367331449705 -0.0232405720247 0.813289353597 0.127575306245 0.923674404927 0.303129265472 0.196628541504
38.8 0.0333918387877 -0.0222365311696 0.819465798597 0.128993447638 0.910331112653 0.319603039926 0.229154647941
38.9 0.0415907545291 -0.0141179121395 0.822946668326 0.146200282674 0.927290430645 0.282738940478 0.197019354677
39.0 0.0358655618912 -0.0167370774764 0.825341710988 0.125058255819 0.908883958551 0.320621695661 0.235567635322
39.1 0.03437929841 -0.0183571922195 0.829147411444 0.121856635162 0.905138043812 0.324990350645 0.245473734029
39.2 0.034514196771 -0.0224042948478 0.836384367923 0.125255214415 0.904275070145 0.338383617467 0.228241661854
39.3 0.0343620650115 -0.0261362322788 0.844764724266 0.127271689705 0.905064308417 0.338308312171 0.224071418403
39.4 0.0311507674571 -0.0288299654509 0.830099281764 0.126114607383 0.90780668857 0.321450138969 0.238016659394
39.5 0.0269474039475 -0.0293748955746 0.824121285516 0.130095896413 0.90669317716 0.323868365923 0.236837120785
39.6 0.0209259363348 -0.0321768083569 0.820686030556 0.123193117135 0.898419165626 0.333414512174 0.25787830812
39.7 0.022300871298 -0.034604861857 0.823816098857 0.128477704019 0.896114435441 0.341705974726 0.252407260199
39.8 0.033402081322 -0.0254913281132 0.801831000225 0.135687783539 0.930130244782 0.269650969267 0.209128926535
39.9 0.0356111163764 -0.0380201062063 0.827952214386 0.136450514675 0.898560436877 0.337375903766 0.245250683754
40.0 0.0371591449673 -0.0384104964585 0.826580614886 0.135377828785 0.900246556466 0.332223733691 0.246690842586
40.1 0.0345438801534 -0.0367975043397 0.820311115446 0.134103653894 0.895317631216 0.343493098729 0.249870046968
40.2 0.032571853781 -0.0348810332897 0.816359509205 0.134459694266 0.892983769367 0.346796552416 0.253441767468
40.3 0.0360454121456 -0.0311584122519 0.822288417364 0.139960708242 0.896040226166 0.338134029128 0.251372813934
40.4 0.0384880997731 -0.0260794127175 0.813595380279 0.136520747701 0.893798360679 0.341012625057 0.257287709472
40.5 0.049581603115 -0.0268279795396 0.845617169902 0.149968404509 0.90563058351 0.313064302484 0.243584618502
40.6 0.0487416246254 -0.0292726086694 0.80847660705 0.135522860698 0.908051868586 0.31811708595 0.236382905078
40.7 0.0487784294212 -0.0377807936815 0.814446609449 0.137414646126 0.892569083122 0.338708587843 0.2640343527
40.8 0.0612565199404 -0.0367233300197 0.825781276927 0.148140556737 0.906568100274 0.32175880091 0.229477513172
40.9 0.0789466543214 -0.032876740199 0.82488608738 0.166728565865 0.913190167637 0.273250462969 0.252229037865
41.0 0.0832554020946 -0.0335405757895 0.847511573224 0.144545837533 0.908210425174 0.314853918762 0.234792108678
41.1 0.0824764746144 -0.0283201449886 0.852741415216 0.13462776951 0.907207815149 0.304977536764 0.25658925519
41.2 0.0956990119083 -0.0340143616563 0.865754914726 0.164319438524 0.898337544191 0.351568830179 0.205883793598
41.3 0.104273267177 -0.021820609907 0.842405505645 0.132865701796 0.92239374646 0.292085184687 0.214994713108
41.4 0.12346737602 -0.0219976394266 0.896765062297 -0.113233031009 -0.944374772347 -0.233747807901 -0.201733815572
41.5 0.123651810261 -0.00631726413451 0.849797353151 0.126120490558 0.928719151179 0.264724894281 0.226925297053
41.6 0.120494185016 -0.00322684289647 0.834507860488 -0.110014608551 -0.927744878571 -0.228653887132 -0.27368526831
41.7 0.11823522131 -0.00171258341637 0.812982551804 0.131402043437 0.903723922462 0.280902265675 0.295144866278
41.8 0.127902097058 -0.00550342385995 0.836485124113 0.133658092526 0.910674154184 0.283262247255 0.269389306551
41.9 0.123278842135 0.00027836344786 0.809553890963 0.127088777896 0.907579717389 0.286336831435 0.279568807418
42.0 0.127773611752 -0.0049497280712 0.840362936373 0.137796062757 0.906000718718 0.306544172107 0.257304514766
42.1 0.12153639768 -0.00306378179383 0.844654426092 -0.131930945835 -0.91522414405 -0.311933101824 -0.218304218156
42.2 0.107089410444 0.000778005414431 0.828555400658 0.130638009124 0.898230019033 0.302391461673 0.290991318405
42.3 0.0945881752338 0.0100885692575 0.759918677466 0.12544549821 0.89070897795 0.296195520776 0.321199559542
42.4 0.102767047696 0.00832861261506 0.803554437184 0.130416566118 0.898252830729 0.290645299241 0.302751847888
42.5 0.0915540111562 0.0147936186497 0.746660277613 0.135570846032 0.8836590539 0.294131798506 0.338014359568
42.6 0.0874000530231 0.000658053923334 0.771250040193 0.109581509386 0.899109827278 0.326847074929 0.269748773682
42.7 0.0821207210767 0.0072379035636 0.744308908749 0.130937867316 0.882158700757 0.29526056105 0.342742618694
42.8 0.0878422789103 -0.00195653751162 0.789253272738 0.127295705934 0.901038619936 0.310300141017 0.275025509943
42.9 0.0907293077086 -0.0132366634976 0.799269924519 0.134206530715 0.892637831576 0.322443559124 0.284985017032
43.0 0.0842559133447 -0.0138966596164 0.784350689499 0.118040996779 0.887487824624 0.32931908082 0.299967710314
43.1 0.0823327034091 -0.0132891980946 0.768042098494 0.126199407905 0.881971551431 0.324362371297 0.317787576845
43.2 0.0827706633199 -0.0132781756099 0.768564940728 0.131404558871 0.878040789044 0.325507496026 0.325303065947
43.3 0.0858769399817 -0.0138236400305 0.764735301643 0.132426022836 0.880146938064 0.331046784249 0.313389123186
43.4 0.0872733994484 -0.0141996543091 0.764355465193 0.130003387524 0.883787057891 0.329168826032 0.306051367429
43.5 0.0870683324164 -0.0195577743124 0.786442778711 -0.133396787231 -0.895560198573 -0.348824096879 -0.241865618319
43.6 0.0667939638612 -0.017498467412 0.756561823999 0.121743916502 0.879305572142 0.335284337122 0.315570186923
43.7 0.0616488202962 -0.0152359644571 0.73592866592 0.138014545697 0.866130687833 0.312373531384 0.364955331049
43.8 0.0597763344994 -0.0174683679968 0.750268632331 0.13285303634 0.87065727362 0.324388704279 0.345076732284
43.9 0.0632824928893 -0.0174343768122 0.761886862054 0.132287178197 0.869832322365 0.338262458245 0.333871746029
44.0 0.0573948356115 -0.019385277137 0.734605723922 0.13265418586 0.868822880525 0.334783637644 0.339808159432
44.1 0.0558576546638 -0.0326724898492 0.742355418447 0.13418880175 0.875184814514 0.32169950251 0.335491186195
44.2 0.0484188151423 -0.0307229212679 0.733331478942 0.131206773219 0.863264985756 0.341422616068 0.347834650757
44.3 0.0467511330736 -0.0273649284678 0.719964162053 0.154313797704 0.855997550084 0.317587949174 0.377615334206
44.4 0.0427035535056 -0.0354983903117 0.756416775238 0.138118036796 0.862599168668 0.346666794767 0.341567292828
44.5 0.0404925849124 -0.0359496798875 0.764748574999 0.135363864649 0.867426935587 0.335988560964 0.341114090103
44.6 0.0372927970365 -0.0337804082559 0.733975294879 0.156458744061 0.854633218498 0.336565403999 0.363106667632
44.7 0.034706082669 -0.0454098694612 0.786281029003 0.139889637961 0.868595705418 0.328710591387 0.343397345404
44.8 0.0293639176415 -0.0354656005011 0.764470685159 0.151413655358 0.864483873369 0.359985831405 0.316467595251
44.9 0.020878218248 -0.0360193623805 0.753432223695 0.167874154306 0.846248177407 0.339629308865 0.374612096856
45.0 0.0191510780376 -0.0343615653844 0.722408335444 0.183572119566 0.838705089931 0.325690980614 0.39598034571
45.1 0.0231465037472 -0.0405198891729 0.754412955686 0.163915539353 0.850077872132 0.334208654896 0.372563930438
45.2 0.0218880249995 -0.0419309171701 0.748298497312 0.172542807661 0.843767138036 0.336698976044 0.380683327485
45.3 0.0183124335338 -0.0484155307326 0.750373572395 -0.167183248443 -0.847001567478 -0.341755570076 -0.371269762371
45.4 0.021844730847 -0.0377652602203 0.748023263787 0.174338188175 0.848503665004 0.339323424477 0.366752423603
45.5 0.025969620152 -0.0373578368065 0.769548194517 0.174340299909 0.854132133289 0.341917071951 0.3509365678
45.6 0.0314563219031 -0.0317626054662 0.764392587046 0.184237794405 0.855442464429 0.333717326388 0.350581475884
45.7 0.037431919644 -0.0291355054918 0.784618461042 0.187892824415 0.858920895942 0.337526132387 0.336195316749
45.8 0.0352229642424 -0.0203661814551 0.770678223449 0.183873739076 0.84920826972 0.333287230086 0.365999159806
45.9 0.0367070428187 -0.0166815533293 0.78809249825 0.196192838944 0.845626867662 0.323203845402 0.376779570774
46.0 0.0409978749883 -0.0154443392221 0.809434825516 0.208411587183 0.856237751535 0.327792335439 0.340549127148
46.1 0.0359703076608 -0.0141037111454 0.824517986741 0.212906143415 0.847319104848 0.339604946755 0.348410374121
46.2 0.0301874991894 -0.010776825572 0.843631580434 0.218271633076 0.852045142423 0.339217381367 0.333628742238
46.3 0.0230496404083 -0.0101399396404 0.855532387117 0.224518347234 0.855790749832 0.331760364108 0.327335859728
46.4 0.01737857567 -0.00779632624737 0.834474380225 0.226258774786 0.855814246067 0.342769237761 0.314480830427
46.5 0.0103445945 -0.000439769600662 0.830092303195 0.22093820481 0.855689960303 0.316213729185 0.344949096196
46.6 0.00906313626296 0.00242137034949 0.808750754488 0.205165515284 0.863947937619 0.317731167923 0.332487559697
46.7 0.0129059664459 -0.00418848865806 0.798311678041 0.227009863349 0.871792640495 0.299385707654 0.314344257103
46.8 0.00381266522077 -0.0199120285802 0.810817454218 0.216700667137 0.847656377919 0.361467197057 0.322274651946
46.9 0.0700206623497 0.0245539685512 0.334506716179 -0.252714104924 -0.778087742684 -0.225607376355 0.528976707986
47.0 -0.00617344046358 -0.02825175944 0.818389738844 0.230409766927 0.847979096929 0.367086684417 0.3051067954
47.1 -0.00451833888146 -0.0225011582846 0.80505252951 0.2190842423 0.855246137862 0.350668941862 0.312389871252
47.2 -0.00486075672904 -0.0202925690735 0.796134531395 0.216305829779 0.858710315405 0.34441073442 0.311784586273
47.3 0 0 0 0 0 0 0
47.4 0 0 0 0 0 0 0
47.5 0 0 0 0 0 0 0
47.6 0 0 0 0 0 0 0
47.7 0 0 0 0 0 0 0
47.8 0 0 0 0 0 0 0
47.9 0 0 0 0 0 0 0
48.0 0 0 0 0 0 0 0
48.1 0 0 0 0 0 0 0
48.2 0 0 0 0 0 0 0
48.3 0 0 0 0 0 0 0
48.4 0 0 0 0 0 0 0
48.5 0 0 0 0 0 0 0
48.6 0 0 0 0 0 0 0
48.7 0 0 0 0 0 0 0
48.8 0 0 0 0 0 0 0
48.9 0 0 0 0 0 0 0
49.0 0 0 0 0 0 0 0
49.1 0 0 0 0 0 0 0
49.2 0 0 0 0 0 0 0
49.3 0 0 0 0 0 0 0
49.4 0 0 0 0 0 0 0
49.5 0 0 0 0 0 0 0
49.6 0 0 0 0 0 0 0
49.7 0 0 0 0 0 0 0
49.8 0 0 0 0 0 0 0
49.9 0 0 0 0 0 0 0
50.0 0 0 0 0 0 0 0
50.1 0 0 0 0 0 0 0
50.2 0 0 0 0 0 0 0
50.3 0 0 0 0 0 0 0
50.4 0 0 0 0 0 0 0
50.5 0 0 0 0 0 0 0
50.6 0 0 0 0 0 0 0
50.7 0 0 0 0 0 0 0
50.8 0 0 0 0 0 0 0
50.9 0 0 0 0 0 0 0
51.0 0 0 0 0 0 0 0
51.1 0 0 0 0 0 0 0
51.2 0 0 0 0 0 0 0
51.3 0 0 0 0 0 0 0
51.4 0 0 0 0 0 0 0
51.5 0 0 0 0 0 0 0
51.6 0 0 0 0 0 0 0
51.7 0 0 0 0 0 0 0
51.8 0.0933551785717 -0.0617624273286 0.810469560816 0.07629973046 0.900635741372 0.306566489142 0.298413471932
51.9 0.0949251801519 -0.0597444194001 0.80816018615 0.0793795729022 0.90056274421 0.301063384314 0.303391604651
52.0 0.0954065858708 -0.0582263188088 0.812355632468 0.0691216730883 0.901748728373 0.300953245946 0.30248730377
52.1 0.0924688134227 -0.0592614605019 0.801619541347 0.0723043670544 0.894465407768 0.314955821982 0.309041328968
52.2 0.0966027991435 -0.0483167496386 0.7689643061 0.0636481089457 0.903730819208 0.285484261332 0.312599202132
52.3 0 0 0 0 0 0 0
52.4 0.125044134273 -0.054628954232 0.815006092554 0.0928923021299 0.915741225594 0.277858520808 0.274924844943
52.5 0.10710191691 -0.0529912706694 0.797985384655 0.0620415240526 0.906786916065 0.287468520398 0.3020764604
52.6 0.103067539651 -0.0598673901764 0.793584453375 0.0699221484936 0.895924004112 0.304164144039 0.316093728958
52.7 0.10836432915 -0.0649489369106 0.791863865274 0.0690936410823 0.900671196958 0.298314828568 0.308262431686
52.8 0.10257941142 -0.066420800848 0.786071392977 0.0737577602795 0.898017723298 0.293686639325 0.319174120699
52.9 0.0990078970379 -0.0680238145421 0.785385404454 0.080382047442 0.900214104561 0.285795820832 0.318549903772
53.0 0.0914149334017 -0.0710986917979 0.798994890792 0.0652530950961 0.900754927976 0.276378499197 0.328629758981
53.1 0.0924457195361 -0.0861773030776 0.812129438568 0.0945938864115 0.890841691711 0.313742426378 0.314672475527
53.2 0.0924220639999 -0.0573627716196 0.714604847451 0.127645842345 0.915286554153 0.16467869247 0.344728865873
53.3 0.0816049656157 -0.0791051161806 0.762214449605 0.0828520480889 0.894213321561 0.280217223655 0.339111163541
53.4 0.0863365562667 -0.0918815897875 0.818248069844 0.0628573939305 0.917109779837 0.244966354722 0.308139716379
53.5 0 0 0 0 0 0 0
53.6 0 0 0 0 0 0 0
53.7 0 0 0 0 0 0 0
53.8 0 0 0 0 0 0 0
53.9 0 0 0 0 0 0 0
54.0 0 0 0 0 0 0 0
54.1 0 0 0 0 0 0 0
54.2 0 0 0 0 0 0 0
54.3 0 0 0 0 0 0 0
54.4 0 0 0 0 0 0 0
54.5 0 0 0 0 0 0 0
54.6 0 0 0 0 0 0 0
54.7 0 0 0 0 0 0 0
54.8 0 0 0 0 0 0 0
54.9 0 0 0 0 0 0 0
55.0 0 0 0 0 0 0 0
55.1 0 0 0 0 0 0 0
55.2 0.133336012566 -0.0833167536802 0.802785190937 0.149147073381 0.89218556461 0.278684912373 0.322637239666
55.3 0.131634205344 -0.0846011990544 0.804666663439 0.141821143902 0.895522388643 0.273475925783 0.321150015722
55.4 0.134656008673 -0.0863454390579 0.815755042558 0.153782446753 0.893008941839 0.277718094216 0.318996315043
55.5 0.136110377926 -0.10208539206 0.872084883521 0.12835903981 0.888372722369 0.298391792465 0.324469106755
55.6 0 0 0 0 0 0 0
55.7 0 0 0 0 0 0 0
55.8 0 0 0 0 0 0 0
55.9 0 0 0 0 0 0 0
56.0 0 0 0 0 0 0 0
56.1 0 0 0 0 0 0 0
56.2 0 0 0 0 0 0 0
56.3 0 0 0 0 0 0 0
56.4 0 0 0 0 0 0 0
56.5 0.131572269031 -0.0705870249843 0.826088009712 0.206172816851 0.882858500575 0.269190873385 0.324946012808
56.6 0.131883497622 -0.0692967503361 0.843725983274 0.203856622883 0.88379206079 0.274852255468 0.319077276308
56.7 0.121341053084 -0.059330851402 0.815702762179 0.19627125027 0.881125391175 0.264451585086 0.339353798402
56.8 0.119918478325 -0.0557825474418 0.812131451247 0.205937526743 0.884954116952 0.243367265599 0.339438241811
56.9 0.122128279583 -0.0580910463501 0.834536518379 0.211141691706 0.880119156293 0.258446089424 0.337661184638
57.0 0.122461097766 -0.059088399365 0.83930107222 0.215384789042 0.882004436293 0.253057520807 0.334124914024
57.1 0.120488910683 -0.0608595413399 0.834113020076 0.214592329963 0.878146709224 0.260781066263 0.338824031731
57.2 0.11885662596 -0.0627569344186 0.828503763223 0.218593705815 0.878914797388 0.252336806683 0.340663626916
57.3 3.37604028371e-15 -1.82779950146e-15 2.23185642453e-14 -0.0816017016197 0.753448017652 -0.116082210378 0.642014148928
57.4 0.1110704827 -0.0804540743915 0.824694417815 0.219671964486 0.870873494992 0.272387361505 0.345150270219
57.5 0.102784541891 -0.0797038005756 0.806988065033 0.209257060006 0.874158339937 0.255505598527 0.356055569648
57.6 0 0 0 0 0 0 0
57.7 0 0 0 0 0 0 0
57.8 0.0986866619132 -0.0960613545766 0.797797431611 0.233989541328 0.863668696503 0.268979677349 0.356335811283
57.9 0 0 0 0 0 0 0
58.0 0.112903924953 -0.0673814965811 0.781066097033 0.219277014102 0.870553486858 0.230317109494 0.375510647891
58.1 0.109318793031 -0.0512278889554 0.763897595003 0.20069728315 0.871413283432 0.249662319463 0.371521488255
58.2 0.119196210775 -0.0612179519259 0.83158017302 -0.183832614026 -0.889957348453 -0.240207369703 -0.341294458635
58.3 0.115349883863 -0.0446735300385 0.782570898029 0.208103081439 0.876369829947 0.240834917165 0.361479696978
58.4 0.112031299725 -0.0416759543381 0.780649775837 0.201533722484 0.876765546575 0.241567811761 0.36374624034
58.5 0.00811539657185 0.0368192505271 0.0737858463132 0.520739594217 -0.512332523506 0.540350881514 -0.417572251497
58.6 0.10857769491 -0.0398873514577 0.798016741972 0.20202952172 0.871792374012 0.253107235827 0.367557962966
58.7 0.109448422683 -0.0388115422037 0.827785081709 0.191751225959 0.886414445783 0.260816672597 0.330870912812
58.8 0.101741409497 -0.0312272915388 0.79609712068 0.193698603416 0.871664620167 0.250132325261 0.374319997921
58.9 0.0998457575605 -0.0311397241725 0.792264951894 0.194899229076 0.871220979915 0.250512669047 0.374475229232
59.0 0.102270904507 -0.0304418613338 0.79586284867 0.192757554358 0.874391968197 0.248947883975 0.369199352998
59.1 0.100746890332 -0.0317655414768 0.78219468931 0.184593656411 0.873224237385 0.261166375422 0.367691089919
59.2 0.0997562759536 -0.0319143167413 0.774546877307 0.179686340099 0.874479154772 0.252408416928 0.373214439853
59.3 0.100087696071 -0.0257846771879 0.757471002143 0.18804355372 0.86800805759 0.239129704277 0.392452058724
59.4 0.104307031287 -0.022309984769 0.752995106519 0.180455203635 0.874335537576 0.239973877832 0.381294932003
59.5 0.110012484776 -0.0234268138905 0.766308198536 0.183256687877 0.876728825728 0.239591737585 0.374645634922
59.6 0.105207594756 -0.036513219618 0.796366151563 -0.151635057642 -0.8824622309 -0.265629347668 -0.357362938741
59.7 0.103589687806 -0.0284236866916 0.761896749038 0.17237820723 0.871698488452 0.255373024911 0.38106707684
59.8 0.115706429747 -0.0416275817347 1.01110610014 0.227351946077 0.78889341453 -0.00939034150499 0.570850325929
59.9 0.102153790296 -0.0292666941232 0.750934523341 0.164489268927 0.871278197679 0.255621277509 0.385324986398
60.0 0.101322724834 -0.0270873725682 0.737420250312 0.169392040239 0.867312235189 0.256384992288 0.391589784245
60.1 0.10436320397 -0.0301178608836 0.747454207751 0.156118730086 0.871209541601 0.261386578632 0.38509470686
60.2 0.112469169102 -0.0349180879703 0.776402139102 0.154115591575 0.883755322846 0.28052688937 0.341364289454
60.3 0.112149924885 -0.02929634083 0.740760436533 0.153106044362 0.878771715786 0.271961107374 0.361048427209
60.4 0.118867072149 -0.0300538253674 0.737309341314 0.159188553251 0.889057325707 0.271222577433 0.332677606117
60.5 0.118787696679 -0.0294797576754 0.734367899862 0.149372480675 0.878851245295 0.278804574049 0.357178331019
60.6 0.120924660654 -0.0275335791157 0.727156449918 0.138834649458 0.883711196793 0.288639070907 0.341272541407
60.7 0.133389003202 -0.0244121593944 0.741672958217 0.14437519144 0.889340420786 0.286289253296 0.325987551142
60.8 0.130892714117 -0.019426852576 0.730965319702 0.136678315239 0.883679620538 0.299718412308 0.332563136431
60.9 0.132400142834 -0.0101093749561 0.717913555208 0.137833647809 0.900929428483 0.270384177189 0.310194208765
61.0 0.124163288238 -0.0095481154044 0.723807846284 0.110913873898 0.885989187608 0.311639368536 0.324964884254
61.1 0.116316539945 -0.00898849379139 0.71690357864 0.106550850255 0.888218470363 0.308579538495 0.323254595694
61.2 0.120875968038 -0.010419169453 0.727163724652 0.105976636672 0.890071460085 0.321395015205 0.305363705477
61.3 0.134933814176 -0.0161273519879 0.75858840786 0.0690308487619 0.91143347183 0.316573823805 0.253583876517
61.4 0.126887586573 -0.00484624879877 0.73017166435 0.0755912170147 0.900283664249 0.32918634389 0.274611803811
61.5 0.118868804626 0.00296668094655 0.700524076657 0.0851857859193 0.89101003211 0.319783415374 0.310778171382
61.6 0.126786772787 -0.000762647205677 0.745259838356 0.076103109273 0.900564136876 0.345823787937 0.252187350652
61.7 0.112093065247 -0.0051442071907 0.708668275834 0.0595177779313 0.894921172376 0.352374173496 0.267219331628
61.8 0.116547996272 0.00243236248464 0.739737836224 0.0653922985303 0.906003297003 0.322989971864 0.265630102186
61.9 0.121118912484 -0.00733719633501 0.744103165782 0.0726425395184 0.892043380708 0.367363167209 0.253033538815
62.0 0.12150460393 -0.0120281979414 0.742193836197 0.0851716346545 0.889782966271 0.363326301798 0.262728118034
62.1 0.124376522454 -0.00909250944775 0.750663432425 0.0792643112452 0.900440785332 0.339487784782 0.260137665588
62.2 0.120780689844 -0.0088437901364 0.753291890755 0.0840548798093 0.90397990693 0.352454617246 0.227004070071
62.3 0.113026782625 -0.00908236118314 0.757603849231 0.0720186824167 0.890365829236 0.384776804347 0.23239795685
62.4 0.107392440552 -0.006336716204 0.751129408426 0.0685920946349 0.893217084312 0.375701510433 0.237290412584
62.5 0.107255632697 -0.00829284219372 0.753288981189 0.0654492705875 0.896903294734 0.377427551667 0.220973564295
62.6 0.101085813067 -0.00911744045574 0.750030959035 0.0555280207823 0.89485193722 0.371947786297 0.240440208015
62.7 0.0954241774326 -0.00956026451467 0.75045856399 0.0493409009336 0.892120967208 0.379988807898 0.239361987867
62.8 0.0935409661577 -0.0108252598128 0.766026012483 0.0600365336425 0.888589988794 0.399100678753 0.217995629915
62.9 0.0839945803161 -0.00539519611606 0.751179260286 0.0527309785855 0.895520453472 0.379985345053 0.225551987036
63.0 0.0771179875121 -0.00563043968228 0.753191560171 0.0452186182024 0.895205681734 0.380316688547 0.227862415443
63.1 0.0829736857554 -0.00233307336583 0.766722424436 0.0565260218618 0.92333572139 0.348821145201 0.15026564184
63.2 0.0664341524387 -0.00723379644517 0.754569338313 0.0437037907734 0.893326161841 0.387077059144 0.224119828499
63.3 0.0636839689111 -0.0069819698717 0.762599243365 0.0440799779734 0.8932759276 0.38923902741 0.220472338976
63.4 0.0564777443368 -0.00583168969001 0.751440870855 0.0422370826687 0.89420431442 0.380550824773 0.231939092619
63.5 0.0502554748221 -0.00970574860498 0.754501113377 0.0365579975708 0.890720892637 0.391271625949 0.228443251074
63.6 0.0444874149682 -0.013537250134 0.763868757951 0.0362576178621 0.888236006689 0.401106835567 0.220987529128
63.7 0.0520232949481 -0.0109494300478 0.763967930106 0.0733248131138 0.918316315128 0.358649933727 0.150628158689
63.8 0.0288240075312 -0.0137222991175 0.755091926373 0.0377391961412 0.890850096757 0.397784382834 0.216169939992
63.9 0 0 0 0 0 0 0
64.0 0 0 0 0 0 0 0
64.1 0 0 0 0 0 0 0
64.2 0 0 0 0 0 0 0
64.3 0 0 0 0 0 0 0
64.4 0 0 0 0 0 0 0
64.5 0 0 0 0 0 0 0
64.6 0 0 0 0 0 0 0
64.7 0 0 0 0 0 0 0
64.8 0 0 0 0 0 0 0
64.9 0 0 0 0 0 0 0
65.0 0 0 0 0 0 0 0
65.1 0 0 0 0 0 0 0
65.2 0 0 0 0 0 0 0
65.3 0 0 0 0 0 0 0
65.4 0 0 0 0 0 0 0
65.5 0 0 0 0 0 0 0
65.6 0 0 0 0 0 0 0
65.7 0 0 0 0 0 0 0
65.8 0 0 0 0 0 0 0
65.9 0 0 0 0 0 0 0
66.0 0 0 0 0 0 0 0
66.1 0 0 0 0 0 0 0
66.2 0 0 0 0 0 0 0
66.3 0 0 0 0 0 0 0
66.4 0 0 0 0 0 0 0
66.5 0 0 0 0 0 0 0
66.6 0 0 0 0 0 0 0
66.7 0 0 0 0 0 0 0
66.8 0 0 0 0 0 0 0
66.9 0 0 0 0 0 0 0
67.0 0 0 0 0 0 0 0
67.1 0 0 0 0 0 0 0
67.2 0 0 0 0 0 0 0
67.3 0 0 0 0 0 0 0
67.4 0 0 0 0 0 0 0
67.5 0 0 0 0 0 0 0
67.6 0 0 0 0 0 0 0
67.7 0 0 0 0 0 0 0
67.8 0 0 0 0 0 0 0
67.9 0 0 0 0 0 0 0
68.0 0 0 0 0 0 0 0
68.1 0 0 0 0 0 0 0
68.2 0 0 0 0 0 0 0
68.3 0 0 0 0 0 0 0
68.4 0 0 0 0 0 0 0
68.5 0 0 0 0 0 0 0
68.6 0 0 0 0 0 0 0
68.7 0 0 0 0 0 0 0
68.8 0 0 0 0 0 0 0
68.9 0 0 0 0 0 0 0
69.0 0 0 0 0 0 0 0
69.1 0 0 0 0 0 0 0
69.2 0 0 0 0 0 0 0
69.3 0 0 0 0 0 0 0
69.4 0 0 0 0 0 0 0
69.5 0 0 0 0 0 0 0
69.6 0 0 0 0 0 0 0
69.7 0 0 0 0 0 0 0
69.8 0 0 0 0 0 0 0
69.9 0 0 0 0 0 0 0
70.0 0 0 0 0 0 0 0
70.1 0 0 0 0 0 0 0
70.2 0 0 0 0 0 0 0
70.3 0 0 0 0 0 0 0
70.4 0 0 0 0 0 0 0
70.5 0 0 0 0 0 0 0
70.6 0 0 0 0 0 0 0
70.7 0 0 0 0 0 0 0
70.8 0 0 0 0 0 0 0
70.9 0 0 0 0 0 0 0
71.0 0 0 0 0 0 0 0
71.1 0 0 0 0 0 0 0
71.2 0 0 0 0 0 0 0
71.3 0 0 0 0 0 0 0
71.4 0 0 0 0 0 0 0
71.5 0 0 0 0 0 0 0
71.6 0 0 0 0 0 0 0
71.7 0 0 0 0 0 0 0
71.8 0 0 0 0 0 0 0
71.9 0 0 0 0 0 0 0
72.0 0 0 0 0 0 0 0
72.1 0 0 0 0 0 0 0
72.2 0 0 0 0 0 0 0
72.3 0 0 0 0 0 0 0
72.4 0 0 0 0 0 0 0
72.5 0 0 0 0 0 0 0
72.6 0 0 0 0 0 0 0
72.7 0 0 0 0 0 0 0
72.8 0 0 0 0 0 0 0
72.9 0 0 0 0 0 0 0
73.0 0 0 0 0 0 0 0
73.1 0 0 0 0 0 0 0
73.2 0 0 0 0 0 0 0
73.3 0 0 0 0 0 0 0
73.4 0 0 0 0 0 0 0
73.5 0 0 0 0 0 0 0
73.6 0 0 0 0 0 0 0
73.7 0 0 0 0 0 0 0
73.8 0 0 0 0 0 0 0
73.9 0 0 0 0 0 0 0
74.0 0 0 0 0 0 0 0
74.1 0 0 0 0 0 0 0
74.2 0 0 0 0 0 0 0
74.3 0 0 0 0 0 0 0
74.4 0 0 0 0 0 0 0
74.5 0 0 0 0 0 0 0
74.6 0 0 0 0 0 0 0
74.7 0 0 0 0 0 0 0
74.8 0 0 0 0 0 0 0
74.9 0 0 0 0 0 0 0
75.0 0 0 0 0 0 0 0
75.1 0 0 0 0 0 0 0
75.2 0 0 0 0 0 0 0
75.3 0 0 0 0 0 0 0
75.4 0 0 0 0 0 0 0
75.5 0 0 0 0 0 0 0
75.6 0 0 0 0 0 0 0
75.7 0 0 0 0 0 0 0
75.8 0 0 0 0 0 0 0
75.9 0 0 0 0 0 0 0
76.0 0 0 0 0 0 0 0
76.1 0 0 0 0 0 0 0
76.2 0 0 0 0 0 0 0
76.3 0 0 0 0 0 0 0
76.4 0 0 0 0 0 0 0
76.5 0 0 0 0 0 0 0
76.6 0 0 0 0 0 0 0
76.7 0 0 0 0 0 0 0
76.8 0 0 0 0 0 0 0
76.9 0 0 0 0 0 0 0
77.0 0 0 0 0 0 0 0
77.1 0 0 0 0 0 0 0
77.2 0 0 0 0 0 0 0
77.3 0 0 0 0 0 0 0
77.4 0 0 0 0 0 0 0
77.5 0 0 0 0 0 0 0
77.6 0 0 0 0 0 0 0
77.7 0 0 0 0 0 0 0
77.8 0 0 0 0 0 0 0
77.9 0 0 0 0 0 0 0
78.0 0 0 0 0 0 0 0
78.1 0 0 0 0 0 0 0
78.2 0 0 0 0 0 0 0
78.3 0 0 0 0 0 0 0
78.4 0 0 0 0 0 0 0
78.5 0 0 0 0 0 0 0
78.6 0 0 0 0 0 0 0
78.7 0 0 0 0 0 0 0
78.8 0 0 0 0 0 0 0
78.9 0 0 0 0 0 0 0
79.0 0 0 0 0 0 0 0
79.1 0 0 0 0 0 0 0
79.2 0 0 0 0 0 0 0
79.3 0 0 0 0 0 0 0
79.4 0 0 0 0 0 0 0
79.5 0 0 0 0 0 0 0
79.6 0 0 0 0 0 0 0
79.7 0 0 0 0 0 0 0
79.8 0 0 0 0 0 0 0
79.9 0 0 0 0 0 0 0
80.0 0 0 0 0 0 0 0
80.1 0 0 0 0 0 0 0
80.2 0 0 0 0 0 0 0
80.3 0 0 0 0 0 0 0
80.4 0 0 0 0 0 0 0
80.5 0 0 0 0 0 0 0
80.6 0 0 0 0 0 0 0
80.7 0 0 0 0 0 0 0
80.8 0 0 0 0 0 0 0
80.9 0 0 0 0 0 0 0
81.0 0 0 0 0 0 0 0
81.1 0 0 0 0 0 0 0
81.2 0 0 0 0 0 0 0
81.3 0 0 0 0 0 0 0
81.4 0 0 0 0 0 0 0
81.5 0 0 0 0 0 0 0
81.6 0 0 0 0 0 0 0
81.7 0 0 0 0 0 0 0
81.8 0 0 0 0 0 0 0
81.9 0 0 0 0 0 0 0
82.0 0 0 0 0 0 0 0
82.1 0 0 0 0 0 0 0
82.2 0 0 0 0 0 0 0
82.3 0 0 0 0 0 0 0
82.4 0 0 0 0 0 0 0
82.5 0 0 0 0 0 0 0
82.6 0 0 0 0 0 0 0
82.7 0 0 0 0 0 0 0
82.8 0 0 0 0 0 0 0
82.9 0 0 0 0 0 0 0
83.0 0 0 0 0 0 0 0
83.1 0 0 0 0 0 0 0
83.2 0 0 0 0 0 0 0
83.3 0 0 0 0 0 0 0
83.4 0 0 0 0 0 0 0
83.5 0 0 0 0 0 0 0
83.6 0 0 0 0 0 0 0
83.7 0 0 0 0 0 0 0
83.8 0 0 0 0 0 0 0
83.9 0 0 0 0 0 0 0
84.0 0 0 0 0 0 0 0
84.1 0 0 0 0 0 0 0
84.2 0 0 0 0 0 0 0
84.3 0 0 0 0 0 0 0
84.4 0 0 0 0 0 0 0
84.5 0 0 0 0 0 0 0
84.6 0 0 0 0 0 0 0
84.7 0 0 0 0 0 0 0
84.8 0 0 0 0 0 0 0
84.9 0 0 0 0 0 0 0
85.0 0 0 0 0 0 0 0
85.1 0 0 0 0 0 0 0
85.2 0 0 0 0 0 0 0
85.3 0 0 0 0 0 0 0
85.4 0 0 0 0 0 0 0
85.5 0 0 0 0 0 0 0
85.6 0 0 0 0 0 0 0
85.7 0 0 0 0 0 0 0
85.8 0 0 0 0 0 0 0
85.9 0 0 0 0 0 0 0
86.0 0 0 0 0 0 0 0
86.1 0 0 0 0 0 0 0
86.2 0 0 0 0 0 0 0
86.3 0 0 0 0 0 0 0
86.4 0 0 0 0 0 0 0
86.5 0 0 0 0 0 0 0
86.6 0 0 0 0 0 0 0
86.7 0 0 0 0 0 0 0
86.8 0 0 0 0 0 0 0
86.9 0 0 0 0 0 0 0
87.0 0 0 0 0 0 0 0
87.1 0 0 0 0 0 0 0
87.2 0 0 0 0 0 0 0
87.3 0 0 0 0 0 0 0
87.4 0 0 0 0 0 0 0
87.5 0.0142327266937 0.0411755711994 0.580685252078 -0.23301775533 0.854399636365 -0.397775728593 0.239746651329
87.6 0 0 0 0 0 0 0
87.7 0 0 0 0 0 0 0
87.8 0 0 0 0 0 0 0
87.9 0 0 0 0 0 0 0
88.0 0 0 0 0 0 0 0
88.1 0 0 0 0 0 0 0
88.2 0.00597377091206 0.048842892839 0.537537667391 -0.235310325371 0.860288277752 -0.371248165341 0.258278782843
88.3 -0.00310485684476 0.0514107943721 0.515295214506 -0.252782144839 0.87100730925 -0.351618373666 0.231974079983
88.4 0 0 0 0 0 0 0
88.5 -0.00107331823344 0.0440703186966 0.539966114944 -0.247223199453 0.855544522896 -0.392741876357 0.229517052852
88.6 -0.00855091636082 0.0201180377365 0.557399642671 -0.314949037634 0.787193617412 -0.514743251045 0.127171922624
88.7 -0.00483568779162 0.0474858765609 0.537901712339 -0.252846496194 0.876940053213 -0.334955075842 0.234200532878
88.8 -0.0129611614588 0.00838854748636 0.527122497569 -0.340020008537 0.74765723197 -0.562360658847 0.09563235153
88.9 0 0 0 0 0 0 0
89.0 0 0 0 0 0 0 0
89.1 0 0 0 0 0 0 0
89.2 0.00686628077869 0.0594043536397 0.5009820393 -0.25691845383 0.889028785918 -0.324714923082 0.195399448869
89.3 0.0117729469052 0.0571401395778 0.52096304594 -0.279084303794 0.873548469088 -0.356558988163 0.178579706265
89.4 0.010096060745 0.0371574413342 0.522952013938 -0.320918207485 0.802493044836 -0.490400906949 0.111907852977
89.5 0.0149344355534 0.0404124657074 0.534166975795 -0.303041576805 0.813352338081 -0.477010046079 0.138149168675
89.6 0.0163003920889 0.0438722497473 0.532837116078 -0.29457991257 0.821618801214 -0.46387452087 0.151610189265
89.7 0 0 0 0 0 0 0
89.8 0.0324741416214 0.0220805907613 0.527822257928 -0.222345385067 0.748487797205 -0.581628730027 0.228115250655
89.9 0.0211971816391 -0.00421023194626 0.511839235213 -0.272980483148 0.674324055601 -0.664736965163 0.169980854814
90.0 0.0626939821187 0.00182811958201 0.468690031919 -0.0907445822439 0.642622697342 -0.687224247731 0.326380641253
90.1 0.0407859696257 0.0432889714161 0.491160117217 -0.133829513582 0.814510531389 -0.457493137181 0.330699690027
90.2 0.027885143216 0.0290420591444 0.541707189963 -0.233023650003 0.820353957001 -0.475270856153 0.216418522923
90.3 0.0190593900431 -0.00854078106399 0.524298975487 -0.310602899453 0.697092356384 -0.631731277462 0.13602822721
90.4 0.049743950972 0.0360106092567 0.475781889941 -0.117636538991 0.801164630907 -0.475498696987 0.34379916818
90.5 0.0170791065622 0.0420836855771 0.546826971331 -0.239646074873 0.894485971592 -0.310974704835 0.213914324851
90.6 0.0302602759623 0.027931785676 0.547025260979 -0.217428707687 0.830899923295 -0.45540260111 0.234389729818
