0.0 0.087362582507 0.006200354283 0.786168715685 -0.272239550588 0.671302455062 -0.051529732475 0.687446963478
0.1 0.171508900420 -0.014051738688 0.807898509453 0.422684655533 0.486878715610 -0.262584623905 0.717869147931
0.2 0.142785387327 -0.030777780734 0.952767413235 -0.092853954279 -0.788549067090 -0.092876213668 0.600784920668
0.3 0.000000000000 0.000000000000 0.000000000000 0.000000000000 0.000000000000 0.000000000000 0.000000000000
0.4 0.000000000000 0.000000000000 0.000000000000 0.000000000000 0.000000000000 0.000000000000 0.000000000000
0.5 0.081545978059 0.010545381485 0.675421030609 -0.065661694777 0.584642970079 0.090632283512 0.803534024520
0.6 0.000000000000 0.000000000000 0.000000000000 0.000000000000 0.000000000000 0.000000000000 0.000000000000
0.7 0.134062991724 -0.029838710473 1.019000804615 -0.042980036286 -0.509201993377 0.415806488933 0.752310448008
0.8 0.000000000000 0.000000000000 0.000000000000 0.000000000000 0.000000000000 0.000000000000 0.000000000000
0.9 0.000000000000 0.000000000000 0.000000000000 0.000000000000 0.000000000000 0.000000000000 0.000000000000
1.0 0.189504211444 -0.016068654868 1.119316609792 -0.275132093298 0.644432528688 0.087758933306 0.708030660940
1.1 0.124951817442 0.002840476413 0.736720564327 -0.243163845660 0.654407179990 -0.049412104079 0.714269578599
1.2 0.103063061615 -0.003843764147 0.702489150224 -0.052948658410 0.595919412825 0.107971012844 0.793989139332
1.3 0.077202633637 0.022638655656 0.754250550489 0.529920139328 -0.718505768800 -0.220349361289 0.392912541305
1.4 0.182684158818 -0.003710683311 1.000737797847 -0.044148762523 -0.677430328048 0.069797104922 0.730935976371
1.5 0.014286591866 0.007179460569 0.423893927995 -0.636514249494 0.728723043968 -0.038135662691 0.249715851745
1.6 0.170617911611 -0.013188665065 1.022393762124 -0.061831540957 -0.639990875657 0.295353628506 0.706650390042
1.7 0.006142494072 -0.041305145327 0.069166480870 0.481992383321 -0.515350041596 0.411255010712 -0.577032922121
1.8 0.184289606543 0.005477942895 1.083346940664 0.149946930088 -0.637750329928 0.080871696707 0.751165896128
1.9 0.147546071918 0.001022421335 0.826447962756 -0.269688244266 0.724618554822 -0.011299632869 0.634088731337
2.0 0.000000000000 0.000000000000 0.000000000000 0.000000000000 0.000000000000 0.000000000000 0.000000000000
2.1 0.000000000000 0.000000000000 0.000000000000 0.000000000000 0.000000000000 0.000000000000 0.000000000000
2.2 0.000000000000 0.000000000000 0.000000000000 0.000000000000 0.000000000000 0.000000000000 0.000000000000
2.3 0.149589084348 0.029223421834 0.775821030047 -0.300211916150 0.709305758584 0.026353745084 0.637231218916
2.4 0.000000000000 0.000000000000 0.000000000000 0.000000000000 0.000000000000 0.000000000000 0.000000000000
2.5 0.256084320602 0.008864948261 0.831597365464 0.417931590819 0.530901927783 -0.268344891033 0.686634799532
2.6 0.032691076781 -0.011675492003 0.473444985875 -0.757969071340 0.595960327071 -0.038330534463 0.262383203688
2.7 0.146575160346 0.027849427130 0.753262591808 -0.290098495414 0.678743056171 0.003736160816 0.674638249554
2.8 0.000000000000 0.000000000000 0.000000000000 0.000000000000 0.000000000000 0.000000000000 0.000000000000
2.9 0.000000000000 0.000000000000 0.000000000000 0.000000000000 0.000000000000 0.000000000000 0.000000000000
3.0 0.000000000000 0.000000000000 0.000000000000 0.000000000000 0.000000000000 0.000000000000 0.000000000000
3.1 0.000000000000 0.000000000000 0.000000000000 0.000000000000 0.000000000000 0.000000000000 0.000000000000
3.2 0.000000000000 0.000000000000 0.000000000000 0.000000000000 0.000000000000 0.000000000000 0.000000000000
3.3 0.155584259072 0.039129499524 0.767920847508 -0.296710974815 0.725758477896 0.071527940039 0.616539522643
3.4 0.000000000000 0.000000000000 0.000000000000 0.000000000000 0.000000000000 0.000000000000 0.000000000000
3.5 0.000000000000 0.000000000000 0.000000000000 0.000000000000 0.000000000000 0.000000000000 0.000000000000
3.6 0.000000000000 0.000000000000 0.000000000000 0.000000000000 0.000000000000 0.000000000000 0.000000000000
3.7 0.000000000000 0.000000000000 0.000000000000 0.000000000000 0.000000000000 0.000000000000 0.000000000000
3.8 0.000000000000 0.000000000000 0.000000000000 0.000000000000 0.000000000000 0.000000000000 0.000000000000
3.9 0.132331490703 0.041152039120 0.751397804707 -0.339220747428 0.715376005749 0.086266596280 0.604751626106
4.0 0.149535880254 0.039342250697 0.800004388960 -0.254772651851 0.740094243449 0.126565812017 0.609370578475
4.1 0.137706480775 0.042182827085 0.747741028131 -0.271986722956 0.734263450288 0.101880185042 0.613596639497
4.2 0.000000000000 0.000000000000 0.000000000000 0.000000000000 0.000000000000 0.000000000000 0.000000000000
4.3 0.000000000000 0.000000000000 0.000000000000 0.000000000000 0.000000000000 0.000000000000 0.000000000000
4.4 0.000000000000 0.000000000000 0.000000000000 0.000000000000 0.000000000000 0.000000000000 0.000000000000
4.5 0.000000000000 0.000000000000 0.000000000000 0.000000000000 0.000000000000 0.000000000000 0.000000000000
4.6 0.000000000000 0.000000000000 0.000000000000 0.000000000000 0.000000000000 0.000000000000 0.000000000000
4.7 0.000000000000 0.000000000000 0.000000000000 0.000000000000 0.000000000000 0.000000000000 0.000000000000
4.8 0.000000000000 0.000000000000 0.000000000000 0.000000000000 0.000000000000 0.000000000000 0.000000000000
4.9 0.000000000000 0.000000000000 0.000000000000 0.000000000000 0.000000000000 0.000000000000 0.000000000000
5.0 0.000000000000 0.000000000000 0.000000000000 0.000000000000 0.000000000000 0.000000000000 0.000000000000
5.1 0.145926715589 -0.018558908913 0.934403092504 -0.346474416301 0.708466166636 0.121864094851 0.602644432453
5.2 0.000000000000 0.000000000000 0.000000000000 0.000000000000 0.000000000000 0.000000000000 0.000000000000
5.3 0.127052697623 0.005761546697 0.721446620033 -0.270892536399 0.673540225669 -0.020671816026 0.687410702674
5.4 0.146754759312 -0.007105471166 0.808211768123 -0.175698751829 0.732053846350 0.081432305044 0.653143088722
5.5 0.000000000000 0.000000000000 0.000000000000 0.000000000000 0.000000000000 0.000000000000 0.000000000000
5.6 0.167358774291 -0.031102519936 0.959468451911 -0.285679709370 0.724025595576 0.085581140096 0.621972595108
5.7 0.161197938170 -0.042917501950 1.022422398848 -0.354177931416 0.711949976396 0.168176681027 0.582582035396
5.8 0.141772428497 -0.019323997715 0.880946342154 -0.333367616523 0.710535470071 0.116119428119 0.608704900948
5.9 0.000000000000 0.000000000000 0.000000000000 0.000000000000 0.000000000000 0.000000000000 0.000000000000
6.0 0.095400981633 0.034154739006 0.808839754311 0.550197827117 -0.716468594264 -0.183386206540 0.387717169752
6.1 0.000000000000 -0.000000000000 0.000000000000 -0.052375721198 0.301188872856 0.017960632954 0.951955598944
6.2 0.000000000000 0.000000000000 0.000000000000 0.000000000000 0.000000000000 0.000000000000 0.000000000000
6.3 0.148441512119 -0.018760345484 0.862410414240 -0.299269246605 0.693899402145 -0.025691023954 0.654432203538
6.4 -0.059125808692 0.032831091607 0.047575187002 0.176858147530 -0.276221189684 0.815741541418 -0.476433403139
6.5 0.000000000000 0.000000000000 0.000000000000 0.000000000000 0.000000000000 0.000000000000 0.000000000000
6.6 0.000000000000 0.000000000000 0.000000000000 0.000000000000 0.000000000000 0.000000000000 0.000000000000
6.7 0.278199042637 0.002833477082 1.573625111799 0.112697336789 -0.701236625348 -0.232170540648 -0.664577569292
6.8 0.247030482686 0.000742630770 1.372910495722 -0.403309697512 0.590126934493 -0.085629401449 0.694088679267
6.9 0.090792043701 -0.010457755996 0.533630132432 0.555423007919 0.478515793370 0.535854366083 0.418793524449
7.0 0.140335956423 0.002757679773 0.759308851613 -0.283719381119 0.669925541817 -0.066342297354 0.682862929717
7.1 0.000000000000 0.000000000000 0.000000000000 0.000000000000 0.000000000000 0.000000000000 0.000000000000
7.2 0.000000000000 0.000000000000 0.000000000000 0.000000000000 0.000000000000 0.000000000000 0.000000000000
7.3 0.000000000000 0.000000000000 0.000000000000 0.000000000000 0.000000000000 0.000000000000 0.000000000000
7.4 0.000000000000 0.000000000000 0.000000000000 0.000000000000 0.000000000000 0.000000000000 0.000000000000
7.5 0.116155694469 0.023321396681 0.742429447500 -0.284419245901 0.668393860026 -0.056706447409 0.684937748458
7.6 0.120854956669 0.019080442193 0.784069121794 -0.197247432983 0.738167873317 0.053791926279 0.642890402519
7.7 0.121430193672 0.040424343100 0.230367799036 0.338505939075 0.608781800778 -0.438708991304 0.567743665047
7.8 -0.044419355277 -0.030426163408 0.233620466619 -0.345929767470 0.420529173766 0.684464592970 0.484763891972
7.9 0.134114960005 0.012499617355 0.822716111037 -0.166837323084 0.722104188033 0.076139102997 0.667033497094
8.0 0.142942235499 0.010359997023 0.831312605372 -0.141354020578 0.757958553817 0.118674273578 0.625647095696
8.1 0.012239124814 0.004087876271 0.428088714790 -0.696147888013 0.677757257924 -0.036969549300 0.233787231839
8.2 0.143467687174 0.016773036843 0.810838514089 -0.205999590079 0.738266448502 0.067817213487 0.638692136682
8.3 0.129112879945 0.025520255600 0.744726310233 -0.284986903273 0.684152088606 -0.012587024459 0.671237626652
8.4 0.127295779793 0.026632788629 0.738201633081 -0.301694022411 0.667201646214 -0.029679541802 0.680398269346
8.5 0.127570935518 0.027017958863 0.760125709263 -0.247724310530 0.693185789077 0.020392206464 0.676542892734
8.6 0.129285910166 0.025337089938 0.783760012624 -0.236183010334 0.739667571498 0.061431670015 0.627164746477
8.7 0.000000000000 0.000000000000 0.000000000000 0.000000000000 0.000000000000 0.000000000000 0.000000000000
8.8 0.126435617573 0.027463375547 0.777695682042 -0.215476732276 0.734379422813 0.096397490217 0.636367947870
8.9 0.126203110529 0.029434377535 0.765117625570 -0.232373487121 0.701701218466 0.064980873253 0.670369635796
9.0 0.163052465562 0.020016487177 0.923778703763 -0.241409568096 0.742989515836 0.098022149322 0.616506008107
9.1 0.000000000000 0.000000000000 0.000000000000 0.000000000000 0.000000000000 0.000000000000 0.000000000000
9.2 0.000000000000 0.000000000000 0.000000000000 0.000000000000 0.000000000000 0.000000000000 0.000000000000
9.3 0.151722253003 0.024629273639 0.920470028618 -0.305985560840 0.719374550061 0.107524487548 0.614256931470
9.4 0.000000000000 0.000000000000 0.000000000000 0.000000000000 0.000000000000 0.000000000000 0.000000000000
9.5 0.123771873233 0.042852127387 0.746679999318 -0.253002081411 0.728304864313 0.096551275109 0.629475831700
9.6 0.131052813634 0.043135034434 0.783342639981 -0.247329869394 0.735387520566 0.097777797752 0.623275727562
9.7 0.124707394417 0.042666547120 0.774469870931 -0.249556938543 0.704168462725 0.097132111441 0.657596733154
9.8 0.000000000000 0.000000000000 0.000000000000 0.000000000000 0.000000000000 0.000000000000 0.000000000000
9.9 0.113085424554 0.046804721168 0.741387269609 -0.298883324774 0.661361369094 0.055356368060 0.685715371096
10.0 0.123246700917 0.042160800444 0.793919390346 -0.259697989148 0.711833340313 0.107822498586 0.643602795869
10.1 0.114437383573 0.044187048026 0.767338345928 -0.280229183992 0.704986747015 0.108065653802 0.642485101337
10.2 0.000000000000 0.000000000000 0.000000000000 0.000000000000 0.000000000000 0.000000000000 0.000000000000
10.3 0.099325853472 0.041534694289 0.775913607211 -0.380128923055 0.684559559881 0.095067954025 0.614688778936
10.4 0.092147669194 0.042968669606 0.762550107224 -0.385420969884 0.652160606786 0.086266056540 0.647066755767
10.5 0.100576035962 0.052306719990 0.742847685165 -0.339414177852 0.647021486548 0.035460278395 0.681838529620
10.6 0.000000000000 0.000000000000 0.000000000000 0.000000000000 0.000000000000 0.000000000000 0.000000000000
10.7 0.108420326632 0.049451717096 0.759558606986 -0.254842877447 0.654920948607 0.104581958228 0.703701835228
10.8 0.108200803661 0.049070454246 0.753221873570 -0.287636767747 0.654399024991 0.099076320036 0.692250596778
10.9 0.082599096867 0.049517749631 0.708860047239 0.533018663133 -0.520693188938 -0.004410705217 -0.666895983962
11.0 0.000000000000 0.000000000000 0.000000000000 0.000000000000 0.000000000000 0.000000000000 0.000000000000
11.1 0.095295873303 0.045322245526 0.721555443820 -0.467139297643 0.641738859946 0.029030502681 0.607543695668
11.2 0.115077099476 0.039582505287 0.859278956757 -0.351624316458 0.670784698118 0.170791104101 0.630268694769
11.3 0.101259755431 0.039594745437 0.779990318375 -0.399593239294 0.663237803512 0.097071774093 0.625314264812
11.4 0.000000000000 0.000000000000 0.000000000000 0.000000000000 0.000000000000 0.000000000000 0.000000000000
11.5 0.093993028985 0.038204952294 0.770653248516 -0.424949831056 0.652124524927 0.065991869367 0.624336702631
11.6 0.104893922168 0.048451569491 0.777502511668 -0.308313801328 0.706794048297 0.115221014003 0.626185987654
11.7 0.091135402975 0.046309356497 0.767631270691 0.466819706924 -0.704468621884 -0.061915560445 -0.531008272424
11.8 0.072219939726 0.047065434429 0.734613224573 -0.537794682267 0.539924756728 -0.052601486144 0.645361310007
11.9 0.000000000000 0.000000000000 0.000000000000 0.000000000000 0.000000000000 0.000000000000 0.000000000000
12.0 0.000000000000 0.000000000000 0.000000000000 0.000000000000 0.000000000000 0.000000000000 0.000000000000
12.1 0.084736824189 0.043005464753 0.779530216077 -0.447280940877 0.684340829626 0.064222612022 0.572269905675
12.2 0.078879122589 0.042350733920 0.754595372851 -0.471699813066 0.669043387677 0.041317483897 0.572863943082
12.3 0.083113380134 0.040036527714 0.781463366572 -0.459806397165 0.686917869874 0.056848454544 0.559901929261
12.4 0.076240540476 0.038985737701 0.761199172254 -0.479718723550 0.665132214207 0.051089689702 0.569963970358
12.5 0.000000000000 0.000000000000 0.000000000000 0.000000000000 0.000000000000 0.000000000000 0.000000000000
12.6 0.071726208528 0.035758537494 0.752423317416 -0.487246678558 0.656361921327 0.015522437379 0.575794022550
12.7 0.071927659432 0.035374984667 0.753731051820 -0.489500496179 0.654811902399 0.029002343589 0.575125639129
12.8 0.071446374016 0.034778803759 0.754104764612 -0.491320550914 0.650505393556 0.030368736117 0.578381006838
12.9 0.078209805125 0.032919954843 0.777299068609 -0.464240900653 0.678510960724 0.066490940309 0.565404472210
13.0 0.075589781163 0.033504783381 0.773537994363 -0.472059561626 0.643951493715 0.059941806290 0.599076976589
13.1 0.074244091320 0.039352096161 0.743221565716 -0.494082187068 0.650714220042 0.016091271082 0.576363485357
13.2 0.068748382046 0.039014674648 0.696381301426 -0.508623602747 0.639596869871 0.002677403310 0.576377225688
13.3 0.077152094202 0.041494417043 0.751189104680 -0.494918648693 0.652464250159 0.017629323778 0.573615847395
13.4 0.078889594008 0.040952671923 0.762384157947 -0.492293507555 0.651966064994 0.025024346839 0.576160684689
13.5 0.078461231805 0.037966734805 0.758168537761 -0.493139859596 0.652667262064 0.042687198408 0.573599448222
13.6 0.077340497069 0.033263461969 0.744278334568 -0.478577315479 0.658847238419 0.044920130855 0.578676292396
13.7 0.079952572952 0.034768724280 0.758500923957 -0.474326477931 0.698220049879 0.041649050639 0.534573204399
13.8 0.070518324428 0.033137558780 0.725831683155 -0.491528548002 0.655282206296 0.024263876624 0.573076069037
13.9 0.076199202608 0.022609470315 0.787646904369 -0.418805231343 0.658933211796 0.114192230731 0.614303943526
14.0 0.071323717733 0.028919570294 0.748347315091 -0.484244560637 0.670217993944 0.034893248670 0.561335467687
14.1 0.071831661300 0.022452604038 0.768364938124 -0.464859094549 0.665715743514 0.068539817153 0.579681692412
14.2 0.063242292761 0.024231663581 0.723957781821 -0.494183035383 0.641045836249 0.008676533124 0.587169550591
14.3 0.063333073777 0.021071725460 0.748782323618 -0.482496510809 0.665687650921 0.044718690233 0.567500931464
14.4 0.061567228280 0.022223549702 0.760106905243 -0.486407857208 0.657751532528 0.033185934725 0.574168103991
14.5 0.061523810113 0.023818241580 0.765864916265 -0.489851809250 0.658072531165 0.035435006669 0.570727701275
14.6 0.059626271155 0.022524684296 0.750046675956 -0.490057748932 0.657906669732 0.020442402722 0.571475567986
14.7 0.000000000000 0.000000000000 0.000000000000 0.000000000000 0.000000000000 0.000000000000 0.000000000000
14.8 0.000000000000 0.000000000000 0.000000000000 0.000000000000 0.000000000000 0.000000000000 0.000000000000
14.9 0.051587426032 0.012605017622 0.759905329891 -0.486637578520 0.656978185036 0.036920143163 0.574630694088
15.0 0.050354088798 0.012576003470 0.750485459634 -0.488262362953 0.656149715833 0.019638916739 0.575049326828
15.1 0.051722693815 0.013447251444 0.751974262484 -0.487622031228 0.657162660995 0.017097796358 0.574516890104
15.2 0.052335901954 0.017756906719 0.748341856386 -0.480080828078 0.669955186429 0.021240702263 0.565889811939
15.3 0.052014650387 0.018906462908 0.747217130557 -0.490545763788 0.659080344875 0.016611442514 0.569826300382
15.4 0.052722583229 0.018953924054 0.759516561980 -0.488329564434 0.656497982091 0.022963128680 0.574471348921
15.5 0.054516991400 0.019709861009 0.751444519978 -0.493934300929 0.656699152272 0.013579834467 0.569728635288
15.6 0.067260956793 0.026697903781 0.757336402449 -0.362544436589 0.714477618192 0.086566380158 0.592106009450
15.7 0.060154339077 0.015383798241 0.740020603380 -0.148989192284 0.573839320664 0.227649412752 0.772454788008
15.8 0.000000000000 0.000000000000 0.000000000000 0.000000000000 0.000000000000 0.000000000000 0.000000000000
15.9 0.066357726157 0.015875120515 0.732894387453 -0.498861532596 0.658744566269 0.015909000211 0.562973952700
16.0 0.060876894741 0.014148168223 0.690357811366 -0.504504495599 0.654695143743 0.000958399559 0.562893030824
16.1 0.068283070977 0.010970727066 0.746228214436 -0.499820601017 0.663185197783 0.020591299023 0.556723233433
16.2 0.063483167787 0.009618281268 0.727749292653 -0.504890874079 0.647770107057 0.023713733882 0.570014694987
16.3 0.000000000000 0.000000000000 0.000000000000 0.000000000000 0.000000000000 0.000000000000 0.000000000000
16.4 0.067241014457 0.001856660249 0.727545234417 -0.501319740344 0.655721711512 0.033975516341 0.563518605977
16.5 0.091148481929 -0.029893587550 0.925169667556 -0.321763337964 0.669988048022 0.278856875150 0.608130917674
16.6 0.067795878048 0.011237610960 0.694593215775 -0.417662962071 0.750798099184 0.081243571545 0.505231972917
16.7 0.000000000000 0.000000000000 0.000000000000 0.000000000000 0.000000000000 0.000000000000 0.000000000000
16.8 0.053462978821 0.003832921333 0.697988961295 -0.505228382735 0.657817918853 0.006102563468 0.558554048982
16.9 0.059758897158 0.003191677175 0.713526691972 -0.496985012384 0.680816250354 0.034427270007 0.536944963473
17.0 0.058972829025 0.006602553253 0.706236715121 -0.504748657276 0.670803452778 0.018818344325 0.543044556769
17.1 0.058308109844 0.008614914590 0.707182730239 -0.510361391943 0.655337310951 0.007392351661 0.556785067711
17.2 0.060959441015 0.008494773546 0.711206748107 -0.511179674220 0.656744752291 0.008792613016 0.554350395471
17.3 0.061138723235 0.008463594031 0.730990149272 -0.513956556325 0.650716288273 0.035648864087 0.557804740815
17.4 0.061538460973 0.001064112602 0.748996777312 -0.396012801223 0.657590543728 0.170357384533 0.617840513079
17.5 0.062088406795 0.012472043575 0.691202044602 -0.521061323539 0.654160212569 0.011163208290 0.548128539838
17.6 0.068961588513 0.003085832549 0.733121612613 -0.448706148045 0.663399987581 0.097469012529 0.590815572562
17.7 0.068934481844 0.015014057068 0.696747219207 -0.510779987988 0.672199516037 0.028787589866 0.535184911203
17.8 0.069925542735 0.015290958321 0.701385243511 -0.522744198864 0.656594600178 0.020316154474 0.543331655104
17.9 0.071023000083 0.014389163192 0.708763779150 -0.522662995006 0.656153782651 0.029104029313 0.543542604256
18.0 0.068377306497 0.016654342904 0.696302877594 -0.524906087609 0.655510144084 0.015972762474 0.542701502718
18.1 0.066318538642 0.018566096020 0.667065407004 -0.528586471814 0.652191491254 0.007365506547 0.543312386997
18.2 0.088849473296 0.030745971749 0.963722439695 -0.120566626147 0.736490218680 0.649170477689 0.147049438440
18.3 0.069936688551 0.016546467162 0.701764038167 -0.519724049976 0.664264365789 0.042021256896 0.535606178258
18.4 0.067427937323 0.016005764124 0.682008136359 -0.526891724217 0.660825493316 0.009869636557 0.534413106697
18.5 0.069346581309 0.014840643279 0.694760794749 -0.526027178266 0.659042549649 0.031669721525 0.536614716734
18.6 0.073469711525 0.014525718792 0.724112165317 -0.525965801979 0.666403510821 0.049977219878 0.526088028192
18.7 0.068306915385 0.015379019962 0.677476865008 -0.531944143390 0.647006979989 0.022726486280 0.545802989163
18.8 0.092120424378 0.015904353098 0.777794305001 -0.290991306408 0.635477544108 0.199164937744 0.686895682111
18.9 0.079772083287 0.017544114771 0.691617306884 -0.523839457317 0.679989244272 0.052578790842 0.510335498850
19.0 0.070989303321 0.021392217453 0.648280928338 -0.540343335250 0.639976459155 0.015187984308 0.546103046056
19.1 0.073780486648 0.020695481631 0.672339740880 -0.537295100842 0.652665473916 0.021525701895 0.533740009674
19.2 0.076259428024 0.021483927256 0.723693123510 -0.535436412834 0.657994785320 0.051007273785 0.527018944940
19.3 0.070734196199 0.022703100554 0.688997859212 -0.533972041218 0.653631683503 0.023625655821 0.535799691962
19.4 0.066305821123 0.024113475182 0.681275001262 -0.538849637952 0.649390739433 0.002688897119 0.536586903539
19.5 0.000000000000 0.000000000000 0.000000000000 0.000000000000 0.000000000000 0.000000000000 0.000000000000
19.6 0.070525282213 0.016873571096 0.714406330148 -0.538301804791 0.650142792257 0.033730629325 0.535170777677
19.7 0.070822551001 0.017000603957 0.703018506480 -0.539053238763 0.651989016153 0.007932863490 0.533168827175
19.8 0.069337753909 0.017883656932 0.698111199808 -0.540985384655 0.649123625098 0.001066792954 0.534763681341
19.9 0.071572318196 0.017567181395 0.742107999644 -0.512919014196 0.687104906980 0.071698007163 0.509568766162
20.0 0.071580230129 0.005079190171 0.797129422703 -0.421632180734 0.648310140473 0.167928945077 0.611326537404
20.1 0.065180371528 0.003862607728 0.796340403387 -0.429612179982 0.647649212715 0.154534071464 0.610002535107
20.2 0.089946638969 0.004802943321 0.934892954773 -0.313594337151 0.658888979184 0.198145817373 0.654417404929
20.3 0.057268628762 0.007738126504 0.743163809028 -0.537088830822 0.640728658877 -0.003572217871 0.548625202446
20.4 0.059137077815 0.002146774045 0.837416540456 -0.547522969577 0.613075684058 0.101428682023 0.560418616630
20.5 0.057565686588 0.015726915998 0.745146082842 -0.543651962242 0.611227083005 -0.050581949902 0.572962008598
20.6 0.043223510194 -0.028440611940 0.750383563543 0.003951212216 0.505022068504 0.490590594449 0.710111235571
20.7 0.000000000000 0.000000000000 0.000000000000 0.000000000000 0.000000000000 0.000000000000 0.000000000000
20.8 0.000000000000 0.000000000000 0.000000000000 0.000000000000 0.000000000000 0.000000000000 0.000000000000
20.9 0.038763237742 0.032992646377 0.767220408330 -0.538449150702 0.634501614840 -0.011390871183 0.554391974083
21.0 0.035408634757 0.032741468134 0.814203683938 -0.527092078763 0.651465274922 0.020387674943 0.545299256176
21.1 0.039980668275 0.024574080843 0.804947817868 -0.532688453444 0.635535592006 0.009883260083 0.558784255354
21.2 0.041083437237 0.022449538562 0.765685346457 -0.526162256108 0.643987364499 -0.012375590237 0.555230041856
21.3 0.041985344429 0.019246857661 0.780842237267 -0.524058913226 0.639669348227 0.011803604234 0.562179735792
21.4 0.040757104249 0.016940861711 0.741832246147 -0.523661369275 0.626962587583 0.008033702836 0.576742701488
21.5 0.043538457403 0.013623509433 0.728561766952 -0.524326047570 0.634144307613 -0.010014252278 0.568192667775
21.6 0.054531563693 0.009811365026 0.810325725782 -0.489136376346 0.669795328746 0.067392771837 0.554597184656
21.7 0.051179703197 0.014936089236 0.777056164373 -0.516155637167 0.645744339889 0.015600270912 0.562453764561
21.8 0.056017454216 0.018296936287 0.830520512302 -0.476048629940 0.703331938648 0.069562415116 0.523319172602
21.9 0.056777240900 0.025793683866 0.816012533894 -0.361422436721 0.720394234342 0.107007952656 0.582198649457
22.0 0.039353374949 0.019385572381 0.769743983101 -0.509424224299 0.643754643313 -0.000252269869 0.571022639893
22.1 0.000000000000 0.000000000000 0.000000000000 0.000000000000 0.000000000000 0.000000000000 0.000000000000
22.2 0.042780438358 0.008170878350 0.780267849725 -0.511728152618 0.650774007801 -0.021573537444 0.560501624504
22.3 0.043884953664 0.011149847356 0.735477242597 -0.503718243148 0.632901047714 -0.050763787488 0.585770631906
22.4 0.057073942899 0.026232018979 0.731352275796 -0.332527896032 0.804786150581 0.106731386063 0.479950894803
22.5 0.046373160553 0.017752849169 0.744819069126 -0.447871378989 0.680914039805 0.001680144762 0.579451874958
22.6 0.053717472271 0.008056717031 0.768372294080 -0.472853213190 0.642952615042 -0.041703672856 0.601067864103
22.7 0.000000000000 0.000000000000 0.000000000000 0.000000000000 0.000000000000 0.000000000000 0.000000000000
22.8 0.000000000000 0.000000000000 0.000000000000 0.000000000000 0.000000000000 0.000000000000 0.000000000000
22.9 0.065877148790 -0.005301993021 0.783190982703 -0.351777575831 0.771596854014 0.063232032616 0.526205798210
23.0 0.066853388235 -0.021163303713 0.803833637826 -0.452166418578 0.661374805511 -0.070442716040 0.594278318889
23.1 0.000000000000 0.000000000000 0.000000000000 0.000000000000 0.000000000000 0.000000000000 0.000000000000
23.2 0.069325940405 -0.043755744801 0.861139015935 -0.390893965877 0.655618249160 -0.029354334944 0.645371940690
23.3 0.069855726395 -0.042416388858 0.863711068091 -0.398573680772 0.658136486290 -0.051778594235 0.636643042520
23.4 0.072769178255 -0.037788934413 0.860647239129 -0.415328972151 0.673746258373 -0.074262716364 0.606673613386
23.5 0.077895037801 -0.054354144169 0.941791643027 -0.369653841029 0.660809379795 -0.005394014907 0.653190558712
23.6 0.077474625534 -0.050933728843 0.917680531967 -0.378825983898 0.678023010538 -0.022461627889 0.629500711975
23.7 0.077620033299 -0.053635827948 0.915632646331 -0.401093432971 0.672262433911 -0.054066440472 0.619890391920
23.8 0.079900582982 -0.062541175561 0.950304400455 -0.380816225117 0.658268023745 -0.041054826565 0.648056103141
23.9 0.077942826012 -0.062836501393 0.925731752840 -0.360735283561 0.654346637223 -0.030831687452 0.663890006400
24.0 0.078546841089 -0.057958310729 0.930720572229 -0.381824154206 0.663982213723 -0.056801114199 0.640399538218
24.1 0.070312147060 -0.056651369348 0.895387671251 -0.319624529565 0.680380517388 0.001965242831 0.659483623360
24.2 0.062791626520 -0.051652813858 0.843229224207 -0.371761098474 0.658103697682 -0.083001381674 0.649464378853
24.3 0.068005964845 -0.064470872078 0.961305325636 -0.368219010751 0.656166299636 -0.061556335715 0.655798265381
24.4 0.066280739378 -0.061494632438 0.947766806185 -0.376920809448 0.662459368326 -0.085107247030 0.641743753554
24.5 0.062811152787 -0.056423159165 0.926775042996 -0.389615534904 0.654310291785 -0.096115814862 0.640967649074
24.6 0.060425390572 -0.052408058441 0.931498765826 -0.382602641719 0.667583564120 -0.106041246304 0.629843359534
24.7 0.054926554952 -0.044428103266 0.864572963541 -0.364457499547 0.656435051422 -0.114442326819 0.650512650239
24.8 0.060527758647 -0.048597864612 0.938859416132 -0.372611691984 0.649450415136 -0.116838803779 0.652474811168
24.9 0.000000000000 0.000000000000 0.000000000000 0.000000000000 0.000000000000 0.000000000000 0.000000000000
25.0 0.055584869726 -0.050979317478 0.852493745858 -0.381385574884 0.638267851873 -0.136264943283 0.654668662583
25.1 0.000000000000 0.000000000000 0.000000000000 0.000000000000 0.000000000000 0.000000000000 0.000000000000
25.2 0.068290502925 -0.065572678360 0.905833268766 -0.352519506513 0.673844195306 -0.127686642884 0.636678976573
25.3 0.091416189427 -0.093299285429 1.072561051547 -0.169629818692 0.797332798964 0.073675833482 0.574506748323
25.4 0.081581722050 -0.078498152577 0.984196629232 -0.212549509655 0.707056808913 -0.008039065011 0.674409926046
25.5 0.000000000000 0.000000000000 0.000000000000 0.000000000000 0.000000000000 0.000000000000 0.000000000000
25.6 0.000000000000 0.000000000000 0.000000000000 0.000000000000 0.000000000000 0.000000000000 0.000000000000
25.7 0.251173090746 -0.342609401310 1.698602237229 -0.361443506495 0.003046224872 -0.914464764231 0.181943692133
25.8 0.000000000000 0.000000000000 0.000000000000 0.000000000000 0.000000000000 0.000000000000 0.000000000000
25.9 0.101515661023 -0.035275347908 0.923070961560 -0.349499472739 0.666795742188 -0.143747844103 0.642316210344
26.0 0.110572854061 -0.038220407412 0.977739074989 -0.341842978250 0.677122687411 -0.133505907107 0.637827889937
26.1 0.109888198644 -0.037382921689 0.960767431447 -0.329635401784 0.704317513325 -0.124242753006 0.616312486195
26.2 0.000000000000 0.000000000000 0.000000000000 0.000000000000 0.000000000000 0.000000000000 0.000000000000
26.3 0.106283268616 -0.045530391433 0.922507271067 -0.320428968099 0.705364722381 -0.142005776437 0.616133300741
26.4 0.000000000000 0.000000000000 0.000000000000 0.000000000000 0.000000000000 0.000000000000 0.000000000000
26.5 0.116144888446 -0.034670662686 0.969064658391 -0.329595556653 0.678090252576 -0.142193057244 0.641359113810
26.6 0.118838915590 -0.039328508142 1.033788026789 0.245082222883 -0.674465538360 0.101939157839 -0.688940744687
26.7 0.000000000000 0.000000000000 0.000000000000 0.000000000000 0.000000000000 0.000000000000 0.000000000000
26.8 0.098944605578 -0.019028981745 0.962787612771 0.256329388421 -0.667853173569 0.109501854215 -0.690128051240
26.9 0.095528473388 -0.018322618680 0.987415574166 -0.322637212911 0.671996073810 -0.169129097500 0.644764960282
27.0 0.081040836602 -0.012125900431 0.850973769072 -0.342924222433 0.653021654085 -0.189317266930 0.648170247240
27.1 0.091851502699 -0.017100376654 0.958237278138 -0.315677586086 0.679369008273 -0.150323531686 0.645142037122
27.2 0.092466833116 -0.015332863561 0.982313574314 -0.308457565562 0.671068512712 -0.160206587570 0.654870086959
27.3 0.092348503971 -0.010854115108 0.975619783579 -0.317419046568 0.662947673208 -0.176989628051 0.654538160099
27.4 0.129721129960 0.002033168128 1.368600851036 -0.251977904643 0.688749612220 -0.148604797347 0.663360928488
27.5 0.177085083507 -0.036311736314 1.882709598318 0.199546499460 0.570194511329 0.155234071413 0.781640452431
27.6 0.104630691860 -0.027352109994 0.990572442689 -0.241180847929 0.694949014819 -0.124280344873 0.665906946407
27.7 0.132965108398 -0.028978168475 1.303921606633 0.114339926690 -0.627355984150 0.044554095365 -0.769003109813
27.8 0.133222152246 -0.040499067955 1.357765725186 0.550707517554 0.224672388338 0.298782383815 0.746305992975
27.9 0.114827295509 -0.029534045958 1.090100824811 -0.255059625859 0.693484871821 -0.188068408221 0.647034460938
28.0 0.098101717135 -0.024989859168 0.908499609455 -0.295425066228 0.675700333413 -0.217411000532 0.639441589606
28.1 0.117952389289 -0.031690530073 1.061008341116 -0.247633478459 0.695725666177 -0.199465560842 0.644093896732
28.2 0.109327437251 -0.033889669593 0.998779480928 -0.282609750384 0.678273377316 -0.201263085789 0.647742329103
28.3 0.132796289660 -0.033173048683 1.175666518010 -0.300596954702 0.652464048835 -0.155606292214 0.678025676229
28.4 0.107898297748 -0.032600302199 1.015280058200 -0.243908750677 0.696576092244 -0.194525240497 0.646103861516
28.5 0.110757155586 -0.030157910861 1.014058764109 -0.250116742398 0.698068980364 -0.213852881895 0.635931017274
28.6 0.109176042956 -0.023789010147 0.986875079284 -0.260612243971 0.698139154841 -0.236311670854 0.623570182889
28.7 0.138148675461 -0.038054909383 1.282561415889 -0.037477371809 -0.500439864305 0.047243132529 0.863668614253
28.8 0.124679241963 -0.035520239525 1.228229051784 0.075852738780 -0.693635211631 0.169839869254 -0.695895806868
28.9 0.111680304460 -0.027035659854 1.035030878990 -0.250912629840 0.699909402291 -0.218726728478 0.631924282664
29.0 0.145395296824 -0.066823586686 1.249169469974 -0.327532241179 -0.617687081707 0.094008325759 0.708764936188
29.1 0.117854836270 -0.027683732849 1.223412342178 0.124191659364 -0.638518519402 0.133807740548 -0.747640301678
29.2 0.000000000000 0.000000000000 0.000000000000 0.000000000000 0.000000000000 0.000000000000 0.000000000000
29.3 0.000000000000 0.000000000000 0.000000000000 0.000000000000 0.000000000000 0.000000000000 0.000000000000
29.4 0.000000000000 0.000000000000 0.000000000000 0.000000000000 0.000000000000 0.000000000000 0.000000000000
29.5 0.044179569267 -0.197350909662 0.925144998548 -0.665751651835 -0.029978581995 0.745282151871 0.020749380776
29.6 0.045514927167 -0.036198297020 1.051610959115 -0.062614370174 0.792210193152 -0.160990552864 0.585290092520
29.7 -0.004843427008 -0.107844083568 0.169165634429 -0.431663241354 -0.034990386729 0.900067880689 0.048169793988
29.8 0.030866227412 -0.034014544289 1.044550272420 -0.049865794891 0.801596020596 -0.166705128444 0.571984809601
29.9 0.030192246696 -0.015959652543 1.431612149022 0.021505198984 -0.632525647331 0.152638941651 -0.759045575296
30.0 0.011613679672 -0.019964928921 1.081794130551 0.095521776375 -0.675016070092 0.241565224282 -0.690561465602
30.1 0.009139502627 -0.009355036777 1.418972139170 -0.027370147492 -0.699391797779 0.197864452065 -0.686259168853
30.2 0.013509367417 -0.017483041664 1.023793657693 -0.193708988277 0.682849259857 -0.279296851605 0.646673785503
30.3 0.009331355477 -0.029936051894 1.222019517249 -0.015676118681 -0.706496594496 0.102796684867 -0.700035472565
30.4 0.006813223655 -0.026800558223 1.055045555747 -0.137959958490 0.687928599937 -0.239833220829 0.670970429623
30.5 0.004734148858 -0.022654647296 1.003150813597 -0.188312585339 0.679611127626 -0.285619293467 0.648913480064
30.6 0.001971294109 -0.025409989258 1.021596825044 -0.176005219115 0.688948069675 -0.276688713779 0.646386939691
30.7 -0.002498064127 -0.029215861068 1.016604315162 -0.164571048989 0.676838238128 -0.273958032139 0.663139024541
30.8 -0.009454997205 -0.041344742206 1.072327950454 0.033536584646 -0.690242617597 0.181108929359 -0.699742797068
30.9 -0.011137647845 -0.047952582306 1.071775414591 0.023222602726 -0.690198871522 0.159166971581 -0.705515487874
31.0 -0.020464520452 -0.053471150615 1.153798691105 0.047604794928 -0.698818619901 -0.197648626674 0.685799781535
31.1 -0.019110160318 -0.040299780176 0.969363895885 -0.164791343716 0.679853312674 -0.297347103610 0.649790724971
31.2 -0.026076922528 -0.047394521996 1.013451718789 -0.137951439492 0.691346684351 -0.275491012978 0.653539489355
31.3 0.000000000000 0.000000000000 0.000000000000 0.000000000000 0.000000000000 0.000000000000 0.000000000000
31.4 -0.022445921798 -0.056104265300 0.955770954571 -0.148703355003 0.683853576491 -0.300875686841 0.647846755953
31.5 -0.029731612759 -0.067250305618 1.078364868951 -0.099824808536 0.686849314368 -0.280045052257 0.663210219809
31.6 -0.019248107049 -0.057626360316 0.937194096764 -0.164886523277 0.676872683316 -0.310225335755 0.646850868499
31.7 -0.018467872805 -0.073178405928 1.035852704404 0.031462176094 -0.692969991599 0.184278056161 -0.696307633332
31.8 -0.006693413145 -0.066071826762 0.987470164573 0.075724197429 -0.780225248990 0.190218069769 -0.591042716472
31.9 -0.014636608158 -0.064336567849 0.981137501584 0.022376672035 -0.697939181577 0.167207494467 -0.696004193352
32.0 -0.029146688043 -0.078470932189 1.168413624401 0.062410011758 -0.614288076325 -0.100751424938 0.780130950604
32.1 -0.056483132216 -0.228280659078 2.096951279629 0.129965107950 -0.692849137682 -0.311408147046 0.637255136568
32.2 0.000000000000 0.000000000000 0.000000000000 0.000000000000 0.000000000000 0.000000000000 0.000000000000
32.3 -0.013356049716 -0.048477427862 1.010317953274 0.013781527633 -0.699398281150 0.156012107613 -0.697360979765
32.4 -0.011762764952 -0.044003835208 0.961035452723 -0.116876718084 0.708004679496 -0.249066212678 0.650411583756
32.5 0.000000000000 0.000000000000 0.000000000000 0.000000000000 0.000000000000 0.000000000000 0.000000000000
32.6 -0.023179749683 -0.047088499586 0.877931360030 -0.045518202487 0.702060705244 -0.193995277944 0.683670016551
32.7 0.000000000000 0.000000000000 0.000000000000 0.000000000000 0.000000000000 0.000000000000 0.000000000000
32.8 -0.020481979109 -0.051112089343 0.990741934930 0.083464988903 -0.769692299120 0.139517022668 -0.617367281842
32.9 -0.027636339483 -0.048444256028 0.929826023224 -0.112887628407 0.687464709538 -0.262666386631 0.667573985283
33.0 -0.016462965693 -0.055869782187 0.941749261773 -0.041707252442 0.652863058745 -0.284126388984 0.700929758751
33.1 0.000000000000 0.000000000000 0.000000000000 0.000000000000 0.000000000000 0.000000000000 0.000000000000
33.2 -0.056497969495 -0.215590579370 1.023410097071 -0.736584707025 -0.154469370723 0.635878212102 0.171000240522
33.3 0.000000000000 0.000000000000 0.000000000000 0.000000000000 0.000000000000 0.000000000000 0.000000000000
33.4 0.000000000000 0.000000000000 0.000000000000 0.000000000000 0.000000000000 0.000000000000 0.000000000000
33.5 0.000000000000 0.000000000000 0.000000000000 0.000000000000 0.000000000000 0.000000000000 0.000000000000
33.6 0.000000000000 0.000000000000 0.000000000000 0.000000000000 0.000000000000 0.000000000000 0.000000000000
33.7 -0.065686985674 -0.104834352633 0.931265529179 -0.085977592176 0.687547464162 -0.310412288785 0.650792247295
33.8 -0.068572951213 -0.108954813522 0.939676306585 -0.089436546002 0.684295747666 -0.314098601411 0.651983514022
33.9 -0.061363047726 -0.104580666069 0.900516727628 -0.089129682492 0.687205527440 -0.333013572274 0.639457913734
34.0 -0.055188200729 -0.106691354637 0.895797668775 -0.090783426799 0.692507820369 -0.332923348123 0.633524531822
34.1 -0.053351270625 -0.115958122369 0.937294113952 -0.085476385953 0.690027767268 -0.326780389623 0.640132833716
34.2 -0.049014963164 -0.118984779999 0.923372492028 -0.050484566075 0.690358841294 -0.294951894082 0.658680012611
34.3 -0.045545441692 -0.131865106083 0.998990931836 -0.029220656887 0.698682153026 -0.280832222594 0.657360376816
34.4 -0.041337938226 -0.138529467456 1.058837630329 0.020967643689 0.676439413670 -0.255295004667 0.690517587136
34.5 0.000000000000 0.000000000000 0.000000000000 0.000000000000 0.000000000000 0.000000000000 0.000000000000
34.6 0.000000000000 0.000000000000 0.000000000000 0.000000000000 0.000000000000 0.000000000000 0.000000000000
34.7 0.000000000000 0.000000000000 0.000000000000 0.000000000000 0.000000000000 0.000000000000 0.000000000000
34.8 0.000000000000 0.000000000000 0.000000000000 0.000000000000 0.000000000000 0.000000000000 0.000000000000
34.9 -0.000794079919 -0.131734844645 0.938684875889 -0.070383987474 0.679017246994 -0.310678907222 0.661407808541
35.0 0.000272447843 -0.132131801416 0.922261169508 -0.069822759896 0.674912052716 -0.316409887679 0.662950440288
35.1 0.003351056938 -0.139799810486 0.960861876232 -0.073241183706 0.661375276673 -0.332643919480 0.668256309546
35.2 0.012829197406 -0.111079240942 0.741017605353 0.665682878523 0.347818992866 0.471828460623 0.461807489316
35.3 0.000000000000 0.000000000000 0.000000000000 0.000000000000 0.000000000000 0.000000000000 0.000000000000
35.4 0.000000000000 0.000000000000 0.000000000000 0.000000000000 0.000000000000 0.000000000000 0.000000000000
35.5 0.000000000000 0.000000000000 0.000000000000 0.000000000000 0.000000000000 0.000000000000 0.000000000000
35.6 0.035120011967 -0.201543194037 1.280936922427 0.042205609198 0.631585683696 -0.291092761868 0.717344557859
35.7 0.032309401152 -0.125084540135 0.911745212560 -0.127493072816 0.654991896493 -0.367694582240 0.647712765124
35.8 0.026880566553 -0.136544349501 0.925765216811 -0.021643755450 0.653075962622 -0.328451321268 0.682013976728
35.9 0.032669787873 -0.160773634157 1.148561661011 -0.059378734638 0.551170058052 -0.338346943900 0.760399288883
36.0 0.027141617075 -0.131396144428 0.952853150299 -0.068550225391 0.599067401955 -0.367090592413 0.708282155271
36.1 0.037304075541 -0.144561857669 1.041127936571 0.030516413284 -0.641685676133 0.331575815139 -0.690916579900
36.2 0.029658360639 0.022377560356 0.073677137623 0.521423363928 0.497560139306 -0.023121058770 0.692832591587
36.3 0.036855387290 -0.128690480909 0.992447068978 -0.084293228665 0.636168480480 -0.363557001592 0.675285585984
36.4 0.019717382155 -0.181623067170 1.287463458469 -0.047532435525 0.250582749165 -0.249357160898 0.934221579553
36.5 0.037421003385 -0.130095281732 1.005627732606 -0.088175062212 0.668908530381 -0.373470584716 0.636636677187
36.6 0.006102463394 -0.151276812713 1.031764878445 -0.284592130733 0.132730509731 -0.254549989315 0.914655254099
36.7 0.029008180125 -0.125766725986 0.989952565097 0.062776272926 -0.573484302472 0.388807240011 -0.718334061904
36.8 0.025858095720 -0.147483523657 1.065846322184 -0.011440947467 -0.618745301046 0.307582879849 -0.722783597752
36.9 0.014595404430 -0.150450844369 1.121664780443 0.041859284568 -0.475853068266 0.362208286357 -0.800385416541
37.0 0.000000000000 -0.000000000000 0.000000000000 -0.656835490553 0.050728984088 -0.631146409189 0.409448310159
37.1 0.030407658504 -0.185573997681 1.211854251318 0.096966302584 0.484687469478 -0.397632216446 0.773022776856
37.2 0.012317538443 -0.200203826807 1.309580435345 0.102982858297 0.141006267589 -0.397371275720 0.900892797524
37.3 0.000000000000 0.000000000000 0.000000000000 0.000000000000 0.000000000000 0.000000000000 0.000000000000
37.4 0.000000000000 0.000000000000 0.000000000000 0.000000000000 0.000000000000 0.000000000000 0.000000000000
37.5 0.000000000000 0.000000000000 0.000000000000 0.000000000000 0.000000000000 0.000000000000 0.000000000000
37.6 0.000000000000 0.000000000000 0.000000000000 0.000000000000 0.000000000000 0.000000000000 0.000000000000
37.7 0.000000000000 0.000000000000 0.000000000000 0.000000000000 0.000000000000 0.000000000000 0.000000000000
37.8 0.000000000000 0.000000000000 0.000000000000 0.000000000000 0.000000000000 0.000000000000 0.000000000000
37.9 0.000000000000 0.000000000000 0.000000000000 0.000000000000 0.000000000000 0.000000000000 0.000000000000
38.0 0.000000000000 0.000000000000 0.000000000000 0.000000000000 0.000000000000 0.000000000000 0.000000000000
38.1 0.111951735068 -0.188889968971 1.271883906265 -0.011402878680 0.206094576620 -0.378289063480 0.902381507067
38.2 0.106567782327 -0.212970133171 1.345257180966 0.077079394052 0.338541267246 -0.354925534996 0.868030207995
38.3 0.092893678117 -0.175435235421 1.220489360857 -0.032036028271 0.307666715445 -0.385128085335 0.869477568995
38.4 0.000000000000 0.000000000000 0.000000000000 0.000000000000 0.000000000000 0.000000000000 0.000000000000
38.5 0.000000000000 0.000000000000 0.000000000000 0.000000000000 0.000000000000 0.000000000000 0.000000000000
38.6 0.000000000000 0.000000000000 0.000000000000 0.000000000000 0.000000000000 0.000000000000 0.000000000000
38.7 0.000000000000 0.000000000000 0.000000000000 0.000000000000 0.000000000000 0.000000000000 0.000000000000
38.8 0.000000000000 0.000000000000 0.000000000000 0.000000000000 0.000000000000 0.000000000000 0.000000000000
38.9 0.000000000000 0.000000000000 0.000000000000 0.000000000000 0.000000000000 0.000000000000 0.000000000000
39.0 0.000000000000 0.000000000000 0.000000000000 0.000000000000 0.000000000000 0.000000000000 0.000000000000
39.1 0.000000000000 0.000000000000 0.000000000000 0.000000000000 0.000000000000 0.000000000000 0.000000000000
39.2 0.000000000000 0.000000000000 0.000000000000 0.000000000000 0.000000000000 0.000000000000 0.000000000000
39.3 0.000000000000 0.000000000000 0.000000000000 0.000000000000 0.000000000000 0.000000000000 0.000000000000
39.4 0.000000000000 0.000000000000 0.000000000000 0.000000000000 0.000000000000 0.000000000000 0.000000000000
39.5 0.000000000000 0.000000000000 0.000000000000 0.000000000000 0.000000000000 0.000000000000 0.000000000000
39.6 0.000000000000 0.000000000000 0.000000000000 0.000000000000 0.000000000000 0.000000000000 0.000000000000
39.7 0.000000000000 0.000000000000 0.000000000000 0.000000000000 0.000000000000 0.000000000000 0.000000000000
39.8 0.000000000000 0.000000000000 0.000000000000 0.000000000000 0.000000000000 0.000000000000 0.000000000000
39.9 0.116200121086 -0.139898010969 1.037788472567 -0.140733987007 0.156997917443 -0.350939871759 0.912352347084
40.0 0.000000000000 0.000000000000 0.000000000000 0.000000000000 0.000000000000 0.000000000000 0.000000000000
40.1 0.000000000000 0.000000000000 0.000000000000 0.000000000000 0.000000000000 0.000000000000 0.000000000000
40.2 0.000000000000 0.000000000000 0.000000000000 0.000000000000 0.000000000000 0.000000000000 0.000000000000
40.3 0.000000000000 0.000000000000 0.000000000000 0.000000000000 0.000000000000 0.000000000000 0.000000000000
40.4 0.000000000000 0.000000000000 0.000000000000 0.000000000000 0.000000000000 0.000000000000 0.000000000000
40.5 0.000000000000 0.000000000000 0.000000000000 0.000000000000 0.000000000000 0.000000000000 0.000000000000
40.6 0.000000000000 0.000000000000 0.000000000000 0.000000000000 0.000000000000 0.000000000000 0.000000000000
40.7 0.000000000000 0.000000000000 0.000000000000 0.000000000000 0.000000000000 0.000000000000 0.000000000000
40.8 0.000000000000 0.000000000000 0.000000000000 0.000000000000 0.000000000000 0.000000000000 0.000000000000
40.9 0.000000000000 0.000000000000 0.000000000000 0.000000000000 0.000000000000 0.000000000000 0.000000000000
41.0 0.000000000000 0.000000000000 0.000000000000 0.000000000000 0.000000000000 0.000000000000 0.000000000000
41.1 0.000000000000 0.000000000000 0.000000000000 0.000000000000 0.000000000000 0.000000000000 0.000000000000
41.2 0.000000000000 0.000000000000 0.000000000000 0.000000000000 0.000000000000 0.000000000000 0.000000000000
41.3 0.000000000000 0.000000000000 0.000000000000 0.000000000000 0.000000000000 0.000000000000 0.000000000000
41.4 0.000000000000 0.000000000000 0.000000000000 0.000000000000 0.000000000000 0.000000000000 0.000000000000
41.5 0.000000000000 0.000000000000 0.000000000000 0.000000000000 0.000000000000 0.000000000000 0.000000000000
41.6 0.000000000000 0.000000000000 0.000000000000 0.000000000000 0.000000000000 0.000000000000 0.000000000000
41.7 0.000000000000 0.000000000000 0.000000000000 0.000000000000 0.000000000000 0.000000000000 0.000000000000
41.8 0.000000000000 0.000000000000 0.000000000000 0.000000000000 0.000000000000 0.000000000000 0.000000000000
41.9 0.000000000000 0.000000000000 0.000000000000 0.000000000000 0.000000000000 0.000000000000 0.000000000000
42.0 0.000000000000 0.000000000000 0.000000000000 0.000000000000 0.000000000000 0.000000000000 0.000000000000
42.1 0.000000000000 0.000000000000 0.000000000000 0.000000000000 0.000000000000 0.000000000000 0.000000000000
42.2 0.000000000000 0.000000000000 0.000000000000 0.000000000000 0.000000000000 0.000000000000 0.000000000000
42.3 0.000000000000 0.000000000000 0.000000000000 0.000000000000 0.000000000000 0.000000000000 0.000000000000
42.4 0.000000000000 0.000000000000 0.000000000000 0.000000000000 0.000000000000 0.000000000000 0.000000000000
42.5 0.000000000000 0.000000000000 0.000000000000 0.000000000000 0.000000000000 0.000000000000 0.000000000000
42.6 0.000000000000 0.000000000000 0.000000000000 0.000000000000 0.000000000000 0.000000000000 0.000000000000
42.7 0.000000000000 0.000000000000 0.000000000000 0.000000000000 0.000000000000 0.000000000000 0.000000000000
42.8 0.000000000000 0.000000000000 0.000000000000 0.000000000000 0.000000000000 0.000000000000 0.000000000000
42.9 0.000000000000 0.000000000000 0.000000000000 0.000000000000 0.000000000000 0.000000000000 0.000000000000
43.0 0.000000000000 0.000000000000 0.000000000000 0.000000000000 0.000000000000 0.000000000000 0.000000000000
43.1 0.000000000000 0.000000000000 0.000000000000 0.000000000000 0.000000000000 0.000000000000 0.000000000000
43.2 0.000000000000 0.000000000000 0.000000000000 0.000000000000 0.000000000000 0.000000000000 0.000000000000
43.3 0.000000000000 0.000000000000 0.000000000000 0.000000000000 0.000000000000 0.000000000000 0.000000000000
43.4 0.000000000000 0.000000000000 0.000000000000 0.000000000000 0.000000000000 0.000000000000 0.000000000000
43.5 0.000000000000 0.000000000000 0.000000000000 0.000000000000 0.000000000000 0.000000000000 0.000000000000
43.6 0.000000000000 0.000000000000 0.000000000000 0.000000000000 0.000000000000 0.000000000000 0.000000000000
43.7 0.000000000000 0.000000000000 0.000000000000 0.000000000000 0.000000000000 0.000000000000 0.000000000000
43.8 0.000000000000 0.000000000000 0.000000000000 0.000000000000 0.000000000000 0.000000000000 0.000000000000
43.9 0.000000000000 0.000000000000 0.000000000000 0.000000000000 0.000000000000 0.000000000000 0.000000000000
44.0 0.000000000000 0.000000000000 0.000000000000 0.000000000000 0.000000000000 0.000000000000 0.000000000000
44.1 0.101941239485 -0.058379828598 0.965958594076 -0.192898934628 -0.589193111999 -0.289168465367 0.729399120118
44.2 0.000000000000 0.000000000000 0.000000000000 0.000000000000 0.000000000000 0.000000000000 0.000000000000
44.3 0.000000000000 0.000000000000 0.000000000000 0.000000000000 0.000000000000 0.000000000000 0.000000000000
44.4 0.000000000000 0.000000000000 0.000000000000 0.000000000000 0.000000000000 0.000000000000 0.000000000000
44.5 0.000000000000 0.000000000000 0.000000000000 0.000000000000 0.000000000000 0.000000000000 0.000000000000
44.6 0.000000000000 0.000000000000 0.000000000000 0.000000000000 0.000000000000 0.000000000000 0.000000000000
44.7 0.000000000000 0.000000000000 0.000000000000 0.000000000000 0.000000000000 0.000000000000 0.000000000000
44.8 0.070832176424 -0.104736839590 0.942641505768 0.133177087922 0.628107100628 -0.238244701165 0.728687035538
44.9 0.083898106899 -0.113450198783 0.923446616933 0.153382297019 0.863071065432 -0.105173717263 0.469596311924
45.0 0.000000000000 -0.000000000000 0.000000000000 -0.767190746129 -0.627806893194 -0.131297970868 0.006140582967
45.1 0.000000000000 0.000000000000 0.000000000000 0.000000000000 0.000000000000 0.000000000000 0.000000000000
45.2 0.000000000000 0.000000000000 0.000000000000 0.000000000000 0.000000000000 0.000000000000 0.000000000000
45.3 0.000000000000 0.000000000000 0.000000000000 0.000000000000 0.000000000000 0.000000000000 0.000000000000
45.4 0.000000000000 0.000000000000 0.000000000000 0.000000000000 0.000000000000 0.000000000000 0.000000000000
45.5 0.000000000000 0.000000000000 0.000000000000 0.000000000000 0.000000000000 0.000000000000 0.000000000000
45.6 0.000000000000 0.000000000000 0.000000000000 0.000000000000 0.000000000000 0.000000000000 0.000000000000
45.7 0.000000000000 0.000000000000 0.000000000000 0.000000000000 0.000000000000 0.000000000000 0.000000000000
45.8 0.000000000000 0.000000000000 0.000000000000 0.000000000000 0.000000000000 0.000000000000 0.000000000000
45.9 0.000000000000 0.000000000000 0.000000000000 0.000000000000 0.000000000000 0.000000000000 0.000000000000
46.0 0.000000000000 0.000000000000 0.000000000000 0.000000000000 0.000000000000 0.000000000000 0.000000000000
46.1 0.148437380598 -0.075307246984 0.835806594811 -0.079579027545 -0.822597273896 0.197857540913 -0.527117915516
46.2 0.000000000000 0.000000000000 0.000000000000 0.000000000000 0.000000000000 0.000000000000 0.000000000000
46.3 0.134315428685 -0.076270995945 0.947729353489 0.126675403192 0.499588095884 -0.221603097548 0.827802599558
46.4 0.017275818895 -0.176813285714 0.782191733342 -0.871581868692 0.385249031580 -0.303000268712 0.010911782352
46.5 0.000000000000 0.000000000000 0.000000000000 0.000000000000 0.000000000000 0.000000000000 0.000000000000
46.6 0.148398352107 -0.064361796898 0.941346101726 0.100855972311 0.527714452726 -0.282368770892 0.794741093979
46.7 0.000000000000 -0.000000000000 0.000000000000 0.110429395940 0.003469453191 -0.690708468395 0.714643353775
46.8 0.147563932319 -0.068784737536 0.976418340727 0.132263272590 0.522484116821 -0.245442868077 0.805775758449
46.9 0.000000000000 0.000000000000 0.000000000000 0.000000000000 0.000000000000 0.000000000000 0.000000000000
47.0 0.000000000000 0.000000000000 0.000000000000 0.000000000000 0.000000000000 0.000000000000 0.000000000000
47.1 0.000000000000 0.000000000000 0.000000000000 0.000000000000 0.000000000000 0.000000000000 0.000000000000
47.2 0.000000000000 0.000000000000 0.000000000000 0.000000000000 0.000000000000 0.000000000000 0.000000000000
47.3 0.000000000000 0.000000000000 0.000000000000 0.000000000000 0.000000000000 0.000000000000 0.000000000000
47.4 0.129806806575 -0.046079968692 0.836473108797 -0.009845287683 0.687602108634 -0.365118213343 0.627530956048
47.5 0.000000000000 0.000000000000 0.000000000000 0.000000000000 0.000000000000 0.000000000000 0.000000000000
47.6 0.119542315356 -0.047820686492 0.832219525748 -0.051853634496 -0.569344163463 0.376124801270 -0.729169773091
47.7 0.119865585624 -0.048206022453 0.834373657591 -0.040205857384 -0.547319940843 0.388099658533 -0.740407338182
47.8 0.137041940320 -0.063528970168 0.834441783162 0.105661904367 0.773896968102 -0.247371724695 0.573346557110
47.9 0.000000000000 0.000000000000 0.000000000000 0.000000000000 0.000000000000 0.000000000000 0.000000000000
48.0 0.000000000000 -0.000000000000 0.000000000000 -0.051495031623 -0.741304698868 0.311595391310 -0.592219484034
48.1 0.000000000000 0.000000000000 0.000000000000 0.000000000000 0.000000000000 0.000000000000 0.000000000000
48.2 0.000000000000 0.000000000000 0.000000000000 0.000000000000 0.000000000000 0.000000000000 0.000000000000
48.3 0.000000000000 0.000000000000 0.000000000000 0.000000000000 0.000000000000 0.000000000000 0.000000000000
48.4 0.000000000000 0.000000000000 0.000000000000 0.000000000000 0.000000000000 0.000000000000 0.000000000000
48.5 0.000000000000 0.000000000000 0.000000000000 0.000000000000 0.000000000000 0.000000000000 0.000000000000
48.6 0.000000000000 0.000000000000 0.000000000000 0.000000000000 0.000000000000 0.000000000000 0.000000000000
48.7 0.000000000000 0.000000000000 0.000000000000 0.000000000000 0.000000000000 0.000000000000 0.000000000000
48.8 0.000000000000 0.000000000000 0.000000000000 0.000000000000 0.000000000000 0.000000000000 0.000000000000
48.9 0.000000000000 0.000000000000 0.000000000000 0.000000000000 0.000000000000 0.000000000000 0.000000000000
49.0 0.000000000000 0.000000000000 0.000000000000 0.000000000000 0.000000000000 0.000000000000 0.000000000000
49.1 0.000000000000 0.000000000000 0.000000000000 0.000000000000 0.000000000000 0.000000000000 0.000000000000
49.2 0.000000000000 0.000000000000 0.000000000000 0.000000000000 0.000000000000 0.000000000000 0.000000000000
49.3 0.000000000000 0.000000000000 0.000000000000 0.000000000000 0.000000000000 0.000000000000 0.000000000000
49.4 0.000000000000 0.000000000000 0.000000000000 0.000000000000 0.000000000000 0.000000000000 0.000000000000
49.5 0.000000000000 0.000000000000 0.000000000000 0.000000000000 0.000000000000 0.000000000000 0.000000000000
49.6 0.000000000000 0.000000000000 0.000000000000 0.000000000000 0.000000000000 0.000000000000 0.000000000000
49.7 0.000000000000 0.000000000000 0.000000000000 0.000000000000 0.000000000000 0.000000000000 0.000000000000
49.8 0.000000000000 0.000000000000 0.000000000000 0.000000000000 0.000000000000 0.000000000000 0.000000000000
49.9 0.000000000000 0.000000000000 0.000000000000 0.000000000000 0.000000000000 0.000000000000 0.000000000000
50.0 0.000000000000 0.000000000000 0.000000000000 0.000000000000 0.000000000000 0.000000000000 0.000000000000
50.1 0.000000000000 0.000000000000 0.000000000000 0.000000000000 0.000000000000 0.000000000000 0.000000000000
50.2 0.000000000000 0.000000000000 0.000000000000 0.000000000000 0.000000000000 0.000000000000 0.000000000000
50.3 0.000000000000 0.000000000000 0.000000000000 0.000000000000 0.000000000000 0.000000000000 0.000000000000
50.4 0.000000000000 0.000000000000 0.000000000000 0.000000000000 0.000000000000 0.000000000000 0.000000000000
50.5 0.000000000000 0.000000000000 0.000000000000 0.000000000000 0.000000000000 0.000000000000 0.000000000000
50.6 0.000000000000 0.000000000000 0.000000000000 0.000000000000 0.000000000000 0.000000000000 0.000000000000
50.7 0.000000000000 0.000000000000 0.000000000000 0.000000000000 0.000000000000 0.000000000000 0.000000000000
50.8 0.113907652440 0.027337647590 0.905966137104 -0.131127843758 -0.767402018731 0.279793687576 -0.561796335545
50.9 0.000000000000 0.000000000000 0.000000000000 0.000000000000 0.000000000000 0.000000000000 0.000000000000
51.0 0.179010981741 -0.021971298014 1.494957961515 -0.013165269308 -0.460021505026 -0.205241365312 0.863760888535
51.1 0.000000000000 0.000000000000 0.000000000000 0.000000000000 0.000000000000 0.000000000000 0.000000000000
51.2 0.000000000000 0.000000000000 0.000000000000 0.000000000000 0.000000000000 0.000000000000 0.000000000000
51.3 0.000000000000 0.000000000000 0.000000000000 0.000000000000 0.000000000000 0.000000000000 0.000000000000
51.4 0.000000000000 0.000000000000 0.000000000000 0.000000000000 0.000000000000 0.000000000000 0.000000000000
51.5 0.000000000000 0.000000000000 0.000000000000 0.000000000000 0.000000000000 0.000000000000 0.000000000000
51.6 0.144858460625 0.052410861001 0.984472484350 0.030663775133 0.868840073895 -0.121981825432 0.478849760523
51.7 0.000000000000 0.000000000000 0.000000000000 0.000000000000 0.000000000000 0.000000000000 0.000000000000
51.8 0.000000000000 0.000000000000 0.000000000000 0.000000000000 0.000000000000 0.000000000000 0.000000000000
51.9 0.000000000000 0.000000000000 0.000000000000 0.000000000000 0.000000000000 0.000000000000 0.000000000000
52.0 0.000000000000 0.000000000000 0.000000000000 0.000000000000 0.000000000000 0.000000000000 0.000000000000
52.1 0.000000000000 0.000000000000 0.000000000000 0.000000000000 0.000000000000 0.000000000000 0.000000000000
52.2 0.000000000000 0.000000000000 0.000000000000 0.000000000000 0.000000000000 0.000000000000 0.000000000000
52.3 0.000000000000 0.000000000000 0.000000000000 0.000000000000 0.000000000000 0.000000000000 0.000000000000
52.4 0.000000000000 0.000000000000 0.000000000000 0.000000000000 0.000000000000 0.000000000000 0.000000000000
52.5 0.000000000000 0.000000000000 0.000000000000 0.000000000000 0.000000000000 0.000000000000 0.000000000000
52.6 0.000000000000 0.000000000000 0.000000000000 0.000000000000 0.000000000000 0.000000000000 0.000000000000
52.7 0.000000000000 0.000000000000 0.000000000000 0.000000000000 0.000000000000 0.000000000000 0.000000000000
52.8 0.000000000000 0.000000000000 0.000000000000 0.000000000000 0.000000000000 0.000000000000 0.000000000000
52.9 0.000000000000 0.000000000000 0.000000000000 0.000000000000 0.000000000000 0.000000000000 0.000000000000
53.0 0.060273065429 0.060790935058 0.801558198839 -0.032246487662 0.578602727319 -0.127633468036 0.804915365619
53.1 0.000000000000 0.000000000000 0.000000000000 0.000000000000 0.000000000000 0.000000000000 0.000000000000
53.2 0.000000000000 0.000000000000 0.000000000000 0.000000000000 0.000000000000 0.000000000000 0.000000000000
53.3 0.000000000000 0.000000000000 0.000000000000 0.000000000000 0.000000000000 0.000000000000 0.000000000000
53.4 0.000000000000 0.000000000000 0.000000000000 0.000000000000 0.000000000000 0.000000000000 0.000000000000
53.5 0.000000000000 0.000000000000 0.000000000000 0.000000000000 0.000000000000 0.000000000000 0.000000000000
53.6 0.000000000000 0.000000000000 0.000000000000 0.000000000000 0.000000000000 0.000000000000 0.000000000000
53.7 0.000000000000 0.000000000000 0.000000000000 0.000000000000 0.000000000000 0.000000000000 0.000000000000
53.8 0.000000000000 0.000000000000 0.000000000000 0.000000000000 0.000000000000 0.000000000000 0.000000000000
53.9 0.000000000000 0.000000000000 0.000000000000 0.000000000000 0.000000000000 0.000000000000 0.000000000000
54.0 0.000000000000 0.000000000000 0.000000000000 0.000000000000 0.000000000000 0.000000000000 0.000000000000
54.1 0.000000000000 0.000000000000 0.000000000000 0.000000000000 0.000000000000 0.000000000000 0.000000000000
54.2 0.000000000000 0.000000000000 0.000000000000 0.000000000000 0.000000000000 0.000000000000 0.000000000000
54.3 0.000000000000 0.000000000000 0.000000000000 0.000000000000 0.000000000000 0.000000000000 0.000000000000
54.4 0.000000000000 0.000000000000 0.000000000000 0.000000000000 0.000000000000 0.000000000000 0.000000000000
54.5 0.000000000000 0.000000000000 0.000000000000 0.000000000000 0.000000000000 0.000000000000 0.000000000000
54.6 0.000000000000 0.000000000000 0.000000000000 0.000000000000 0.000000000000 0.000000000000 0.000000000000
54.7 0.000000000000 0.000000000000 0.000000000000 0.000000000000 0.000000000000 0.000000000000 0.000000000000
54.8 0.000000000000 0.000000000000 0.000000000000 0.000000000000 0.000000000000 0.000000000000 0.000000000000
54.9 0.000000000000 0.000000000000 0.000000000000 0.000000000000 0.000000000000 0.000000000000 0.000000000000
55.0 0.000000000000 0.000000000000 0.000000000000 0.000000000000 0.000000000000 0.000000000000 0.000000000000
55.1 0.000000000000 0.000000000000 0.000000000000 0.000000000000 0.000000000000 0.000000000000 0.000000000000
55.2 0.000000000000 0.000000000000 0.000000000000 0.000000000000 0.000000000000 0.000000000000 0.000000000000
55.3 0.000000000000 0.000000000000 0.000000000000 0.000000000000 0.000000000000 0.000000000000 0.000000000000
55.4 0.000000000000 0.000000000000 0.000000000000 0.000000000000 0.000000000000 0.000000000000 0.000000000000
55.5 0.000000000000 0.000000000000 0.000000000000 0.000000000000 0.000000000000 0.000000000000 0.000000000000
55.6 0.000000000000 0.000000000000 0.000000000000 0.000000000000 0.000000000000 0.000000000000 0.000000000000
55.7 0.000000000000 0.000000000000 0.000000000000 0.000000000000 0.000000000000 0.000000000000 0.000000000000
55.8 0.000000000000 0.000000000000 0.000000000000 0.000000000000 0.000000000000 0.000000000000 0.000000000000
55.9 0.000000000000 0.000000000000 0.000000000000 0.000000000000 0.000000000000 0.000000000000 0.000000000000
56.0 0.000000000000 0.000000000000 0.000000000000 0.000000000000 0.000000000000 0.000000000000 0.000000000000
56.1 0.000000000000 0.000000000000 0.000000000000 0.000000000000 0.000000000000 0.000000000000 0.000000000000
56.2 0.000000000000 0.000000000000 0.000000000000 0.000000000000 0.000000000000 0.000000000000 0.000000000000
56.3 0.000000000000 0.000000000000 0.000000000000 0.000000000000 0.000000000000 0.000000000000 0.000000000000
56.4 0.000000000000 0.000000000000 0.000000000000 0.000000000000 0.000000000000 0.000000000000 0.000000000000
56.5 0.058115738576 -0.018810150495 0.895459627543 -0.153047192336 0.707346452855 -0.060230519980 0.687466244273
56.6 0.054271219088 -0.010870037072 0.854629633354 -0.195988082804 0.695026668991 -0.091854070484 0.685630680853
56.7 0.059003856540 -0.010994216954 0.850058999914 -0.204230769802 0.699868043397 -0.116773979833 0.674417046145
56.8 0.000000000000 0.000000000000 0.000000000000 0.000000000000 0.000000000000 0.000000000000 0.000000000000
56.9 0.000000000000 0.000000000000 0.000000000000 0.000000000000 0.000000000000 0.000000000000 0.000000000000
57.0 0.085663614100 -0.027804882294 1.012916894546 -0.067400227078 -0.653895066988 0.130506308426 0.742190375995
57.1 0.086868124837 -0.038590302489 0.965701461445 -0.136521028304 0.756612728378 -0.061747544477 0.636464004354
57.2 0.000000000000 0.000000000000 0.000000000000 0.000000000000 0.000000000000 0.000000000000 0.000000000000
57.3 0.085706429485 -0.021728767426 0.877770053628 -0.097430992072 0.728841818502 -0.034274213693 0.676847164183
57.4 0.000000000000 0.000000000000 0.000000000000 0.000000000000 0.000000000000 0.000000000000 0.000000000000
57.5 0.000000000000 0.000000000000 0.000000000000 0.000000000000 0.000000000000 0.000000000000 0.000000000000
57.6 0.090867484446 -0.030169112196 0.849638894326 -0.205187330471 0.731689273327 -0.089406880124 0.643844217570
57.7 0.106035341544 -0.045589258412 0.914373803700 -0.265866819504 0.690524878136 -0.147197886426 0.656371091071
57.8 0.103118104701 -0.038322421777 0.889205504382 -0.241929917568 0.716327980092 -0.163657853787 0.633687814950
57.9 0.000000000000 0.000000000000 0.000000000000 0.000000000000 0.000000000000 0.000000000000 0.000000000000
58.0 0.082784741998 -0.022193889257 0.822370727162 -0.255250805867 0.703557978409 -0.131235205914 0.650100390594
58.1 0.000000000000 0.000000000000 0.000000000000 0.000000000000 0.000000000000 0.000000000000 0.000000000000
58.2 0.000000000000 0.000000000000 0.000000000000 0.000000000000 0.000000000000 0.000000000000 0.000000000000
58.3 0.082452022755 -0.018401422085 0.818685461892 -0.223644355305 0.720632560443 -0.108162752535 0.647281031805
58.4 0.097447039077 -0.030811446060 0.897044579176 -0.259120765093 0.692233381965 -0.186381474862 0.647249040029
58.5 0.000000000000 0.000000000000 0.000000000000 0.000000000000 0.000000000000 0.000000000000 0.000000000000
58.6 0.099812817655 -0.022260099014 0.879598464381 -0.260054201411 0.707845732379 -0.193939246707 0.627466174441
58.7 0.000000000000 0.000000000000 0.000000000000 0.000000000000 0.000000000000 0.000000000000 0.000000000000
58.8 0.101026367965 -0.020325843418 0.866633179379 -0.174644299949 0.711650515152 -0.089139485408 0.674616235292
58.9 0.115328227632 -0.034123868659 0.913984140647 -0.238926311324 0.723527796838 -0.166591264125 0.625834719137
59.0 0.113772242482 -0.032608131197 0.916194079379 -0.267335105822 0.698850216572 -0.147492588342 0.646827838282
59.1 0.134797703083 -0.050417123861 1.211741058409 0.614762025418 0.091205207325 0.338035053321 0.706740097198
59.2 0.097908987396 -0.018077890820 0.814633811205 -0.258077979295 0.698470713740 -0.128046008373 0.655086741120
59.3 0.118432744907 -0.026317922997 0.877754545221 -0.243887671657 0.729695181354 -0.170992439497 0.615487880919
59.4 0.099733459681 -0.014653849242 0.791703364173 -0.234786511492 0.716090393721 -0.107283918676 0.648521397361
59.5 0.100323106888 -0.019551959159 0.798157228201 -0.256368720001 0.721799117455 -0.113115977301 0.632839544533
59.6 0.098920673633 -0.019794683433 0.785236110900 -0.242623704263 0.725007216340 -0.114977985809 0.634254158176
59.7 0.098035652189 -0.020448088660 0.795621719435 -0.240389095203 0.724012660252 -0.111879421110 0.636790189807
59.8 0.000000000000 0.000000000000 0.000000000000 0.000000000000 0.000000000000 0.000000000000 0.000000000000
59.9 0.094556156024 -0.023030337946 0.767548844614 -0.259801184436 0.705095771807 -0.138265544739 0.645155745757
60.0 0.084407956210 -0.027975458095 0.655740020799 0.589198267224 0.439432145571 0.545975708378 0.402063822297
60.1 0.100838299036 -0.032715861411 0.799545551811 -0.302503156521 0.680220707959 -0.198894793960 0.637363702836
60.2 0.000000000000 0.000000000000 0.000000000000 0.000000000000 0.000000000000 0.000000000000 0.000000000000
60.3 0.014180202148 -0.040157921665 0.547429243937 -0.638770467379 0.673234558401 -0.161472030362 0.335640138825
60.4 0.090750060710 -0.028352767457 0.760574312010 -0.269203587340 0.712874541943 -0.129138070863 0.634557069668
60.5 0.098399009192 -0.028013788662 0.772179666947 -0.243327751311 0.710995028456 -0.126263572409 0.647560950981
60.6 0.100075588230 -0.024288622440 0.744435681461 -0.234439694479 0.697382565713 -0.135602937636 0.663556651685
60.7 0.000000000000 0.000000000000 0.000000000000 0.000000000000 0.000000000000 0.000000000000 0.000000000000
60.8 0.000000000000 0.000000000000 0.000000000000 0.000000000000 0.000000000000 0.000000000000 0.000000000000
60.9 0.099325555582 -0.020112806900 0.748074919592 -0.261039879450 0.703701115803 -0.143197797753 0.645102559035
61.0 0.107820255349 -0.035004310975 0.805662214165 -0.286602375145 0.689070497735 -0.180503065829 0.640671187848
61.1 0.017259132241 -0.041506336325 0.540363258542 -0.642136658859 0.665738343398 -0.177138567922 0.336266110741
61.2 0.000000000000 0.000000000000 0.000000000000 0.000000000000 0.000000000000 0.000000000000 0.000000000000
61.3 0.091614757263 -0.025777369755 0.704475138510 -0.275969324679 0.645897767432 -0.200446087169 0.682992219576
61.4 0.000000000000 0.000000000000 0.000000000000 0.000000000000 0.000000000000 0.000000000000 0.000000000000
61.5 0.000000000000 0.000000000000 0.000000000000 0.000000000000 0.000000000000 0.000000000000 0.000000000000
61.6 0.000000000000 0.000000000000 0.000000000000 0.000000000000 0.000000000000 0.000000000000 0.000000000000
61.7 0.000000000000 0.000000000000 0.000000000000 0.000000000000 0.000000000000 0.000000000000 0.000000000000
61.8 0.000000000000 0.000000000000 0.000000000000 0.000000000000 0.000000000000 0.000000000000 0.000000000000
61.9 0.098214186759 -0.005166055871 0.718557608622 -0.210569308351 0.719468501039 -0.106676230298 0.653181310421
62.0 0.097087116204 -0.005816464013 0.690676060743 -0.264617216498 0.679418054530 -0.165246898909 0.664125212827
62.1 0.104667490470 -0.006487937693 0.716234561369 -0.214221033409 0.701800995465 -0.129346070288 0.666973991780
62.2 0.000000000000 0.000000000000 0.000000000000 0.000000000000 0.000000000000 0.000000000000 0.000000000000
62.3 0.085334112658 -0.004616248437 0.666575338216 -0.051040641360 0.586167895348 -0.016550727466 0.808410863864
62.4 0.090881434205 -0.006258416785 0.679926284549 -0.046913954072 0.583445920870 -0.033049900652 0.810121992296
62.5 0.000000000000 0.000000000000 0.000000000000 0.000000000000 0.000000000000 0.000000000000 0.000000000000
62.6 0.000000000000 0.000000000000 0.000000000000 0.000000000000 0.000000000000 0.000000000000 0.000000000000
62.7 0.000000000000 0.000000000000 0.000000000000 0.000000000000 0.000000000000 0.000000000000 0.000000000000
62.8 0.000000000000 0.000000000000 0.000000000000 0.000000000000 0.000000000000 0.000000000000 0.000000000000
62.9 0.000000000000 0.000000000000 0.000000000000 0.000000000000 0.000000000000 0.000000000000 0.000000000000
63.0 0.114609503568 -0.009702268056 0.678906239422 -0.218461541229 0.726203857339 -0.078087769379 0.647151306004
63.1 0.000000000000 0.000000000000 0.000000000000 0.000000000000 0.000000000000 0.000000000000 0.000000000000
63.2 0.099239641958 -0.011468059599 0.657307513494 -0.026230385536 0.599854567667 0.010459015638 0.799610576166
63.3 0.000000000000 0.000000000000 0.000000000000 0.000000000000 0.000000000000 0.000000000000 0.000000000000
63.4 0.107021621174 -0.013272956555 0.666221372119 -0.203422170852 0.719176721111 -0.071899377423 0.660480691424
63.5 0.000000000000 0.000000000000 0.000000000000 0.000000000000 0.000000000000 0.000000000000 0.000000000000
63.6 0.109487677536 -0.015558471138 0.663278643246 -0.199429564782 0.772186817857 -0.055283613029 0.600748773740
63.7 0.093069282993 -0.011767350989 0.621469372848 -0.029592378983 0.599840958458 0.007404836555 0.799537543870
63.8 0.000000000000 0.000000000000 0.000000000000 0.000000000000 0.000000000000 0.000000000000 0.000000000000
63.9 0.000000000000 0.000000000000 0.000000000000 0.000000000000 0.000000000000 0.000000000000 0.000000000000
64.0 0.000000000000 0.000000000000 0.000000000000 0.000000000000 0.000000000000 0.000000000000 0.000000000000
64.1 0.000000000000 0.000000000000 0.000000000000 0.000000000000 0.000000000000 0.000000000000 0.000000000000
64.2 0.000000000000 0.000000000000 0.000000000000 0.000000000000 0.000000000000 0.000000000000 0.000000000000
64.3 0.120702702949 -0.007376749771 0.626962613931 -0.117069999270 0.873022165990 0.066585559537 0.468714493291
64.4 0.000000000000 0.000000000000 0.000000000000 0.000000000000 0.000000000000 0.000000000000 0.000000000000
64.5 0.000000000000 0.000000000000 0.000000000000 0.000000000000 0.000000000000 0.000000000000 0.000000000000
64.6 0.102201854568 -0.007825071860 0.616066864993 -0.036961603842 0.611792140883 0.019497940393 0.789913948804
64.7 0.000000000000 0.000000000000 0.000000000000 0.000000000000 0.000000000000 0.000000000000 0.000000000000
64.8 0.000000000000 0.000000000000 0.000000000000 0.000000000000 0.000000000000 0.000000000000 0.000000000000
64.9 0.000000000000 0.000000000000 0.000000000000 0.000000000000 0.000000000000 0.000000000000 0.000000000000
65.0 0.000000000000 0.000000000000 0.000000000000 0.000000000000 0.000000000000 0.000000000000 0.000000000000
65.1 0.000000000000 0.000000000000 0.000000000000 0.000000000000 0.000000000000 0.000000000000 0.000000000000
65.2 0.000000000000 0.000000000000 0.000000000000 0.000000000000 0.000000000000 0.000000000000 0.000000000000
65.3 0.000000000000 0.000000000000 0.000000000000 0.000000000000 0.000000000000 0.000000000000 0.000000000000
65.4 0.000000000000 0.000000000000 0.000000000000 0.000000000000 0.000000000000 0.000000000000 0.000000000000
65.5 0.000000000000 0.000000000000 0.000000000000 0.000000000000 0.000000000000 0.000000000000 0.000000000000
65.6 0.000000000000 0.000000000000 0.000000000000 0.000000000000 0.000000000000 0.000000000000 0.000000000000
65.7 0.000000000000 0.000000000000 0.000000000000 0.000000000000 0.000000000000 0.000000000000 0.000000000000
65.8 0.000000000000 0.000000000000 0.000000000000 0.000000000000 0.000000000000 0.000000000000 0.000000000000
65.9 0.000000000000 0.000000000000 0.000000000000 0.000000000000 0.000000000000 0.000000000000 0.000000000000
66.0 0.000000000000 0.000000000000 0.000000000000 0.000000000000 0.000000000000 0.000000000000 0.000000000000
66.1 0.000000000000 0.000000000000 0.000000000000 0.000000000000 0.000000000000 0.000000000000 0.000000000000
66.2 0.000000000000 0.000000000000 0.000000000000 0.000000000000 0.000000000000 0.000000000000 0.000000000000
66.3 0.000000000000 0.000000000000 0.000000000000 0.000000000000 0.000000000000 0.000000000000 0.000000000000
66.4 0.000000000000 0.000000000000 0.000000000000 0.000000000000 0.000000000000 0.000000000000 0.000000000000
66.5 0.000000000000 0.000000000000 0.000000000000 0.000000000000 0.000000000000 0.000000000000 0.000000000000
66.6 0.000000000000 0.000000000000 0.000000000000 0.000000000000 0.000000000000 0.000000000000 0.000000000000
66.7 0.000000000000 0.000000000000 0.000000000000 0.000000000000 0.000000000000 0.000000000000 0.000000000000
66.8 0.000000000000 0.000000000000 0.000000000000 0.000000000000 0.000000000000 0.000000000000 0.000000000000
66.9 0.000000000000 0.000000000000 0.000000000000 0.000000000000 0.000000000000 0.000000000000 0.000000000000
67.0 0.000000000000 0.000000000000 0.000000000000 0.000000000000 0.000000000000 0.000000000000 0.000000000000
67.1 0.000000000000 0.000000000000 0.000000000000 0.000000000000 0.000000000000 0.000000000000 0.000000000000
67.2 0.000000000000 0.000000000000 0.000000000000 0.000000000000 0.000000000000 0.000000000000 0.000000000000
67.3 0.000000000000 0.000000000000 0.000000000000 0.000000000000 0.000000000000 0.000000000000 0.000000000000
67.4 0.000000000000 0.000000000000 0.000000000000 0.000000000000 0.000000000000 0.000000000000 0.000000000000
67.5 0.000000000000 0.000000000000 0.000000000000 0.000000000000 0.000000000000 0.000000000000 0.000000000000
67.6 0.000000000000 0.000000000000 0.000000000000 0.000000000000 0.000000000000 0.000000000000 0.000000000000
67.7 0.000000000000 0.000000000000 0.000000000000 0.000000000000 0.000000000000 0.000000000000 0.000000000000
67.8 0.000000000000 0.000000000000 0.000000000000 0.000000000000 0.000000000000 0.000000000000 0.000000000000
67.9 0.000000000000 0.000000000000 0.000000000000 0.000000000000 0.000000000000 0.000000000000 0.000000000000
68.0 0.000000000000 0.000000000000 0.000000000000 0.000000000000 0.000000000000 0.000000000000 0.000000000000
68.1 0.000000000000 0.000000000000 0.000000000000 0.000000000000 0.000000000000 0.000000000000 0.000000000000
68.2 0.000000000000 0.000000000000 0.000000000000 0.000000000000 0.000000000000 0.000000000000 0.000000000000
68.3 0.000000000000 0.000000000000 0.000000000000 0.000000000000 0.000000000000 0.000000000000 0.000000000000
68.4 0.000000000000 0.000000000000 0.000000000000 0.000000000000 0.000000000000 0.000000000000 0.000000000000
68.5 0.000000000000 0.000000000000 0.000000000000 0.000000000000 0.000000000000 0.000000000000 0.000000000000
68.6 0.000000000000 0.000000000000 0.000000000000 0.000000000000 0.000000000000 0.000000000000 0.000000000000
68.7 0.000000000000 0.000000000000 0.000000000000 0.000000000000 0.000000000000 0.000000000000 0.000000000000
68.8 0.000000000000 0.000000000000 0.000000000000 0.000000000000 0.000000000000 0.000000000000 0.000000000000
68.9 0.000000000000 0.000000000000 0.000000000000 0.000000000000 0.000000000000 0.000000000000 0.000000000000
69.0 0.000000000000 0.000000000000 0.000000000000 0.000000000000 0.000000000000 0.000000000000 0.000000000000
69.1 0.000000000000 0.000000000000 0.000000000000 0.000000000000 0.000000000000 0.000000000000 0.000000000000
69.2 0.000000000000 0.000000000000 0.000000000000 0.000000000000 0.000000000000 0.000000000000 0.000000000000
69.3 0.000000000000 0.000000000000 0.000000000000 0.000000000000 0.000000000000 0.000000000000 0.000000000000
69.4 0.000000000000 0.000000000000 0.000000000000 0.000000000000 0.000000000000 0.000000000000 0.000000000000
69.5 0.000000000000 0.000000000000 0.000000000000 0.000000000000 0.000000000000 0.000000000000 0.000000000000
69.6 0.000000000000 0.000000000000 0.000000000000 0.000000000000 0.000000000000 0.000000000000 0.000000000000
69.7 0.000000000000 0.000000000000 0.000000000000 0.000000000000 0.000000000000 0.000000000000 0.000000000000
69.8 0.000000000000 0.000000000000 0.000000000000 0.000000000000 0.000000000000 0.000000000000 0.000000000000
69.9 0.000000000000 0.000000000000 0.000000000000 0.000000000000 0.000000000000 0.000000000000 0.000000000000
70.0 0.000000000000 0.000000000000 0.000000000000 0.000000000000 0.000000000000 0.000000000000 0.000000000000
70.1 0.000000000000 0.000000000000 0.000000000000 0.000000000000 0.000000000000 0.000000000000 0.000000000000
70.2 0.000000000000 0.000000000000 0.000000000000 0.000000000000 0.000000000000 0.000000000000 0.000000000000
70.3 0.000000000000 0.000000000000 0.000000000000 0.000000000000 0.000000000000 0.000000000000 0.000000000000
70.4 0.000000000000 0.000000000000 0.000000000000 0.000000000000 0.000000000000 0.000000000000 0.000000000000
70.5 0.000000000000 0.000000000000 0.000000000000 0.000000000000 0.000000000000 0.000000000000 0.000000000000
70.6 0.146309206068 -0.047090023269 0.796329863672 -0.048787619987 0.620021464668 -0.016590737713 0.782890732420
70.7 0.161431369852 -0.043734924242 0.780510479176 -0.101965182963 0.884629120453 0.048121141908 0.452458590824
70.8 0.000000000000 0.000000000000 0.000000000000 0.000000000000 0.000000000000 0.000000000000 0.000000000000
70.9 0.000000000000 0.000000000000 0.000000000000 0.000000000000 0.000000000000 0.000000000000 0.000000000000
71.0 0.000000000000 0.000000000000 0.000000000000 0.000000000000 0.000000000000 0.000000000000 0.000000000000
71.1 0.000000000000 0.000000000000 0.000000000000 0.000000000000 0.000000000000 0.000000000000 0.000000000000
71.2 0.000000000000 0.000000000000 0.000000000000 0.000000000000 0.000000000000 0.000000000000 0.000000000000
71.3 0.000000000000 0.000000000000 0.000000000000 0.000000000000 0.000000000000 0.000000000000 0.000000000000
71.4 0.000000000000 0.000000000000 0.000000000000 0.000000000000 0.000000000000 0.000000000000 0.000000000000
71.5 0.000000000000 0.000000000000 0.000000000000 0.000000000000 0.000000000000 0.000000000000 0.000000000000
71.6 0.000000000000 0.000000000000 0.000000000000 0.000000000000 0.000000000000 0.000000000000 0.000000000000
71.7 0.000000000000 0.000000000000 0.000000000000 0.000000000000 0.000000000000 0.000000000000 0.000000000000
71.8 0.000000000000 0.000000000000 0.000000000000 0.000000000000 0.000000000000 0.000000000000 0.000000000000
71.9 0.000000000000 0.000000000000 0.000000000000 0.000000000000 0.000000000000 0.000000000000 0.000000000000
72.0 0.000000000000 0.000000000000 0.000000000000 0.000000000000 0.000000000000 0.000000000000 0.000000000000
72.1 0.000000000000 0.000000000000 0.000000000000 0.000000000000 0.000000000000 0.000000000000 0.000000000000
72.2 0.000000000000 0.000000000000 0.000000000000 0.000000000000 0.000000000000 0.000000000000 0.000000000000
72.3 0.000000000000 0.000000000000 0.000000000000 0.000000000000 0.000000000000 0.000000000000 0.000000000000
72.4 0.000000000000 0.000000000000 0.000000000000 0.000000000000 0.000000000000 0.000000000000 0.000000000000
72.5 0.000000000000 0.000000000000 0.000000000000 0.000000000000 0.000000000000 0.000000000000 0.000000000000
72.6 0.000000000000 0.000000000000 0.000000000000 0.000000000000 0.000000000000 0.000000000000 0.000000000000
72.7 0.000000000000 0.000000000000 0.000000000000 0.000000000000 0.000000000000 0.000000000000 0.000000000000
72.8 0.000000000000 0.000000000000 0.000000000000 0.000000000000 0.000000000000 0.000000000000 0.000000000000
72.9 0.000000000000 0.000000000000 0.000000000000 0.000000000000 0.000000000000 0.000000000000 0.000000000000
73.0 0.000000000000 0.000000000000 0.000000000000 0.000000000000 0.000000000000 0.000000000000 0.000000000000
73.1 0.000000000000 0.000000000000 0.000000000000 0.000000000000 0.000000000000 0.000000000000 0.000000000000
73.2 0.000000000000 0.000000000000 0.000000000000 0.000000000000 0.000000000000 0.000000000000 0.000000000000
73.3 0.000000000000 0.000000000000 0.000000000000 0.000000000000 0.000000000000 0.000000000000 0.000000000000
73.4 0.000000000000 0.000000000000 0.000000000000 0.000000000000 0.000000000000 0.000000000000 0.000000000000
73.5 0.000000000000 0.000000000000 0.000000000000 0.000000000000 0.000000000000 0.000000000000 0.000000000000
73.6 0.000000000000 0.000000000000 0.000000000000 0.000000000000 0.000000000000 0.000000000000 0.000000000000
73.7 0.000000000000 0.000000000000 0.000000000000 0.000000000000 0.000000000000 0.000000000000 0.000000000000
73.8 0.000000000000 0.000000000000 0.000000000000 0.000000000000 0.000000000000 0.000000000000 0.000000000000
73.9 0.000000000000 0.000000000000 0.000000000000 0.000000000000 0.000000000000 0.000000000000 0.000000000000
74.0 0.000000000000 0.000000000000 0.000000000000 0.000000000000 0.000000000000 0.000000000000 0.000000000000
74.1 0.000000000000 0.000000000000 0.000000000000 0.000000000000 0.000000000000 0.000000000000 0.000000000000
74.2 0.000000000000 0.000000000000 0.000000000000 0.000000000000 0.000000000000 0.000000000000 0.000000000000
74.3 0.000000000000 0.000000000000 0.000000000000 0.000000000000 0.000000000000 0.000000000000 0.000000000000
74.4 0.000000000000 0.000000000000 0.000000000000 0.000000000000 0.000000000000 0.000000000000 0.000000000000
74.5 0.000000000000 0.000000000000 0.000000000000 0.000000000000 0.000000000000 0.000000000000 0.000000000000
74.6 0.000000000000 0.000000000000 0.000000000000 0.000000000000 0.000000000000 0.000000000000 0.000000000000
74.7 0.000000000000 0.000000000000 0.000000000000 0.000000000000 0.000000000000 0.000000000000 0.000000000000
74.8 0.000000000000 0.000000000000 0.000000000000 0.000000000000 0.000000000000 0.000000000000 0.000000000000
74.9 0.000000000000 0.000000000000 0.000000000000 0.000000000000 0.000000000000 0.000000000000 0.000000000000
75.0 0.000000000000 0.000000000000 0.000000000000 0.000000000000 0.000000000000 0.000000000000 0.000000000000
75.1 0.000000000000 0.000000000000 0.000000000000 0.000000000000 0.000000000000 0.000000000000 0.000000000000
75.2 0.000000000000 0.000000000000 0.000000000000 0.000000000000 0.000000000000 0.000000000000 0.000000000000
75.3 0.000000000000 0.000000000000 0.000000000000 0.000000000000 0.000000000000 0.000000000000 0.000000000000
75.4 0.000000000000 0.000000000000 0.000000000000 0.000000000000 0.000000000000 0.000000000000 0.000000000000
75.5 0.000000000000 0.000000000000 0.000000000000 0.000000000000 0.000000000000 0.000000000000 0.000000000000
75.6 0.000000000000 0.000000000000 0.000000000000 0.000000000000 0.000000000000 0.000000000000 0.000000000000
75.7 0.000000000000 0.000000000000 0.000000000000 0.000000000000 0.000000000000 0.000000000000 0.000000000000
75.8 0.000000000000 0.000000000000 0.000000000000 0.000000000000 0.000000000000 0.000000000000 0.000000000000
75.9 0.000000000000 0.000000000000 0.000000000000 0.000000000000 0.000000000000 0.000000000000 0.000000000000
76.0 0.000000000000 0.000000000000 0.000000000000 0.000000000000 0.000000000000 0.000000000000 0.000000000000
76.1 0.000000000000 0.000000000000 0.000000000000 0.000000000000 0.000000000000 0.000000000000 0.000000000000
76.2 0.000000000000 0.000000000000 0.000000000000 0.000000000000 0.000000000000 0.000000000000 0.000000000000
76.3 0.000000000000 0.000000000000 0.000000000000 0.000000000000 0.000000000000 0.000000000000 0.000000000000
76.4 0.000000000000 0.000000000000 0.000000000000 0.000000000000 0.000000000000 0.000000000000 0.000000000000
76.5 0.000000000000 0.000000000000 0.000000000000 0.000000000000 0.000000000000 0.000000000000 0.000000000000
76.6 0.000000000000 0.000000000000 0.000000000000 0.000000000000 0.000000000000 0.000000000000 0.000000000000
76.7 0.000000000000 0.000000000000 0.000000000000 0.000000000000 0.000000000000 0.000000000000 0.000000000000
76.8 0.000000000000 0.000000000000 0.000000000000 0.000000000000 0.000000000000 0.000000000000 0.000000000000
76.9 0.000000000000 0.000000000000 0.000000000000 0.000000000000 0.000000000000 0.000000000000 0.000000000000
77.0 0.000000000000 0.000000000000 0.000000000000 0.000000000000 0.000000000000 0.000000000000 0.000000000000
77.1 0.000000000000 0.000000000000 0.000000000000 0.000000000000 0.000000000000 0.000000000000 0.000000000000
77.2 0.000000000000 0.000000000000 0.000000000000 0.000000000000 0.000000000000 0.000000000000 0.000000000000
77.3 0.000000000000 0.000000000000 0.000000000000 0.000000000000 0.000000000000 0.000000000000 0.000000000000
77.4 0.000000000000 0.000000000000 0.000000000000 0.000000000000 0.000000000000 0.000000000000 0.000000000000
77.5 0.000000000000 0.000000000000 0.000000000000 0.000000000000 0.000000000000 0.000000000000 0.000000000000
77.6 0.000000000000 0.000000000000 0.000000000000 0.000000000000 0.000000000000 0.000000000000 0.000000000000
77.7 0.000000000000 0.000000000000 0.000000000000 0.000000000000 0.000000000000 0.000000000000 0.000000000000
77.8 0.000000000000 0.000000000000 0.000000000000 0.000000000000 0.000000000000 0.000000000000 0.000000000000
77.9 0.000000000000 0.000000000000 0.000000000000 0.000000000000 0.000000000000 0.000000000000 0.000000000000
78.0 0.000000000000 0.000000000000 0.000000000000 0.000000000000 0.000000000000 0.000000000000 0.000000000000
78.1 0.000000000000 0.000000000000 0.000000000000 0.000000000000 0.000000000000 0.000000000000 0.000000000000
78.2 0.000000000000 0.000000000000 0.000000000000 0.000000000000 0.000000000000 0.000000000000 0.000000000000
78.3 0.000000000000 0.000000000000 0.000000000000 0.000000000000 0.000000000000 0.000000000000 0.000000000000
78.4 0.000000000000 0.000000000000 0.000000000000 0.000000000000 0.000000000000 0.000000000000 0.000000000000
78.5 0.000000000000 0.000000000000 0.000000000000 0.000000000000 0.000000000000 0.000000000000 0.000000000000
78.6 0.000000000000 0.000000000000 0.000000000000 0.000000000000 0.000000000000 0.000000000000 0.000000000000
78.7 0.000000000000 0.000000000000 0.000000000000 0.000000000000 0.000000000000 0.000000000000 0.000000000000
78.8 0.000000000000 0.000000000000 0.000000000000 0.000000000000 0.000000000000 0.000000000000 0.000000000000
78.9 0.000000000000 0.000000000000 0.000000000000 0.000000000000 0.000000000000 0.000000000000 0.000000000000
79.0 0.000000000000 0.000000000000 0.000000000000 0.000000000000 0.000000000000 0.000000000000 0.000000000000
79.1 0.000000000000 0.000000000000 0.000000000000 0.000000000000 0.000000000000 0.000000000000 0.000000000000
79.2 0.000000000000 0.000000000000 0.000000000000 0.000000000000 0.000000000000 0.000000000000 0.000000000000
79.3 0.000000000000 0.000000000000 0.000000000000 0.000000000000 0.000000000000 0.000000000000 0.000000000000
79.4 0.000000000000 0.000000000000 0.000000000000 0.000000000000 0.000000000000 0.000000000000 0.000000000000
79.5 0.000000000000 0.000000000000 0.000000000000 0.000000000000 0.000000000000 0.000000000000 0.000000000000
79.6 0.000000000000 0.000000000000 0.000000000000 0.000000000000 0.000000000000 0.000000000000 0.000000000000
79.7 0.000000000000 0.000000000000 0.000000000000 0.000000000000 0.000000000000 0.000000000000 0.000000000000
79.8 0.000000000000 0.000000000000 0.000000000000 0.000000000000 0.000000000000 0.000000000000 0.000000000000
79.9 0.000000000000 0.000000000000 0.000000000000 0.000000000000 0.000000000000 0.000000000000 0.000000000000
80.0 0.066683351731 0.095714995276 0.645694057334 -0.321210182085 0.676710994407 0.230708357776 0.621015219319
80.1 0.000000000000 0.000000000000 0.000000000000 0.000000000000 0.000000000000 0.000000000000 0.000000000000
80.2 0.067821702352 0.095284562265 0.652818249463 -0.319502017131 0.660028401569 0.222085841001 0.642618743423
80.3 0.000000000000 0.000000000000 0.000000000000 0.000000000000 0.000000000000 0.000000000000 0.000000000000
80.4 0.000000000000 0.000000000000 0.000000000000 0.000000000000 0.000000000000 0.000000000000 0.000000000000
80.5 0.000000000000 0.000000000000 0.000000000000 0.000000000000 0.000000000000 0.000000000000 0.000000000000
80.6 0.000000000000 0.000000000000 0.000000000000 0.000000000000 0.000000000000 0.000000000000 0.000000000000
80.7 0.000000000000 0.000000000000 0.000000000000 0.000000000000 0.000000000000 0.000000000000 0.000000000000
80.8 0.000000000000 0.000000000000 0.000000000000 0.000000000000 0.000000000000 0.000000000000 0.000000000000
80.9 0.000000000000 0.000000000000 0.000000000000 0.000000000000 0.000000000000 0.000000000000 0.000000000000
81.0 0.000000000000 0.000000000000 0.000000000000 0.000000000000 0.000000000000 0.000000000000 0.000000000000
81.1 0.000000000000 0.000000000000 0.000000000000 0.000000000000 0.000000000000 0.000000000000 0.000000000000
81.2 0.000000000000 0.000000000000 0.000000000000 0.000000000000 0.000000000000 0.000000000000 0.000000000000
81.3 0.000000000000 0.000000000000 0.000000000000 0.000000000000 0.000000000000 0.000000000000 0.000000000000
81.4 0.000000000000 0.000000000000 0.000000000000 0.000000000000 0.000000000000 0.000000000000 0.000000000000
81.5 0.000000000000 0.000000000000 0.000000000000 0.000000000000 0.000000000000 0.000000000000 0.000000000000
81.6 0.000000000000 0.000000000000 0.000000000000 0.000000000000 0.000000000000 0.000000000000 0.000000000000
81.7 0.000000000000 0.000000000000 0.000000000000 0.000000000000 0.000000000000 0.000000000000 0.000000000000
81.8 0.000000000000 0.000000000000 0.000000000000 0.000000000000 0.000000000000 0.000000000000 0.000000000000
81.9 0.000000000000 0.000000000000 0.000000000000 0.000000000000 0.000000000000 0.000000000000 0.000000000000
82.0 0.000000000000 0.000000000000 0.000000000000 0.000000000000 0.000000000000 0.000000000000 0.000000000000
82.1 0.000000000000 0.000000000000 0.000000000000 0.000000000000 0.000000000000 0.000000000000 0.000000000000
82.2 0.000000000000 0.000000000000 0.000000000000 0.000000000000 0.000000000000 0.000000000000 0.000000000000
82.3 0.000000000000 0.000000000000 0.000000000000 0.000000000000 0.000000000000 0.000000000000 0.000000000000
82.4 0.000000000000 0.000000000000 0.000000000000 0.000000000000 0.000000000000 0.000000000000 0.000000000000
82.5 0.000000000000 0.000000000000 0.000000000000 0.000000000000 0.000000000000 0.000000000000 0.000000000000
82.6 0.000000000000 0.000000000000 0.000000000000 0.000000000000 0.000000000000 0.000000000000 0.000000000000
82.7 0.000000000000 0.000000000000 0.000000000000 0.000000000000 0.000000000000 0.000000000000 0.000000000000
82.8 0.000000000000 0.000000000000 0.000000000000 0.000000000000 0.000000000000 0.000000000000 0.000000000000
82.9 0.000000000000 0.000000000000 0.000000000000 0.000000000000 0.000000000000 0.000000000000 0.000000000000
83.0 0.000000000000 0.000000000000 0.000000000000 0.000000000000 0.000000000000 0.000000000000 0.000000000000
83.1 0.000000000000 0.000000000000 0.000000000000 0.000000000000 0.000000000000 0.000000000000 0.000000000000
83.2 0.000000000000 0.000000000000 0.000000000000 0.000000000000 0.000000000000 0.000000000000 0.000000000000
83.3 0.000000000000 0.000000000000 0.000000000000 0.000000000000 0.000000000000 0.000000000000 0.000000000000
83.4 0.000000000000 0.000000000000 0.000000000000 0.000000000000 0.000000000000 0.000000000000 0.000000000000
83.5 0.000000000000 0.000000000000 0.000000000000 0.000000000000 0.000000000000 0.000000000000 0.000000000000
83.6 0.000000000000 0.000000000000 0.000000000000 0.000000000000 0.000000000000 0.000000000000 0.000000000000
83.7 0.000000000000 0.000000000000 0.000000000000 0.000000000000 0.000000000000 0.000000000000 0.000000000000
83.8 0.000000000000 0.000000000000 0.000000000000 0.000000000000 0.000000000000 0.000000000000 0.000000000000
83.9 0.000000000000 0.000000000000 0.000000000000 0.000000000000 0.000000000000 0.000000000000 0.000000000000
84.0 0.000000000000 0.000000000000 0.000000000000 0.000000000000 0.000000000000 0.000000000000 0.000000000000
84.1 0.000000000000 0.000000000000 0.000000000000 0.000000000000 0.000000000000 0.000000000000 0.000000000000
84.2 0.000000000000 0.000000000000 0.000000000000 0.000000000000 0.000000000000 0.000000000000 0.000000000000
84.3 0.000000000000 0.000000000000 0.000000000000 0.000000000000 0.000000000000 0.000000000000 0.000000000000
84.4 0.000000000000 0.000000000000 0.000000000000 0.000000000000 0.000000000000 0.000000000000 0.000000000000
84.5 0.000000000000 0.000000000000 0.000000000000 0.000000000000 0.000000000000 0.000000000000 0.000000000000
84.6 0.000000000000 0.000000000000 0.000000000000 0.000000000000 0.000000000000 0.000000000000 0.000000000000
84.7 0.000000000000 0.000000000000 0.000000000000 0.000000000000 0.000000000000 0.000000000000 0.000000000000
84.8 0.000000000000 0.000000000000 0.000000000000 0.000000000000 0.000000000000 0.000000000000 0.000000000000
84.9 0.000000000000 0.000000000000 0.000000000000 0.000000000000 0.000000000000 0.000000000000 0.000000000000
85.0 0.000000000000 0.000000000000 0.000000000000 0.000000000000 0.000000000000 0.000000000000 0.000000000000
85.1 0.000000000000 0.000000000000 0.000000000000 0.000000000000 0.000000000000 0.000000000000 0.000000000000
85.2 0.000000000000 0.000000000000 0.000000000000 0.000000000000 0.000000000000 0.000000000000 0.000000000000
85.3 0.061495139242 -0.002531004846 0.703167577502 -0.249399752376 0.681882961557 0.227596773278 0.648872174659
85.4 0.000000000000 0.000000000000 0.000000000000 0.000000000000 0.000000000000 0.000000000000 0.000000000000
85.5 0.000000000000 0.000000000000 0.000000000000 0.000000000000 0.000000000000 0.000000000000 0.000000000000
85.6 0.000000000000 0.000000000000 0.000000000000 0.000000000000 0.000000000000 0.000000000000 0.000000000000
85.7 0.000000000000 0.000000000000 0.000000000000 0.000000000000 0.000000000000 0.000000000000 0.000000000000
85.8 0.000000000000 0.000000000000 0.000000000000 0.000000000000 0.000000000000 0.000000000000 0.000000000000
85.9 0.000000000000 0.000000000000 0.000000000000 0.000000000000 0.000000000000 0.000000000000 0.000000000000
86.0 0.047701006629 -0.026896485883 0.695697822709 -0.258352643850 0.644918970851 0.158624900108 0.701549409178
86.1 0.000000000000 0.000000000000 0.000000000000 0.000000000000 0.000000000000 0.000000000000 0.000000000000
86.2 0.000000000000 0.000000000000 0.000000000000 0.000000000000 0.000000000000 0.000000000000 0.000000000000
86.3 0.000000000000 0.000000000000 0.000000000000 0.000000000000 0.000000000000 0.000000000000 0.000000000000
86.4 0.000000000000 0.000000000000 0.000000000000 0.000000000000 0.000000000000 0.000000000000 0.000000000000
86.5 0.000000000000 0.000000000000 0.000000000000 0.000000000000 0.000000000000 0.000000000000 0.000000000000
86.6 0.000000000000 0.000000000000 0.000000000000 0.000000000000 0.000000000000 0.000000000000 0.000000000000
86.7 0.000000000000 0.000000000000 0.000000000000 0.000000000000 0.000000000000 0.000000000000 0.000000000000
86.8 0.000000000000 0.000000000000 0.000000000000 0.000000000000 0.000000000000 0.000000000000 0.000000000000
86.9 0.000000000000 0.000000000000 0.000000000000 0.000000000000 0.000000000000 0.000000000000 0.000000000000
87.0 0.137100911327 -0.151312682906 0.596618252743 -0.756192058396 0.054775261366 -0.530335873292 0.379364077189
87.1 0.000000000000 0.000000000000 0.000000000000 0.000000000000 0.000000000000 0.000000000000 0.000000000000
87.2 0.000000000000 0.000000000000 0.000000000000 0.000000000000 0.000000000000 0.000000000000 0.000000000000
87.3 0.000000000000 0.000000000000 0.000000000000 0.000000000000 0.000000000000 0.000000000000 0.000000000000
87.4 0.000000000000 0.000000000000 0.000000000000 0.000000000000 0.000000000000 0.000000000000 0.000000000000
87.5 0.000000000000 0.000000000000 0.000000000000 0.000000000000 0.000000000000 0.000000000000 0.000000000000
87.6 0.000000000000 0.000000000000 0.000000000000 0.000000000000 0.000000000000 0.000000000000 0.000000000000
87.7 0.000000000000 0.000000000000 0.000000000000 0.000000000000 0.000000000000 0.000000000000 0.000000000000
87.8 0.000000000000 0.000000000000 0.000000000000 0.000000000000 0.000000000000 0.000000000000 0.000000000000
87.9 0.000000000000 0.000000000000 0.000000000000 0.000000000000 0.000000000000 0.000000000000 0.000000000000
88.0 0.000000000000 0.000000000000 0.000000000000 0.000000000000 0.000000000000 0.000000000000 0.000000000000
88.1 0.000000000000 0.000000000000 0.000000000000 0.000000000000 0.000000000000 0.000000000000 0.000000000000
88.2 0.097100534567 0.032884781596 0.680083254197 -0.108788450666 0.573129650265 0.136893665259 0.800592031812
88.3 0.000000000000 0.000000000000 0.000000000000 0.000000000000 0.000000000000 0.000000000000 0.000000000000
88.4 0.000000000000 0.000000000000 0.000000000000 0.000000000000 0.000000000000 0.000000000000 0.000000000000
88.5 0.000000000000 0.000000000000 0.000000000000 0.000000000000 0.000000000000 0.000000000000 0.000000000000
88.6 0.000000000000 0.000000000000 0.000000000000 0.000000000000 0.000000000000 0.000000000000 0.000000000000
88.7 0.088287725784 0.032534806514 0.689148585490 -0.106568082590 0.567967758237 0.127649660027 0.806077808696
88.8 0.000000000000 0.000000000000 0.000000000000 0.000000000000 0.000000000000 0.000000000000 0.000000000000
