0.0 -0.027758297145 -0.102247162079 0.724431032092 -0.698608214149 0.649265410290 0.184734852627 0.237221466882
0.1 -0.028816928995 -0.105280748738 0.731758686449 -0.688738226768 0.654204764590 0.188712510421 0.249085064559
0.2 -0.028651331554 -0.106410461942 0.722666827335 -0.683398639644 0.653304285792 0.198154088757 0.258640226196
0.3 -0.025726738068 -0.111813498879 0.734669935303 -0.699820651367 0.642917589063 0.178920116906 0.254746190080
0.4 -0.030701221082 -0.114674540815 0.742973951150 -0.669922905463 0.642715994989 0.216300730864 0.302214235848
0.5 -0.033105974614 -0.111082393411 0.725854395390 -0.666786327585 0.663841495579 0.215219148397 0.261517074501
0.6 -0.028673747928 -0.112501459586 0.739093724976 -0.694825664455 0.653305947429 0.186916906664 0.235522196558
0.7 -0.032350251353 -0.114627803166 0.753396485466 -0.661433907140 0.648332998084 0.196878973187 0.321571422857
0.8 -0.034856222352 -0.106015031627 0.726392171041 -0.688100263123 0.653569414259 0.189518547493 0.251888405431
0.9 -0.037844948556 -0.106732360223 0.711680736990 -0.692461519893 0.643550904102 0.205892688350 0.252878386146
1.0 -0.037388133439 -0.118906714724 0.763570069681 -0.686239582747 0.645087862880 0.111183970206 0.317135631876
1.1 -0.029798758749 -0.115239889469 0.741144657655 -0.680348992478 0.651317698146 0.219343101141 0.254556690146
1.2 -0.026504382294 -0.115331405159 0.743532622086 -0.687365652035 0.658734069278 0.181464412642 0.246309872559
1.3 -0.025284320500 -0.118471470530 0.728612800594 -0.687500284263 0.652842567581 0.206132338738 0.242176382041
1.4 -0.026066707614 -0.115377926559 0.713799220288 -0.694087348377 0.648923609748 0.208470333447 0.231691652002
1.5 -0.027187304602 -0.120641913998 0.713950229796 -0.682435257011 0.640566149615 0.247996481637 0.249909729807
1.6 -0.025924384219 -0.116373223448 0.711562439387 -0.694073224486 0.655109870450 0.224173546056 0.197077745928
1.7 0.000000000000 0.000000000000 0.000000000000 0.000000000000 0.000000000000 0.000000000000 0.000000000000
1.8 -0.032452629034 -0.112306527779 0.705962970997 -0.684623293094 0.649959517884 0.241241946396 0.225046428462
1.9 -0.035157586136 -0.116567466614 0.705377231855 -0.684228996539 0.646216884318 0.243427296150 0.234472962637
2.0 -0.036412427568 -0.109886886251 0.681800877567 -0.710970136357 0.618267555834 0.118449316349 0.313426951727
2.1 -0.028985479157 -0.130864685353 0.744820714311 -0.691145367616 0.631573048612 0.212193259554 0.280013545546
2.2 -0.030370097373 -0.127429603035 0.735762818637 -0.681911037503 0.639810689860 0.246270663020 0.254932105878
2.3 -0.027719960286 -0.122789013232 0.713571875718 -0.684185024810 0.646002911061 0.231054658781 0.247355685970
2.4 -0.026361535598 -0.117934897501 0.704595112399 -0.694224936756 0.634501392366 0.256937205142 0.222357803744
2.5 -0.025187750981 -0.119643093076 0.714644437654 -0.692409076245 0.635833532847 0.241592921146 0.240662107723
2.6 -0.024454101327 -0.118641025155 0.717867109364 -0.698733943687 0.639067015234 0.226863941091 0.227809082814
2.7 -0.019525263816 -0.119642190065 0.732491286050 -0.686421092650 0.650457413810 0.197570712551 0.258257719975
2.8 -0.016293750141 -0.118419899660 0.723530267889 -0.699296743094 0.645424801618 0.217642141983 0.216893495952
2.9 -0.014682532247 -0.121677818413 0.727539001202 -0.704506533403 0.637046784470 0.220261661272 0.222096238966
3.0 -0.014909071933 -0.121756726997 0.728609676600 -0.695484606462 0.651028788278 0.198887258417 0.230014211404
3.1 -0.016038232513 -0.119063474726 0.711486250611 -0.691671947593 0.640981284755 0.236069097441 0.234529935702
3.2 -0.013210111837 -0.116678178185 0.706016845616 -0.695920977847 0.635423457063 0.258431642779 0.212471430592
3.3 -0.012806508425 -0.115014137451 0.703029564449 -0.681763972043 0.633257702321 0.277201755499 0.239461386496
3.4 -0.009320173649 -0.110791922701 0.711977653476 -0.690093073094 0.644850680943 0.235480025009 0.229103268366
3.5 -0.008224237749 -0.110339439838 0.721641908053 -0.682035686638 0.651200639416 0.227122386595 0.243270365815
3.6 -0.007204242643 -0.108262138117 0.716757298515 -0.686553170107 0.649921680087 0.220401333824 0.240145386003
3.7 -0.009082387887 -0.110164160105 0.728217030236 -0.681740798184 0.652233084637 0.220036061262 0.247801572111
3.8 -0.006555493310 -0.107768535124 0.720022541470 -0.676535820728 0.661332630106 0.208095764499 0.248263143513
3.9 -0.011945374951 -0.106901703393 0.716586374562 -0.657887253137 0.663163415470 0.260606148973 0.243891536668
4.0 -0.013224322332 -0.109734540866 0.727957822343 -0.673051828496 0.669671356342 0.188903301357 0.250713089785
4.1 -0.015998906364 -0.110632103783 0.737110478431 -0.670483390528 0.673459373123 0.196666822609 0.241302003026
4.2 -0.019240674456 -0.113462100199 0.741035156731 -0.666766589198 0.673333866268 0.193630831348 0.254068733255
4.3 -0.024017133490 -0.114193877944 0.730005645378 -0.665168770445 0.677290933908 0.217719121833 0.226772753344
4.4 -0.025104300774 -0.114640451450 0.723952381922 -0.666506021954 0.675557454030 0.200876330389 0.242982610269
4.5 -0.025067361196 -0.118318142698 0.735169031744 -0.662232799277 0.679224112726 0.189051984253 0.253696021853
4.6 -0.026156012523 -0.119899962915 0.745473280122 -0.668304123978 0.680527866785 0.153740040180 0.258099632793
4.7 -0.027166471616 -0.115117800794 0.735617878626 -0.677356633650 0.677415254631 0.194153576714 0.211189375427
4.8 -0.029254119498 -0.112535450865 0.724019941228 -0.662042673198 0.665540468094 0.226120714417 0.260047700826
4.9 -0.027681655170 -0.110843968371 0.747255440555 -0.653680820354 0.693467641477 0.166499668241 0.253143982354
5.0 -0.029841986934 -0.109509876221 0.741282134693 -0.662900303385 0.681403746127 0.195581923259 0.240831546584
5.1 -0.037623738590 -0.116406661694 0.755283666761 -0.641807050574 0.670570989531 0.169096185819 0.331398155961
5.2 -0.042141316865 -0.108712458443 0.732392040594 -0.642151740553 0.682474309213 0.163743389451 0.308314874407
5.3 -0.046334832219 -0.104693387089 0.721813794865 -0.633055117431 0.695978491299 0.188562235231 0.281601564960
5.4 -0.047331394600 -0.103677383963 0.728307439150 -0.638071701298 0.696553274434 0.166364506416 0.282844287342
5.5 -0.044985031873 -0.102067416396 0.721838660072 -0.625844007825 0.694088260204 0.180492602952 0.306566771188
5.6 -0.000000000000 -0.000000000000 0.000000000000 0.701484350663 -0.688078428193 0.110344768146 0.149304435878
5.7 -0.046018979337 -0.102499695014 0.736175904597 -0.641036029667 0.692898995362 0.159762203639 0.288859531923
5.8 -0.047450954756 -0.097314086905 0.721665148168 -0.645646108078 0.698392752574 0.167938453149 0.259201354608
5.9 -0.046485856097 -0.099503482592 0.739867077582 -0.655878417696 0.692390061789 0.151298467143 0.259862035273
6.0 -0.047852196818 -0.096061275050 0.729387669103 -0.646230312370 0.693730502573 0.158014461722 0.275963408916
6.1 -0.048884410083 -0.095123076649 0.731059186519 -0.649316752021 0.699292595167 0.149972597612 0.258622972405
6.2 -0.049000085819 -0.092553551766 0.726972895985 -0.643687034919 0.695752570723 0.167675965157 0.271072189864
6.3 -0.045496963134 -0.094380672548 0.755927668513 -0.645285112358 0.706502709950 0.135716455967 0.256986552532
6.4 -0.047920437098 -0.100510981937 0.743478108392 -0.635358376746 0.701088165469 0.152105048723 0.285760689197
6.5 -0.048896629324 -0.097952969165 0.708335015936 -0.624903360038 0.696679929406 0.185934951286 0.299267539949
6.6 -0.046600645687 -0.099162221692 0.741138104721 -0.644201796224 0.700960750106 0.156164662699 0.263193219284
6.7 -0.044532072328 -0.095891455232 0.731459856702 -0.633510858055 0.701370856410 0.161876534261 0.283793766950
6.8 -0.038597035799 -0.098469045805 0.754906069878 -0.617058173966 0.707211592609 0.161425156438 0.305012937580
6.9 -0.036334373927 -0.095913480228 0.729500219023 -0.623657475127 0.709993685002 0.158995798461 0.285798280344
7.0 -0.034429276342 -0.094316170754 0.714828730627 -0.614322395536 0.710719324435 0.178723519252 0.292478956310
7.1 -0.031145829534 -0.099626956980 0.743804560241 -0.620520398445 0.701456774368 0.192811111374 0.292808306128
7.2 -0.024249600938 -0.102398393027 0.764754605535 -0.614009831376 0.708300555513 0.208817819592 0.278742476588
7.3 -0.019216463830 -0.093571012128 0.726474444073 -0.621872180327 0.710669146745 0.188183206415 0.269835942794
7.4 -0.014071480080 -0.094886736018 0.733980768764 -0.610650819038 0.719102527696 0.158190787608 0.291500954691
7.5 -0.015959485053 -0.093963590917 0.716799103087 -0.602224643120 0.720920322198 0.190342492844 0.285252701441
7.6 -0.017935445973 -0.099946135103 0.771055382540 -0.596920187028 0.723501222723 0.151058137702 0.312111694865
7.7 -0.025170107482 -0.093434934096 0.728565319175 -0.605866943503 0.712285257673 0.197219548433 0.294413668480
7.8 -0.027971277030 -0.094585981698 0.721222896656 -0.602406107439 0.724012561652 0.157139164975 0.297018476060
7.9 -0.034719758662 -0.099525866970 0.742055572555 -0.610412700798 0.711423208503 0.201936187464 0.283716635572
8.0 -0.040544332124 -0.095467049193 0.708702473664 -0.592415374796 0.722717949626 0.197466212695 0.296192308876
8.1 -0.035998652990 -0.098808330386 0.744463526100 -0.595608862898 0.756099461281 0.134201386528 0.235698270976
8.2 -0.067630089156 -0.084717712552 0.648805819433 -0.259173194390 0.622905680456 0.720796074373 0.158967882715
8.3 -0.049115294438 -0.101870857495 0.683949496675 -0.570960456797 0.741987848940 0.182543649634 0.300226589058
8.4 -0.044562114400 -0.113088511638 0.750422118251 -0.569441458772 0.750368860687 0.153903916207 0.298322950038
8.5 -0.042658266353 -0.106548683497 0.702642271838 -0.580551752169 0.734913480845 0.198977864049 0.288564807876
8.6 -0.033946313871 -0.106951136622 0.744527754916 -0.562226484970 0.732698935669 0.126974624514 0.361844018877
8.7 -0.038396260513 -0.103171992321 0.711555170639 -0.578517888888 0.741369354782 0.161782265150 0.299190626039
8.8 -0.034466405598 -0.099981144522 0.713039144485 -0.577938794871 0.740571845139 0.199716821721 0.278663385991
8.9 -0.029987408235 -0.094707247452 0.696953785979 -0.580722663627 0.722389575029 0.107881064776 0.359549948827
9.0 -0.000000000000 -0.000000000000 0.000000000000 0.646131304397 -0.748770991940 0.141502952930 0.042816508726
9.1 -0.028110191256 -0.091911853202 0.697724238217 -0.572224742214 0.730809460687 0.199650068182 0.314032206697
9.2 -0.028619804338 -0.087437857537 0.674046868511 -0.569221604297 0.740767611732 0.191264671001 0.301111169233
9.3 -0.000000000000 -0.000000000000 0.000000000000 -0.381943849840 0.037227193561 0.350016186649 -0.854530105211
9.4 -0.014573793516 -0.097049448953 0.692606845542 -0.600109320716 0.680141592933 -0.125904252501 0.401776475114
9.5 -0.028299043559 -0.110611525647 0.735282247982 -0.587865474392 0.746400287133 0.087624623630 0.299370540833
9.6 0.000000000000 0.000000000000 0.000000000000 0.000000000000 0.000000000000 0.000000000000 0.000000000000
9.7 -0.018687146544 -0.043946181537 0.759813442069 -0.136439280980 0.243440323338 0.552166676472 0.785641835045
9.8 -0.000000000000 -0.000000000000 0.000000000000 -0.279958498559 0.532095208410 0.668950250725 0.437039460835
9.9 -0.057220236763 -0.108137484368 0.655681182882 -0.569962245524 0.747963489707 0.163589920594 0.298214678750
10.0 -0.054907074355 -0.108235240216 0.648828859563 -0.574478093878 0.713190135006 0.182649280761 0.357734526183
10.1 -0.072396142970 -0.033014090204 0.405627235755 0.018610319732 0.633034835636 0.666086479465 0.394016947282
10.2 -0.049140464613 -0.138550409926 0.899168797828 -0.525701160045 0.765319984691 0.097342072499 0.358396613099
10.3 0.000000000000 0.000000000000 0.000000000000 0.000000000000 0.000000000000 0.000000000000 0.000000000000
10.4 0.000000000000 0.000000000000 0.000000000000 0.000000000000 0.000000000000 0.000000000000 0.000000000000
10.5 -0.082147607286 -0.148227198510 0.812174725867 -0.497245535936 0.724255539742 0.125387290034 0.460954246801
10.6 -0.062725337844 -0.121476115624 0.612491779546 0.481830764436 -0.775674918273 -0.394868198619 0.101225694975
10.7 0.000000000000 0.000000000000 0.000000000000 0.000000000000 0.000000000000 0.000000000000 0.000000000000
10.8 0.000000000000 0.000000000000 0.000000000000 0.000000000000 0.000000000000 0.000000000000 0.000000000000
10.9 0.000000000000 0.000000000000 0.000000000000 0.000000000000 0.000000000000 0.000000000000 0.000000000000
11.0 0.000000000000 0.000000000000 0.000000000000 0.000000000000 0.000000000000 0.000000000000 0.000000000000
11.1 0.000000000000 0.000000000000 0.000000000000 0.000000000000 0.000000000000 0.000000000000 0.000000000000
11.2 0.000000000000 0.000000000000 0.000000000000 0.000000000000 0.000000000000 0.000000000000 0.000000000000
11.3 0.000000000000 0.000000000000 0.000000000000 0.000000000000 0.000000000000 0.000000000000 0.000000000000
11.4 0.000000000000 0.000000000000 0.000000000000 0.000000000000 0.000000000000 0.000000000000 0.000000000000
11.5 -0.040472515383 -0.133120349275 0.713737464623 -0.523448257921 0.761534137535 0.066231980756 0.376405371074
11.6 -0.000000000000 -0.000000000000 0.000000000000 -0.293624569516 0.609572142342 0.546703024935 0.493277019518
11.7 -0.039774702152 -0.126554572003 0.724137265253 -0.516009293492 0.752588374866 0.133949188526 0.386526534586
11.8 -0.000000000000 -0.000000000000 0.000000000001 -0.202503278101 0.590091996178 0.627164999587 0.466313115511
11.9 -0.028343320949 -0.122051340795 0.732188185942 -0.504628953217 0.780940039661 0.119893196483 0.348005596888
12.0 -0.025646528018 -0.122704722049 0.727901342171 -0.495163736787 0.790127472052 0.109565961683 0.344248096175
12.1 -0.028104028237 -0.120066507480 0.753904248148 -0.497321259215 0.815962454863 0.030656032872 0.293150208997
12.2 -0.025163046230 -0.131967490818 0.760930375532 -0.478103556439 0.824944122193 0.080504696099 0.290522251274
12.3 -0.000000000000 -0.000000000000 0.000000000001 -0.176109471101 0.577624622854 0.629336199821 0.489153551409
12.4 -0.025651072921 -0.112927817940 0.696105253459 -0.484906380514 0.771904489285 0.074695160653 0.404289369801
12.5 -0.026356152950 -0.114866430164 0.710561280229 -0.479643018038 0.787922252731 0.069271361073 0.379898114544
12.6 -0.000000000000 -0.000000000000 0.000000000001 -0.161934554162 0.588406988512 0.616827584134 0.497069560011
12.7 -0.024569757992 -0.116754135659 0.722034157372 -0.473957471441 0.803436134250 0.054205072445 0.356253426043
12.8 -0.000000000000 -0.000000000000 0.000000000000 -0.241943857718 0.642934111775 0.513061133025 0.514652476344
12.9 -0.023612810166 -0.108078639037 0.705518132236 -0.479224065670 0.776097733934 0.054408951452 0.406271175778
13.0 -0.000000000000 -0.000000000000 0.000000000001 -0.264813496760 0.620819211242 0.523223335542 0.520283249808
13.1 -0.000000000000 -0.000000000000 0.000000000000 -0.155921274922 0.596616669438 0.608620265148 0.499318013521
13.2 0.000000000000 0.000000000000 0.000000000000 0.000000000000 0.000000000000 0.000000000000 0.000000000000
13.3 0.000000000000 0.000000000000 0.000000000000 0.000000000000 0.000000000000 0.000000000000 0.000000000000
13.4 -0.022937152247 -0.116982737581 0.694529954105 -0.474206204728 0.761961403364 0.078254772817 0.434073134059
13.5 -0.020549928475 -0.118665609421 0.709486945865 -0.484708115456 0.751146262845 0.113823369178 0.433453083105
13.6 -0.021448702763 -0.105771905520 0.671968833716 -0.469623327371 0.763746887313 0.029523504042 0.441897030108
13.7 -0.019827345657 -0.105785301015 0.679753830589 -0.473210043851 0.770035153865 0.041234306954 0.425931741175
13.8 -0.019534206750 -0.110692753548 0.701837935808 -0.480565853551 0.763767128425 0.075953180366 0.424202013585
13.9 -0.019970264117 -0.110509108933 0.713776940306 -0.475450152524 0.781444693608 0.039360292520 0.402171742754
14.0 0.000000000000 0.000000000000 0.000000000000 0.000000000000 0.000000000000 0.000000000000 0.000000000000
14.1 -0.016870232853 -0.094526602088 0.695796187514 -0.482452095701 0.759042426772 0.054217211773 0.433768444752
14.2 -0.013794681699 -0.087394603328 0.692134530732 -0.493823078689 0.749306245152 0.056850253669 0.437546530769
14.3 -0.008351916021 -0.081432352475 0.683777141655 -0.486411902332 0.759638737598 0.037327996687 0.430068680879
14.4 -0.005994390107 -0.081017151025 0.704601324171 -0.475245887947 0.776571939166 0.048121117423 0.410806191954
14.5 -0.004687895342 -0.080400534138 0.701882666281 -0.474709607690 0.782619827784 0.034649176408 0.401193753816
14.6 -0.003883279355 -0.082339802884 0.711693934243 -0.473442141697 0.783735947135 0.051418964508 0.398706149592
14.7 -0.006621499193 -0.082098530725 0.698514703386 -0.484452112601 0.763303642796 0.066487611021 0.422200304442
14.8 -0.006526528048 -0.080917928352 0.721330901944 -0.474279175339 0.790249240903 0.038284205338 0.386134329882
14.9 -0.007630615754 -0.078636807299 0.714049026804 -0.484284079907 0.769226621648 0.054078603110 0.413321713901
15.0 -0.006295451420 -0.073866436333 0.731737944145 -0.465999603568 0.807923347321 0.008921011530 0.360589309162
15.1 -0.006183202082 -0.071106420495 0.731783715290 -0.465483615463 0.810370695820 0.048358280591 0.352541934796
15.2 -0.014680984380 -0.067623344422 0.689184805595 -0.486274106151 0.747767525897 0.056016783986 0.448601539021
15.3 -0.019604522201 -0.069042891463 0.690436696115 -0.484769699160 0.752186002164 0.054848121433 0.442951736084
15.4 -0.021296997654 -0.072325095141 0.717915984963 -0.465385861046 0.796561404724 0.036090950523 0.384191842876
15.5 -0.025645634081 -0.069642863082 0.715710063181 -0.468005464418 0.793599961285 0.049626716787 0.385625693782
15.6 -0.027218425027 -0.067233865603 0.693172116478 -0.475826384988 0.766584194094 0.028908604980 0.430235072109
15.7 -0.029069045472 -0.068946713529 0.697039990745 -0.479279579825 0.758629529432 0.042140453412 0.439313673384
15.8 -0.028468675841 -0.070021439538 0.697326330377 -0.475625123409 0.767302522077 0.035067760154 0.428716495827
15.9 -0.028783175674 -0.071136255280 0.693264711726 -0.475843305681 0.762711349610 0.021476527404 0.437473775654
16.0 -0.028401643981 -0.073871959997 0.702191649106 -0.476283209165 0.760457796211 0.026815111945 0.440612295132
16.1 -0.030260832345 -0.070823514817 0.674312311009 -0.477616796628 0.752240849794 0.011235167425 0.453750669964
16.2 -0.034000791121 -0.072443020972 0.692930672660 -0.472865196690 0.769004131237 0.022598125973 0.429558467035
16.3 -0.036325526495 -0.074162112953 0.697790685937 -0.474830924599 0.757797229267 0.023951000089 0.446883991607
16.4 -0.038276038424 -0.076048362653 0.697039492884 -0.484905068907 0.746757115057 0.023268746195 0.454620116922
16.5 -0.000000000000 -0.000000000000 0.000000000001 -0.187000145405 0.635410637509 0.446135661320 0.601869785799
16.6 -0.047986349435 -0.080325931073 0.697339631113 -0.475816982569 0.745958803623 0.014994654389 0.465745448433
16.7 -0.052292881407 -0.080969782456 0.690304013911 -0.473369709955 0.756478545756 0.010363084565 0.451169518016
16.8 -0.052624679267 -0.089408467183 0.743049153082 -0.451083427977 0.802877468913 -0.036233114277 0.388070447660
16.9 -0.053571474253 -0.089931683277 0.725825899397 -0.465634360099 0.789155730546 0.000957945738 0.400520858360
17.0 -0.054761508198 -0.089511811351 0.684437042102 -0.469639052549 0.759177766028 -0.015041107266 0.450402092559
17.1 -0.056499791646 -0.093769134793 0.687858222827 -0.470748152527 0.754482509740 0.008645873244 0.457250006303
17.2 -0.058600805089 -0.093353447697 0.678831479505 -0.471540683211 0.753036864457 -0.004657618177 0.458871628496
17.3 -0.062319339316 -0.094576313797 0.686867518590 -0.473576877349 0.751293627627 0.012428384866 0.459487063557
17.4 -0.065763740756 -0.096269896530 0.693030690627 -0.470152005807 0.753912236379 0.003291146816 0.458871005432
17.5 -0.067109472146 -0.093792280962 0.680669774912 -0.465763016357 0.758437820753 -0.013197603556 0.455700239089
17.6 -0.069756220243 -0.093506533641 0.691206525750 -0.463919452511 0.761881409222 -0.001496241584 0.452010200244
17.7 -0.074502857861 -0.094512418731 0.706687806331 -0.479253483242 0.742264761120 0.030238659393 0.467380729896
17.8 -0.074045771016 -0.094059993965 0.668923650763 -0.458450085493 0.752254178667 -0.013435824999 0.473029225731
17.9 -0.000000000000 -0.000000000000 0.000000000000 -0.141979004981 0.584743613130 0.576691620932 0.552579083386
18.0 -0.080397643470 -0.091730453573 0.685622993278 -0.458514594060 0.760027939677 -0.014607197588 0.460335234066
18.1 -0.000000000000 -0.000000000000 0.000000000000 -0.202730339196 0.651099128900 0.452374448400 0.574741413464
18.2 0.000000000000 0.000000000000 0.000000000000 0.000000000000 0.000000000000 0.000000000000 0.000000000000
18.3 0.000000000000 0.000000000000 0.000000000000 0.000000000000 0.000000000000 0.000000000000 0.000000000000
18.4 -0.000000000000 -0.000000000000 0.000000000000 -0.236774226061 0.635769451602 0.482926188089 0.553640196464
18.5 -0.056402030016 -0.120427618023 0.794473023264 -0.430894489485 0.823602353039 -0.092522979474 0.356999441552
18.6 -0.000000000000 -0.000000000000 0.000000000000 -0.080090404389 0.600489191850 0.549327388066 0.575532517167
18.7 -0.046343965648 -0.119226420255 0.700111315821 -0.462688896410 0.756592545014 -0.033498167859 0.460830314452
18.8 -0.049540076002 -0.124663800161 0.715537557872 -0.475037142705 0.755354321453 0.027989692871 0.450550928537
18.9 -0.050387608579 -0.120566637474 0.712972234068 -0.464662733976 0.776195649207 -0.005854488840 0.426115691762
19.0 -0.055461451815 -0.130744295706 0.769735981796 -0.481819945416 0.760683059678 0.075255669853 0.428424330628
19.1 -0.000000000000 -0.000000000000 0.000000000000 -0.155324964203 0.580072278479 0.591410216266 0.538167504902
19.2 -0.050770163419 -0.107834771056 0.695808715170 -0.461928334092 0.759474638161 -0.015265901465 0.457807208774
19.3 -0.048007077181 -0.111988748391 0.720029883034 -0.468747016036 0.758723535412 0.035563957729 0.450943496105
19.4 0.000000000000 0.000000000000 0.000000000000 0.000000000000 0.000000000000 0.000000000000 0.000000000000
19.5 0.000000000000 0.000000000000 0.000000000000 0.000000000000 0.000000000000 0.000000000000 0.000000000000
19.6 0.000000000000 0.000000000000 0.000000000000 0.000000000000 0.000000000000 0.000000000000 0.000000000000
19.7 -0.032320304374 -0.134914600258 0.712808976895 -0.469247380517 0.760287488366 0.010634795264 0.449062058119
19.8 -0.025582472683 -0.131887165476 0.705517520162 -0.492892577402 0.720561573380 0.073348853347 0.482149221530
19.9 -0.021385320497 -0.122081230504 0.686757085957 -0.462525146069 0.760426125697 -0.024326073820 0.455226140224
20.0 -0.021838042183 -0.122932936442 0.711131110492 -0.466841051985 0.765177142903 -0.001579510839 0.443351866249
20.1 -0.021444452472 -0.119530373427 0.701348372780 -0.464002193799 0.763319124086 -0.006363754905 0.449450087971
20.2 -0.022076788110 -0.118053345080 0.715395725693 -0.464715179977 0.769225436382 -0.001334402988 0.438554727360
20.3 -0.000000000000 -0.000000000000 0.000000000001 -0.125322857075 0.597827171366 0.616231862356 0.497147006919
20.4 -0.028878267648 -0.127808185725 0.865435296750 -0.433321088438 0.861809189836 0.263633403815 -0.003896539674
20.5 -0.024230655837 -0.110490768930 0.738402995971 -0.462404145885 0.779548178385 -0.010369149218 0.422350002000
20.6 -0.022137268295 -0.099104691036 0.693494008675 -0.466132651418 0.761072121139 -0.036699704875 0.449602835144
20.7 -0.024148762502 -0.101915544947 0.724859880071 -0.458664919378 0.773213668806 -0.019459680328 0.437479639464
20.8 -0.022351732958 -0.102523963195 0.747450155748 -0.454779579876 0.794562242652 -0.028555220401 0.401286650249
20.9 -0.000000000000 -0.000000000000 0.000000000000 -0.108486481536 0.616511205348 0.576087982617 0.525611313889
21.0 -0.014096373230 -0.100356921755 0.720174037434 -0.470396816916 0.763847141747 -0.010256910981 0.441768236134
21.1 -0.012748524928 -0.103027970628 0.731438118283 -0.470542636497 0.765927209610 -0.004450282165 0.438092834690
21.2 -0.011703815291 -0.101451515382 0.711936195642 -0.467553503211 0.768880390224 -0.032157248819 0.434951236936
21.3 -0.013522276157 -0.102350124214 0.712361284920 -0.468034690448 0.761298139525 -0.015608155237 0.448469683238
21.4 -0.014573551796 -0.103777231096 0.719038391296 -0.468091798275 0.763989598372 -0.010981183078 0.443947491923
21.5 -0.016055950544 -0.104811393171 0.718392035842 -0.472802379971 0.760891267275 -0.001635885832 0.444409397691
21.6 -0.000000000000 -0.000000000000 0.000000000000 -0.200340958721 0.655597296809 0.475532752423 0.551293284966
21.7 -0.021420158079 -0.100650987937 0.723004477720 -0.475110988837 0.756097955556 0.000464203718 0.450094672715
21.8 -0.021672918707 -0.102421442272 0.731348038720 -0.464692612036 0.771815042869 -0.007208506408 0.433947408513
21.9 -0.000000000000 -0.000000000000 0.000000000000 -0.102776355744 0.621366107997 0.571213238196 0.526361678927
22.0 -0.014942744944 -0.099993403708 0.703072796388 -0.466457414019 0.754037106184 -0.024650853896 0.461776849579
22.1 -0.014954343829 -0.093467335881 0.697401879690 -0.469774861786 0.750526163942 -0.029148631313 0.463866806061
22.2 -0.017558637361 -0.088774668838 0.722594581275 0.440720214561 -0.754631800849 0.076949643080 -0.479974259783
22.3 -0.000000000000 -0.000000000000 0.000000000000 -0.083792933368 0.654195901157 0.538813659109 0.524105245141
22.4 -0.024170499442 -0.075893923506 0.698561963252 -0.475082339314 0.744777243645 -0.017479736599 0.468292736468
22.5 -0.026256328698 -0.072548279716 0.703675572850 -0.460276348450 0.762887419283 -0.038571037455 0.452394455787
22.6 -0.036302632824 -0.068146793383 0.692608712285 -0.477217385428 0.735603544928 -0.012167877391 0.480627646410
22.7 -0.043497046998 -0.064503898463 0.700939083238 -0.472903549538 0.730572125618 -0.029036588905 0.491714834644
22.8 -0.046213274450 -0.056797045857 0.678812296375 -0.475485586339 0.729130322538 -0.039354048322 0.490646195155
22.9 -0.054586486041 -0.058455079503 0.707130579717 -0.482524360090 0.726169831518 -0.001332326281 0.489740587066
23.0 0.066415421294 -0.132410121350 0.652871379030 -0.383654392791 0.072247462333 -0.752163275027 0.530886069491
23.1 -0.067537007169 -0.043688965750 0.688360244336 -0.482396601946 0.715887853521 -0.064471992850 0.500641050803
23.2 -0.076190485537 -0.038158381040 0.636350038153 -0.499628520102 0.735782306480 -0.011406995750 0.457018183248
23.3 -0.080362034472 -0.050681031580 0.700766449778 -0.473142717035 0.724099398897 -0.061635628698 0.498013131463
23.4 -0.083415500280 -0.053735803802 0.710042683915 -0.468955976078 0.730587955901 -0.056256250594 0.493109283489
23.5 -0.083557009022 -0.051257172993 0.690266002679 -0.473520695495 0.713299619429 -0.066111610854 0.512455909099
23.6 -0.085811073694 -0.053305015917 0.693391361035 -0.463520560966 0.732363158209 -0.064504371756 0.494602951957
23.7 -0.089712854383 -0.052322757450 0.680620447512 -0.468307175415 0.721890325896 -0.062342163720 0.505644342848
23.8 -0.093891986614 -0.047468145276 0.673082618990 -0.476138016831 0.717609359810 -0.074964354988 0.502702437951
23.9 0.000000000000 0.000000000000 0.000000000000 0.000000000000 0.000000000000 0.000000000000 0.000000000000
24.0 -0.101960341706 -0.059403725199 0.699521616586 -0.494838119305 0.719550368770 -0.055768256832 0.484016946001
24.1 -0.103153526411 -0.061845740275 0.711446234818 -0.490774834593 0.722339091904 -0.068513632995 0.482361047486
24.2 -0.105452705323 -0.063315285236 0.702608906554 -0.503122072477 0.709220279424 -0.058473769257 0.490362716515
24.3 -0.107883978713 -0.065205405177 0.703323861470 -0.508562526663 0.709355870532 -0.058338149599 0.484535928201
24.4 -0.107561978913 -0.066097085775 0.700335591300 -0.507398002111 0.708454941429 -0.061612954370 0.486664881898
24.5 -0.106699856296 -0.067264198688 0.697889891264 -0.516373065923 0.698279906291 -0.057990657865 0.492342475174
24.6 -0.107602315956 -0.063675927203 0.693012030679 -0.516968472373 0.689184314040 -0.070356090710 0.502810700317
24.7 -0.107080301121 -0.061566773049 0.707233786407 -0.519101692403 0.704773463194 -0.063383795805 0.479385328260
24.8 -0.109351806252 -0.062937028967 0.706651146413 -0.515057489463 0.702633897517 -0.069507667489 0.485993901986
24.9 -0.113917067210 -0.066115013598 0.713328303930 -0.520507469405 0.699654073054 -0.056904116688 0.486125574164
25.0 -0.112481090571 -0.062502042909 0.700232298023 -0.524988295927 0.696096938892 -0.063930519288 0.485540142016
25.1 -0.114419163816 -0.063016213800 0.691238497558 -0.529512682014 0.676755767927 -0.066516219552 0.507142527008
25.2 -0.147230102048 -0.062310647664 0.790838658364 -0.358972385124 0.688987265651 0.604424426749 0.176370311671
25.3 -0.119299786254 -0.074622660013 0.694119411696 -0.533346598767 0.659342503953 -0.054008140986 0.527154615622
25.4 -0.115261835964 -0.073100926130 0.681237065332 -0.532729162181 0.683745859732 -0.055338227554 0.495609644410
25.5 -0.036283721655 0.025645593319 0.069227448688 -0.284216870445 -0.626392903136 0.715630682460 0.121348373609
25.6 -0.104224840768 -0.079059179282 0.721254844697 0.597214659100 -0.741933818989 -0.031283666234 0.303133949637
25.7 -0.119925361764 -0.092912738276 0.706424720330 -0.538950092446 0.670300355261 -0.017189656747 0.509837961799
25.8 -0.044965282697 0.013589934358 0.067872943268 -0.129473043002 0.657743277529 0.569536858274 0.475645118831
25.9 -0.113946787601 -0.093418093651 0.674658769891 -0.541516644381 0.670634785338 -0.040713871060 0.505322757509
26.0 -0.113928532271 -0.096555517896 0.692895454338 -0.548327506470 0.672831023196 -0.047164324896 0.494379293994
26.1 -0.000839926615 -0.002215522398 0.005410314611 -0.670587247864 0.340309756713 0.578301093421 0.316338201669
26.2 -0.111919438868 -0.093922680274 0.686359679698 -0.548203681470 0.669382680551 -0.040148835837 0.499787576459
26.3 -0.114693778362 -0.095721736588 0.693718852682 -0.554520518177 0.666607179222 -0.034405953581 0.496948783970
26.4 -0.113518064248 -0.092168889088 0.679866275918 -0.545807446343 0.670531976266 -0.043807171878 0.500561716489
26.5 -0.112663166652 -0.088986498533 0.664145783936 -0.546702044518 0.663846182477 -0.039208685152 0.508810180264
26.6 -0.096087517296 -0.083284700374 0.504078541349 0.066693479149 0.510339027852 0.836283779260 0.189038348061
26.7 0.000000000000 0.000000000000 0.000000000000 0.000000000000 0.000000000000 0.000000000000 0.000000000000
26.8 -0.109435275557 -0.101942503394 0.688689948233 -0.527632132007 0.672442396841 -0.086719194741 0.511766878048
26.9 -0.113897113878 -0.103100444781 0.685052619738 -0.539899476323 0.689031457716 -0.062071592144 0.479469835540
27.0 -0.109714877210 -0.102649152153 0.664716023601 -0.538431785045 0.685930984281 -0.079019774821 0.483058767485
27.1 0.000000000000 0.000000000000 0.000000000000 0.000000000000 0.000000000000 0.000000000000 0.000000000000
27.2 -0.104962955476 -0.109458836530 0.649419100129 -0.552659294878 0.666262744701 -0.058204237353 0.497266453286
27.3 -0.107030763804 -0.126620368212 0.721912779799 -0.555494374630 0.672881492665 -0.070006130582 0.483482821064
27.4 -0.107309463775 -0.120674776529 0.696513667948 -0.554610603756 0.683629865499 -0.064309290972 0.470022978474
27.5 0.000000000000 0.000000000000 0.000000000000 0.000000000000 0.000000000000 0.000000000000 0.000000000000
27.6 0.000000000000 0.000000000000 0.000000000000 0.000000000000 0.000000000000 0.000000000000 0.000000000000
27.7 -0.072034522245 -0.126485073343 0.715360578629 0.601024762342 -0.705681052120 -0.255269408595 0.274992757663
27.8 -0.080072966240 -0.161704496276 0.859147070607 0.639177909006 -0.693125398733 -0.230378452105 0.240737514890
27.9 0.000000000000 0.000000000000 0.000000000000 0.000000000000 0.000000000000 0.000000000000 0.000000000000
28.0 -0.031776194740 -0.095172906198 0.518479770194 -0.450517058870 -0.303538770375 0.726547043524 0.420746940681
28.1 -0.023615817931 -0.041961171844 0.347999416457 -0.197756781450 -0.676143740212 0.708799365919 0.036405450617
28.2 0.000000000000 0.000000000000 0.000000000000 0.000000000000 0.000000000000 0.000000000000 0.000000000000
28.3 0.000000000000 0.000000000000 0.000000000000 0.000000000000 0.000000000000 0.000000000000 0.000000000000
28.4 0.000000000000 0.000000000000 0.000000000000 0.000000000000 0.000000000000 0.000000000000 0.000000000000
28.5 0.000000000000 0.000000000000 0.000000000000 0.000000000000 0.000000000000 0.000000000000 0.000000000000
28.6 0.000000000000 0.000000000000 0.000000000000 0.000000000000 0.000000000000 0.000000000000 0.000000000000
28.7 -0.030783349101 -0.114879061654 0.693599958154 0.623075140400 -0.696219540346 -0.230855382531 0.271590709364
28.8 -0.020696698082 -0.116096754309 0.706136081847 0.623456810972 -0.685943048629 -0.238566601384 0.289602685752
28.9 -0.036562854138 -0.125532919402 0.741456910612 -0.608374425605 0.667489317039 0.012196280658 0.429173415587
29.0 -0.032184513359 -0.129570017365 0.771424750864 -0.618602743001 0.661349086471 0.059609088647 0.419993796057
29.1 -0.025779775455 -0.114373753459 0.694569238502 -0.607685307643 0.659789354445 0.005212251207 0.442006116557
29.2 0.000000000000 0.000000000000 0.000000000000 0.000000000000 0.000000000000 0.000000000000 0.000000000000
29.3 0.000000000000 0.000000000000 0.000000000000 0.000000000000 0.000000000000 0.000000000000 0.000000000000
29.4 -0.003871191785 -0.087144600761 0.638318229095 -0.609970366116 0.642538968341 -0.022042718777 0.463242857660
29.5 0.009474059263 -0.102339687262 0.722513919515 -0.617943473611 0.656340674966 0.052335331001 0.429678711290
29.6 0.000000000000 0.000000000000 0.000000000000 0.000000000000 0.000000000000 0.000000000000 0.000000000000
29.7 0.017308253129 -0.082661565369 0.714406387688 0.652616712797 -0.710944746525 -0.015813315377 -0.261531895995
29.8 0.017058147879 -0.077669322636 0.670352375259 -0.619711252275 0.655501696442 -0.026431416436 0.430786339140
29.9 -0.002191071539 -0.070237596022 0.605774601537 0.563402536857 -0.476946872897 0.043296926638 -0.673219606102
30.0 0.041310728979 -0.074713865832 0.771322776238 0.698599578793 -0.591547970917 -0.173886148700 0.363033378500
30.1 -0.024753426742 -0.026974838044 0.072949403194 0.496729313091 -0.484607761499 -0.719774318604 -0.018445522196
30.2 0.043602419498 -0.054871917555 0.756456182008 0.653114510694 -0.626569192042 -0.193619457564 0.378634373978
30.3 0.027295329191 -0.053677043856 0.777582425327 0.600018216737 -0.672576030194 -0.313940716247 0.298430644998
30.4 0.010955334382 -0.045531364994 0.676007692778 -0.324758467344 0.599435460702 0.730805841443 -0.033643549964
30.5 -0.003863684051 -0.043816857811 0.687925489626 -0.627260678423 0.663487895904 -0.016076301306 0.407516141802
30.6 -0.032993454567 -0.033253846715 0.825318139490 -0.486603008016 0.680808839627 0.540044487862 0.089826430435
30.7 -0.001004777053 -0.033858561027 0.660716249929 -0.631121334347 0.653709508888 -0.035391503326 0.416049493226
30.8 -0.001106062239 -0.040597442024 0.760834401446 -0.327235932457 0.619318748410 0.711005264707 0.061906751934
30.9 0.004022206912 -0.041660357759 0.741398217946 -0.325448680185 0.610296966426 0.719217649719 0.065929823820
31.0 0.014265241090 -0.037034698194 0.664600783974 -0.642894199205 0.656454447330 -0.007369679318 0.394588766991
31.1 0.003181830271 -0.024729011217 0.614492606562 -0.396682058844 0.650653509520 0.646824821714 -0.030182855327
31.2 0.020375536922 -0.033425281312 0.664796551830 -0.649659131675 0.643898986216 0.024321475229 0.403417369512
31.3 0.026118200747 -0.027165992300 0.674818174787 -0.652529740989 0.663652834568 0.017959575435 0.365304401759
31.4 0.024507479568 -0.022146099011 0.724939411352 -0.341403825988 0.606639960829 0.714934051305 0.065579629546
31.5 0.029984474389 -0.015418335494 0.664504321110 -0.654749763441 0.648798137320 0.033572540231 0.386311543739
31.6 0.034074703051 -0.012999662290 0.663188983262 -0.658749885290 0.657179384444 0.015698968055 0.365947247147
31.7 0.045767573324 0.010859983330 0.274190321305 0.265874371824 -0.615185557970 -0.718196962878 0.187218242129
31.8 0.000000000000 0.000000000000 0.000000000000 0.000000000000 0.000000000000 0.000000000000 0.000000000000
31.9 0.045933700797 0.013260779108 0.770481122672 0.618854162796 -0.751488467252 0.138969094992 -0.181582486528
32.0 0.020959796608 -0.001327662257 0.730171570092 -0.345749675511 0.611491369890 0.711686788560 0.006114034945
32.1 0.021280201758 0.005775860640 0.768306920202 -0.640326236843 0.721214519168 0.042869450248 0.260756856069
32.2 -0.002678185822 0.000121598354 0.633864604395 -0.679461166076 0.663832040272 0.061631613788 0.306367573814
32.3 0.008204648262 0.009761908395 0.758478137428 -0.640592261392 0.721435391050 0.015360176923 0.262557795829
32.4 -0.001746924828 0.008431486077 0.649668878744 -0.656601363147 0.671107465362 0.000699338726 0.344222211333
32.5 -0.000810403725 0.008597412596 0.711156684236 -0.650371163983 0.688274998989 -0.002161768077 0.321387930054
32.6 -0.015410869133 0.003395662779 0.653875219143 -0.666829644103 0.659990456432 0.050904840131 0.342285729202
32.7 -0.014328280405 0.007976705318 0.714666173399 -0.653461680681 0.702425471117 0.053905483723 0.276912419786
32.8 -0.017953781318 0.006157406949 0.722784957117 -0.649400214250 0.703212975528 0.068347138799 0.281246406908
32.9 -0.027496526130 -0.003275334884 0.626382599486 -0.678141725197 0.639704643645 0.061581418201 0.356524190453
33.0 0.124336121171 -0.012123939331 0.617603491934 -0.349762019542 0.033872293390 -0.626235404307 0.695951446453
33.1 0.123064840459 -0.015432548819 0.645978606260 -0.364121438421 0.037161316221 -0.632731629016 0.682411386410
33.2 -0.033701541873 0.008123106282 0.628502591726 -0.664160098832 0.659988585078 0.013631839334 0.350885456585
33.3 0.115589253791 -0.011094247116 0.591543194206 -0.366253964211 0.008503623284 -0.637740448260 0.677549144154
33.4 -0.031991349931 0.004030479034 0.601527089913 -0.402948194350 0.615641634233 0.677212549573 0.001137351719
33.5 -0.035904631845 0.003047620921 0.747933895894 -0.659907999642 0.703005485172 0.073923974568 0.254636929393
33.6 -0.042050026887 -0.003959118036 0.644860088763 -0.666303171290 0.645884282810 0.070499826938 0.365928068820
33.7 -0.051305163758 -0.008191133823 0.643685438560 -0.672056405749 0.648505089979 0.084477517775 0.347339725276
33.8 -0.058165613947 -0.008014080567 0.636973407319 -0.668210940490 0.641414505377 0.096522589879 0.364369264544
33.9 -0.063013823165 -0.005009069812 0.599787154282 -0.666234951359 0.651962809017 0.092293341736 0.350082025128
34.0 -0.063807372403 -0.006489664208 0.671481082688 -0.648739027900 0.655749408370 0.073433583200 0.379127809531
34.1 -0.064793763359 -0.008233051991 0.627750638470 -0.665464984422 0.652809599926 0.037294797666 0.360007053848
34.2 -0.072367111471 -0.016887702282 0.602812143096 -0.676533095669 0.637778081363 0.081903584022 0.358934384424
34.3 -0.074308254457 -0.021286007186 0.636980686759 -0.658170696498 0.633457936715 0.060721381729 0.402312428947
34.4 -0.072155928906 -0.023323237352 0.634242729681 -0.660001884866 0.626343120304 0.032484781959 0.413565649640
34.5 0.082893537873 -0.047276849159 0.662922693170 -0.335235812387 -0.032269282415 -0.628208416357 0.701377094810
34.6 -0.076303791890 -0.033526452844 0.678076006549 -0.649879167296 0.661840699031 0.070313083537 0.366987775415
34.7 -0.074491557208 -0.036514396484 0.723089716881 -0.642520795502 0.702173527394 0.038645262064 0.304345048417
34.8 -0.077581340836 -0.039759963291 0.662359806406 -0.663526996249 0.636716908918 0.079399802354 0.384732601338
34.9 -0.078567782385 -0.043115113234 0.728329532905 -0.652972209577 0.693642182264 0.092897480198 0.289582241647
35.0 -0.080272681757 -0.046577214804 0.651432204219 -0.660524204570 0.594729172013 0.096393864398 0.448010278944
35.1 -0.070151367387 -0.045291767517 0.670450679299 -0.668520913109 0.644982649272 0.047862068114 0.367132664455
35.2 -0.071614888009 -0.052903713026 0.718360982648 -0.648001725913 0.685916567228 0.107319475920 0.313200823921
35.3 -0.071104842848 -0.048904990963 0.644394720035 -0.674214865244 0.634526597870 0.087322015100 0.367675370072
35.4 -0.073571966908 -0.055183745186 0.728451092637 -0.654564595995 0.681974839079 0.083112685367 0.315511949161
35.5 -0.068753508745 -0.063580635147 0.709629762724 -0.675421018943 0.624142177595 0.095435835207 0.380978989808
35.6 -0.064620460204 -0.058813559853 0.723328786834 -0.668431150995 0.678947879663 0.115497522916 0.280873450652
35.7 -0.059885963331 -0.056097980489 0.698574567219 -0.681913070305 0.629953283645 0.092453945615 0.360007906737
35.8 -0.049629458143 -0.064615698185 0.760520957432 -0.656278390477 0.674734780600 0.167268812366 0.293347565953
35.9 -0.051785552352 -0.061015844683 0.654714101537 -0.689054514542 0.618114028787 0.087360531241 0.368112837303
36.0 -0.055984462235 -0.073715157792 0.731733673128 -0.672880326481 0.666779079252 0.130295669667 0.292678602178
36.1 -0.060150321380 -0.072623479911 0.721564666875 -0.687006316921 0.664725919877 0.122369475660 0.266809826245
36.2 0.104675132546 -0.068952654087 0.658295003835 -0.307448746080 -0.091082137941 -0.611750317005 0.723146501289
36.3 -0.061138428212 -0.066204184404 0.716052451092 -0.668685241466 0.671617073671 0.123623981109 0.294121854840
36.4 0.000000000000 0.000000000000 0.000000000000 0.000000000000 0.000000000000 0.000000000000 0.000000000000
36.5 -0.047936076065 -0.079856663024 0.736179615305 -0.685130775102 0.640697573933 0.042352632108 0.343960309219
36.6 -0.047457805722 -0.077227890614 0.728099932123 -0.687401887430 0.673370582458 0.141678529690 0.232331440107
36.7 -0.047439048164 -0.087134121637 0.758340819055 -0.682839183283 0.646284185229 0.088615462023 0.328929630144
36.8 0.000000000000 0.000000000000 0.000000000000 0.000000000000 0.000000000000 0.000000000000 0.000000000000
36.9 -0.069147053595 -0.073740898769 0.580834538268 -0.714325440055 0.590481338338 0.175704909076 0.331961955187
37.0 -0.063614588512 -0.089576070759 0.714949831672 -0.683747341358 0.657559414291 0.191268325129 0.252034953260
37.1 -0.061416226945 -0.083505780557 0.717452803128 -0.688510978566 0.661021727092 0.148529825119 0.258731134109
37.2 -0.063490727336 -0.082573767674 0.716241262387 -0.676996892488 0.664470754843 0.170492569721 0.266619780193
37.3 -0.071615217045 -0.067712563721 0.563670497206 -0.705745195133 0.597213328930 0.189389464790 0.330743994537
37.4 -0.067364246353 -0.069717585694 0.634152848705 -0.700637070857 0.584280585244 0.096845240234 0.397925736905
37.5 0.101151792810 -0.056338826330 0.632717420000 -0.301367679950 -0.095653238435 -0.604755515681 0.730957417167
37.6 -0.057677732044 -0.059385609327 0.739252239703 -0.674004394962 0.667538009703 0.143700464030 0.281888733033
37.7 -0.052470612576 -0.060518592093 0.719711386686 -0.678514170343 0.667339129136 0.197530667757 0.235071569235
37.8 -0.040521076358 -0.064074018851 0.790985593033 0.680599825621 -0.690373566405 -0.125790018434 -0.210582732997
37.9 0.000000000000 0.000000000000 0.000000000000 0.000000000000 0.000000000000 0.000000000000 0.000000000000
38.0 -0.041689298716 -0.077644419917 0.725806581778 -0.683293634196 0.670138776031 0.159592881867 0.241979218910
38.1 -0.038543207434 -0.078332951180 0.694823830846 -0.698947767783 0.650902109748 0.190507567191 0.226947853658
38.2 -0.036029387871 -0.075814658796 0.721494947567 -0.700687103415 0.650538609622 0.194903392293 0.218745898639
38.3 0.140965835663 -0.056357221759 0.722477927049 -0.200430285211 -0.064830072779 -0.630651220104 0.746929582367
38.4 -0.027199989653 -0.067551074206 0.727963325937 -0.712542673406 0.642631103599 0.192717271204 0.205349109181
38.5 -0.022752966443 -0.066384133169 0.699972415434 -0.713227022693 0.629510914250 0.211334843163 0.224412136494
38.6 -0.017871534677 -0.063925719129 0.708341717384 -0.721077155132 0.635010532151 0.199894599656 0.191967469727
38.7 -0.014205697675 -0.067677900081 0.708328294551 -0.721725423539 0.626650980476 0.206135085544 0.209593149205
38.8 -0.012525651613 -0.065629292658 0.716348623161 -0.724786302569 0.632547435459 0.185490265230 0.200404388694
38.9 -0.013684407827 -0.065022914672 0.696597290599 -0.722529550687 0.622641931139 0.206030912840 0.218676329139
39.0 -0.013196639780 -0.070326615156 0.759564673362 -0.728967385929 0.616416292173 0.185223432219 0.233087505355
39.1 -0.024105416121 -0.064745974356 0.754169026406 -0.710909556821 0.618302892000 0.173863288321 0.286497282255
39.2 -0.029677386866 -0.068901397573 0.765451067220 -0.728093778209 0.615994932986 0.192731724937 0.230833651948
39.3 -0.037822562209 -0.067862478623 0.714698538108 -0.727170671231 0.609735418856 0.214356964925 0.231293375352
39.4 -0.043360189368 -0.071842210596 0.747685055925 -0.738575087151 0.609002728903 0.196871289507 0.211811737627
39.5 -0.050475175598 -0.073395801716 0.726978390809 -0.735667450627 0.611024584604 0.215470618682 0.197521572449
39.6 -0.053291049240 -0.075016601044 0.710411064389 -0.732047415888 0.606435696564 0.235430166086 0.202274476199
39.7 -0.053233741948 -0.074784091991 0.702123250757 -0.739879320829 0.598692084734 0.225519811042 0.208055745210
39.8 -0.053853565408 -0.079633672905 0.654415528980 -0.748913996820 0.553946821792 0.183173248494 0.314194692874
39.9 -0.050027978519 -0.079801215741 0.702791588362 -0.740760488379 0.601526997092 0.225530862926 0.196405194671
40.0 -0.047012281336 -0.078962672466 0.728840928412 -0.754538678767 0.593522043001 0.206712098185 0.188873172210
40.1 -0.042388653227 -0.074603204599 0.729723165199 -0.737239856917 0.608659416133 0.221643861318 0.192054958973
40.2 -0.037400563208 -0.072285191989 0.723914934172 -0.740532820202 0.598673170777 0.218461881025 0.213250986711
40.3 -0.033347711116 -0.072648650211 0.720043702210 -0.731264574721 0.597759859867 0.233444033287 0.231169104796
40.4 -0.029686811298 -0.082816137741 0.721396988734 -0.749899159895 0.565580174567 0.250185803441 0.234898658747
40.5 -0.021298766585 -0.083135623946 0.748948882411 -0.749145272627 0.594766492119 0.230400769351 0.178744694569
40.6 -0.018805443835 -0.081528252767 0.729662936269 -0.739902111341 0.595344987906 0.252082065464 0.185913537107
40.7 -0.018108901224 -0.080868453163 0.729108870255 -0.747961819281 0.583064664146 0.263924267222 0.175876932806
40.8 -0.018448083189 -0.076658853781 0.727134729761 -0.738620422263 0.585868029752 0.277825777520 0.184421693074
40.9 -0.019913693293 -0.074767572566 0.721503304831 -0.736761783574 0.587858814191 0.275753841450 0.188583954164
41.0 -0.021522026631 -0.076189573199 0.727723101689 -0.746721844692 0.588156200867 0.250339337833 0.183872200116
41.1 -0.022115276755 -0.072819466472 0.714398512545 -0.743240578135 0.585097042147 0.276036016003 0.170467041254
41.2 -0.021181045083 -0.071072249704 0.726119715013 -0.745993603104 0.582453642572 0.263778758847 0.186177508748
41.3 -0.021424250608 -0.064909072053 0.719278036982 -0.747068608463 0.590811770171 0.256957366422 0.163715785185
41.4 -0.018134842397 -0.063029536894 0.728024858945 -0.734768764290 0.598476041292 0.272223189786 0.166840720349
41.5 -0.019205083356 -0.064174979674 0.734188190898 -0.740886170652 0.595038898323 0.255176680522 0.178609219632
41.6 -0.022171206163 -0.062275685562 0.748699329549 -0.751488657919 0.600019055416 0.237327282152 0.137541598446
41.7 -0.026535605131 -0.062729648747 0.727380292142 -0.752277341361 0.581454749460 0.267038848402 0.157096879188
41.8 -0.022943040899 -0.058173688830 0.761551723916 -0.755366866037 0.597713982141 0.222884593457 0.149937824605
41.9 -0.016222724299 -0.063520547756 0.743134300321 -0.762075909699 0.566972249401 0.261586418726 0.171333948191
42.0 -0.010594173192 -0.064118926454 0.742436618896 -0.751221087372 0.580681512131 0.277158694606 0.147169689000
42.1 -0.006994159906 -0.064152739010 0.742794651640 -0.757756227424 0.579125591478 0.271142390129 0.130003282152
42.2 -0.007898562705 -0.062981967818 0.738897386374 -0.759117610535 0.574272101275 0.274307871006 0.136774262845
42.3 -0.010653881898 -0.058649533655 0.718437402547 -0.753107577009 0.566719086502 0.306419347356 0.133287801439
42.4 -0.007691053363 -0.060361416477 0.722434832779 -0.753720067784 0.562639973822 0.309241507422 0.140399463549
42.5 -0.004696547827 -0.058900498049 0.719973292781 -0.751134095192 0.570293775634 0.301375647034 0.140482382838
42.6 -0.003208680081 -0.056975194739 0.728235173204 -0.755816659279 0.571700900238 0.289396470184 0.134718006476
42.7 0.004748970783 -0.054630219482 0.752863689637 -0.772619818606 0.564141752412 0.270552387146 0.107722350945
42.8 0.005601972048 -0.051802430969 0.732671527249 -0.757688077348 0.554334347293 0.327656951401 0.106127899509
42.9 0.009113438002 -0.048104143054 0.726711682097 -0.760140055887 0.559116434724 0.301967153068 0.135616172800
43.0 0.011706639000 -0.043788980198 0.734122880075 -0.758573736142 0.556179022333 0.323874480934 0.101666624571
43.1 0.013368239467 -0.040777339598 0.714215590947 -0.754214777053 0.552118944442 0.336782675103 0.113587723865
43.2 0.013225423352 -0.042603948962 0.724944017703 -0.752234342385 0.549324110845 0.349723513106 0.100399102396
43.3 0.012108775246 -0.045202423321 0.723479716679 -0.754513809731 0.544995844819 0.351531880770 0.100567275281
43.4 0.013830742423 -0.049474115251 0.722532290238 -0.756388560623 0.533270997449 0.365409147490 0.099872636737
43.5 0.013843303233 -0.050798593586 0.717651556283 -0.757986101928 0.535962074076 0.357527732858 0.101860908465
43.6 0.015361070513 -0.052174887645 0.716291960015 -0.751337513579 0.533576727704 0.376618012533 0.094586938723
43.7 0.016557379988 -0.049925693676 0.714279726130 -0.755810156281 0.535805399523 0.367738048685 0.080201677373
43.8 0.017786574403 -0.047442636559 0.726248219311 -0.767048459541 0.532594766067 0.344871545803 0.095095177426
43.9 0.024188025484 -0.046885613165 0.758260764909 -0.764174677016 0.538836943852 0.343546994932 0.087562967175
44.0 0.027217661211 -0.048505222764 0.740989059527 -0.769059348345 0.523792760113 0.358531558869 0.075126456536
44.1 0.030470369500 -0.051494470858 0.731971217301 -0.749373362317 0.522321000108 0.400348697079 0.073083906865
44.2 0.031929346901 -0.051116735706 0.724024621265 -0.757907209588 0.513065746917 0.397324987751 0.066880902390
44.3 0.032399846459 -0.051240632632 0.726076391222 -0.758987004448 0.507781943901 0.403892027840 0.054474346022
44.4 0.030624173617 -0.046787661275 0.704260195598 -0.755108968417 0.511810652391 0.408135955346 0.035851692701
44.5 0.033409868599 -0.045619072101 0.743376012154 -0.762324220043 0.508472265364 0.399661409409 0.024258951352
44.6 0.030130246419 -0.041623317920 0.739214975616 -0.766119746192 0.512224692169 0.386969190040 0.030679719481
44.7 0.027892253148 -0.033323788983 0.755251621899 -0.767518737705 0.526258706634 0.366014510538 0.000372880514
44.8 0.022899579347 -0.030858566798 0.736711195456 -0.762488644617 0.511065226859 0.395555434342 0.030972553791
44.9 0.020394627880 -0.024313630329 0.721050433862 -0.761761574706 0.516363163575 0.391252211618 0.003177028256
45.0 0.019154489582 -0.025418162864 0.718694239489 -0.756406946656 0.511422021040 0.406983455700 0.025700471429
45.1 0.018393329522 -0.027776838647 0.730318853343 -0.760803375802 0.513590478624 0.394695135412 0.040234235629
45.2 0.014027152603 -0.030439384912 0.741425221710 -0.766188286128 0.509358904354 0.389410594408 0.043225058908
45.3 0.010412569407 -0.031498686222 0.758979195434 -0.762158688216 0.520235646585 0.383794051949 0.034221801364
45.4 0.007705062801 -0.031769822343 0.766862516095 -0.780549903926 0.525931289161 0.337698165578 -0.009903308921
45.5 -0.006507010825 -0.037714205921 0.768253639468 -0.772080010481 0.518640187511 0.366665244233 0.021480502440
45.6 -0.015075432913 -0.041331370096 0.742143477189 -0.764742791043 0.509689700543 0.390707362435 0.052274560234
45.7 -0.020105994866 -0.043120532362 0.743725574506 -0.770832635184 0.513057461844 0.376975420359 0.021877427340
45.8 -0.024156521445 -0.049733514583 0.759037438948 -0.773372510668 0.512774976335 0.371975701019 0.024307637470
45.9 -0.029652271776 -0.056585692119 0.751202527452 -0.772961171797 0.506266361469 0.379031579709 0.050600985389
46.0 -0.030585751302 -0.059311565463 0.731893555799 -0.763653672277 0.505356033479 0.397405713311 0.059304698559
46.1 -0.034224903106 -0.061624288560 0.719874906709 -0.766885397695 0.504354031176 0.392928429324 0.055866335720
46.2 -0.032513978215 -0.065338558227 0.731011832433 -0.767511860873 0.505346929219 0.390579201057 0.054753193963
46.3 -0.030038646253 -0.067638408790 0.720421781742 -0.767096552234 0.496780799622 0.401010815714 0.062944756396
46.4 -0.028204649364 -0.072146922622 0.748729431667 -0.770129557285 0.504184178936 0.386427537829 0.058073545731
46.5 0.000000000000 0.000000000000 0.000000000000 0.000000000000 0.000000000000 0.000000000000 0.000000000000
46.6 -0.017733963638 -0.086316091631 0.752694726189 -0.771926491897 0.497457801223 0.392511626301 0.050988727459
46.7 -0.016478395659 -0.088725916315 0.741680789553 -0.769992870822 0.496704016431 0.398482918335 0.040093175742
46.8 -0.015911658196 -0.095414577519 0.762283236637 0.774096339575 -0.494840719865 -0.392057845574 -0.046884589613
46.9 -0.013503056269 -0.096214721656 0.752041640911 0.766024722568 -0.496132269029 -0.403370473999 -0.065963298494
47.0 -0.010864371221 -0.096306032251 0.743563100111 0.765060570890 -0.490380403762 -0.410092718473 -0.077674608021
47.1 -0.005432531827 -0.096310886846 0.757319398959 -0.774948840990 0.496156592811 0.386442881152 0.062807872641
47.2 -0.004874679376 -0.094942409538 0.747578978592 -0.768787908533 0.497343222356 0.395208324497 0.073656303996
47.3 -0.003758201042 -0.098792300262 0.746575867889 0.768380570185 -0.488799098388 -0.403876259014 -0.086894811024
47.4 0.000181828429 -0.097724192559 0.769270916560 0.758453855414 -0.524566181682 -0.385752344731 -0.027806452095
47.5 -0.001169169084 -0.108553452270 0.752290994078 0.751726796124 -0.500090702926 -0.419391098477 -0.094483963480
47.6 0.002211933186 -0.114878949710 0.774009459380 0.769627431982 -0.493190816828 -0.397553032596 -0.079925092502
47.7 0.004682603674 -0.115224483312 0.752186215867 0.756108597303 -0.497733713910 -0.413964770653 -0.095885910222
47.8 0.009071372164 -0.114693816581 0.765166128326 0.753955468759 -0.504586006246 -0.409760057288 -0.095083168231
47.9 0.014784881118 -0.108279668294 0.760515538469 0.748840411160 -0.509214375343 -0.415907783469 -0.083423463166
48.0 0.018883946718 -0.102753587209 0.741689844705 -0.704918711469 0.516429891053 0.452031205944 0.179046269718
48.1 0.025247906540 -0.116801812760 0.777742217906 0.760609567680 -0.499947278095 -0.406847829391 -0.077463852208
48.2 0.027740827673 -0.116989772397 0.762189063888 0.758024952398 -0.498260108751 -0.411117640104 -0.090096179518
48.3 0.027289537808 -0.118966269128 0.759246700128 0.756296203193 -0.500546388128 -0.413273670676 -0.081696018835
48.4 0.028576330886 -0.117543182158 0.772123876013 0.759711117976 -0.502281348354 -0.405889318713 -0.076199247201
48.5 0.027390941169 -0.115690883884 0.760531889887 0.760931127915 -0.499427463598 -0.408229523715 -0.070033443015
48.6 0.028818050615 -0.116949983020 0.767931173535 0.759144235756 -0.500139373338 -0.411122261700 -0.067373010109
48.7 0.029647800786 -0.116217015928 0.768261505238 0.757284895106 -0.495471080284 -0.422263670084 -0.052166935642
48.8 0.031435510931 -0.113819355796 0.760607982088 0.755411963346 -0.492618023989 -0.427827055419 -0.060367696053
48.9 0.036813737130 -0.113627753906 0.768825654586 0.755645763584 -0.491313669172 -0.429560578047 -0.055570390052
49.0 0.040855228199 -0.112913466304 0.763257187869 0.760089548206 -0.482571206743 -0.434548315577 -0.023593866978
49.1 0.047374504246 -0.108589540849 0.767524954541 0.758935169016 -0.477842902205 -0.442212905890 -0.011459315309
49.2 0.051485482072 -0.106775258175 0.775210298961 0.760733925773 -0.467751028086 -0.449913929787 0.008386041177
49.3 0.055619729120 -0.098604176357 0.761467530865 0.761109091017 -0.466514439561 -0.450179872951 0.020379186503
49.4 0.058229865204 -0.087854325175 0.737804221846 -0.737022118915 0.473287859047 0.480672423978 -0.041845185331
49.5 0.053826979037 -0.083230829876 0.734406652820 -0.749874794122 0.466263827538 0.467746566083 -0.038716742984
49.6 0.000000000000 -0.000000000000 0.000000000000 0.084260801655 -0.679223123721 -0.390044158767 0.615972093295
49.7 0.043811022607 -0.074621959912 0.727133073843 -0.755115396057 0.462996398911 0.462982396478 -0.032899449614
49.8 0.039404742444 -0.075124415280 0.712944814758 -0.762311814210 0.457024495538 0.458006383895 -0.015474517950
49.9 0.039535595531 -0.074588394909 0.706306535039 -0.761209344776 0.453223442457 0.463684874623 -0.012049136063
50.0 0.041283985761 -0.073714620776 0.700228252973 -0.756292055268 0.445219931907 0.479012551314 -0.018668557924
50.1 0.041048445631 -0.069231626689 0.706142559660 -0.754352350818 0.444804248429 0.481428653499 -0.036443970509
50.2 0.039249689987 -0.071788067260 0.724017426835 0.765421107590 -0.433844826328 -0.474555471637 0.026576287616
50.3 0.033450487604 -0.072636854818 0.701433927459 -0.751468886284 0.436302758411 0.492866765167 -0.044908437329
50.4 0.029287505292 -0.071709625339 0.717680519395 -0.756581028535 0.441772495476 0.479746069623 -0.047601661562
50.5 0.024263537811 -0.076372643757 0.720035507355 0.769143322721 -0.420817284855 -0.480456831146 0.022194487734
50.6 0.025765960735 -0.079156068907 0.729380871527 0.763439455176 -0.415754168874 -0.490944898778 0.057286784756
50.7 0.020904323472 -0.084025924518 0.730827518108 0.750064420822 -0.428114767518 -0.500484558108 0.060301886749
50.8 0.000000000000 0.000000000000 0.000000000000 0.000000000000 0.000000000000 0.000000000000 0.000000000000
50.9 0.000000000000 0.000000000000 0.000000000000 0.000000000000 0.000000000000 0.000000000000 0.000000000000
51.0 -0.001303346299 -0.084630211007 0.745575198061 0.771216384586 -0.425494295405 -0.472736588613 0.026457711761
51.1 -0.001889346808 -0.084413538236 0.745089343874 -0.771700172159 0.429356332724 0.467957090569 -0.033884291746
51.2 0.001053185274 -0.082585843227 0.715584362359 0.755356445482 -0.429726232800 -0.493699096634 0.032143538933
51.3 0.006125939900 -0.081111870203 0.716075949209 -0.750547284354 0.444170321376 0.487645067957 -0.039922265155
51.4 0.012425462769 -0.082148569054 0.719904337116 0.749169504924 -0.434770174949 -0.498186589046 0.039116113841
51.5 0.018245177933 -0.079078520151 0.717660022622 0.752972942983 -0.423067171345 -0.502053606388 0.044588025044
51.6 0.024362409855 -0.077144118553 0.727518804595 0.764097771544 -0.415819748307 -0.489639695553 0.059173482048
51.7 0.022428752552 -0.074160144337 0.699251820458 -0.760989570090 0.413634140855 0.497994330542 -0.042465497535
51.8 0.024791686381 -0.073517589494 0.702345326695 -0.757828297821 0.415278763689 0.500952791563 -0.047813388031
51.9 0.026414100594 -0.073608603207 0.700205873821 0.763848786738 -0.406130657460 -0.499625673284 0.044352076214
52.0 0.026430774867 -0.072882405472 0.701987119762 0.768267720402 -0.403643202866 -0.494692017678 0.046007414776
52.1 0.027702317059 -0.072417450283 0.720076948860 0.768150581004 -0.402862540218 -0.495505463684 0.046052079770
52.2 0.027999047244 -0.070771353133 0.716186530076 0.766059793670 -0.407996657231 -0.494092913252 0.050629174252
52.3 0.029167870143 -0.072258118963 0.709707299909 0.766113875948 -0.398944809036 -0.501464092053 0.049460416539
52.4 0.030509946203 -0.069800167811 0.711042617510 0.766718325026 -0.402200076877 -0.496792408577 0.059794740655
52.5 0.034140347298 -0.070706519720 0.721799967132 0.759527701285 -0.398989556514 -0.510326086364 0.059095603480
52.6 0.036094829542 -0.068072213355 0.704237199380 0.753952081353 -0.407314841900 -0.509721759480 0.076384595986
52.7 0.040261551934 -0.071246729534 0.715470489618 0.763679185065 -0.388508118085 -0.512079541631 0.060250207657
52.8 0.042556783264 -0.067712925353 0.705350085175 0.755545581274 -0.398221388804 -0.514440099555 0.076954428633
52.9 0.046269850649 -0.067197442497 0.712026302896 0.753336969149 -0.398525609690 -0.514950329183 0.092124414841
53.0 0.053383337328 -0.073401378289 0.748799605203 0.750561858529 -0.413028366209 -0.502519202746 0.116356848102
53.1 0.050298519871 -0.082372046389 0.724819055766 0.761070300785 -0.387329687542 -0.511860400862 0.093523475350
53.2 0.047357550660 -0.086757823248 0.717756002847 0.760826654578 -0.390143384208 -0.511585251152 0.084920387697
53.3 0.044790636365 -0.087832934383 0.732503628874 0.759499133337 -0.414840245747 -0.492713054841 0.091117959578
53.4 0.041246869229 -0.092121188790 0.728437206307 0.753592616316 -0.411865563971 -0.504230120501 0.090647181029
53.5 0.034135764682 -0.098120944314 0.714240156883 0.741143360875 -0.429931987554 -0.508917046324 0.082876080209
53.6 0.033115226831 -0.102443608882 0.735320208810 -0.758605668029 0.427185513067 0.488854393549 -0.055239114471
53.7 0.034191817170 -0.100538355342 0.732529427163 -0.755507641379 0.428527105438 0.491758073500 -0.061210463739
53.8 0.038528334399 -0.097475616473 0.733634209545 -0.741191242358 0.452315749887 0.493123965035 -0.053616786212
53.9 0.042171870429 -0.102034599648 0.753223614486 -0.758349908963 0.440143301271 0.476988530628 -0.060508111620
54.0 0.043051729761 -0.100714866864 0.758132136214 -0.756993085222 0.444242238418 0.475854491593 -0.056327660718
54.1 0.042286092184 -0.099128226308 0.762155498706 -0.756766773265 0.453694808357 0.467977920556 -0.049615900921
54.2 0.039425238147 -0.100712615285 0.768955902386 -0.757422405387 0.459733443470 0.460226621233 -0.056106308745
54.3 0.037672472249 -0.101238075637 0.772677660717 -0.750082961156 0.473784360946 0.458406253679 -0.052608338641
54.4 0.029441931210 -0.099296388855 0.743806527139 -0.749349809816 0.474706087269 0.458567749526 -0.053334907262
54.5 0.030492461152 -0.106630638616 0.773426554028 0.745181613775 -0.485161351781 -0.453918065935 0.057281887598
54.6 0.027715415870 -0.110234271060 0.765108361453 -0.753218968800 0.489227653976 0.438421623988 -0.033226002554
54.7 0.027476609134 -0.111423100507 0.757448557876 -0.749781768355 0.500737485904 0.432014586085 -0.021275983242
54.8 0.026451454676 -0.111044728142 0.791441616947 0.749953944944 -0.515973926343 -0.412446424823 0.035041895621
54.9 0.018242912805 -0.104653874807 0.754125815855 0.747264678019 -0.514728574257 -0.418901492676 0.034227697308
55.0 0.014449765805 -0.102699333024 0.747582620764 0.740261873182 -0.530222563212 -0.412788764421 0.021950593197
55.1 0.009280960747 -0.102323660105 0.742786952623 -0.734917347099 0.529786569127 0.423044083041 -0.016012117597
55.2 0.004429310954 -0.108115501629 0.784496837929 -0.728957083280 0.539235097867 0.421385575478 -0.016771307134
55.3 -0.004505062509 -0.100892057857 0.731083112546 -0.734312913382 0.538252372155 0.413439299349 -0.011699353177
55.4 -0.004891688900 -0.100163434253 0.755986604447 -0.737695454831 0.545675232411 0.396085826605 -0.034058400106
55.5 -0.004033316532 -0.091115818077 0.769040190616 -0.721890961017 0.567528791950 0.389490682501 -0.071284773651
55.6 -0.002610502250 -0.085640497442 0.821172669180 -0.715894808016 0.591152695028 0.365166299353 -0.068459395510
55.7 -0.015375637942 -0.077188638011 0.787307800287 -0.731843719658 0.580267759009 0.350543722126 -0.069377206125
55.8 -0.024332076654 -0.076209172492 0.757926311211 -0.726712531959 0.578175121160 0.370838982254 0.008993019869
55.9 -0.026983981810 -0.080390481359 0.776010753513 -0.712457506497 0.575019910063 0.402004438676 -0.012199825879
56.0 -0.036723968018 -0.080887339059 0.764588796606 -0.712161830842 0.585700340193 0.387013833130 -0.000964964387
56.1 -0.043802423662 -0.084788097950 0.760457973324 -0.727983519551 0.581473501143 0.362598929217 0.021226852347
56.2 -0.046127509692 -0.084479935879 0.754962064123 -0.718866886630 0.582575838598 0.378797892712 -0.018653366077
56.3 -0.050888769954 -0.089405261347 0.752952965671 -0.719147190823 0.582295489035 0.378196919958 0.026951272996
56.4 -0.054290607730 -0.089551589027 0.749292468339 -0.725257627160 0.579007226918 0.372424590217 0.007206249002
56.5 -0.058556641868 -0.090816272753 0.748107842761 0.723464289323 -0.589663028270 -0.358518294770 -0.019014927849
56.6 -0.067001312217 -0.093814938436 0.772487108688 -0.725435901535 0.596002343169 0.343150819888 0.027775429997
56.7 -0.072853711529 -0.094980118697 0.769797761041 0.717101879823 -0.601182691224 -0.350222932527 -0.041087263966
56.8 -0.079739161572 -0.097304276730 0.760061482377 0.723660769453 -0.599779413574 -0.337798744487 -0.049716737937
56.9 -0.084705154916 -0.097983032286 0.765429071478 -0.725291417714 0.602037498884 0.331866844964 0.036981164697
57.0 -0.086007585497 -0.098553721942 0.756282488630 0.715460283999 -0.609708870082 -0.336070748004 -0.058550218613
57.1 -0.081549852966 -0.103798920325 0.767804404399 -0.706451784183 0.621493478105 0.338343227191 0.013985489309
57.2 -0.079566875678 -0.122648757089 0.839102113735 -0.690116275632 0.652220028182 0.311242954445 0.038423745975
57.3 0.000000000000 0.000000000000 0.000000000000 0.000000000000 0.000000000000 0.000000000000 0.000000000000
57.4 0.000000000000 0.000000000000 0.000000000000 0.000000000000 0.000000000000 0.000000000000 0.000000000000
57.5 -0.047393186066 -0.124919557695 0.785588597856 -0.684801312551 0.620939891944 0.376364405721 0.061892221053
57.6 -0.041220058731 -0.124628138509 0.794010242881 -0.693537330252 0.625138004165 0.352985601321 0.060080051231
57.7 -0.033236058350 -0.120531675948 0.768932967399 -0.696348818631 0.616724501168 0.366736029510 0.015934149140
57.8 -0.028554857548 -0.121782592854 0.758488713350 -0.701163862039 0.614480170459 0.360970866460 -0.021986183173
57.9 -0.026018889658 -0.131872433403 0.790790177960 0.695677221514 -0.619725653275 -0.361847668821 -0.032242560502
58.0 -0.022498456949 -0.120986814104 0.737074369464 0.697290855596 -0.609368995397 -0.375609321753 -0.037047639108
58.1 -0.019397328307 -0.122474382878 0.772860804780 -0.693864772347 0.619678845956 0.366786467198 -0.004182469366
58.2 -0.025786438582 -0.122907009348 0.789689389222 0.707123014179 -0.624835757650 -0.329023281704 -0.036069362027
58.3 -0.034353060794 -0.117013124281 0.791291571084 0.716437346546 -0.617776688941 -0.323343704676 -0.022767075361
58.4 -0.046083358181 -0.115126212479 0.783816653330 -0.680789804084 0.643840860072 0.329634890253 0.115477394693
58.5 -0.055114271948 -0.116433265629 0.771095643350 -0.697662309995 0.616766873380 0.363621515578 0.025403120329
58.6 -0.061376802557 -0.118835189742 0.757532140831 -0.696538485166 0.622011114053 0.356517296383 0.028839730521
58.7 -0.065197654153 -0.118116729595 0.746832428007 -0.701900256265 0.620090599308 0.346224255937 0.054336392095
58.8 -0.062421793117 -0.114884596517 0.728833013378 -0.695466021055 0.616489704284 0.364356861796 0.059258208984
58.9 -0.068373184938 -0.120686987250 0.756908953328 -0.704718546345 0.624416063089 0.329407958870 0.070475153260
59.0 -0.068149038279 -0.120440376661 0.747855142864 -0.706458416152 0.627161841625 0.317354187484 0.082890592607
59.1 -0.066808729875 -0.119912171339 0.736486812034 -0.694195731828 0.623995584733 0.348442129080 0.085497829375
59.2 -0.060599786232 -0.115053851493 0.732533597121 -0.681967204016 0.631503595447 0.368173939408 0.023914261951
59.3 0.000000000000 0.000000000000 0.000000000000 0.000000000000 0.000000000000 0.000000000000 0.000000000000
59.4 0.000000000000 0.000000000000 0.000000000000 0.000000000000 0.000000000000 0.000000000000 0.000000000000
59.5 -0.031079380757 -0.103459545642 0.756685579791 -0.670259673306 0.654158447432 0.346112593759 0.055088732376
59.6 -0.022881751751 -0.127035074801 0.796225166398 -0.690275822231 0.610421549691 0.336546379641 0.194013801745
59.7 -0.020395372519 -0.120828160514 0.745174161765 0.696780988379 -0.612052157410 -0.373194173872 -0.024789502459
59.8 -0.019759132843 -0.131951031440 0.803339433898 0.683244106531 -0.639124561157 -0.352928759816 0.011771861037
59.9 -0.028014714086 -0.139745276770 0.795916853688 -0.704069257815 0.625104865721 0.334416493970 0.041182467306
60.0 -0.042394257291 -0.128869911941 0.768117176053 0.689625750235 -0.635993306810 -0.335126632906 -0.087286758575
60.1 -0.040865011289 -0.122571362235 0.728407086524 -0.683463346427 0.628230290979 0.360505451344 0.090776512051
60.2 -0.045193268166 -0.123964317814 0.727169479530 0.689213240769 -0.630859193455 -0.345968658281 -0.085483766111
60.3 -0.047922332815 -0.126489767944 0.741454233656 0.678735333848 -0.641703965253 -0.350487886469 -0.068502620408
60.4 -0.054372182962 -0.130118519499 0.770322572481 -0.689756481145 0.641731192005 0.329374768105 0.062684416426
60.5 -0.057236230370 -0.134494029408 0.807898830783 -0.697127111196 0.646952228829 0.297899989094 0.081989029425
60.6 -0.062176923707 -0.123263521015 0.761849815036 -0.681429397605 0.653594281857 0.323278267179 0.062925771932
60.7 -0.072237821207 -0.120293869629 0.744714748751 -0.676146409653 0.645280491739 0.350573249695 0.059477023233
60.8 -0.078550760205 -0.123639753790 0.750699255408 -0.681838742448 0.643219060734 0.339225581335 0.079316922359
60.9 -0.077085587574 -0.129295447188 0.746896420618 -0.680699846771 0.639660833509 0.331720666919 0.132072464272
61.0 -0.083024519322 -0.125368365639 0.733206373090 -0.676473685329 0.647778890763 0.339433713025 0.086894281756
61.1 -0.083277546097 -0.124264754415 0.719521483631 -0.666440420484 0.653315500257 0.343781451493 0.104164949376
61.2 -0.085905300200 -0.129781536194 0.745126090120 -0.682460516070 0.658208184317 0.303256677275 0.095105298442
61.3 -0.080763997109 -0.136953065920 0.871034526686 0.689804949452 -0.686534504047 -0.196754776318 0.118857328172
61.4 -0.083247002007 -0.139601016471 0.728603149143 -0.666450469833 0.648557077914 0.358465062331 0.081977356843
61.5 -0.086474420047 -0.139072213278 0.729185009657 -0.663069032911 0.671320065287 0.323767305225 0.069595686686
61.6 -0.079832459638 -0.146696780931 0.738117397846 -0.683768072582 0.644987348573 0.315043491711 0.131149309679
61.7 -0.083539572365 -0.150145286440 0.754307429631 -0.676183949448 0.649076684981 0.325148037857 0.125512855920
61.8 -0.076862714709 -0.062353570320 0.756960366455 -0.233498095972 -0.088411977838 0.680473818161 0.688924773942
61.9 -0.074968039309 -0.055943968044 0.718552358762 -0.229564981448 -0.112462008857 0.676811225466 0.690346855529
62.0 -0.087833457725 -0.149757732720 0.760377758227 -0.679497513782 0.676483802930 0.267598264559 0.095099747332
62.1 -0.081089609402 -0.155005007001 0.751270295687 -0.667194535465 0.668881695284 0.318878510153 0.075929080867
62.2 -0.073664339781 -0.160713371115 0.777318403850 -0.691812595186 0.661745506755 0.281561161810 0.064896298752
62.3 0.000000000000 0.000000000000 0.000000000000 0.000000000000 0.000000000000 0.000000000000 0.000000000000
62.4 0.000000000000 0.000000000000 0.000000000000 0.000000000000 0.000000000000 0.000000000000 0.000000000000
62.5 -0.000000000000 -0.000000000000 0.000000000000 0.651080516973 -0.740590810895 0.105333712585 0.128546568324
62.6 -0.051546108288 -0.128399565771 0.789439612464 0.685989699672 -0.684897828921 -0.228990648830 -0.088861570045
62.7 -0.046562064934 -0.131380189843 0.788571232717 -0.688081684122 0.673779523274 0.229663423951 0.140781609921
62.8 -0.043074819821 -0.133636933020 0.787073128829 -0.683372519302 0.661993381144 0.275371983864 0.137611895152
62.9 -0.040220441707 -0.121138268346 0.774833715589 -0.684596519610 0.674070774532 0.259960958061 0.096832311462
63.0 -0.044331382040 -0.203391289767 0.767578211826 0.009277982699 -0.036412633118 0.715507424067 0.697593839775
63.1 -0.045581446299 -0.110311743984 0.781181466885 -0.699866670719 0.678485032302 0.190679260368 0.116129771481
63.2 -0.055035512583 -0.106525132077 0.807271989780 -0.700111262141 0.679927029818 0.127827526900 0.176645345574
63.3 -0.059320265479 -0.095381730132 0.810193422575 -0.695766812258 0.680584845639 0.013397746753 0.229201464283
63.4 -0.054359584561 -0.092368192579 0.797707005783 -0.684485791784 0.680688425555 0.221714763184 0.137786181993
63.5 -0.057152897622 -0.091178404432 0.795162125273 -0.692574641089 0.678307397344 0.189474460257 0.156009198893
63.6 -0.057265075723 -0.091790107665 0.796389861510 -0.687852897557 0.679470506689 0.202548539948 0.155410137466
63.7 -0.053534465248 -0.087283431078 0.784580547414 -0.684521898872 0.686047059816 0.214487815701 0.121507936362
63.8 -0.051766403442 -0.091991817023 0.811972954777 -0.683083452510 0.684217569291 0.227032346812 0.117045411198
63.9 -0.051394079228 -0.087152316485 0.798464774809 -0.685933089765 0.691790687715 0.168617496330 0.149965264936
64.0 -0.048822143924 -0.088270549712 0.815730577819 -0.689204908152 0.688793405446 0.189521161905 0.121004001520
64.1 -0.045693875929 -0.087758892724 0.818743055812 -0.694069591085 0.688981824097 0.185514431388 0.095686177379
64.2 -0.040993807319 -0.085473781850 0.792405895967 -0.692704082129 0.688709417867 0.179605774713 0.116542515988
64.3 -0.041667232190 -0.084940688131 0.794702748827 -0.696543658184 0.681655850222 0.179218619215 0.134361157441
64.4 -0.039148820281 -0.085475808473 0.805124975270 -0.687900035971 0.685676899380 0.186650631847 0.147655923685
64.5 -0.036416839766 -0.084264908865 0.800191015153 -0.689210688695 0.681593446940 0.219378494994 0.110869633404
64.6 -0.033622313740 -0.075668431616 0.782690122453 -0.686194307106 0.688588355846 0.194029689413 0.131665974020
64.7 -0.030650180593 -0.070544021161 0.786902393670 -0.682157617080 0.694381288301 0.207602859501 0.096936394843
64.8 -0.035579984499 -0.068875886675 0.799627513811 -0.683806121350 0.693921187232 0.161346069944 0.157638891229
64.9 -0.038905779931 -0.071078633871 0.811719207467 -0.683029453956 0.696029250094 0.177325135523 0.132551289526
65.0 -0.043408585504 -0.078499262710 0.807973240960 -0.692504414918 0.682372066935 0.194275245689 0.130625902862
65.1 -0.047238909256 -0.077503160768 0.791861181912 -0.687945693645 0.680699388920 0.189843651530 0.165343438009
65.2 -0.047067112852 -0.079230426212 0.795651180942 -0.690780732372 0.686213861491 0.189182087173 0.127053744430
65.3 -0.045255805417 -0.081977479125 0.821044885655 -0.684042735892 0.686382899309 0.205478445731 0.136903832485
65.4 -0.042861200338 -0.079380677831 0.817991065645 -0.691693321460 0.686986280391 0.180544038766 0.130437914996
65.5 -0.037464223576 -0.080695539361 0.811333226237 -0.690222846301 0.681662181788 0.179400389812 0.163537740291
65.6 -0.034031292340 -0.081839528422 0.812373809808 -0.693440758816 0.678439068443 0.189916465867 0.150970462064
65.7 -0.031973091414 -0.083636661508 0.795049029934 -0.698022279874 0.679055417336 0.199114899926 0.109553154283
65.8 -0.033326036982 -0.087902885145 0.801364927487 -0.693517022766 0.675532882731 0.201030827976 0.149251699109
65.9 -0.032932206234 -0.088350992106 0.804245503446 -0.699760374261 0.671311479968 0.201378860832 0.138285465206
66.0 -0.035715174222 -0.091085244922 0.808908118684 -0.694227520294 0.677457244073 0.177477395189 0.166137312835
66.1 -0.038621069873 -0.096998185440 0.828199485764 -0.690820143806 0.678736890415 0.199452354909 0.149340284665
66.2 -0.039561472719 -0.095250789120 0.799828579998 -0.696763759124 0.671669111067 0.208991525660 0.140368840606
66.3 -0.040256549686 -0.097205454322 0.802305873276 -0.691975395854 0.668188711319 0.214147002911 0.169808594434
66.4 -0.031970649006 -0.098110134247 0.823423576092 -0.691961425220 0.681710788636 0.198141078366 0.131148388207
66.5 -0.028619611310 -0.099763834894 0.812958809723 -0.691943171108 0.679639007679 0.200560832524 0.138133340129
66.6 -0.024813382447 -0.100947898131 0.802499696423 -0.691672973492 0.667905268735 0.217644242232 0.167696253862
66.7 -0.022714683761 -0.094952753886 0.801283509805 -0.690624025804 0.672776248372 0.205645098237 0.167692182826
66.8 -0.022800743608 -0.090797555372 0.780664223178 -0.693468199357 0.665842528047 0.232872288033 0.146717694199
66.9 -0.022351099949 -0.098172046383 0.812125629845 -0.697909219938 0.665854925815 0.212663548469 0.155994082088
67.0 -0.029626875065 -0.095054696998 0.815363021728 -0.699546670580 0.672993642486 0.223512386036 0.088069439321
67.1 -0.035097557210 -0.098409696421 0.807815703238 -0.704062371592 0.675178844373 0.190577266230 0.110045493393
67.2 -0.045078065342 -0.093913506338 0.779616230944 -0.702850108864 0.661825232771 0.208602256749 0.156442271196
67.3 -0.049354368484 -0.097304148397 0.777694923202 -0.707088598362 0.653533134930 0.203755938577 0.177210815441
67.4 -0.051284538634 -0.097237025009 0.770337656314 -0.701555366384 0.654989496311 0.236692443464 0.150948715886
67.5 -0.053303313470 -0.094638749823 0.749826163839 -0.698255568466 0.659135154980 0.228017916000 0.161207439527
67.6 -0.054066341721 -0.094064018191 0.751981110215 -0.699262832281 0.652361611861 0.246955142512 0.156425625612
67.7 -0.056382258634 -0.092735462297 0.751768176676 -0.700749560487 0.653323208328 0.221571672250 0.181727358957
67.8 -0.055026135881 -0.093281042163 0.750965471831 -0.697083556805 0.649787856310 0.238482573915 0.187019567327
67.9 -0.057442155771 -0.093489656177 0.753952671031 -0.695966531582 0.642924058717 0.260999472665 0.184820228625
68.0 -0.056865242631 -0.095255783435 0.756836893468 -0.702609003480 0.640562283216 0.244491893737 0.190379262126
68.1 -0.053573818823 -0.092561079309 0.755439329661 -0.699322984382 0.648689587371 0.243611079238 0.175507335529
68.2 -0.058125378338 -0.090312763451 0.747863086406 -0.696333053268 0.653113132376 0.223183385035 0.196857034136
68.3 -0.059881405773 -0.090081981309 0.743600897368 -0.691909328774 0.652329294643 0.244890651697 0.189093999949
68.4 -0.061807306759 -0.094791422226 0.750527436142 -0.710205245452 0.636500131630 0.239886030499 0.181468410857
68.5 -0.060868118758 -0.098059790666 0.752015366807 -0.696229142546 0.648618272064 0.228454138178 0.205834945925
68.6 -0.057856959808 -0.098781222011 0.743735201133 -0.703848002636 0.641339589766 0.228603575912 0.202538699673
68.7 -0.055544468004 -0.110876937902 0.779796283200 -0.701644165265 0.644230216665 0.206920805032 0.223263686544
68.8 -0.052451305696 -0.108627997281 0.752077588887 -0.705571713480 0.637108940866 0.235174729561 0.202369961161
68.9 -0.051414654576 -0.107240444406 0.742753233931 -0.699815444742 0.638427904459 0.246371877046 0.204863496771
69.0 -0.056359965367 -0.110857876237 0.755356647109 -0.699634153578 0.635894674539 0.235297753546 0.225355233390
69.1 -0.059522577821 -0.110939248135 0.752892414532 -0.694948196029 0.634029527801 0.254889336090 0.223796758376
69.2 -0.065451788719 -0.110478620375 0.742416634068 -0.702841904985 0.636134152296 0.227773336640 0.222409316341
69.3 -0.065946284605 -0.110739681393 0.734590278709 -0.702202095807 0.624748135275 0.255444883205 0.226605153866
69.4 0.000000000000 0.000000000000 0.000000000000 0.000000000000 0.000000000000 0.000000000000 0.000000000000
69.5 0.000000000000 0.000000000000 0.000000000000 0.000000000000 0.000000000000 0.000000000000 0.000000000000
69.6 0.000000000000 0.000000000000 0.000000000000 0.000000000000 0.000000000000 0.000000000000 0.000000000000
69.7 0.000000000000 0.000000000000 0.000000000000 0.000000000000 0.000000000000 0.000000000000 0.000000000000
69.8 -0.026780302759 -0.136840020002 0.738084294538 -0.721332576986 0.591768685362 0.290167146250 0.212819556528
69.9 -0.018983967540 -0.141174559241 0.755311284846 -0.739802053297 0.557282052677 0.327291319997 0.187109667189
70.0 -0.025737269936 -0.126425034048 0.733634872105 -0.745031884329 0.572511986891 0.289440739380 0.182706252184
70.1 -0.027398408820 -0.122520881620 0.750839315558 -0.726862078188 0.584329660964 0.273143588201 0.235845175559
70.2 -0.030787405860 -0.121243893445 0.760797299780 -0.738296420135 0.573595147097 0.255292965356 0.246439658095
70.3 -0.031958375731 -0.110853468413 0.741285961696 -0.730744313182 0.587720806325 0.284548612263 0.199070564938
70.4 -0.034165428559 -0.105515968437 0.740527422156 -0.721403969147 0.593988681244 0.290094251210 0.206395458449
70.5 -0.032914917947 -0.104393062909 0.739862355484 -0.724211648803 0.586911285764 0.293041229579 0.212554623917
70.6 -0.030981863544 -0.098994322127 0.734339445479 -0.718426289698 0.595964298621 0.285171377313 0.217640774215
70.7 -0.031962603296 -0.099572079931 0.746353050897 -0.726625079622 0.588583047366 0.279767805652 0.217522332045
70.8 -0.036270765228 -0.093547766832 0.724918968013 -0.718786063983 0.597114048615 0.282587231609 0.216669941853
70.9 -0.040028583136 -0.100038459767 0.737214371534 -0.718051737756 0.581775340124 0.289748825015 0.248967415401
71.0 -0.039045663142 -0.097005037127 0.735145849285 -0.725960604682 0.583325833356 0.272877599647 0.241350343278
71.1 -0.039881739979 -0.097135753608 0.743400940374 -0.725017624023 0.581887606419 0.277835298740 0.241999597367
71.2 -0.039568917625 -0.092224980289 0.739337636997 -0.724821922224 0.579651857434 0.284737156246 0.239920105637
71.3 -0.040898473725 -0.086812018338 0.720397270758 -0.722799728632 0.562784867936 0.332851479317 0.223704352725
71.4 -0.038011555079 -0.082223366798 0.734711876020 -0.722295595668 0.578135984374 0.310356046946 0.218465054812
71.5 -0.038937979033 -0.080576373053 0.745597553958 -0.723949400963 0.576868657307 0.281543451250 0.252691713595
71.6 -0.038898837470 -0.080881794092 0.747679314231 -0.720983092819 0.576212800679 0.291404830667 0.251486406922
71.7 -0.041552363469 -0.080619941631 0.732774532622 -0.717266228544 0.570161690481 0.302987175639 0.261999189878
71.8 -0.042722231195 -0.077150869271 0.712343661390 -0.718195348234 0.555536606145 0.340011511732 0.244880977001
71.9 -0.041444787444 -0.072184136741 0.736770998027 -0.721233237453 0.576664425802 0.285509229017 0.256447338363
72.0 -0.041663705198 -0.071696297802 0.724821314859 -0.720882192983 0.570112857473 0.309716785956 0.243671307463
72.1 -0.040535174928 -0.072186757658 0.732632554030 -0.716261486819 0.569642759141 0.310300964010 0.257274019660
72.2 -0.042220614092 -0.071855497864 0.718785385670 -0.719008102553 0.569228093499 0.308564368730 0.252576238758
72.3 -0.040273248367 -0.070215364238 0.752950984200 -0.733739603795 0.569195320419 0.274714627115 0.249348660884
72.4 -0.041221628590 -0.067535334335 0.728673990134 -0.722293394927 0.567564711094 0.303715978598 0.252822377789
72.5 -0.039902963643 -0.067258845538 0.715815414875 -0.721565509852 0.561296253245 0.314752891726 0.255382748507
72.6 -0.039229872997 -0.068774197615 0.737336036892 -0.731046931396 0.563970001928 0.292348346468 0.249079636540
72.7 -0.037082804581 -0.073622405792 0.732821313042 -0.722533059247 0.550758073006 0.363166029502 0.206692908272
72.8 -0.035632857683 -0.081195143649 0.754638111534 -0.726747773708 0.554890143655 0.320710078107 0.247142970133
72.9 0.000000000000 0.000000000000 0.000000000000 0.000000000000 0.000000000000 0.000000000000 0.000000000000
73.0 -0.035666919512 -0.095940931659 0.721211673237 -0.723719081486 0.539101846868 0.347554540132 0.254569698571
73.1 -0.034235107065 -0.093269050559 0.718126860548 -0.728057651847 0.542516703851 0.340475933609 0.244302722585
73.2 -0.034717005139 -0.089259452857 0.735094362982 -0.731543033327 0.539620845386 0.313031871216 0.275073047059
73.3 -0.034690232155 -0.089063484142 0.712833348282 -0.718667095561 0.539056399380 0.357350381627 0.255414386433
73.4 0.000000000000 0.000000000000 0.000000000000 0.000000000000 0.000000000000 0.000000000000 0.000000000000
73.5 0.000000000000 0.000000000000 0.000000000000 0.000000000000 0.000000000000 0.000000000000 0.000000000000
73.6 -0.026277055278 -0.131161254268 0.721638478833 -0.731802477032 0.505897622445 0.364398158270 0.275221206422
73.7 -0.021573441836 -0.124937978849 0.715447260189 -0.712734687296 0.520424992550 0.390257158228 0.262424166392
73.8 0.000000000000 0.000000000000 0.000000000000 0.000000000000 0.000000000000 0.000000000000 0.000000000000
73.9 -0.011210783264 -0.120560018516 0.784401568267 -0.724702897281 0.500917017730 0.299168901403 0.366586716146
74.0 -0.015954422424 -0.115972651349 0.725922541721 -0.715859455769 0.512037337804 0.378993237571 0.285879572822
74.1 -0.013266856489 -0.112187216444 0.719848224616 -0.714252530041 0.516955226128 0.380608983535 0.278814309464
74.2 -0.012643391735 -0.115896406251 0.722144414222 -0.717784270595 0.508798976375 0.385482850313 0.278050920950
74.3 -0.012326151208 -0.109421185589 0.710208660278 -0.716424748320 0.508656060026 0.390465996074 0.274847045650
74.4 -0.015820610531 -0.097715900676 0.703611011637 -0.722251288265 0.524236518065 0.358096102245 0.274401769825
74.5 -0.012845740156 -0.104853903026 0.732914852277 -0.726241081756 0.520789069492 0.360113912488 0.267713664763
74.6 -0.016135409038 -0.107622485807 0.727924685708 -0.732097542783 0.520583139912 0.355674956562 0.257918024895
74.7 -0.016849982094 -0.104232905188 0.733982789917 -0.727897769526 0.524517506869 0.357327562378 0.259544283837
74.8 -0.006255547709 -0.105501598491 0.777102356055 -0.730368243371 0.528856440249 0.336533734858 0.271326629702
74.9 -0.011389105473 -0.104077956030 0.707585367660 -0.716939193114 0.509342521916 0.398596432473 0.260171621751
75.0 -0.005704622782 -0.104332484763 0.733177485912 -0.724107361497 0.518415204772 0.388015117531 0.237399395646
75.1 -0.003396909025 -0.102400213510 0.739994549759 -0.731514497629 0.518594043425 0.337078080627 0.286923553309
75.2 0.000000000000 0.000000000000 0.000000000000 0.000000000000 0.000000000000 0.000000000000 0.000000000000
75.3 -0.002101127393 -0.113304720687 0.758769273635 -0.737637934584 0.508298125875 0.377924479366 0.233872573404
75.4 -0.004940822884 -0.120331680255 0.780794514386 -0.735188098883 0.475358104801 0.321539026982 0.360757239136
75.5 -0.010476250173 -0.112126205884 0.715710661642 0.713882944437 -0.503663130429 -0.390630964228 -0.290003521487
75.6 -0.003112935314 -0.118595371677 0.767679083573 -0.732586862163 0.476018196671 0.310696107315 0.374421012664
75.7 0.000000000000 0.000000000000 0.000000000000 0.000000000000 0.000000000000 0.000000000000 0.000000000000
75.8 -0.004938739782 -0.111668158800 0.746772378960 -0.742637815294 0.511321405513 0.346523975811 0.258767520657
75.9 -0.003512769063 -0.115575769833 0.761019027794 -0.731633771536 0.467519238897 0.308599602568 0.388463731774
76.0 -0.009346872751 -0.113111957885 0.714810325229 -0.733936434660 0.502134534125 0.365095670169 0.275505664445
76.1 -0.009100323190 -0.116608730122 0.718110414205 0.718859835730 -0.497198255246 -0.372772029066 -0.311569327600
76.2 -0.001588382225 -0.122772950268 0.761765612133 -0.726080888175 0.475760803523 0.296810146220 0.397947155738
76.3 -0.003999695147 -0.118999235512 0.728558840483 -0.738840580068 0.509919434178 0.334151664816 0.287122678995
76.4 -0.000306409980 -0.130174059508 0.779820502606 -0.718798343628 0.476962200811 0.294087443352 0.411519836531
76.5 -0.007082885617 -0.120172002410 0.746701946009 0.717095183725 -0.524500490188 -0.321900117315 -0.327191148632
76.6 -0.006538168780 -0.131140590562 0.793148991909 -0.722821241968 0.479229427099 0.274143923603 0.415588399157
76.7 -0.015552613711 -0.121032962371 0.723808427221 -0.709413143186 0.514567462412 0.344440469485 0.336621570732
76.8 -0.017034078320 -0.125219737753 0.732570580873 -0.710629333262 0.511676877946 0.340017079078 0.342901019564
76.9 -0.015210121001 -0.130724091795 0.782337654019 -0.718333863999 0.492564507355 0.262968599076 0.414999014248
77.0 -0.018009888587 -0.123962679789 0.739382738983 -0.727055453673 0.499103989752 0.340579030341 0.326023770284
77.1 -0.018795376895 -0.118840259607 0.741119300588 -0.736090027326 0.509641059785 0.328804402200 0.300541389741
77.2 -0.022343553567 -0.116707071896 0.750075387975 -0.735737310715 0.501446171974 0.303710657345 0.339119717577
77.3 -0.024806596000 -0.114925614533 0.756438089330 -0.739831836213 0.528182158431 0.285617953284 0.303471327151
77.4 -0.022340321357 -0.116381283594 0.755707575402 -0.740402015513 0.530965709007 0.280122335464 0.302343758752
77.5 -0.044686113795 0.002640382542 0.069453233339 -0.105880652824 -0.684465725896 0.716458752927 -0.083563226281
77.6 -0.008832774039 -0.113012934678 0.778574994725 -0.749010765988 0.533178215017 0.249098008952 0.304391270245
77.7 -0.004925824448 -0.110902528470 0.762468365476 -0.738200597736 0.532495253602 0.297213339630 0.288397144819
