0.0 0.083553825733 0.001585474625 0.749744390225 -0.352063814612 0.653585215970 -0.117351169870 0.659625756650
0.1 0.083821054220 0.000828087200 0.745941918306 -0.350144546591 0.652803752023 -0.106689621223 0.663221970806
0.2 0.087656207528 -0.000499347020 0.763705798373 -0.351260058156 0.653876633147 -0.119780487067 0.659328715503
0.3 0.107148208807 -0.009523256820 0.841281879967 0.212006796997 -0.700502783095 -0.025204419641 -0.680965275278
0.4 0.072891997903 0.004072909234 0.685363333031 -0.016975280948 0.572255407049 0.138984753069 0.808033927106
0.5 0.118766996714 -0.005710068306 0.835643591211 -0.251225240498 0.697101007033 -0.018349797887 0.671266973303
0.6 0.000000000000 0.000000000000 0.000000000000 0.000000000000 0.000000000000 0.000000000000 0.000000000000
0.7 0.117210759230 -0.001249374057 0.749649319281 -0.346222012223 0.663649992580 -0.103078401088 0.655037288121
0.8 0.132015431137 -0.007033085340 0.819120623559 -0.323982796340 0.671038138684 -0.074146405004 0.662755818331
0.9 0.000000000000 -0.000000000000 0.000000000000 -0.084624560657 0.140276810517 -0.129796626504 0.977913051305
1.0 0.124876577848 -0.006460106401 0.743828919319 -0.351381735481 0.666861465897 -0.098691036229 0.649682030412
1.1 0.124568100863 -0.007849398477 0.743747541464 -0.343225421994 0.664770994107 -0.098627604653 0.656161893660
1.2 0.129339678682 -0.013009003264 0.779757371579 -0.345127239337 0.666615264301 -0.074306525655 0.656498147989
1.3 0.118064649087 -0.009037230768 0.744825815167 -0.341928227501 0.667545225580 -0.096079088969 0.654398401363
1.4 0.126561524488 -0.010397594269 0.776796955491 -0.329978126356 0.670466802699 -0.080694857263 0.659603701184
1.5 0.128916945781 -0.002500302381 0.771469821767 -0.293405890376 0.699828921620 -0.049159544824 0.649411890182
1.6 0.120018330102 0.000960193479 0.715168985484 -0.365651700696 0.666881076081 -0.117803005399 0.638506786230
1.7 0.129162255917 0.000060887249 0.757341128226 -0.339830564297 0.670999543331 -0.088316804410 0.653050489991
1.8 0.124512225867 0.003459378295 0.725871409351 -0.356278127104 0.664522555351 -0.102314322338 0.648850868090
1.9 0.138045804480 -0.002566536193 0.798432982316 -0.284830709227 0.666030834601 -0.045680945176 0.687886361029
2.0 0.000000000000 0.000000000000 0.000000000000 0.000000000000 0.000000000000 0.000000000000 0.000000000000
2.1 0.162693301569 -0.005434322405 0.912122260458 0.031816296329 0.777827890731 0.027263257115 0.627079110241
2.2 0.138182475344 0.028037956766 0.703002886405 -0.387071403149 0.672944024613 -0.102220995696 0.621991106561
2.3 0.151746944577 0.024994773901 0.746293761240 -0.353611331021 0.677974348624 -0.066628859182 0.640991734975
2.4 0.148202273105 0.020480789066 0.802197166265 -0.373326581295 0.713457245063 0.035342146625 0.591909584175
2.5 0.150955826644 0.026365202883 0.746671349943 -0.367972682892 0.678346300458 -0.064615103866 0.632666807769
2.6 0.192274773455 0.018164411992 0.988046081823 0.247997895404 -0.470055780662 0.034537600911 0.846375661905
2.7 0.144327464001 0.021510536222 0.737352521932 -0.351712743859 0.677054554939 -0.035305427705 0.645483386477
2.8 0.147745940802 0.022064124870 0.758088651697 -0.320759012762 0.696178379193 -0.008300964984 0.642168524654
2.9 0.151233475954 0.022052152901 0.773943654531 -0.210460280916 0.746825770637 0.108867557013 0.621373956244
3.0 0.157240084983 0.023389963298 0.804733801204 -0.337072356888 0.691044051495 0.002373764584 0.639401837937
3.1 0.000000000000 0.000000000000 0.000000000000 0.000000000000 0.000000000000 0.000000000000 0.000000000000
3.2 0.000000000000 0.000000000000 0.000000000000 0.000000000000 0.000000000000 0.000000000000 0.000000000000
3.3 0.000000000000 0.000000000000 0.000000000000 0.000000000000 0.000000000000 0.000000000000 0.000000000000
3.4 0.000000000000 0.000000000000 0.000000000000 0.000000000000 0.000000000000 0.000000000000 0.000000000000
3.5 0.000000000000 0.000000000000 0.000000000000 0.000000000000 0.000000000000 0.000000000000 0.000000000000
3.6 0.164765068817 0.042048031816 0.783988865068 -0.314231546917 0.719341176551 0.023211852492 0.619086437054
3.7 0.000000000000 0.000000000000 0.000000000000 0.000000000000 0.000000000000 0.000000000000 0.000000000000
3.8 0.000000000000 0.000000000000 0.000000000000 0.000000000000 0.000000000000 0.000000000000 0.000000000000
3.9 0.132257206897 0.045350887042 0.712499730834 -0.320915341213 0.668595295528 0.021316614464 0.670476902302
4.0 0.135057594073 0.046152261044 0.720481757912 -0.316163966461 0.669024651382 0.013065932241 0.672514418856
4.1 0.131926056583 0.038783497086 0.732834594531 -0.391809686261 0.664328893438 0.009686027050 0.636442041333
4.2 0.134194937592 0.047087516921 0.714341933312 -0.292524548403 0.656732918055 0.017389154196 0.694858892323
4.3 0.000000000000 0.000000000000 0.000000000000 0.000000000000 0.000000000000 0.000000000000 0.000000000000
4.4 0.000000000000 0.000000000000 0.000000000000 0.000000000000 0.000000000000 0.000000000000 0.000000000000
4.5 0.160678471251 0.039063298072 0.782420321237 -0.371181590505 0.703267186889 0.022522976649 0.605914355531
4.6 0.000000000000 0.000000000000 0.000000000000 0.000000000000 0.000000000000 0.000000000000 0.000000000000
4.7 0.000000000000 0.000000000000 0.000000000000 0.000000000000 0.000000000000 0.000000000000 0.000000000000
4.8 0.000000000000 0.000000000000 0.000000000000 0.000000000000 0.000000000000 0.000000000000 0.000000000000
4.9 0.000000000000 0.000000000000 0.000000000000 0.000000000000 0.000000000000 0.000000000000 0.000000000000
5.0 0.000000000000 0.000000000000 0.000000000000 0.000000000000 0.000000000000 0.000000000000 0.000000000000
5.1 0.137006793992 -0.001868127586 0.807785441281 -0.349320537782 0.674470045595 0.002572087602 0.650429630201
5.2 0.139108918347 -0.007713983666 0.816863996480 -0.305122116921 0.686242046704 0.038934294057 0.659133118457
5.3 0.125123885803 -0.007296117470 0.734006123205 -0.362484731051 0.673272839050 -0.050595516793 0.642455132778
5.4 0.129368584223 -0.009842632245 0.739866722415 -0.351254179696 0.680321704238 -0.049917709327 0.641319812796
5.5 0.138854359046 -0.013965683175 0.770056174829 -0.323644866398 0.692073015707 -0.027611401295 0.644613490321
5.6 0.146177577961 -0.014669225802 0.801481995077 -0.333363151156 0.690179042626 -0.035080941953 0.641319909315
5.7 0.141430437031 -0.012893411320 0.769150803879 -0.334370414804 0.691972182858 -0.049734204454 0.637885125051
5.8 0.139184437985 -0.008585018634 0.748742804898 -0.341188918550 0.685466950091 -0.062472680471 0.640173684547
5.9 0.155199577741 -0.008086764251 0.851435444380 -0.329364737671 0.685788249443 -0.047301532994 0.647283486180
6.0 0.134270281525 0.000502927938 0.743291304716 -0.366363693266 0.670177049831 -0.086715498543 0.639625506409
6.1 0.138592929320 -0.003124578314 0.782920989202 -0.343788056001 0.669133499761 -0.060774364316 0.656030951016
6.2 0.133401413053 -0.007795301419 0.771253780525 -0.334782704087 0.670197375719 -0.070784666529 0.658593614916
6.3 0.137141924690 -0.012513080254 0.808271006088 -0.306337740646 0.691149885316 -0.040703316716 0.653308705507
6.4 0.125719253542 -0.010899187929 0.752480649289 -0.356821055518 0.669317500443 -0.102366162475 0.643594582575
6.5 0.132209539090 -0.012320701490 0.776684671335 -0.339680309356 0.663530841822 -0.085177355754 0.661127013102
6.6 0.161768845131 -0.023269542100 0.874489935527 -0.258597286809 0.716605106339 -0.007626758049 0.647724013285
6.7 0.145566650268 -0.014326950814 0.783154520245 -0.342427414042 0.672375586159 -0.094716626219 0.649371463777
6.8 0.151364354392 -0.011815972025 0.813504048489 -0.339095334720 0.682971711402 -0.094640180645 0.640005649665
6.9 0.138838401571 -0.007869325870 0.760531066048 -0.363074266913 0.666802115761 -0.097542991961 0.643457364432
7.0 0.139745868029 -0.007221674754 0.778000308381 -0.350428077625 0.675356312705 -0.077429129774 0.644281571336
7.1 0.152768019389 -0.009099237471 0.874145207320 -0.317624464394 0.679804038617 -0.037765255816 0.659965873474
7.2 0.137118720547 0.000812400819 0.828315717699 -0.321157132102 0.665990485020 -0.029049258839 0.672659580266
7.3 0.124697528990 0.002579688721 0.782909887911 -0.318126801718 0.677531226356 -0.034308301537 0.662245963209
7.4 0.124835015983 0.008250563523 0.818237701371 -0.348458164215 0.661198730954 -0.045309455018 0.662827427965
7.5 0.116188285983 0.012383746960 0.768975418096 -0.359549773747 0.668878761548 -0.072604175534 0.646570797549
7.6 0.113150948956 0.011556563655 0.766910537376 -0.359461528578 0.669678644636 -0.072197888474 0.645836966494
7.7 0.112295164058 0.007844164553 0.762465404803 -0.362899857147 0.666669803547 -0.073675066224 0.646859375241
7.8 0.114037230421 0.008596558250 0.758590748573 -0.363172353573 0.671825740027 -0.068261130284 0.641947376916
7.9 0.130738277922 0.005208951915 0.831336581494 -0.320687035186 0.680326851445 -0.021390148864 0.658678724567
8.0 0.132508414550 0.007048151501 0.807311013847 -0.315494842564 0.692656258038 -0.014829426564 0.648436890240
8.1 0.134450897159 0.007957633713 0.795570124434 -0.333097869563 0.687549138997 -0.017735828346 0.644986380593
8.2 0.127729147071 0.013460306828 0.759149876632 -0.373900983170 0.669515510538 -0.051262925389 0.639780547074
8.3 0.135392902908 0.014575256977 0.797132648597 -0.362198647319 0.678551717683 -0.041562884570 0.637692898609
8.4 0.134457598548 0.014342687573 0.809733130265 -0.353176999722 0.669028229526 -0.002657566337 0.653957316884
8.5 0.136326118545 0.014317654549 0.835074747075 -0.324139637590 0.688316444824 0.017772197524 0.648720368204
8.6 0.121384714120 0.018399007617 0.772432079267 -0.376769960909 0.671067520647 -0.035127300259 0.637556940254
8.7 0.124392196707 0.018742257649 0.790644786621 -0.362596911156 0.677917599781 -0.021989626172 0.639114750470
8.8 0.123852974900 0.021018802734 0.784702198355 -0.360726436583 0.667321764219 -0.013843907542 0.651434146460
8.9 0.128779687334 0.022547640491 0.789011952536 -0.366762870485 0.682160352046 -0.015534129854 0.632377214753
9.0 0.131088136919 0.023719501667 0.795641772354 -0.353021172789 0.677787476654 0.014833947437 0.644794651077
9.1 0.122215235940 0.027183033161 0.739286823465 -0.384340451321 0.665692981112 -0.019990503777 0.639324371611
9.2 0.123176580672 0.030210224866 0.745883704099 -0.392050179668 0.668227099268 -0.017073918677 0.632042468294
9.3 0.126517077276 0.032701421780 0.774510692561 -0.387911412653 0.671405664267 0.007189354580 0.631417043724
9.4 0.000000000000 0.000000000000 0.000000000000 0.762005322076 0.151260623165 0.486761373632 -0.399413918321
9.5 0.122935496139 0.035979348710 0.777746173121 -0.389207151661 0.663099122037 0.019131428740 0.639101976123
9.6 0.119309285811 0.037075589644 0.774651695833 -0.380133731774 0.668250745669 0.040200048659 0.638218804931
9.7 0.116500047780 0.037522956722 0.763647331654 -0.392815482031 0.670418400824 0.020080989055 0.629151745441
9.8 0.113166273702 0.038795115910 0.761885903034 -0.405430554670 0.662391604751 0.026697259448 0.629405023521
9.9 0.112636685090 0.039555526639 0.770538124149 -0.405667494282 0.666265377707 0.033662965841 0.624812880215
10.0 0.108994366383 0.036784876684 0.764375332289 -0.391115143020 0.663126240154 0.042238963085 0.636795418103
10.1 0.107142255725 0.039908500762 0.757409335536 -0.412274098791 0.672128101253 0.034817763430 0.614053423019
10.2 0.000000000000 0.000000000000 0.000000000000 0.000000000000 0.000000000000 0.000000000000 0.000000000000
10.3 0.096144604132 0.043011684309 0.749187663201 -0.423850421418 0.662925302212 0.034474852571 0.616191811444
10.4 0.094493406863 0.045194157797 0.739147865446 -0.436841039268 0.666736283191 0.025953185684 0.603290201512
10.5 0.095139404476 0.042357035462 0.769842374382 -0.412300395289 0.648451870023 0.071554827645 0.635923315305
10.6 0.097740978963 0.047824081303 0.737133950184 -0.448169186145 0.695232841081 0.002620746847 0.561950895505
10.7 0.102553324849 0.043464931615 0.762855337516 -0.427463690736 0.679036307956 0.043010410519 0.595260102953
10.8 0.098708432761 0.040426749769 0.734987037556 -0.422190520967 0.655854214955 0.049404408955 0.623834607174
10.9 0.100848924016 0.042675275139 0.733281330170 -0.439935268956 0.672410577057 0.032349175923 0.594368998020
11.0 0.094236422491 0.045700203487 0.695414949609 -0.473433001637 0.652974235835 -0.003476874596 0.591163049961
11.1 0.098193406214 0.046924970352 0.736743834382 -0.454986206144 0.653687086068 0.037441425848 0.603555204896
11.2 0.096532142786 0.046194157846 0.744608634373 -0.440574918751 0.658201096592 0.046002004012 0.608727256692
11.3 0.096006565691 0.042069756200 0.762673770942 -0.432852962850 0.637037570528 0.075285774579 0.633366796125
11.4 0.099295961254 0.044132111670 0.775675121300 -0.431261609443 0.676044281660 0.061259869473 0.594327167347
11.5 0.089193424278 0.043057318998 0.734436654556 -0.461891587627 0.656738932995 0.033458453853 0.595172804347
11.6 0.088039762734 0.040115630018 0.742454079790 -0.436635999566 0.649051322393 0.053231543636 0.620683323076
11.7 0.081423396655 0.044770008157 0.712694327620 -0.483556811114 0.637221099949 0.003138755078 0.600093516397
11.8 0.081646707435 0.042998811652 0.720752798180 -0.477790478712 0.655660162042 0.011978191139 0.584536169368
11.9 0.077230797417 0.041809377875 0.701652319580 -0.483629568074 0.651626011621 0.001890055885 0.584364962632
12.0 0.075537243858 0.044956209965 0.710715134339 -0.491496885109 0.649560127455 -0.000741817902 0.580087840292
12.1 0.074859252600 0.046413881411 0.723911594167 -0.484249814042 0.653602297283 0.006246851248 0.581607368795
12.2 0.073213619441 0.044297461970 0.718780475788 -0.488679745167 0.651623264852 0.003353015892 0.580144796280
12.3 0.071042883596 0.042331693567 0.718981239025 -0.488385355018 0.650042731147 0.003241401976 0.582162937673
12.4 0.070886782591 0.041531733150 0.729613606918 -0.484304930859 0.656959315126 0.008652886834 0.577735510216
12.5 0.069201626518 0.038072105760 0.726760984042 -0.486575638474 0.652617624985 0.002721299061 0.580798569328
12.6 0.069524609069 0.035954709888 0.726960457643 -0.484148934680 0.661374742704 0.003878284913 0.572859684100
12.7 0.068101383875 0.037181473579 0.721548917777 -0.489437607251 0.655818708168 0.000455556986 0.574762945128
12.8 0.070287818625 0.036823188745 0.737459819161 -0.487022547005 0.658344522338 0.006326923875 0.573891539100
12.9 0.069733234196 0.036736894594 0.730038347964 -0.486756754753 0.654360529288 0.006926616896 0.578646853780
13.0 0.070153041027 0.037350460811 0.724561658408 -0.488913846423 0.647778507094 0.008731378271 0.584183207185
13.1 0.072344101778 0.040746647047 0.730291198386 -0.490600034287 0.652685899887 0.014194271416 0.577157903095
13.2 0.074756891482 0.041386789066 0.735852689270 -0.491187078477 0.655408467658 0.014907695356 0.573544030637
13.3 0.074446611959 0.042440973569 0.734238028100 -0.497871040529 0.647930051172 0.007685172902 0.576413058413
13.4 0.073257525599 0.042328531056 0.720570858566 -0.497021012432 0.648274810600 0.006737760991 0.576770739306
13.5 0.073924844009 0.039174193280 0.724295437329 -0.493730094367 0.649766582704 0.015150344453 0.577758123249
13.6 0.073940317160 0.034870321412 0.726573127143 -0.478984153842 0.659652165112 0.036529958882 0.578012771083
13.7 0.069839133457 0.035403277284 0.722907841540 -0.494915951330 0.647214783412 0.013520745217 0.579645076492
13.8 0.068046561920 0.034451391944 0.717938670068 -0.495476841644 0.644246664389 0.011156529943 0.582515636406
13.9 0.067117178049 0.033784101784 0.722558854363 -0.497760956522 0.645583458692 0.012037526379 0.579060554678
14.0 0.065143347476 0.029720261970 0.714524807002 -0.492515445553 0.649045452329 0.019409319995 0.579475465400
14.1 0.063501884235 0.027325230326 0.715836572100 -0.491455971464 0.645158332938 0.019677586065 0.584683287054
14.2 0.061288244859 0.025669960151 0.718029626072 -0.488273881003 0.653797164623 0.018362689373 0.577754875619
14.3 0.057003105978 0.023629337034 0.714172816660 -0.490760031800 0.648771340527 0.015946431150 0.581374277237
14.4 0.056982671793 0.024064005162 0.720513878065 -0.486804970985 0.657367281139 0.016620417085 0.574989512642
14.5 0.055955097767 0.024825304587 0.713356372381 -0.492549796510 0.652594361137 0.003546478952 0.575762729132
14.6 0.054240540538 0.023816470013 0.708773850044 -0.491676226985 0.652279412286 0.002305437175 0.576871511765
14.7 0.056721223170 0.020163176850 0.735728988132 -0.478490798886 0.658360282500 0.020569662909 0.580676487190
14.8 0.056944170071 0.015742071451 0.745229213456 -0.468202550696 0.676045242493 0.041089877671 0.567504029570
14.9 0.047472781816 0.014915479528 0.725095369945 -0.489678391587 0.652494655305 0.001649076450 0.578327829313
15.0 0.048230334495 0.014494002509 0.727444371654 -0.484427014136 0.660605698467 -0.000363108698 0.573524582978
15.1 0.048716177413 0.015448630509 0.722190450859 -0.489702594600 0.654627359289 -0.005384387203 0.575869253987
15.2 0.048710772430 0.018130449111 0.712143632574 -0.489941643686 0.656546242107 -0.004653399597 0.573482836386
15.3 0.049752155306 0.021179639097 0.719266372095 -0.491514868689 0.661600246994 -0.011886305557 0.566177501120
15.4 0.049796790426 0.020649985682 0.720742290757 -0.492714607900 0.654941547027 -0.006151108764 0.572927612357
15.5 0.052457119571 0.021935396672 0.717416846312 -0.492276419757 0.660371963163 -0.004831386836 0.567053308359
15.6 0.053026883755 0.021411985933 0.710891833003 -0.496395557595 0.652949444735 -0.004870104721 0.572035623977
15.7 0.063505672487 0.018470550852 0.737932187464 -0.476654321620 0.687508395721 0.026818749153 0.547187004769
15.8 0.063100108099 0.020241069141 0.707757315787 -0.495073845997 0.661456426133 -0.004204451888 0.563346790105
15.9 0.065234917506 0.017236900948 0.711355692501 -0.492593491765 0.670303888224 -0.003993992602 0.555003060646
16.0 0.063829518459 0.014141378290 0.708448893566 -0.496334054173 0.663266922963 0.002120684836 0.560111594476
16.1 0.080760906296 0.052650481402 1.188936416580 0.361903349768 -0.778019702240 -0.344852754023 -0.380510034553
16.2 0.062075533622 0.012424699938 0.702423783975 -0.498837800397 0.660150092242 0.000430970613 0.561571472631
16.3 0.064258411760 0.007761992427 0.701996147808 -0.496688913317 0.664234723491 0.006918145662 0.558609429527
16.4 0.067575225277 0.003930816832 0.711347671327 -0.495419175985 0.669723727293 0.002375543758 0.553194654673
16.5 0.066404095388 0.000923730489 0.705550693930 -0.492453878382 0.665349837722 0.010321505551 0.560974364507
16.6 0.045811463186 0.009043234136 0.662126431463 0.539607674444 -0.532807188466 0.053305310338 -0.649691158544
16.7 0.064968018661 0.002261374808 0.654203481702 -0.526554897119 0.617672056686 -0.075918362689 0.579186993049
16.8 0.054824053107 0.004758811537 0.710543448040 -0.498193036995 0.664240947554 0.006275203424 0.557268591709
16.9 0.055280524482 0.005650435766 0.705649869368 -0.504944262709 0.658609789835 0.004982279868 0.557888531141
17.0 0.056345077208 0.007826039246 0.699795176312 -0.505252066254 0.661169062796 0.004396086396 0.554577762241
17.1 0.058198523480 0.009644732569 0.699253002727 -0.509938813121 0.656895292102 0.002676235758 0.555377187008
17.2 0.070350470704 0.047167723747 1.173187617598 0.389569925569 -0.767200917786 -0.332614578602 -0.386012392212
17.3 0.057546247728 0.011151300788 0.687169493806 -0.512600065759 0.654757855434 0.002347618568 0.555452799091
17.4 0.058392932772 0.013488705491 0.695223060766 -0.511298304286 0.651930329496 0.010881133002 0.559859348821
17.5 0.062351190415 0.013250751915 0.696043514637 -0.516411093274 0.657043332591 0.012446951275 0.549052561460
17.6 0.063462699861 0.013783572217 0.688944941924 -0.512078307251 0.653458600320 0.014604038820 0.557274068086
17.7 0.066169133450 0.015834752191 0.688290425460 -0.512213791070 0.658251541548 0.015662266805 0.551449574925
17.8 0.067859635798 0.016266200151 0.686334082928 -0.518285688008 0.656244336171 0.014145699791 0.548199978135
17.9 0.083216162654 0.054429975616 1.123018087912 0.386439484788 -0.772406851468 -0.356150115206 -0.356664093848
18.0 0.083420984449 0.057920460779 1.129724886749 0.383842164789 -0.777889530068 -0.358674643116 -0.344826872395
18.1 0.068420939444 0.019345120068 0.685409708924 -0.522801270787 0.659146517239 0.013544035872 0.540389914013
18.2 0.087199406758 0.057078452802 1.191538798866 0.394049820038 -0.742596425416 -0.396853458830 -0.368486933965
18.3 0.066924797544 0.018369417301 0.683741262217 -0.525073784575 0.656595189375 0.014768589401 0.541259796040
18.4 0.084501453954 0.026296588111 0.923651227056 -0.101545755696 0.731973236561 0.659395774823 0.138205834188
18.5 0.068590503386 0.016025668106 0.684951781939 -0.522524814227 0.661349296613 0.017388471886 0.537849948807
18.6 0.081485277422 0.053473005133 1.119588768584 0.391045196830 -0.771525801185 -0.367754629302 -0.341450032608
18.7 0.069574351193 0.015552389539 0.686237876259 -0.525413747242 0.657345947579 0.017311387024 0.539941677674
18.8 0.074087967324 0.016878029675 0.683139645057 -0.526512062743 0.658842802345 0.024854044100 0.536743408042
18.9 0.075877221102 0.018967626853 0.679617577389 -0.527928703055 0.656620803900 0.026129614496 0.538012683514
19.0 0.074914279605 0.021618023689 0.673291732400 -0.531689675223 0.653234843297 0.022106471307 0.538610836032
19.1 0.073881800395 0.021382777150 0.675672506710 -0.531265250759 0.654017199485 0.022664749443 0.538056730510
19.2 0.071971921181 0.021320659684 0.676116282804 -0.533391505957 0.652818996908 0.012146168417 0.537748388414
19.3 0.069656070986 0.023158423369 0.686330052487 -0.534644269430 0.647988439757 0.017408748132 0.542183937973
19.4 0.067542239399 0.024260859536 0.691209133433 -0.537445066593 0.648370820948 0.011386978528 0.539108908902
19.5 0.068132327606 0.019655934608 0.698982792037 -0.530311512962 0.654001651710 0.024254427171 0.538946436618
19.6 0.092330515563 0.054348701236 1.247707850288 0.413441863998 -0.733541172067 -0.398481261598 -0.363587483464
19.7 0.088138287440 0.054931368792 1.176997084027 0.409560395479 -0.764614246971 -0.369241212631 -0.333595957227
19.8 0.070831203611 0.018163207434 0.713231128667 -0.536708159577 0.652759280877 0.008405659996 0.534583031485
19.9 0.068805459450 0.017857203059 0.716499188014 -0.538944632046 0.639127197887 0.009152943041 0.548608541807
20.0 0.067760598229 0.016267183959 0.729789434337 -0.525622440263 0.652559977414 0.019428857247 0.545443897826
20.1 0.064158122171 0.013626287809 0.735921994219 -0.523516155243 0.651532959114 0.022025649039 0.548589563491
20.2 0.058098783225 0.012432078125 0.735953078702 -0.530458641990 0.642349524024 -0.001868787153 0.553170159860
20.3 0.057100449674 0.008564838885 0.743434146605 -0.535318769779 0.640015703552 -0.000413966358 0.551192836094
20.4 0.054579933045 0.009275482455 0.742599358686 -0.531771923099 0.640655225655 0.000506701861 0.553876562872
20.5 0.048995904994 0.017138138428 0.672354180638 -0.579382879438 0.369615237606 -0.070133662666 0.723036184782
20.6 0.049727324531 0.017324694884 0.756226037872 -0.535589683483 0.639521720625 -0.002345497858 0.551498103746
20.7 0.046606748516 0.020959265985 0.766952732251 -0.527722994664 0.630111182212 -0.002974508864 0.569613457752
20.8 0.036558680681 0.030211038399 0.716734633801 -0.532023847392 0.628781757015 -0.018617110295 0.566778202699
20.9 0.039165733131 0.033712029491 0.775337475138 -0.535350599971 0.638201245378 -0.001484989632 0.553260065715
21.0 0.039041129983 0.029749735798 0.766800379856 -0.528365947679 0.638972102186 -0.002900777666 0.559048891824
21.1 0.038610808657 0.023665563335 0.759908157208 -0.528890478571 0.637894415922 -0.004090519425 0.559775708176
21.2 0.040427733334 0.022133157840 0.767582020626 -0.524869821214 0.643143287947 0.002577458261 0.557558731128
21.3 0.041270664123 0.019191009369 0.760537681957 -0.522045036351 0.639265760823 0.002873770368 0.564623776071
21.4 0.043536862995 0.016333282965 0.756355782336 -0.519875696260 0.640480605264 0.003244793095 0.565246252562
21.5 0.046464954534 0.013076268110 0.754095998488 -0.515890305616 0.644831225986 0.003705130999 0.563946943045
21.6 0.048032185936 0.014736199423 0.754152346882 -0.513528754469 0.646733072743 0.003284530465 0.563927089980
21.7 0.049770811616 0.016640490572 0.756980006446 -0.509344608262 0.655886662025 -0.002206835633 0.557113890052
21.8 0.045703687782 0.018786296855 0.754169819681 -0.512836619288 0.646063817724 0.000200941692 0.565331853842
21.9 0.041614965029 0.019097828376 0.756210737973 -0.505763819838 0.648363803561 -0.000936158822 0.569057519396
22.0 0.039129577677 0.020023777270 0.759983069548 -0.505032013210 0.649744306452 -0.012045814398 0.568005193834
22.1 0.038720227258 0.015639031469 0.743445385429 -0.496050832074 0.651740684630 -0.025867324854 0.573147915902
22.2 0.043362039086 0.012035990723 0.768095963435 -0.489188406876 0.657323040070 -0.022832105240 0.572799981269
22.3 0.045789012267 0.011436650816 0.768047302605 -0.488176927769 0.653668469236 -0.029114122362 0.577540637012
22.4 0.050170752783 0.012113213827 0.771774589656 -0.477900380225 0.658606086644 -0.045615033779 0.579455363173
22.5 0.054393123074 0.011417844337 0.773631560295 -0.472488323243 0.661419846796 -0.047912061173 0.580502372999
22.6 0.054412163341 0.007999665975 0.752672006850 -0.468205440607 0.658258627264 -0.067809817863 0.585560478192
22.7 0.057754132518 -0.001717436192 0.756068345093 -0.460967458877 0.656089063066 -0.070907954733 0.593319648367
22.8 0.063157491802 -0.010612059271 0.774185956182 -0.449540612145 0.666014464314 -0.060932176714 0.592136167784
22.9 0.069629479928 -0.017644597129 0.814652647871 -0.429312458391 0.685805194079 -0.055262946623 0.585070983365
23.0 0.067910445362 -0.025317812708 0.821689888810 -0.424421277723 0.670182389906 -0.049832569211 0.606826876730
23.1 0.070896054885 -0.035371497162 0.870602467758 -0.396111762969 0.677027629081 -0.035596137005 0.619243066759
23.2 0.068045486546 -0.039405546045 0.839778551455 -0.402100326370 0.669151897890 -0.041299588422 0.623574702084
23.3 0.069332274340 -0.037273133421 0.833672368734 -0.413432408895 0.669636167340 -0.059956233346 0.614057242241
23.4 0.069565847883 -0.035910484144 0.828575383450 -0.418193515061 0.663370064787 -0.066369565415 0.616967926146
23.5 0.068795847284 -0.038457495230 0.818886846887 -0.410089155814 0.663885339168 -0.083434322413 0.619775648573
23.6 0.072050637105 -0.044861563828 0.840190670149 -0.407559196532 0.661640457355 -0.064216853008 0.626101910478
23.7 0.070521399914 -0.045746754720 0.846003404096 -0.401430709612 0.666026336938 -0.072205649271 0.624538748276
23.8 0.071607240502 -0.051362579834 0.859963323856 -0.396071907006 0.660522855035 -0.071130263384 0.633858886573
23.9 0.070202771455 -0.047087388753 0.830520624101 -0.405431160323 0.659523903531 -0.099390260765 0.625120285205
24.0 0.070263600275 -0.046273970954 0.841648961590 -0.399848171697 0.661566695571 -0.085902808434 0.628547257098
24.1 0.069500620782 -0.050605365706 0.854536856603 -0.390140349168 0.671161897015 -0.076529530302 0.625679987644
24.2 0.063129182705 -0.048250269204 0.840848820427 -0.397561633405 0.660948492424 -0.095806860702 0.629216086452
24.3 0.063109155813 -0.052809205181 0.874029873043 -0.380513674268 0.667508802727 -0.092121263263 0.633367993217
24.4 0.065157908277 -0.057767366020 0.916000460804 -0.376070363892 0.672762992799 -0.100678095844 0.629146213482
24.5 0.059369577920 -0.049978381351 0.868742557559 -0.382374118135 0.662931921351 -0.117535091089 0.632848168044
24.6 0.052788866405 -0.040902514625 0.811691677107 -0.387844144361 0.664895331827 -0.135751018940 0.623748970545
24.7 0.053612892487 -0.043966836961 0.857883999055 -0.360260346126 0.653627746258 -0.114377803190 0.655668338772
24.8 0.057123615371 -0.041216422178 0.865565927642 -0.378809948409 0.656546043858 -0.137768080265 0.637550210839
24.9 0.057698488518 -0.049292739060 0.837003799081 -0.334134136307 0.669900964023 -0.110841414556 0.653682842191
25.0 0.057987680152 -0.052455058639 0.852455657794 -0.363875148018 0.655397420836 -0.133767337592 0.648193949995
25.1 0.064444674639 -0.065770280382 0.886298472102 -0.323813427618 0.665798531067 -0.100514288581 0.664645813884
25.2 0.064190747399 -0.059928727627 0.863380502266 -0.352901075947 0.669345669738 -0.140715988716 0.638463950053
25.3 0.068576283718 -0.062099601802 0.875165729530 -0.342703815911 0.663038937657 -0.136399187227 0.651405191440
25.4 0.072756496323 -0.061198337195 0.872119904742 -0.347012171135 0.670468020751 -0.138599522994 0.640972197884
25.5 0.075867970737 -0.063677460768 0.880022407525 -0.314261966692 0.674279386388 -0.118493439944 0.657682316984
25.6 0.081317768235 -0.056213100932 0.896550417545 -0.320068418701 0.672449838019 -0.132791662020 0.654013606278
25.7 0.090717091387 -0.051992055122 0.903359064151 -0.317122226174 0.692712417057 -0.122347166246 0.636092895601
25.8 0.105039722127 -0.053439106461 0.954581316958 -0.282015239544 0.698439542320 -0.084004773598 0.652374745374
25.9 0.098695319505 -0.033774217658 0.889272229673 -0.334339659349 0.672628743434 -0.140919438353 0.644925792310
26.0 0.107110488290 -0.034882424935 0.946480181991 -0.342490406413 0.678762494020 -0.150805273816 0.631854071457
26.1 0.097025912963 -0.028610955414 0.873224351153 -0.353854727793 0.671934361140 -0.157593506547 0.631233184039
26.2 0.000000000000 0.000000000000 0.000000000000 0.000000000000 0.000000000000 0.000000000000 0.000000000000
26.3 0.103540936727 -0.048035313228 0.924123060526 -0.310973609310 0.684249009954 -0.137148270704 0.645204664066
26.4 0.107887283558 -0.041778033654 0.925608100493 -0.293791714492 0.685583203526 -0.115567911553 0.655977253689
26.5 0.117861167110 -0.036150944184 0.969780624601 -0.314344608973 0.690389852815 -0.140688830313 0.636204346861
26.6 0.104862103316 -0.027074361124 0.889864958738 -0.345825241440 0.667844935727 -0.168681752461 0.637129900878
26.7 0.092782530247 -0.026136061461 0.825435792565 -0.335308963042 0.665781488311 -0.159548726700 0.647183986926
26.8 0.091119990440 -0.016050926141 0.869523877362 -0.345108235828 0.667818246676 -0.174469808575 0.635986934509
26.9 0.089472836343 -0.015832442546 0.907970703682 -0.335513991854 0.664716059755 -0.183854557365 0.641701194412
27.0 0.089724074406 -0.016466271886 0.923217453024 -0.322216368822 0.669668514030 -0.174057371628 0.646084146502
27.1 0.090504925818 -0.015939825322 0.947366630894 -0.312134166660 0.671680017845 -0.163287231329 0.651732687316
27.2 0.085695885991 -0.012252046411 0.916862802738 -0.308518875878 0.666445506851 -0.174676188069 0.655861813911
27.3 0.086132550388 -0.008961561494 0.902120783720 -0.311505314320 0.668454508227 -0.179568725419 0.651066880154
27.4 0.092680979925 -0.007902348321 0.939678248918 -0.304104841719 0.672479788611 -0.185388609166 0.648785205399
27.5 0.099314399366 -0.010984850994 0.947544656771 -0.300615644280 0.676340874161 -0.181604192693 0.647466735477
27.6 0.102019869302 -0.019508771421 0.967527305686 -0.284483787431 0.678650485899 -0.181071596087 0.652468826664
27.7 0.099482624572 -0.025510422173 0.961495351236 -0.282101461726 0.672120005784 -0.169892658827 0.663181685206
27.8 0.102662904880 -0.032357276935 0.975177128602 -0.262610472240 0.689875831929 -0.178939864661 0.650451843894
27.9 0.095926014671 -0.022816857215 0.900179909049 -0.297114339483 0.679558370088 -0.206309942876 0.638247364576
28.0 0.097506614413 -0.022699691703 0.895082220291 -0.300543784471 0.674396728925 -0.218226243477 0.638153423785
28.1 0.104180126570 -0.025232726318 0.922196239810 -0.282545893051 0.689311791158 -0.210548531051 0.632997937566
28.2 0.104706201880 -0.030989964867 0.956335630195 -0.281460577376 0.681270270682 -0.208899463992 0.642659922208
28.3 0.107421995917 -0.037722152937 0.992661633029 -0.242488026023 0.695898572578 -0.182301567833 0.650915411005
28.4 0.099238700156 -0.027125769325 0.928557342735 -0.268610239082 0.686010539895 -0.217368721624 0.640303769685
28.5 0.109373091705 -0.028521703248 0.996584581726 -0.246951496044 0.702301993973 -0.205320281811 0.635319171551
28.6 0.104636098608 -0.024374421419 0.950711969612 -0.254199547697 0.696791722224 -0.219736059282 0.633703361236
28.7 0.120635003250 -0.034204821354 1.077926132234 0.126400568755 -0.722460600923 0.100809497897 -0.672243275508
28.8 0.104994458878 -0.028342556965 0.979974997594 -0.255105745054 0.692535405290 -0.231218883752 0.633919237014
28.9 0.102997291585 -0.025521993284 0.970407307216 -0.244182798212 0.698595224540 -0.231629526508 0.631416847856
29.0 0.095550760757 -0.022756771789 0.953139765451 -0.246478661525 0.693025948415 -0.235417820121 0.635249363798
29.1 0.092304565562 -0.025062180626 0.967538147860 -0.243453476577 0.693577671491 -0.237584852710 0.635006973280
29.2 0.080083255667 -0.022161711673 0.918136060799 -0.243287322432 0.691811118672 -0.243533012526 0.634744300199
29.3 0.072482274563 -0.020251192926 0.911202533466 -0.253497580497 0.683122298306 -0.262066455380 0.632774900896
29.4 0.064415921944 -0.023376679158 0.948211702868 0.172501198875 -0.706828147774 0.195443835194 -0.657600952848
29.5 0.051635335741 -0.020739660738 0.907621509976 -0.243220484260 0.679333977521 -0.268749414699 0.638061827036
29.6 0.044800294706 -0.023029292783 0.937122385946 -0.219465046085 0.693524444471 -0.253931653335 0.637477571293
29.7 0.036920112533 -0.023226544820 0.964821149666 -0.216397336722 0.681723454993 -0.250652820725 0.652379097638
29.8 0.027534964914 -0.017908899964 0.907354487491 -0.230006886669 0.672823162311 -0.287017370095 0.641893179281
29.9 0.019882024947 -0.018822007708 0.943509965344 -0.192166531114 0.673929087280 -0.265060013894 0.662295099387
30.0 0.015614939926 -0.014004811214 0.943708365539 -0.220916580891 0.671821057890 -0.281246885200 0.648654391821
30.1 0.013364018598 -0.018399675473 1.004375665683 -0.164207744988 0.689169433096 -0.241367351702 0.663191609194
30.2 0.011887963482 -0.014403647904 0.970361566600 -0.187602478115 0.682823975910 -0.258588761409 0.657030121532
30.3 0.008576031416 -0.025642607332 1.082596392356 0.075026055720 -0.695966544856 0.157076780182 -0.696655255153
30.4 0.006390882758 -0.025775047331 1.072413820327 0.089927683078 -0.700380929607 0.177763005007 -0.685404901726
30.5 0.003959783573 -0.016571959654 0.915892166963 -0.204034829254 0.671780434401 -0.295138050962 0.648054293467
30.6 0.001353671561 -0.019961934262 0.937400436935 -0.191452951912 0.675745313479 -0.289615930295 0.650258911077
30.7 -0.003799224113 -0.027388721040 0.981625397345 -0.166993476878 0.678069202284 -0.267282893017 0.663999390583
30.8 -0.006336344930 -0.031188060570 0.991194390926 -0.162965722748 0.674284563728 -0.274551285238 0.665885945266
30.9 -0.008571517968 -0.032358825700 0.938008181413 -0.159331385872 0.674624840027 -0.277845024036 0.665054116079
31.0 -0.014069891896 -0.036130907142 0.948511488621 -0.156831452736 0.678011168002 -0.290421879785 0.656779935168
31.1 -0.018929982892 -0.033856692812 0.900862819456 -0.180446106540 0.668000145961 -0.314250720113 0.649970378201
31.2 -0.024750753188 -0.036587591838 0.916014879540 -0.173751533257 0.668298017807 -0.310537056881 0.653264801125
31.3 0.000000000000 0.000000000000 0.000000000000 0.000000000000 0.000000000000 0.000000000000 0.000000000000
31.4 -0.025980217973 -0.060721212851 0.990445762247 -0.136269206077 0.678782255288 -0.281321881245 0.664487285442
31.5 -0.027061614469 -0.062467512960 0.998312885062 -0.126573871242 0.683538073109 -0.271971229864 0.665421977286
31.6 -0.019282769624 -0.054452127895 0.893724138122 -0.149901362953 0.677361847596 -0.306307544426 0.651832951786
31.7 -0.016735685528 -0.058878268580 0.922411661893 -0.149602158949 0.676491851276 -0.290946919045 0.659793800739
31.8 -0.011637996804 -0.050072552923 0.872256557651 -0.166312485165 0.679095875469 -0.309637090266 0.644432945722
31.9 -0.011175770346 -0.048548486624 0.890394932756 -0.161819916814 0.675571368477 -0.297955316451 0.654706247118
32.0 -0.021149760923 -0.067050340162 1.035086132309 -0.033005254828 -0.741845912739 0.171169989806 -0.647515350780
32.1 -0.010208777923 -0.051913917017 0.970936188626 0.038630597161 -0.677895939933 0.159301378473 -0.716650432500
32.2 -0.013909508970 -0.044480591789 0.986510775152 0.037203876118 -0.700496900543 0.169880793423 -0.692141950728
32.3 -0.013128312417 -0.040842726641 0.960226020512 0.067070802637 -0.694194146551 0.198488599040 -0.688620556169
32.4 -0.013197569095 -0.038465629284 0.917668891949 -0.136605122163 0.691260024114 -0.273675699278 0.654675668774
32.5 -0.016835887816 -0.044971819305 0.935060168486 -0.119866118153 0.701164629722 -0.253197591302 0.655660930287
32.6 -0.021287621825 -0.037526397964 0.856571876071 -0.148535135174 0.685665772287 -0.273280843102 0.658116511817
32.7 -0.028516419016 -0.043058350822 0.918524109970 -0.131011850959 0.699464675359 -0.256652080203 0.653999061590
32.8 -0.026339287368 -0.040954394818 0.839312272215 -0.147287868185 0.692864270757 -0.288097063829 0.644395428295
32.9 -0.024134099694 -0.042085956719 0.838201944149 -0.143622944041 0.691492979093 -0.285775662988 0.647720757930
33.0 -0.023109369823 -0.045835743996 0.844714145900 -0.154630709378 0.697714688109 -0.293720496236 0.634832125688
33.1 -0.034732702239 -0.071416071159 1.071429962196 -0.002610025086 -0.657948629510 0.103824878601 -0.745866732921
33.2 -0.037137034923 -0.063549058820 0.927629710685 -0.122909710988 0.683620301690 -0.272324930114 0.665879582583
33.3 -0.037688541788 -0.069357654103 0.860192142805 -0.113408318910 0.680143718130 -0.263680751129 0.674548395131
33.4 -0.089313138123 0.030368346801 0.350009883934 0.344370710704 0.303550965996 -0.754557585669 0.468943999387
33.5 0.000000000000 0.000000000000 0.000000000000 0.000000000000 0.000000000000 0.000000000000 0.000000000000
33.6 -0.091885099672 0.030372704151 0.363850665330 0.345989280670 0.273087612049 -0.775523189029 0.451971633053
33.7 -0.063548364346 -0.099839368554 0.900768116249 -0.083397748863 0.686452058684 -0.318829243486 0.648210074059
33.8 -0.063056390189 -0.097132912371 0.868135320026 -0.098888550219 0.679245414666 -0.329606669467 0.648233109872
33.9 -0.060790459410 -0.101164300413 0.880937454748 -0.100287503381 0.675690514237 -0.340895325923 0.645890952406
34.0 -0.056803139479 -0.105499160623 0.896163217329 -0.093608738981 0.676470760846 -0.338891499286 0.647130022034
34.1 -0.052854520051 -0.109271207618 0.902613645250 -0.090579546389 0.679417258511 -0.333819415142 0.647110603134
34.2 -0.047340530380 -0.109983191649 0.901855539930 -0.088200852597 0.669633139865 -0.335009721371 0.656947908272
34.3 -0.038696390473 -0.115132773803 0.918136541676 -0.096176172729 0.689246423784 -0.324346814732 0.640693885466
34.4 -0.031768008552 -0.120586022675 0.929428313344 -0.099405324403 0.687765403284 -0.324514234212 0.641706976212
34.5 -0.022259456518 -0.114326119203 0.910229592749 -0.111700912101 0.685207550985 -0.335842023591 0.636571797599
34.6 -0.013684735252 -0.115823484526 0.909213445701 -0.103911134468 0.697446398868 -0.326072304866 0.629641047613
34.7 -0.007164249731 -0.119092645622 0.927049706355 -0.085357608523 0.693956299532 -0.316097598342 0.641265187992
34.8 -0.001941910933 -0.143872069834 1.048111415342 0.072120204461 -0.657741321703 -0.306628762368 0.684217678755
34.9 0.004184559508 -0.124002308214 0.916595953626 -0.099833783033 0.696961015073 -0.322406923876 0.632718211110
35.0 0.002105999658 -0.124627064540 0.923098597471 -0.104285981843 0.651967290951 -0.343832836310 0.667714060205
35.1 0.010935706317 -0.133277039623 0.919982676977 -0.092228970800 0.700580188477 -0.313292920604 0.634451544531
35.2 0.008995598482 -0.135387975574 0.932420239537 -0.092744302873 0.663310542121 -0.347419363770 0.656290640398
35.3 0.020536364957 -0.147910276422 0.968626251864 -0.078029994828 0.708117053163 -0.311454702152 0.628870040179
35.4 0.023255645327 -0.134322297168 0.939880984080 -0.115951326067 0.671573803308 -0.354330465460 0.640307611965
35.5 0.041601330825 -0.154032316680 1.030533454044 -0.037227547874 0.749096270954 -0.338847446289 0.568024026487
35.6 0.046071419097 -0.190848329192 1.287819801998 -0.076309540996 0.645522687459 -0.315618819238 0.691275686591
35.7 0.034402428909 -0.125332091735 0.872259318694 -0.114214986878 0.687842301647 -0.345229068982 0.628207604831
35.8 0.040454004408 -0.129293364075 0.939732466942 -0.110698386048 0.671426505894 -0.352014096173 0.642665068760
35.9 0.041151648113 -0.127814023881 0.939447935513 -0.120879960812 0.665617412428 -0.355403327946 0.645003852571
36.0 0.037669299797 -0.126599528330 0.951929868649 -0.113001453070 0.647790451590 -0.364944224877 0.659100838387
36.1 0.038611037713 -0.173171615700 1.210397371615 -0.045029748959 0.583635079771 -0.290920010132 0.756774710911
36.2 0.030168616346 -0.158977074143 1.182028534323 -0.084107180066 0.504874633455 -0.313411684130 0.799875429680
36.3 0.039510383569 -0.123398102520 0.970322914871 -0.100820687697 0.655851607913 -0.367831495882 0.651455177251
36.4 0.039969604701 -0.121709517406 0.959579941045 -0.115581105387 0.672960016629 -0.375174857515 0.626904817644
36.5 0.037692840860 -0.128993405043 1.022392412148 -0.101980456796 0.639384973801 -0.378131206612 0.661667312398
36.6 0.034058696375 -0.134938732664 1.082903317917 0.072014770636 -0.560355276577 0.374245385191 -0.735361291126
36.7 0.033862654355 -0.122658151876 0.956789940973 -0.103456221611 0.665717913166 -0.386365175780 0.629951126076
36.8 0.032342658993 -0.128275815913 0.997948244783 0.059417986592 -0.658141808133 0.362476273207 -0.657213675010
36.9 0.013369741475 -0.160730841290 1.184050455541 -0.087419448608 0.503506582639 -0.348879357057 0.785571228765
37.0 0.022292987611 -0.133904221244 1.007307188195 0.028940867704 -0.585240790043 0.384609730155 -0.713253811288
37.1 0.038879574264 -0.160142417649 1.081047065556 -0.005667185576 0.720311028884 -0.356035160409 0.595280496260
37.2 0.037144200806 -0.174814957512 1.177473622792 0.022683233969 -0.591260314395 0.346571273459 -0.727863355261
37.3 0.047899683605 -0.187681524226 1.221640674386 -0.058974591262 0.572385509099 -0.368952718138 0.729911445545
37.4 0.054873419900 -0.149092794118 0.979352153102 -0.081660004382 0.663506373472 -0.374325133065 0.642628688126
37.5 0.078026625120 -0.201558578348 1.294467484200 0.072658700886 -0.480099425207 0.345385291512 -0.803077988435
37.6 0.000000000000 0.000000000000 0.000000000000 0.000000000000 0.000000000000 0.000000000000 0.000000000000
37.7 0.069766499561 -0.143549444650 1.022385367434 0.789107991557 0.455421127727 0.258372656106 0.321159998533
37.8 0.086283093158 -0.145968996089 1.001632572945 0.000377113466 -0.558119881973 0.393663747205 -0.730432001810
37.9 0.000000000000 -0.000000000000 0.000000000000 0.012237736193 0.152100340099 0.429053031484 -0.890297265260
38.0 0.105724794482 -0.179995383627 1.208664825819 -0.228179111731 -0.829007656861 -0.201453803217 0.469144927507
38.1 0.000000000000 -0.000000000000 0.000000000000 0.544256108225 0.552601900513 -0.132752780155 0.617084376379
38.2 0.090964733839 -0.146292563734 1.023818359062 -0.052378440106 -0.520038720964 0.374273877961 -0.765986482900
38.3 0.088527773576 -0.172479571301 1.195541098661 -0.051679879451 0.441857772698 -0.374897142193 0.813352956312
38.4 0.086185345550 -0.206158526374 1.351983521588 -0.029845659767 0.465503699087 -0.351547834010 0.811683228317
38.5 0.000000000000 0.000000000000 0.000000000000 0.000000000000 0.000000000000 0.000000000000 0.000000000000
38.6 0.000000000000 0.000000000000 0.000000000000 0.000000000000 0.000000000000 0.000000000000 0.000000000000
38.7 0.071340309626 -0.202690388648 1.103219721399 -0.220537069121 -0.590101467865 -0.442698340404 0.638092342980
38.8 0.000000000000 0.000000000000 0.000000000000 0.000000000000 0.000000000000 0.000000000000 0.000000000000
38.9 0.000000000000 0.000000000000 0.000000000000 0.000000000000 0.000000000000 0.000000000000 0.000000000000
39.0 0.000000000000 0.000000000000 0.000000000000 0.000000000000 0.000000000000 0.000000000000 0.000000000000
39.1 0.000000000000 0.000000000000 0.000000000000 0.000000000000 0.000000000000 0.000000000000 0.000000000000
39.2 0.000000000000 0.000000000000 0.000000000000 0.000000000000 0.000000000000 0.000000000000 0.000000000000
39.3 0.000000000000 0.000000000000 0.000000000000 0.000000000000 0.000000000000 0.000000000000 0.000000000000
39.4 0.000000000000 0.000000000000 0.000000000000 0.000000000000 0.000000000000 0.000000000000 0.000000000000
39.5 0.000000000000 0.000000000000 0.000000000000 0.000000000000 0.000000000000 0.000000000000 0.000000000000
39.6 0.213498458477 -0.213413378744 1.301830780032 -0.198112281929 -0.506505614941 -0.173099435414 0.821121288995
39.7 0.125134808636 -0.145665931934 0.998669225319 -0.012568877953 0.402116047742 -0.338311092981 0.850699895275
39.8 0.140273982513 -0.152274121790 1.064371105377 0.003317516258 0.481423779202 -0.318605827951 0.816523401563
39.9 0.000000000000 -0.000000000000 0.000000000000 -0.046963748825 0.121792982903 -0.421333180842 0.897462660133
40.0 0.000000000000 0.000000000000 0.000000000000 0.000000000000 0.000000000000 0.000000000000 0.000000000000
40.1 0.117555219438 -0.138987825286 1.046387136696 0.213917411506 0.482695066504 -0.216761933723 0.821132801632
40.2 0.000000000000 0.000000000000 0.000000000000 0.000000000000 0.000000000000 0.000000000000 0.000000000000
40.3 0.000000000000 0.000000000000 0.000000000000 0.000000000000 0.000000000000 0.000000000000 0.000000000000
40.4 0.000000000000 0.000000000000 0.000000000000 0.000000000000 0.000000000000 0.000000000000 0.000000000000
40.5 0.000000000000 0.000000000000 0.000000000000 0.000000000000 0.000000000000 0.000000000000 0.000000000000
40.6 0.171127297122 -0.109214590515 0.959741542256 0.038173713573 0.586613381117 -0.396850529833 0.704937703388
40.7 0.199135486975 -0.139475505840 1.099414792502 0.207788266957 0.549544126272 0.315378287371 -0.745226022929
40.8 0.000000000000 0.000000000000 0.000000000000 0.000000000000 0.000000000000 0.000000000000 0.000000000000
40.9 0.000000000000 0.000000000000 0.000000000000 0.000000000000 0.000000000000 0.000000000000 0.000000000000
41.0 0.000000000000 0.000000000000 0.000000000000 0.000000000000 0.000000000000 0.000000000000 0.000000000000
41.1 0.000000000000 0.000000000000 0.000000000000 0.000000000000 0.000000000000 0.000000000000 0.000000000000
41.2 0.145228456822 -0.072763679260 0.912984951100 0.146699937481 -0.348807595640 -0.257965879158 0.888969062880
41.3 0.000000000000 0.000000000000 0.000000000000 0.000000000000 0.000000000000 0.000000000000 0.000000000000
41.4 0.190607949919 -0.125556542768 0.980794489027 0.390039431572 0.860823658772 -0.052184582262 0.322689695670
41.5 0.165598105079 -0.082608782867 0.995090872157 0.113596594533 0.857071013275 -0.171493043593 0.472350746706
41.6 0.162574043354 -0.083623851374 1.095949732049 0.067006274359 0.462094113178 0.221433605609 -0.856122858046
41.7 0.152091556101 -0.100504853120 0.901512786757 0.377776006644 0.787369970200 0.054462798710 0.484115298651
41.8 0.155304816495 -0.062370112582 0.938519785328 0.032057626590 0.615704272381 -0.366983381729 0.696565686123
41.9 0.000000000000 0.000000000000 0.000000000000 0.000000000000 0.000000000000 0.000000000000 0.000000000000
42.0 0.000000000000 0.000000000000 0.000000000000 0.000000000000 0.000000000000 0.000000000000 0.000000000000
42.1 0.000000000000 0.000000000000 0.000000000000 0.000000000000 0.000000000000 0.000000000000 0.000000000000
42.2 0.000000000000 0.000000000000 0.000000000000 0.000000000000 0.000000000000 0.000000000000 0.000000000000
42.3 0.000000000000 0.000000000000 0.000000000000 0.000000000000 0.000000000000 0.000000000000 0.000000000000
42.4 0.000000000000 0.000000000000 0.000000000000 0.000000000000 0.000000000000 0.000000000000 0.000000000000
42.5 0.138453010481 -0.039099803789 0.960912596619 0.061931229233 0.552093500254 -0.342674651140 0.757582585128
42.6 0.000000000000 0.000000000000 0.000000000000 0.000000000000 0.000000000000 0.000000000000 0.000000000000
42.7 0.000000000000 0.000000000000 0.000000000000 0.000000000000 0.000000000000 0.000000000000 0.000000000000
42.8 0.100069451931 -0.009137816876 0.727603030286 -0.057511982134 0.909391576138 -0.204467303528 0.357620546037
42.9 0.095369578250 -0.012463211616 0.728861388407 -0.105211606465 0.693657134929 -0.350790149668 0.620255244173
43.0 0.100737581666 -0.016877956895 0.764363948444 0.007578736235 -0.731069383972 0.263003640305 -0.629530939480
43.1 0.091091606044 -0.012446604465 0.716686396144 0.005223090633 -0.692247827477 0.282131200726 -0.664204524416
43.2 0.091135421356 -0.007716853166 0.715748144906 -0.119118489084 0.692640156886 -0.357511010401 0.615017297374
43.3 0.097219021545 -0.010010620454 0.743981893429 0.040733198126 -0.725835377524 0.282152493065 -0.626014202684
43.4 0.098457368104 -0.015739700638 0.736827092511 0.000770353642 -0.790383479302 0.221196437197 -0.571284078522
43.5 0.000000000000 0.000000000000 0.000000000000 0.000000000000 0.000000000000 0.000000000000 0.000000000000
43.6 0.000000000000 0.000000000000 0.000000000000 0.000000000000 0.000000000000 0.000000000000 0.000000000000
43.7 0.088129204429 -0.013422222043 0.767450139605 0.007620895558 -0.780367415921 0.241926303961 -0.576576344963
43.8 0.058318635151 -0.054605799752 0.729700861000 0.420898457354 0.606286303587 0.065006444573 0.671591817136
43.9 0.069324283649 -0.011079570900 0.735404876854 0.037424957109 -0.655721596054 0.317319436701 -0.684059161290
44.0 0.063323233167 -0.003716745371 0.693291855591 -0.099703604783 0.872457461607 -0.247177994681 0.409609823888
44.1 0.068052267549 -0.020396429300 0.731620411308 0.002828653924 -0.687511883960 0.290383307485 -0.665580155102
44.2 0.000000000000 0.000000000000 0.000000000000 0.000000000000 0.000000000000 0.000000000000 0.000000000000
44.3 0.065052925415 -0.031345539414 0.734299240059 -0.019971303041 -0.709941244209 0.265988675729 -0.651793373094
44.4 0.000000000000 0.000000000000 0.000000000000 0.000000000000 0.000000000000 0.000000000000 0.000000000000
44.5 0.000000000000 0.000000000000 0.000000000000 0.000000000000 0.000000000000 0.000000000000 0.000000000000
44.6 0.000000000000 0.000000000000 0.000000000000 0.000000000000 0.000000000000 0.000000000000 0.000000000000
44.7 0.097720532892 -0.133346299163 1.018527677675 0.232480250914 0.753634290697 -0.217064585971 0.575214094349
44.8 0.065077657089 -0.072699083489 0.775541557509 -0.017362754551 -0.644886927549 0.314460629811 -0.696371953578
44.9 0.086359671351 -0.113552837109 0.889231759579 0.149896102219 0.792521798096 -0.203757929374 0.554908158436
45.0 0.071280821153 -0.084969334813 0.786929708808 -0.024396043501 0.692216421563 -0.334549636750 0.638997495558
45.1 0.082658219625 -0.090936480549 0.741579892892 0.028344702567 0.755226947210 -0.206978053819 0.621280066702
45.2 0.088939739382 -0.092906394867 0.750007784664 0.015602989978 0.765155496318 -0.203612578610 0.610602596612
45.3 0.000000000000 0.000000000000 0.000000000000 0.000000000000 0.000000000000 0.000000000000 0.000000000000
45.4 0.131167298506 -0.129073526636 0.904149132489 0.261754162075 0.911282506113 -0.019885408231 0.317259394232
45.5 0.000000000000 0.000000000000 0.000000000000 0.000000000000 0.000000000000 0.000000000000 0.000000000000
45.6 0.122943333855 -0.098216414069 0.844930407895 -0.105216507635 -0.724623172182 0.235300544244 -0.639127842248
45.7 0.123289284758 -0.085059675120 0.824317990450 -0.021516010853 0.700003835576 -0.327584444061 0.634208265055
45.8 0.125571299139 -0.105241912476 0.963076163381 0.152744067888 0.524985602109 -0.249696019660 0.799194134782
45.9 0.000000000000 0.000000000000 0.000000000000 0.000000000000 0.000000000000 0.000000000000 0.000000000000
46.0 0.000000000000 0.000000000000 0.000000000000 0.000000000000 0.000000000000 0.000000000000 0.000000000000
46.1 0.142842270269 -0.068153081944 0.830792347126 -0.027810152932 0.694872801327 -0.340844267781 0.632616448166
46.2 0.158195300110 -0.077658259646 0.862928296980 0.062316482323 0.821342709393 -0.222717016723 0.521449844395
46.3 0.139923033749 -0.058640271790 0.838593387892 0.008291428906 -0.588212721075 0.349571493662 -0.729202864634
46.4 0.141926335427 -0.056673527099 0.837680383836 -0.002536650083 -0.610621061901 0.343153715337 -0.713709332866
46.5 0.000000000000 0.000000000000 0.000000000000 0.000000000000 0.000000000000 0.000000000000 0.000000000000
46.6 0.136659228897 -0.049403506248 0.909071629183 0.083301991520 -0.347236884889 -0.331440725337 0.873289396231
46.7 0.153878435689 -0.076445393017 1.001817021994 0.152481802712 0.563913825699 -0.228841605778 0.778705346387
46.8 0.160476290836 -0.061192869037 0.853894990097 0.039923503767 0.823964996233 -0.241405163120 0.511088393577
46.9 0.143988178163 -0.062566527853 0.956146644290 0.046348520547 0.541341989689 -0.272440941149 0.794088533117
47.0 0.000000000000 -0.000000000000 0.000000000000 0.163993866205 0.027430774544 -0.398097740375 0.902148409943
47.1 0.167490700800 -0.073387373672 0.891312911210 -0.159266496487 -0.847243119933 0.237909871659 -0.447450747894
47.2 0.138344643705 -0.047954556023 0.829636207314 -0.033342909432 0.695829329551 -0.359701308739 0.620745328632
47.3 0.131918900195 -0.048002318481 0.824737818264 -0.058713381325 -0.690325503487 0.310874775450 -0.650661441979
47.4 0.127386783051 -0.043648386629 0.819428809883 -0.036824906184 0.685658350221 -0.374703555800 0.622987799502
47.5 0.123123859463 -0.046189511656 0.828753555012 -0.044660710700 -0.636372716183 0.350480250209 -0.685710420827
47.6 0.122224434598 -0.044510019610 0.835910841641 -0.013275015606 -0.592461801698 0.382864824802 -0.708679979553
47.7 0.123613229386 -0.044750803262 0.891900277826 0.079110037505 0.626437706543 -0.415171854240 0.654942541933
47.8 0.129637503935 -0.054220093651 0.823788674293 -0.011814399960 0.692171771000 -0.364232393134 0.622971446518
47.9 0.129977497817 -0.052606225608 0.791055331755 -0.036163646983 0.693992641619 -0.379190729633 0.610967097785
48.0 0.130854090053 -0.053669802641 0.834637062603 -0.044886096739 -0.573239849885 0.381172437171 -0.723939835874
48.1 0.147796713213 -0.070700342613 0.862507906139 0.130563035316 0.735495673902 -0.263268715404 0.610482588588
48.2 0.000000000000 0.000000000000 0.000000000000 0.000000000000 0.000000000000 0.000000000000 0.000000000000
48.3 0.154056206807 -0.079012008331 0.808298206175 0.113237314436 0.780400982414 -0.260111645707 0.557219480128
48.4 0.160123668941 -0.083505108891 0.803839816691 0.108472375596 0.789435612258 -0.268844721811 0.541061616995
48.5 0.153206281286 -0.078997155023 0.820988352832 -0.076980018361 -0.668689264671 0.348001396855 -0.652551738848
48.6 0.153804500712 -0.079560440996 0.856850542290 -0.034812312894 -0.569187464864 0.383641963618 -0.726383215984
48.7 0.151049824002 -0.084729403492 0.852618282346 -0.051190418011 -0.558206016041 0.381488059751 -0.735018669849
48.8 0.162768288333 -0.097860769801 0.830851975285 -0.123837942405 -0.797186033580 0.265616178849 -0.527832016289
48.9 0.155454390100 -0.095853354523 0.933716461449 -0.057272178484 -0.458311476504 0.331502242894 -0.822664421883
49.0 0.000000000000 0.000000000000 0.000000000000 0.000000000000 0.000000000000 0.000000000000 0.000000000000
49.1 0.000000000000 0.000000000000 0.000000000000 0.000000000000 0.000000000000 0.000000000000 0.000000000000
49.2 0.000000000000 0.000000000000 0.000000000000 0.000000000000 0.000000000000 0.000000000000 0.000000000000
49.3 0.000000000000 0.000000000000 0.000000000000 0.000000000000 0.000000000000 0.000000000000 0.000000000000
49.4 0.000000000000 0.000000000000 0.000000000000 0.000000000000 0.000000000000 0.000000000000 0.000000000000
49.5 0.000000000000 0.000000000000 0.000000000000 0.000000000000 0.000000000000 0.000000000000 0.000000000000
49.6 0.000000000000 0.000000000000 0.000000000000 0.000000000000 0.000000000000 0.000000000000 0.000000000000
49.7 0.000000000000 0.000000000000 0.000000000000 0.000000000000 0.000000000000 0.000000000000 0.000000000000
49.8 0.000000000000 0.000000000000 0.000000000000 0.000000000000 0.000000000000 0.000000000000 0.000000000000
49.9 0.000000000000 0.000000000000 0.000000000000 0.000000000000 0.000000000000 0.000000000000 0.000000000000
50.0 0.000000000000 0.000000000000 0.000000000000 0.000000000000 0.000000000000 0.000000000000 0.000000000000
50.1 0.000000000000 0.000000000000 0.000000000000 0.000000000000 0.000000000000 0.000000000000 0.000000000000
50.2 0.000000000000 0.000000000000 0.000000000000 0.000000000000 0.000000000000 0.000000000000 0.000000000000
50.3 0.000000000000 0.000000000000 0.000000000000 0.000000000000 0.000000000000 0.000000000000 0.000000000000
50.4 0.000000000000 0.000000000000 0.000000000000 0.000000000000 0.000000000000 0.000000000000 0.000000000000
50.5 0.000000000000 0.000000000000 0.000000000000 0.000000000000 0.000000000000 0.000000000000 0.000000000000
50.6 0.000000000000 0.000000000000 0.000000000000 0.000000000000 0.000000000000 0.000000000000 0.000000000000
50.7 0.000000000000 0.000000000000 0.000000000000 0.000000000000 0.000000000000 0.000000000000 0.000000000000
50.8 0.106641589970 0.027016854344 0.832956832979 0.023100488843 -0.608934965498 0.354002524181 -0.709469370786
50.9 0.132247395067 0.009839954690 1.098431594945 0.041387503021 0.328407998087 -0.357407456746 0.873324207410
51.0 0.108675945099 0.032064040705 0.813327863442 -0.105031242665 0.649447894500 -0.351954404242 0.665818269296
51.1 0.000000000000 0.000000000000 0.000000000000 0.000000000000 0.000000000000 0.000000000000 0.000000000000
51.2 0.000000000000 0.000000000000 0.000000000000 0.000000000000 0.000000000000 0.000000000000 0.000000000000
51.3 0.000000000000 0.000000000000 0.000000000000 0.000000000000 0.000000000000 0.000000000000 0.000000000000
51.4 0.162357667375 0.028083053431 0.844404244490 0.220401195989 0.912937216089 -0.055425860685 0.338964491141
51.5 0.152329866548 0.045669330273 0.983149324241 0.108003432734 0.752154345991 -0.172898927417 0.626661838013
51.6 0.141372895594 0.050844919560 0.951837452505 0.074302908449 0.750182975111 -0.175035619409 0.633298597494
51.7 0.097113902424 0.063967679228 0.787367822005 -0.179238903977 0.609934685372 -0.315855329877 0.704335506324
51.8 0.139570229707 0.038531425955 0.976020942117 0.166894644564 0.967103373444 -0.153792068491 0.114914065105
51.9 0.000000000000 0.000000000000 0.000000000000 0.000000000000 0.000000000000 0.000000000000 0.000000000000
52.0 0.000000000000 0.000000000000 0.000000000000 0.000000000000 0.000000000000 0.000000000000 0.000000000000
52.1 0.084268735075 0.054893724817 1.033398236394 0.038044283698 0.745062464970 -0.100697125242 0.658251201852
52.2 0.000000000000 0.000000000000 0.000000000000 0.000000000000 0.000000000000 0.000000000000 0.000000000000
52.3 0.097108393975 0.034990522660 0.918934282546 0.107528430409 0.886095790395 -0.092111160541 0.441347279364
52.4 0.051481775070 0.053096547247 0.763712349649 -0.186999350864 0.591022059075 -0.271796463832 0.736105189977
52.5 0.050116049112 0.051802077523 0.752598573092 -0.208740280258 0.558594275957 -0.252458288226 0.762013610753
52.6 0.074789453275 0.050407502546 0.870880055471 -0.046628409634 0.722875719487 -0.146872721979 0.673576194005
52.7 0.086498887486 0.045196014707 0.933057248949 0.012159202570 0.718677728670 -0.111944665134 0.686165335801
52.8 0.086770974028 0.050423738552 0.933073717992 -0.030474660950 0.726969857106 -0.133389865961 0.672899149619
52.9 0.085403646301 0.052699728756 0.900093783899 -0.073603685749 0.740901657173 -0.167153385953 0.646302543246
53.0 0.073603095200 0.060037988568 0.830121351813 -0.077718394363 0.717758696133 -0.136137648549 0.678416425177
53.1 0.081644640870 0.061006775209 0.895639568255 -0.106380738901 0.714318589478 -0.162798867159 0.672256364766
53.2 0.065763205614 0.064296176114 0.812681884089 -0.108569801128 0.716472605758 -0.104924049004 0.681080426544
53.3 0.089147740163 0.049774149875 0.938206707397 -0.025147503867 0.762794414644 -0.057850136994 0.643557025979
53.4 0.090374530117 0.047548599180 0.924832111894 -0.070517559874 0.764515639911 -0.089927073529 0.634394381697
53.5 0.074429130699 0.051422995555 0.881626792293 -0.143657224561 0.686450132385 -0.134236636316 0.700092381797
53.6 0.075665741963 0.047703629147 0.882269246282 -0.102356848707 0.728091142240 -0.098991890737 0.670527381755
53.7 0.074549451553 0.049393182796 0.888365255046 -0.113154266316 0.724221217406 -0.102353409514 0.672475664865
53.8 0.072984812325 0.050436544736 0.876087953142 -0.121732473895 0.714818201558 -0.109194602357 0.679921085375
53.9 0.067540422627 0.054855518062 0.771395117252 -0.186439350577 0.732601789557 -0.170653727695 0.631990737051
54.0 0.077191388128 0.048956013844 0.924240800333 -0.114021876230 0.703401048229 -0.089056538690 0.695913004626
54.1 0.076618156736 0.046629928682 0.887630901924 -0.120914778804 0.726571818685 -0.090637372831 0.670267017841
54.2 0.062626176173 0.052653207253 0.760703660687 -0.253854993971 0.660304446762 -0.195600501419 0.679187841077
54.3 0.072017196597 0.050405922316 0.804759009628 -0.157389383934 0.732954044256 -0.117271442964 0.651348109308
54.4 0.000000000000 0.000000000000 0.000000000000 0.000000000000 0.000000000000 0.000000000000 0.000000000000
54.5 0.049736365629 0.054948819023 0.889676134123 -0.179847246317 0.671357791441 -0.114680062322 0.709776138772
54.6 0.056732419325 0.021766293556 0.911670625379 0.109453816848 0.753630702194 0.155083943682 0.629292934252
54.7 0.000000000000 0.000000000000 0.000000000000 0.000000000000 0.000000000000 0.000000000000 0.000000000000
54.8 0.033950908381 0.056425043777 0.816401561015 -0.168277552506 0.713471188580 -0.101897128091 0.672501675594
54.9 0.034178198024 0.054332325504 0.873444621006 -0.197650208721 0.681263536190 -0.123589515377 0.693930847376
55.0 0.030268013215 0.048724456029 0.837726833435 -0.248701128967 0.636804033368 -0.150047086676 0.714222824696
55.1 0.039806773778 0.028649168321 0.965328803413 -0.107892847799 0.691840863069 -0.047624822104 0.712353304127
55.2 0.000000000000 0.000000000000 0.000000000000 0.000000000000 0.000000000000 0.000000000000 0.000000000000
55.3 0.000000000000 0.000000000000 0.000000000000 0.000000000000 0.000000000000 0.000000000000 0.000000000000
55.4 0.000000000000 0.000000000000 0.000000000000 0.000000000000 0.000000000000 0.000000000000 0.000000000000
55.5 0.000000000000 0.000000000000 0.000000000000 0.000000000000 0.000000000000 0.000000000000 0.000000000000
55.6 0.000000000000 0.000000000000 0.000000000000 0.000000000000 0.000000000000 0.000000000000 0.000000000000
55.7 0.000000000000 0.000000000000 0.000000000000 0.000000000000 0.000000000000 0.000000000000 0.000000000000
55.8 0.045449447622 -0.031489206716 0.816846571259 -0.230425026680 0.663795353778 -0.141204636750 0.697381736169
55.9 0.038946336142 -0.034440415047 0.773226965450 -0.235634704167 0.654031834089 -0.146270488907 0.703792291990
56.0 0.041936031247 -0.036263392082 0.806476100801 -0.248576867910 0.662935751064 -0.152192308065 0.689610928037
56.1 0.044724252216 -0.035936602037 0.808669958933 -0.225745224080 0.666939903111 -0.141437546411 0.695863262365
56.2 0.000000000000 0.000000000000 0.000000000000 0.000000000000 0.000000000000 0.000000000000 0.000000000000
56.3 0.051199056411 -0.018603383103 0.795903583848 -0.281166715581 0.653317824439 -0.178701811080 0.679843188563
56.4 0.052195017668 -0.018051698241 0.806730961248 -0.267763055851 0.661399201432 -0.162839985267 0.681422909407
56.5 0.055730967524 -0.016595219619 0.820218261180 -0.266639360383 0.668796826340 -0.165415987695 0.673982052868
56.6 0.058489294144 -0.015676575195 0.835369781555 -0.268754559967 0.670179663481 -0.167098366758 0.671348151841
56.7 0.057505963689 -0.016935114784 0.828643107815 -0.279830347272 0.662558282497 -0.175311947399 0.672292510845
56.8 0.058210132731 -0.019063000456 0.804902810319 -0.278099650637 0.663167911487 -0.178315877433 0.671619202633
56.9 0.061183167318 -0.025320473875 0.819704561038 -0.275774123821 0.666633548171 -0.173699594937 0.670355723331
57.0 0.067116125841 -0.027428611902 0.830391085691 -0.279915214171 0.668548479787 -0.174769728468 0.666442754526
57.1 0.070081744427 -0.028628894589 0.809102951252 -0.267156473870 0.673442840009 -0.168744611851 0.668301889628
57.2 0.000000000000 0.000000000000 0.000000000000 0.000000000000 0.000000000000 0.000000000000 0.000000000000
57.3 0.080472757387 -0.022969148738 0.825803391478 -0.289107268905 0.675181301449 -0.174793272325 0.655739665713
57.4 0.084473050667 -0.026714973397 0.809489638085 -0.274841662711 0.678509875496 -0.163441218193 0.661342103217
57.5 0.083178517458 -0.029066700377 0.776135770609 -0.304054595308 0.652249659169 -0.186542220950 0.668822237212
57.6 0.089785505348 -0.034334576211 0.800523271992 -0.282114948574 0.678875553122 -0.162925716529 0.658023061950
57.7 0.091128859269 -0.034258936169 0.795680817705 -0.292307631529 0.676543046762 -0.170158459275 0.654134430499
57.8 0.089907220497 -0.034179100561 0.800858755746 -0.288465915191 0.671900959208 -0.165781729910 0.661704567625
57.9 0.086418609816 -0.030134545346 0.794887756814 -0.294508974245 0.668956704397 -0.173636461666 0.660008917297
58.0 0.086566637309 -0.027573252626 0.804447450289 -0.293588700761 0.671313826191 -0.175715819753 0.657470434498
58.1 0.086838837293 -0.031811082569 0.794574585068 -0.289747676540 0.673294655120 -0.173035021856 0.657859766620
58.2 0.086314788257 -0.029239722591 0.787802431128 -0.299413678034 0.674695813643 -0.186170297448 0.648442463760
58.3 0.085540163044 -0.025140808493 0.796139964943 -0.296903756523 0.670376357073 -0.186876490657 0.653850805979
58.4 0.084334365705 -0.021974828408 0.791352708497 -0.311789297059 0.661997583263 -0.194777986615 0.653152485966
58.5 0.082110658179 -0.020347535786 0.783535368276 -0.304919180753 0.654949348770 -0.189464703896 0.664957720259
58.6 0.089212846845 -0.021915769828 0.821497099256 -0.294144383063 0.673941903597 -0.175239200084 0.654654577042
58.7 0.088868680126 -0.022323760575 0.778671121916 -0.302688017954 0.671949551411 -0.182265409861 0.650878701844
58.8 0.093406148978 -0.022882500382 0.792656945540 -0.304728793306 0.673381130821 -0.180193600880 0.649021171755
58.9 0.095659189708 -0.023780014833 0.785126446000 -0.304296513664 0.670917639769 -0.177936137759 0.652389364795
59.0 0.094565218404 -0.021560771523 0.768594085146 -0.319144423932 0.668012199636 -0.182387282848 0.647025051189
59.1 0.096028389844 -0.020484111198 0.773655075126 -0.322928982459 0.667058698503 -0.184813318628 0.645440626469
59.2 0.096681403620 -0.021566262690 0.769366289857 -0.316126862658 0.669808804465 -0.180434878815 0.647196435925
59.3 0.102996219464 -0.023648308695 0.795933490384 -0.300113919213 0.682004762615 -0.166792791760 0.645740895315
59.4 0.102750035591 -0.023661322518 0.779980030249 -0.298126102323 0.678573719886 -0.166487178232 0.650338798842
59.5 0.107598701610 -0.029101976044 0.810576359968 -0.291275474426 0.684144634582 -0.157197544461 0.649918186379
59.6 0.096556735500 -0.025240817338 0.746860888294 -0.322253315077 0.670002599792 -0.182681828242 0.643332469897
59.7 0.097776225753 -0.025488798277 0.763411990469 -0.316757003869 0.672707586504 -0.181733217697 0.643507996178
59.8 0.098683580436 -0.029873100574 0.772895731786 -0.303979510238 0.672277685337 -0.171784295188 0.652785820219
59.9 0.095975011351 -0.030552435196 0.760356663587 -0.308145037232 0.671762893768 -0.177957489233 0.649701764359
60.0 0.092090650587 -0.028917505523 0.739730983049 -0.320946711339 0.668981057314 -0.196260989394 0.641045378641
60.1 0.094010583717 -0.029147351574 0.753918721684 -0.316489745707 0.668518663255 -0.189711262189 0.645698594346
60.2 0.092947932109 -0.034613544990 0.750870480383 -0.294947631948 0.674380811757 -0.177110433902 0.653336291159
60.3 0.092653638691 -0.033158971472 0.744506711244 -0.318753809689 0.665132682372 -0.187489673223 0.648723474282
60.4 0.094675800703 -0.034244003083 0.749623582305 -0.310096365266 0.673148771908 -0.186957839644 0.644792789447
60.5 0.098873134763 -0.035489221896 0.755230914030 -0.305296179480 0.677988448795 -0.176906570648 0.644848797283
60.6 0.102259464406 -0.036558118397 0.754598390252 -0.300501462824 0.676487821001 -0.171664112611 0.650072712332
60.7 0.097684120159 -0.030853270184 0.711230683802 -0.327427334968 0.672086442165 -0.188180653540 0.636929506466
60.8 0.098941056162 -0.029861090393 0.728658971647 -0.309833842743 0.674793290390 -0.168301308740 0.648329911860
60.9 0.098774881160 -0.026678642145 0.731922416980 -0.323052343622 0.669518335365 -0.188140065103 0.641861120332
61.0 0.093707420305 -0.026622312818 0.712865451968 -0.333287644164 0.659182283875 -0.194011457651 0.645567670483
61.1 0.094731126196 -0.032645734780 0.728402931101 -0.310900706710 0.674783595694 -0.180277578605 0.644598979368
61.2 0.092437951614 -0.032071402930 0.724294036600 -0.320967125387 0.666368922673 -0.191259545110 0.645253709576
61.3 0.090655205960 -0.034259432999 0.721280837302 -0.319278511504 0.666359850723 -0.190066544676 0.646452233371
61.4 0.086301521717 -0.030967387813 0.693240661139 -0.327013759617 0.666335969037 -0.204430823451 0.638174283258
61.5 0.091029028863 -0.037526860363 0.744272214511 -0.299629109025 0.664771202240 -0.170600132886 0.662719578975
61.6 0.087663734963 -0.031422382840 0.721772231218 -0.293355627469 0.669660602828 -0.167883617173 0.661295882293
61.7 0.091314453287 -0.046755280939 0.721384421472 -0.007938378648 0.707394628573 0.063044927054 0.703956787582
61.8 0.096410853931 -0.046260368846 0.721561686280 -0.012063176235 0.707632908048 0.055943593618 0.704258802969
61.9 0.096011245876 -0.014171881766 0.694968978900 -0.318191933211 0.680548809062 -0.190506318205 0.631913407713
62.0 0.096096815360 -0.015175047038 0.682500664555 -0.320136225383 0.675506396253 -0.190255542608 0.636401394033
62.1 0.097475369976 -0.013283756011 0.676876593338 -0.330835251459 0.672752738331 -0.194839380088 0.632447156233
62.2 0.099557402776 -0.015164813458 0.686315047451 -0.321300313034 0.679415662013 -0.177391813091 0.635368091507
62.3 0.099031387852 -0.016574653462 0.679165427477 -0.328378654780 0.673862950742 -0.188427221038 0.634485118087
62.4 0.099896777309 -0.019159161166 0.683652295401 -0.310387478136 0.680578938368 -0.175761637509 0.639984194216
62.5 0.096598654955 -0.012926703991 0.647310544712 -0.350465200717 0.650231063808 -0.228500908905 0.634161683938
62.6 0.000000000000 0.000000000000 0.000000000000 0.000000000000 0.000000000000 0.000000000000 0.000000000000
62.7 0.117082802328 -0.022755010745 0.701881675174 -0.295380364293 0.697103489811 -0.153448940357 0.635020147386
62.8 0.122054545971 -0.011955035949 0.710401700146 -0.082592827711 0.762768328236 0.012589579665 0.641252216163
62.9 0.124051625587 -0.019570510750 0.693415154198 -0.289770699507 0.707799189348 -0.144250835216 0.627889278301
63.0 0.137991954286 -0.026567811433 0.767929617245 -0.272123738859 0.708862489050 -0.150682667533 0.633054007232
63.1 0.118425979725 -0.021987864197 0.674838416507 -0.296763160126 0.696581925857 -0.152417510897 0.635196150597
63.2 0.088697678066 -0.012781870006 0.605990307355 -0.400079697008 0.722830783648 -0.157959184435 0.540833421956
63.3 0.116413866969 -0.024073683277 0.688520399357 -0.286848461335 0.697702515622 -0.140069820351 0.641334238406
63.4 0.116847167267 -0.024884987062 0.687946902617 -0.290867783080 0.695515380417 -0.149462466359 0.639777507826
63.5 0.113740840713 -0.024785411568 0.680212289417 -0.283409411112 0.696658211536 -0.132280795022 0.645637849929
63.6 0.108807142113 -0.024605723301 0.637682763812 -0.310356627204 0.688096149423 -0.159236908002 0.636275145067
63.7 0.112112540775 -0.023139311062 0.653200587803 -0.301952139872 0.695032830569 -0.152048718011 0.634535623120
63.8 0.105726862227 -0.016893076838 0.621522306134 -0.331631813968 0.663167555601 -0.194705303871 0.642120687883
63.9 0.000000000000 0.000000000000 0.000000000000 0.000000000000 0.000000000000 0.000000000000 0.000000000000
64.0 0.119866940986 -0.027471467390 0.665112870286 -0.293135080636 0.698107017123 -0.138340921099 0.638420086380
64.1 0.000000000000 0.000000000000 0.000000000000 0.000000000000 0.000000000000 0.000000000000 0.000000000000
64.2 0.000000000000 0.000000000000 0.000000000000 0.000000000000 0.000000000000 0.000000000000 0.000000000000
64.3 0.126428011490 -0.022347135601 0.675693351274 -0.286116885731 0.703907031301 -0.133949374257 0.636167889885
64.4 0.107868314964 -0.010338681408 0.583547489574 -0.347602633383 0.658477330169 -0.204226430779 0.635508914091
64.5 0.121194621157 -0.016513540898 0.627174274209 -0.310412629248 0.706980553481 -0.159921362119 0.615018418051
64.6 0.115378023733 -0.007118221109 0.644837869102 -0.169202333127 0.772171447977 0.004145329089 0.612457869277
64.7 0.112079214565 -0.008556205925 0.594430933865 -0.337212423244 0.665303087625 -0.192530712916 0.637645283673
64.8 0.113141912411 -0.008484276668 0.602290686825 -0.332163574403 0.672237701031 -0.186249056808 0.634881974851
64.9 0.091821481060 -0.009465671614 0.569868591832 -0.411859150950 0.723861671946 -0.147182487089 0.533604380755
65.0 0.146906216183 -0.025444646792 0.733837323313 -0.237576890121 0.740967038140 -0.121885988712 0.616172764269
65.1 0.000000000000 0.000000000000 0.000000000000 0.000000000000 0.000000000000 0.000000000000 0.000000000000
65.2 0.117583233902 -0.005888017548 0.552408853804 -0.300785652684 0.574392724290 -0.243927076167 0.721179985118
65.3 0.115742367089 -0.008047318960 0.620108745917 -0.241891069969 0.791250123421 -0.041201203339 0.560102145415
65.4 0.000000000000 0.000000000000 0.000000000000 0.000000000000 0.000000000000 0.000000000000 0.000000000000
65.5 0.000000000000 0.000000000000 0.000000000000 0.000000000000 0.000000000000 0.000000000000 0.000000000000
65.6 0.000000000000 0.000000000000 0.000000000000 0.000000000000 0.000000000000 0.000000000000 0.000000000000
65.7 0.106196170152 -0.008956620431 0.565988785298 -0.346436961451 0.674650053131 -0.187986379241 0.624091226322
65.8 0.109893534498 -0.003507633640 0.523318087738 -0.305525768797 0.588521099348 -0.255307022804 0.703644259786
65.9 0.000000000000 0.000000000000 0.000000000000 0.000000000000 0.000000000000 0.000000000000 0.000000000000
66.0 0.000000000000 0.000000000000 0.000000000000 0.000000000000 0.000000000000 0.000000000000 0.000000000000
66.1 0.000000000000 0.000000000000 0.000000000000 0.000000000000 0.000000000000 0.000000000000 0.000000000000
66.2 0.000000000000 0.000000000000 0.000000000000 0.000000000000 0.000000000000 0.000000000000 0.000000000000
66.3 0.000000000000 0.000000000000 0.000000000000 0.000000000000 0.000000000000 0.000000000000 0.000000000000
66.4 0.000000000000 0.000000000000 0.000000000000 0.000000000000 0.000000000000 0.000000000000 0.000000000000
66.5 0.000000000000 0.000000000000 0.000000000000 0.000000000000 0.000000000000 0.000000000000 0.000000000000
66.6 0.000000000000 0.000000000000 0.000000000000 0.000000000000 0.000000000000 0.000000000000 0.000000000000
66.7 0.000000000000 0.000000000000 0.000000000000 0.000000000000 0.000000000000 0.000000000000 0.000000000000
66.8 0.000000000000 0.000000000000 0.000000000000 0.000000000000 0.000000000000 0.000000000000 0.000000000000
66.9 0.104843458164 -0.001097347303 0.583257099310 -0.216472369443 0.793593203663 -0.023705252228 0.568143997050
67.0 0.000000000000 0.000000000000 0.000000000000 0.000000000000 0.000000000000 0.000000000000 0.000000000000
67.1 0.000000000000 0.000000000000 0.000000000000 0.000000000000 0.000000000000 0.000000000000 0.000000000000
67.2 0.000000000000 0.000000000000 0.000000000000 0.000000000000 0.000000000000 0.000000000000 0.000000000000
67.3 0.000000000000 0.000000000000 0.000000000000 0.000000000000 0.000000000000 0.000000000000 0.000000000000
67.4 0.000000000000 0.000000000000 0.000000000000 0.000000000000 0.000000000000 0.000000000000 0.000000000000
67.5 0.000000000000 0.000000000000 0.000000000000 0.000000000000 0.000000000000 0.000000000000 0.000000000000
67.6 0.000000000000 0.000000000000 0.000000000000 0.000000000000 0.000000000000 0.000000000000 0.000000000000
67.7 0.000000000000 0.000000000000 0.000000000000 0.000000000000 0.000000000000 0.000000000000 0.000000000000
67.8 0.000000000000 0.000000000000 0.000000000000 0.000000000000 0.000000000000 0.000000000000 0.000000000000
67.9 0.000000000000 0.000000000000 0.000000000000 0.000000000000 0.000000000000 0.000000000000 0.000000000000
68.0 0.096160813388 -0.013899798571 0.602851676147 -0.142375671594 0.771149947392 0.011393526534 0.620424946572
68.1 0.000000000000 0.000000000000 0.000000000000 0.000000000000 0.000000000000 0.000000000000 0.000000000000
68.2 0.000000000000 0.000000000000 0.000000000000 0.000000000000 0.000000000000 0.000000000000 0.000000000000
68.3 0.000000000000 0.000000000000 0.000000000000 0.000000000000 0.000000000000 0.000000000000 0.000000000000
68.4 0.000000000000 0.000000000000 0.000000000000 0.000000000000 0.000000000000 0.000000000000 0.000000000000
68.5 0.000000000000 0.000000000000 0.000000000000 0.000000000000 0.000000000000 0.000000000000 0.000000000000
68.6 0.000000000000 0.000000000000 0.000000000000 0.000000000000 0.000000000000 0.000000000000 0.000000000000
68.7 0.000000000000 0.000000000000 0.000000000000 0.000000000000 0.000000000000 0.000000000000 0.000000000000
68.8 0.000000000000 0.000000000000 0.000000000000 0.000000000000 0.000000000000 0.000000000000 0.000000000000
68.9 0.000000000000 0.000000000000 0.000000000000 0.000000000000 0.000000000000 0.000000000000 0.000000000000
69.0 0.000000000000 0.000000000000 0.000000000000 0.000000000000 0.000000000000 0.000000000000 0.000000000000
69.1 0.000000000000 0.000000000000 0.000000000000 0.000000000000 0.000000000000 0.000000000000 0.000000000000
69.2 0.000000000000 0.000000000000 0.000000000000 0.000000000000 0.000000000000 0.000000000000 0.000000000000
69.3 0.000000000000 0.000000000000 0.000000000000 0.000000000000 0.000000000000 0.000000000000 0.000000000000
69.4 0.000000000000 0.000000000000 0.000000000000 0.000000000000 0.000000000000 0.000000000000 0.000000000000
69.5 0.000000000000 0.000000000000 0.000000000000 0.000000000000 0.000000000000 0.000000000000 0.000000000000
69.6 0.000000000000 0.000000000000 0.000000000000 0.000000000000 0.000000000000 0.000000000000 0.000000000000
69.7 0.115669051173 -0.000304528593 0.599950079004 -0.337597539437 0.661798656494 -0.186463181102 0.642870065971
69.8 0.000000000000 0.000000000000 0.000000000000 0.000000000000 0.000000000000 0.000000000000 0.000000000000
69.9 0.000000000000 0.000000000000 0.000000000000 0.000000000000 0.000000000000 0.000000000000 0.000000000000
70.0 0.000000000000 0.000000000000 0.000000000000 0.000000000000 0.000000000000 0.000000000000 0.000000000000
70.1 0.000000000000 0.000000000000 0.000000000000 0.000000000000 0.000000000000 0.000000000000 0.000000000000
70.2 0.119742510023 -0.012371324613 0.670468912439 -0.118362899790 0.598375421972 -0.098419283077 0.786289210820
70.3 0.202439074422 -0.050680638830 1.057509171955 0.072126375355 0.307419554745 0.011723448240 0.948764229986
70.4 0.118065910231 -0.028078838502 0.700912250566 0.350174593978 0.173968473762 -0.027898863156 0.919964334800
70.5 0.000000000000 0.000000000000 0.000000000000 0.000000000000 0.000000000000 0.000000000000 0.000000000000
70.6 -0.010472689934 0.043496181341 0.069578129253 -0.435646605399 -0.487236040445 0.683556843261 0.324904783168
70.7 0.222216586982 -0.085997273073 1.037568155058 0.047829603981 0.383738253245 0.102208409394 -0.916520988864
70.8 0.171506318739 -0.069590168062 0.887267879571 -0.016143642005 0.735301057944 0.058887944362 0.674984405019
70.9 0.000000000000 0.000000000000 0.000000000000 0.000000000000 0.000000000000 0.000000000000 0.000000000000
71.0 0.000000000000 0.000000000000 0.000000000000 0.000000000000 0.000000000000 0.000000000000 0.000000000000
71.1 0.000000000000 0.000000000000 0.000000000000 0.000000000000 0.000000000000 0.000000000000 0.000000000000
71.2 0.000000000000 0.000000000000 0.000000000000 0.000000000000 0.000000000000 0.000000000000 0.000000000000
71.3 0.000000000000 0.000000000000 0.000000000000 0.000000000000 0.000000000000 0.000000000000 0.000000000000
71.4 0.000000000000 0.000000000000 0.000000000000 0.000000000000 0.000000000000 0.000000000000 0.000000000000
71.5 0.000000000000 0.000000000000 0.000000000000 0.000000000000 0.000000000000 0.000000000000 0.000000000000
71.6 0.000000000000 0.000000000000 0.000000000000 0.000000000000 0.000000000000 0.000000000000 0.000000000000
71.7 0.000000000000 0.000000000000 0.000000000000 0.000000000000 0.000000000000 0.000000000000 0.000000000000
71.8 0.000000000000 0.000000000000 0.000000000000 0.000000000000 0.000000000000 0.000000000000 0.000000000000
71.9 0.000000000000 0.000000000000 0.000000000000 0.000000000000 0.000000000000 0.000000000000 0.000000000000
72.0 0.000000000000 0.000000000000 0.000000000000 0.000000000000 0.000000000000 0.000000000000 0.000000000000
72.1 0.000000000000 0.000000000000 0.000000000000 0.000000000000 0.000000000000 0.000000000000 0.000000000000
72.2 0.000000000000 0.000000000000 0.000000000000 0.000000000000 0.000000000000 0.000000000000 0.000000000000
72.3 0.127088137553 -0.004176953194 0.662932494821 -0.144367128482 0.739692285234 0.086718094435 0.651531601288
72.4 0.107741102731 -0.018916022015 0.637368600844 0.030008137772 0.637003797809 0.212909198446 0.740267077791
72.5 0.000000000000 0.000000000000 0.000000000000 0.000000000000 0.000000000000 0.000000000000 0.000000000000
72.6 0.000000000000 0.000000000000 0.000000000000 0.000000000000 0.000000000000 0.000000000000 0.000000000000
72.7 0.000000000000 0.000000000000 0.000000000000 0.000000000000 0.000000000000 0.000000000000 0.000000000000
72.8 0.000000000000 0.000000000000 0.000000000000 0.000000000000 0.000000000000 0.000000000000 0.000000000000
72.9 0.000000000000 0.000000000000 0.000000000000 0.000000000000 0.000000000000 0.000000000000 0.000000000000
73.0 0.000000000000 0.000000000000 0.000000000000 0.000000000000 0.000000000000 0.000000000000 0.000000000000
73.1 0.000000000000 0.000000000000 0.000000000000 0.000000000000 0.000000000000 0.000000000000 0.000000000000
73.2 0.000000000000 0.000000000000 0.000000000000 0.000000000000 0.000000000000 0.000000000000 0.000000000000
73.3 0.000000000000 0.000000000000 0.000000000000 0.000000000000 0.000000000000 0.000000000000 0.000000000000
73.4 0.000000000000 0.000000000000 0.000000000000 0.000000000000 0.000000000000 0.000000000000 0.000000000000
73.5 0.110132457031 -0.009697469306 0.746345018795 0.027291624363 0.115348422325 0.046232378334 0.991873215638
73.6 0.000000000000 0.000000000000 0.000000000000 0.000000000000 0.000000000000 0.000000000000 0.000000000000
73.7 0.000000000000 0.000000000000 0.000000000000 0.000000000000 0.000000000000 0.000000000000 0.000000000000
73.8 0.000000000000 0.000000000000 0.000000000000 0.000000000000 0.000000000000 0.000000000000 0.000000000000
73.9 0.000000000000 0.000000000000 0.000000000000 0.000000000000 0.000000000000 0.000000000000 0.000000000000
74.0 0.000000000000 0.000000000000 0.000000000000 0.000000000000 0.000000000000 0.000000000000 0.000000000000
74.1 0.000000000000 0.000000000000 0.000000000000 0.000000000000 0.000000000000 0.000000000000 0.000000000000
74.2 0.000000000000 0.000000000000 0.000000000000 0.000000000000 0.000000000000 0.000000000000 0.000000000000
74.3 0.000000000000 0.000000000000 0.000000000000 0.000000000000 0.000000000000 0.000000000000 0.000000000000
74.4 0.000000000000 0.000000000000 0.000000000000 0.000000000000 0.000000000000 0.000000000000 0.000000000000
74.5 0.000000000000 0.000000000000 0.000000000000 0.000000000000 0.000000000000 0.000000000000 0.000000000000
74.6 0.000000000000 0.000000000000 0.000000000000 0.000000000000 0.000000000000 0.000000000000 0.000000000000
74.7 0.000000000000 0.000000000000 0.000000000000 0.000000000000 0.000000000000 0.000000000000 0.000000000000
74.8 0.000000000000 0.000000000000 0.000000000000 0.000000000000 0.000000000000 0.000000000000 0.000000000000
74.9 0.169834996060 -0.010391993291 0.935015646179 0.189852368058 -0.589268256271 -0.036429590886 0.784469174284
75.0 0.096439565218 0.001739733346 0.695430961836 -0.191861322602 0.752175565140 0.284437819518 0.562597794987
75.1 0.056324262496 0.041477677118 0.403019931169 -0.113638729594 0.656962470201 0.194491558927 0.719485639461
75.2 0.101953387183 0.000146515994 0.713521621001 -0.204785182408 0.725206653448 0.267735700399 0.600379824438
75.3 0.091282371100 0.022630127534 0.588024018245 -0.170279215976 0.716786761972 0.171393877904 0.654099277698
75.4 0.093123697564 0.024427279301 0.592351964223 -0.169892710149 0.721217840558 0.179089018312 0.647231347370
75.5 0.000000000000 0.000000000000 0.000000000000 0.000000000000 0.000000000000 0.000000000000 0.000000000000
75.6 0.096589361997 0.031786877750 0.598582989833 -0.177963457767 0.726160461373 0.170413050954 0.641856202044
75.7 0.109022701098 0.027563204542 0.631838817742 -0.149940859495 0.759951792665 0.203040786133 0.598970325347
75.8 0.000000000000 0.000000000000 0.000000000000 0.000000000000 0.000000000000 0.000000000000 0.000000000000
75.9 0.000000000000 0.000000000000 0.000000000000 0.000000000000 0.000000000000 0.000000000000 0.000000000000
76.0 0.000000000000 0.000000000000 0.000000000000 0.000000000000 0.000000000000 0.000000000000 0.000000000000
76.1 0.000000000000 0.000000000000 0.000000000000 0.000000000000 0.000000000000 0.000000000000 0.000000000000
76.2 0.000000000000 0.000000000000 0.000000000000 0.000000000000 0.000000000000 0.000000000000 0.000000000000
76.3 0.000000000000 0.000000000000 0.000000000000 0.000000000000 0.000000000000 0.000000000000 0.000000000000
76.4 0.000000000000 0.000000000000 0.000000000000 0.000000000000 0.000000000000 0.000000000000 0.000000000000
76.5 0.000000000000 0.000000000000 0.000000000000 0.000000000000 0.000000000000 0.000000000000 0.000000000000
76.6 0.000000000000 0.000000000000 0.000000000000 0.000000000000 0.000000000000 0.000000000000 0.000000000000
76.7 0.000000000000 0.000000000000 0.000000000000 0.000000000000 0.000000000000 0.000000000000 0.000000000000
76.8 0.000000000000 0.000000000000 0.000000000000 0.000000000000 0.000000000000 0.000000000000 0.000000000000
76.9 0.000000000000 0.000000000000 0.000000000000 0.000000000000 0.000000000000 0.000000000000 0.000000000000
77.0 0.000000000000 0.000000000000 0.000000000000 0.000000000000 0.000000000000 0.000000000000 0.000000000000
77.1 0.000000000000 0.000000000000 0.000000000000 0.000000000000 0.000000000000 0.000000000000 0.000000000000
77.2 0.000000000000 0.000000000000 0.000000000000 0.000000000000 0.000000000000 0.000000000000 0.000000000000
77.3 0.247973712990 -0.049358662705 1.307751745439 -0.376396506355 0.882040719053 0.208098747434 0.192418167678
77.4 0.000000000000 0.000000000000 0.000000000000 0.000000000000 0.000000000000 0.000000000000 0.000000000000
77.5 0.000000000000 0.000000000000 0.000000000000 0.000000000000 0.000000000000 0.000000000000 0.000000000000
77.6 0.000000000000 0.000000000000 0.000000000000 0.000000000000 0.000000000000 0.000000000000 0.000000000000
77.7 0.106514672641 0.033212029698 0.653036899537 -0.183889725968 0.738279262934 0.248336641784 0.599547505168
77.8 0.101565959999 0.036053508993 0.637931748590 -0.185434331109 0.739834248830 0.247816827745 0.597366062805
77.9 0.095899522511 0.039499005748 0.638154965379 -0.217518755354 0.707203009293 0.225768460048 0.633701899290
78.0 0.095791111523 0.039766035759 0.640942228032 -0.207250650833 0.704392204550 0.244062232386 0.633492238801
78.1 0.000000000000 0.000000000000 0.000000000000 0.000000000000 0.000000000000 0.000000000000 0.000000000000
78.2 0.000000000000 0.000000000000 0.000000000000 0.000000000000 0.000000000000 0.000000000000 0.000000000000
78.3 0.000000000000 0.000000000000 0.000000000000 0.000000000000 0.000000000000 0.000000000000 0.000000000000
78.4 0.000000000000 0.000000000000 0.000000000000 0.000000000000 0.000000000000 0.000000000000 0.000000000000
78.5 0.000000000000 0.000000000000 0.000000000000 0.000000000000 0.000000000000 0.000000000000 0.000000000000
78.6 0.000000000000 0.000000000000 0.000000000000 0.000000000000 0.000000000000 0.000000000000 0.000000000000
78.7 0.113963157734 0.064477694193 0.765770362652 -0.273749177429 0.723029609951 0.297764132725 0.560023296170
78.8 0.000000000000 0.000000000000 0.000000000000 0.000000000000 0.000000000000 0.000000000000 0.000000000000
78.9 0.247880012002 0.042183610400 1.510199952750 -0.395192146579 0.773865039618 0.274533291982 0.411810076775
79.0 0.080041828280 0.053183969650 0.715177283847 -0.313316669701 0.677238557679 0.347239474751 0.567983580445
79.1 0.000000000000 0.000000000000 0.000000000000 0.000000000000 0.000000000000 0.000000000000 0.000000000000
79.2 0.070937870427 0.070680145991 0.642375111626 0.304823037915 -0.578253142263 0.220959699259 0.723797644595
79.3 0.054304833704 0.078383638329 0.583351761600 0.345687524656 -0.563529960520 0.177723080031 0.728936640400
79.4 0.073304114386 0.079803617039 0.668230331431 -0.264179637675 0.704417884740 0.291191786606 0.590941542041
79.5 0.072756801421 0.086578088055 0.674604116312 -0.301462348613 0.683664187560 0.242165811946 0.618934124557
79.6 0.074477695236 0.088219510158 0.682657885242 -0.288526921385 0.686976595323 0.247598916124 0.619281963122
79.7 0.000000000000 0.000000000000 0.000000000000 0.000000000000 0.000000000000 0.000000000000 0.000000000000
79.8 0.069972100482 0.094081226912 0.673242968832 -0.295907981183 0.683394101447 0.248705867285 0.619319271747
79.9 0.070606368117 0.093837898373 0.664223518592 -0.297575411971 0.694824039268 0.253000869331 0.603870009823
80.0 0.069590896813 0.093545464907 0.656108838120 -0.292102609842 0.683500689904 0.258135097915 0.617145966080
80.1 0.074282260208 0.093460049613 0.675502952785 -0.299419857907 0.684248055087 0.256704960489 0.613396210504
80.2 0.070729510075 0.091679671725 0.662591148463 -0.292414025398 0.685735713105 0.263662939444 0.612162089554
80.3 0.000000000000 0.000000000000 0.000000000000 0.000000000000 0.000000000000 0.000000000000 0.000000000000
80.4 0.064420999006 0.081816635599 0.656433523686 -0.288766073209 0.689090655748 0.286910946332 0.599541768352
80.5 0.062221088186 0.080987766119 0.659797593991 -0.310842216671 0.676217379369 0.264274482274 0.613405388136
80.6 0.062531702867 0.078667855123 0.674487454644 -0.317854232498 0.672034739976 0.268307659213 0.612657322781
80.7 0.054828680835 0.068049091478 0.655356961162 -0.313394600900 0.670437819108 0.314443457331 0.594493285899
80.8 0.053205468767 0.062543337430 0.650979113496 -0.323509614992 0.668040129293 0.322651454080 0.587332915681
80.9 0.000000000000 0.000000000000 0.000000000000 0.000000000000 0.000000000000 0.000000000000 0.000000000000
81.0 0.000000000000 0.000000000000 0.000000000000 0.000000000000 0.000000000000 0.000000000000 0.000000000000
81.1 0.048700087325 0.054778041047 0.625521403378 -0.350162355908 0.631461925127 0.261858304981 0.640368948132
81.2 0.051664465039 0.049865351815 0.631363339167 -0.322606601009 0.652954488286 0.305075368109 0.613599573815
81.3 0.000000000000 0.000000000000 0.000000000000 0.000000000000 0.000000000000 0.000000000000 0.000000000000
81.4 0.056072704176 0.040096691496 0.630481320880 -0.297056627832 0.672902249906 0.349542015175 0.580327753567
81.5 0.000000000000 0.000000000000 0.000000000000 0.000000000000 0.000000000000 0.000000000000 0.000000000000
81.6 0.000000000000 0.000000000000 0.000000000000 0.000000000000 0.000000000000 0.000000000000 0.000000000000
81.7 0.000000000000 0.000000000000 0.000000000000 0.000000000000 0.000000000000 0.000000000000 0.000000000000
81.8 0.024484728118 0.015036532417 0.544521074339 -0.203912138002 0.520680814937 0.360976453713 0.746329236194
81.9 0.000000000000 0.000000000000 0.000000000000 0.000000000000 0.000000000000 0.000000000000 0.000000000000
82.0 0.000000000000 0.000000000000 0.000000000000 0.000000000000 0.000000000000 0.000000000000 0.000000000000
82.1 0.048324914990 -0.075027836093 0.792150722493 0.697282555455 -0.512230848561 -0.499538633966 0.043332999160
82.2 0.029184968580 0.019144778754 0.548343815580 -0.494126114678 0.707913656007 0.187336090114 0.468617997704
82.3 0.041284027299 0.000618334902 0.542007919374 -0.618163512053 0.455927942940 -0.029768294457 0.639622882532
82.4 0.000000000000 0.000000000000 0.000000000000 -0.621023071098 0.774576350008 0.058118330105 -0.104804975441
82.5 0.060790960676 0.012830741761 0.665716786364 0.260800690524 -0.648623022593 0.227135785515 0.677997425750
82.6 0.288983404586 -0.094399392283 1.874999070467 -0.850664786903 0.443894543592 -0.013372124759 0.281332971354
82.7 0.031116563087 0.019236861694 0.614944498918 0.361240012984 -0.589436017108 0.258472444004 0.674731672923
82.8 0.171598677308 -0.083887811708 0.616938461405 0.600963047723 0.364612757357 -0.656699922238 0.273214502867
82.9 0.062086963931 0.049828843468 0.592701695467 0.320411668216 -0.875708199905 -0.301547495045 0.198848232888
83.0 0.000000000000 0.000000000000 0.000000000000 0.000000000000 0.000000000000 0.000000000000 0.000000000000
83.1 0.027621121977 0.038471677539 0.667160897562 0.330572845571 -0.586132922502 0.264300408997 0.690879935107
83.2 0.010830995992 0.052044501711 0.571174616904 -0.519521500364 0.683963069010 0.125233603341 0.496596894356
83.3 0.001706831362 -0.023991516044 0.702359826536 0.708646265678 -0.533142601524 -0.461979534379 0.012423622475
83.4 0.000000000000 0.000000000000 0.000000000000 0.000000000000 0.000000000000 0.000000000000 0.000000000000
83.5 0.000000000000 0.000000000000 0.000000000000 0.000000000000 0.000000000000 0.000000000000 0.000000000000
83.6 0.021198307348 0.044079938786 0.573579183692 -0.535251156726 0.584432905745 0.072730654091 0.605520131673
83.7 0.000000000000 0.000000000000 0.000000000000 0.000000000000 0.000000000000 0.000000000000 0.000000000000
83.8 0.045657448739 0.039062059722 0.667166063973 -0.259223323646 0.677909699192 0.319329293825 0.609319711091
83.9 0.014169237950 0.033936824027 0.566588818975 -0.171106604217 0.521773788620 0.347553749420 0.760053310476
84.0 0.000000000000 0.000000000000 0.000000000000 0.000000000000 0.000000000000 0.000000000000 0.000000000000
84.1 0.000000000000 0.000000000000 0.000000000000 0.000000000000 0.000000000000 0.000000000000 0.000000000000
84.2 0.000000000000 0.000000000000 0.000000000000 0.000000000000 0.000000000000 0.000000000000 0.000000000000
84.3 0.017232434328 0.033869296381 0.597222018225 0.357652519355 -0.597032028339 0.216501843961 0.684663701461
84.4 0.000000000000 0.000000000000 0.000000000000 0.000000000000 0.000000000000 0.000000000000 0.000000000000
84.5 0.210760874341 -0.137835099714 1.052729786314 -0.935084309543 -0.333054076681 -0.075652065671 0.094705232232
84.6 0.047033692982 0.014312463329 0.692475500809 -0.240993191529 0.674615177451 0.289169236033 0.634978579892
84.7 0.025515383019 0.015110060323 0.602029460229 -0.167725842150 0.526322148152 0.289595274861 0.781656967613
84.8 0.028425915388 0.011427332693 0.610035299047 -0.152018825363 0.517188087444 0.300338385782 0.786894918631
84.9 0.058941591129 0.008940570288 0.693342842775 -0.228475027929 0.695721108227 0.291452999519 0.615488789704
85.0 0.000000000000 0.000000000000 0.000000000000 0.000000000000 0.000000000000 0.000000000000 0.000000000000
85.1 0.000000000000 0.000000000000 0.000000000000 0.000000000000 0.000000000000 0.000000000000 0.000000000000
85.2 0.000000000000 0.000000000000 0.000000000000 0.000000000000 0.000000000000 0.000000000000 0.000000000000
85.3 0.000000000000 0.000000000000 0.000000000000 0.000000000000 0.000000000000 0.000000000000 0.000000000000
85.4 0.000000000000 0.000000000000 0.000000000000 0.000000000000 0.000000000000 0.000000000000 0.000000000000
85.5 0.000000000000 0.000000000000 0.000000000000 0.000000000000 0.000000000000 0.000000000000 0.000000000000
85.6 0.000000000000 0.000000000000 0.000000000000 0.000000000000 0.000000000000 0.000000000000 0.000000000000
85.7 0.000000000000 0.000000000000 0.000000000000 0.000000000000 0.000000000000 0.000000000000 0.000000000000
85.8 0.061383762923 -0.036282692450 0.732652037637 -0.181298225896 0.691275887650 0.258545780783 0.649940520109
85.9 0.054677136362 -0.042245047054 0.737254975149 -0.286518082792 0.634269761943 0.175725520990 0.696225393526
86.0 0.049881284263 -0.015858565402 0.629212983268 -0.354806531568 0.503029618889 -0.036931398798 0.787216361275
86.1 0.000000000000 0.000000000000 0.000000000000 0.000000000000 0.000000000000 0.000000000000 0.000000000000
86.2 0.000000000000 0.000000000000 0.000000000000 0.000000000000 0.000000000000 0.000000000000 0.000000000000
86.3 0.000000000000 0.000000000000 0.000000000000 0.000000000000 0.000000000000 0.000000000000 0.000000000000
86.4 0.061957303419 -0.041145798431 0.681531166121 -0.152322317720 0.634708425400 0.244219242079 0.717147187158
86.5 0.093234814173 -0.051547182294 1.096037369077 -0.397611262445 0.528277430216 0.040511969134 -0.749124169319
86.6 0.169373888835 -0.035175203517 0.865182677740 0.310720896061 -0.936021255918 -0.004387870136 0.165219489820
86.7 0.071253603484 -0.045808884501 0.724583783037 -0.326385442603 0.544738602509 0.036772465680 0.771608828074
86.8 0.105031866510 -0.071690017936 0.660301352420 0.090542198502 0.762408304485 0.452492693587 0.453636473174
86.9 0.084518126121 -0.036487898285 0.729760052469 -0.386042308870 0.610617366874 0.001965139269 0.691457811628
87.0 0.085573716105 -0.036546697092 0.719606732636 -0.371904461682 0.620986880415 0.007432429751 0.689932695791
87.1 0.083246562282 -0.035023597529 0.716829162478 -0.366402658024 0.628957704628 0.005314875026 0.685662489921
87.2 0.074489447422 -0.024697228714 0.709518629875 -0.319253751999 0.688291542641 0.074747790675 0.647104753462
87.3 0.097740229198 -0.045026924118 0.859305629724 -0.284563015903 0.641512635017 0.080452336751 0.707822612386
87.4 0.000000000000 0.000000000000 0.000000000000 0.000000000000 0.000000000000 0.000000000000 0.000000000000
87.5 0.000000000000 0.000000000000 0.000000000000 0.000000000000 0.000000000000 0.000000000000 0.000000000000
87.6 0.000000000000 0.000000000000 0.000000000000 0.000000000000 0.000000000000 0.000000000000 0.000000000000
87.7 0.000000000000 0.000000000000 0.000000000000 0.000000000000 0.000000000000 0.000000000000 0.000000000000
87.8 0.000000000000 0.000000000000 0.000000000000 0.000000000000 0.000000000000 0.000000000000 0.000000000000
87.9 0.000000000000 0.000000000000 0.000000000000 0.000000000000 0.000000000000 0.000000000000 0.000000000000
88.0 0.143827585820 0.028829218715 0.841635419139 0.228181645598 -0.708846993649 -0.083683813301 -0.662167724672
88.1 0.156842455039 0.026744934834 0.936654843851 -0.232449339297 0.650051626436 0.061199894897 0.720870834819
88.2 0.127662895845 0.032792228298 0.765634741373 -0.375135047918 0.637879116410 -0.050416443310 0.670702699350
88.3 0.125129662671 0.034288142075 0.746991670928 -0.386169717371 0.639586655508 -0.061265599218 0.661852238671
88.4 0.129311465338 0.028717273009 0.801935399270 -0.325183899154 0.631112374725 -0.022022095760 0.703894615336
88.5 0.123421867212 0.030899872481 0.763581302226 -0.363253180676 0.654494286757 -0.048749247618 0.661292572307
88.6 0.129285065821 0.031650209124 0.810713869794 -0.326289453995 0.664229471759 -0.028678435522 0.671946388035
88.7 0.110149492905 0.033658953035 0.732996027242 -0.387502913992 0.619577431822 -0.074475081526 0.678541641947
88.8 0.112652123796 0.030501943464 0.781155869103 -0.302575454850 0.572170521765 -0.030630687257 0.761663146768
