0.0 -0.059275305133 -0.081890205636 0.679403828118 0.043470370204 0.825801490597 0.458813223450 0.325042537262
0.1 -0.055088861865 -0.081117946046 0.674316187225 0.050397545926 0.828568084181 0.472683100012 0.295813630863
0.2 -0.048632748291 -0.081297257390 0.662407557262 0.057409697819 0.827399686319 0.483717520514 0.279519670189
0.3 -0.046804511126 -0.083941779109 0.682165524273 0.059850969705 0.829557546636 0.474642150692 0.288039870557
0.4 0.000000000000 0.000000000000 0.000000000000 0.000000000000 0.000000000000 0.000000000000 0.000000000000
0.5 -0.038630910580 -0.078847723475 0.692811419694 0.046689094869 0.837761746572 0.446023999849 0.311509190812
0.6 -0.040303339445 -0.094503602260 0.777404460612 0.042920910615 0.878460976680 0.312204795516 0.359154943638
0.7 -0.029991399108 -0.071941537164 0.702520817339 0.052025257695 0.842194279781 0.443769151278 0.301779899993
0.8 -0.022594988206 -0.068308005557 0.679667554855 0.058001237439 0.837626306913 0.466158497109 0.278772814306
0.9 -0.021687635325 -0.069211375719 0.691701289740 0.052167987925 0.839775468401 0.445268622847 0.306254007673
1.0 -0.021526147345 -0.072966488676 0.691552466087 0.058628694309 0.833880643709 0.447828853264 0.317261826313
1.1 0.000000000000 0.000000000000 0.000000000000 0.000000000000 0.000000000000 0.000000000000 0.000000000000
1.2 -0.025427642418 -0.089904308318 0.678468501963 0.071457574220 0.829564602921 0.460941110028 0.307001103830
1.3 -0.027659874071 -0.090058277827 0.672213308346 0.064448281374 0.833089766096 0.458690072488 0.302342980827
1.4 -0.029737343747 -0.090680603113 0.685244727000 0.063484282461 0.837345825423 0.447870465073 0.306975179849
1.5 -0.030232726574 -0.089425821564 0.676243053560 0.065226469571 0.838867108925 0.446239055810 0.304824845282
1.6 -0.034516071825 -0.088033152046 0.687911800391 0.080227691491 0.826911260951 0.436056204078 0.345884765370
1.7 -0.033866832070 -0.081222664619 0.702598815986 0.078391395412 0.837331260484 0.426594698508 0.332788390043
1.8 -0.029420204896 -0.078038336839 0.691237828993 0.075322479085 0.843312586620 0.433608755010 0.308437761908
1.9 -0.029407236420 -0.077619554398 0.681175523005 0.078376665199 0.839304124678 0.445051521826 0.302249611367
2.0 -0.033089524330 -0.076615035461 0.681916871271 0.073338567721 0.842003318551 0.437311038183 0.307263603308
2.1 0.000000000000 0.000000000000 0.000000000000 0.000000000000 0.000000000000 0.000000000000 0.000000000000
2.2 -0.046492336114 -0.088000706260 0.719019296726 0.068025353857 0.849264702146 0.430045852230 0.298634528983
2.3 -0.047919175134 -0.083907130345 0.683361051256 0.077351094993 0.838719143419 0.445485606082 0.303495603494
2.4 -0.045872413254 -0.083134793869 0.676450735387 0.079450809597 0.838876556943 0.446873930797 0.300461946076
2.5 -0.043562296927 -0.084442199865 0.683393520845 0.082443471810 0.839981036327 0.446763326251 0.296711076442
2.6 -0.041743109369 -0.083110180305 0.684540559968 0.074190442151 0.845140820285 0.444501664269 0.287490943585
2.7 -0.038444095552 -0.083437859351 0.674288316830 0.076193926485 0.842884985907 0.453031822234 0.280181287996
2.8 -0.037987541820 -0.084628730581 0.683463597144 0.078931090144 0.840674852964 0.446981760363 0.295369227417
2.9 -0.038461738975 -0.080374303985 0.694021464767 0.068660855679 0.848230056147 0.431338919800 0.299563340566
3.0 -0.031515947094 -0.079692670045 0.666509580703 0.081828347553 0.840905069540 0.468584923891 0.258090981362
3.1 -0.028803054997 -0.079228204718 0.683782895618 0.073693892150 0.851589834724 0.450641773017 0.257460591288
3.2 -0.028894971924 -0.076480852514 0.681877662082 0.060586364498 0.854078207319 0.447671175281 0.257818205411
3.3 -0.029478012438 -0.077385095159 0.679087913683 0.058180346531 0.854946698343 0.445981610688 0.258421348184
3.4 -0.029423325477 -0.079599852683 0.674792341743 0.061527914995 0.852058532039 0.452559032512 0.255735988372
3.5 -0.026511341946 -0.081507002415 0.675753421572 0.065216725521 0.851061684668 0.458558795358 0.247314817193
3.6 -0.021700313759 -0.080063593639 0.663026926301 0.068635749268 0.849237347165 0.467313507818 0.236015142551
3.7 -0.022582948282 -0.081283556122 0.680533063267 0.055960190886 0.858497391487 0.448399631559 0.242463309110
3.8 -0.020033329815 -0.082277751150 0.669274254958 0.062842421986 0.853672643949 0.463214703105 0.229621396649
3.9 -0.013429389372 -0.082121331235 0.649956351688 0.072231454930 0.843440737300 0.490608889267 0.206623467579
4.0 -0.009577977820 -0.083074029525 0.661417607021 0.072621578040 0.848195273651 0.481055823836 0.209466413804
4.1 -0.004977916920 -0.081704964376 0.650431041698 0.075268329159 0.845132450572 0.488705819220 0.203106971513
4.2 -0.003667570175 -0.080567015990 0.659890652177 0.066997020613 0.855221824411 0.468868215365 0.210403485951
4.3 -0.001737298212 -0.079531271480 0.657350376434 0.058549917742 0.856887497159 0.469957077538 0.203607636439
4.4 -0.001854404782 -0.079743976940 0.666749670693 0.048685773389 0.860996002029 0.463075076331 0.204638837079
4.5 -0.002640130388 -0.077581061779 0.656764623253 0.052756161214 0.857359489297 0.471387228339 0.199863889999
4.6 -0.005548024948 -0.076114412056 0.655550124948 0.046868286043 0.857276046052 0.474131131647 0.195143061963
4.7 -0.007213151925 -0.073602694310 0.658611249105 0.043280609558 0.861477307665 0.467194703563 0.194197698692
4.8 -0.005838427474 -0.072174960317 0.648452161943 0.050223632992 0.855407567366 0.479221158477 0.190006741065
4.9 -0.003539373149 -0.069404952919 0.646594498582 0.043722527884 0.861055248671 0.474359365532 0.177919621245
5.0 -0.002904792729 -0.067618120559 0.646778566787 0.039633307235 0.865023174088 0.468743755368 0.174480374401
5.1 -0.000472954651 -0.065094309655 0.647236345886 0.042285152940 0.866018981356 0.467261494310 0.172886626744
5.2 -0.000964018771 -0.060090417215 0.664194998846 0.029260721620 0.880086413956 0.439617006586 0.176998874747
5.3 0.005854975206 -0.060579172661 0.646557940143 0.046463392260 0.860294587800 0.488348159888 0.138745991353
5.4 0.008667973797 -0.058748690392 0.636906622218 0.035147921967 0.861168856940 0.487704741530 0.138913312920
5.5 0.011132586124 -0.060287148988 0.630969338474 0.034507983470 0.861626627215 0.489300066025 0.130361803220
5.6 0.011933675683 -0.063893413992 0.647211321437 0.028394518849 0.869932884799 0.475317102940 0.128390727456
5.7 0.011144363800 -0.072252380786 0.636737096339 -0.032144359014 -0.849373487425 -0.516552174045 -0.103466277272
5.8 0.006767976426 -0.068584293942 0.627795168148 0.030158975745 0.855482960529 0.505473172811 0.108333798948
5.9 0.001985939327 -0.067638801693 0.639791259221 0.019156305000 0.863962124845 0.492485069347 0.103251824592
6.0 -0.000790320426 -0.065202411957 0.647399192799 0.020289106897 0.872836244103 0.471380532518 0.124682142607
6.1 0.003162616891 -0.065147959099 0.640834247405 0.022953073118 0.863689441933 0.495814290973 0.087646410050
6.2 0.005819666871 -0.064386406738 0.634181799097 0.022478368727 0.862779733557 0.497656719812 0.086276552601
6.3 0.009524263642 -0.069438202922 0.645424443042 0.030232253053 0.855221817447 0.510907342994 0.081580271588
6.4 0.015712935156 -0.066881806114 0.626115322255 0.033205135662 0.849836245386 0.518814862581 0.086642445479
6.5 0.022229073389 -0.065884107100 0.637008377990 -0.024677497438 -0.854189838801 -0.513601114546 -0.077231052992
6.6 0.022790189111 -0.061457433361 0.642327950342 0.015392091128 0.868513012413 0.484484423120 0.103552279330
6.7 0.024307869229 -0.067582757861 0.648760084366 0.021456708803 0.860383467697 0.491931428296 0.131466223858
6.8 0.032232095876 -0.073757533565 0.638337072687 0.025617311051 0.853696804221 0.509735277892 0.103515536563
6.9 0.036267248242 -0.077602271258 0.648168615601 0.026853857258 0.858359059259 0.496112829769 0.127947863901
7.0 0.039211354576 -0.077976160605 0.636253665411 0.022942404343 0.862132572360 0.494924236636 0.106071078760
7.1 0.040736728968 -0.080348873634 0.639239349792 0.021000726543 0.860367122155 0.499312859301 0.100070241015
7.2 0.043194781483 -0.080202932273 0.639577724321 0.023956702163 0.861549863665 0.495987618197 0.105613405567
7.3 0.044665655305 -0.081796995145 0.643266429997 0.024087142860 0.861869714174 0.495450534692 0.105494895664
7.4 0.044392643880 -0.082447374506 0.657518325472 0.019010575470 0.868028302967 0.479965646728 0.125691850293
7.5 0.045529797060 -0.093814400310 0.685772707733 0.040247113589 0.863766230148 0.470415001213 0.176061909956
7.6 0.050969176793 -0.101771521362 0.655139505028 0.027891326006 0.851784585400 0.503449799143 0.142208979153
7.7 0.056218509955 -0.101025999971 0.644759668296 0.025998108784 0.858653038766 0.497448194971 0.120765685018
7.8 0.056653322657 -0.103610220344 0.663086383715 0.027616459813 0.866585606075 0.480100506941 0.133304995130
7.9 0.054565206302 -0.116214160942 0.721326021983 0.038619961271 0.874485271015 0.447290654333 0.183616665678
8.0 0.033557847577 -0.006149489345 0.699879047431 -0.184480604430 -0.349612183170 -0.918444217146 0.014087155809
8.1 0.055290001997 -0.137196646627 0.714851999772 0.018160526919 0.895579922466 0.418150865041 0.150853080192
8.2 0.021741264285 -0.038455898401 0.651499744903 -0.201128749481 -0.494663633504 -0.845195107948 0.022368400041
8.3 0.012583144620 -0.024915596773 0.631968333440 -0.221138590507 -0.438535878491 -0.869812147694 0.047019514969
8.4 0.011343029856 -0.021051590949 0.648951775772 -0.217980924436 -0.423158436218 -0.879082170046 0.025214931035
8.5 0.047894997504 -0.124801492806 0.652549232068 -0.007372512514 0.857159000487 0.471806471308 0.206452773231
8.6 0.020184763805 -0.017002959612 0.711385048347 -0.192035310797 -0.365399533633 -0.910785240563 0.008710097639
8.7 0.027666471467 -0.016555050893 0.710289652786 -0.195408457748 -0.379384476526 -0.904325413217 0.008860057607
8.8 0.048249588812 -0.125215606829 0.682063441732 0.027953978541 0.898679093332 0.396056303185 0.186370241722
8.9 0.050238020273 -0.111702080522 0.678948841441 0.031518743296 0.867914658628 0.471536393397 0.152918749216
9.0 0.047361048596 -0.107279177636 0.670235702563 0.036531292769 0.864295294031 0.471921658661 0.170144225441
9.1 0.045830902592 -0.100746962759 0.610068969566 -0.033698177814 -0.839918681124 -0.525486153011 -0.131397659433
9.2 0.042247544161 -0.100069356417 0.641778347805 0.018726459500 0.852619478736 0.506802274328 0.125860235704
9.3 0.040102644962 -0.102933575282 0.676299860875 0.011584456899 0.863978532778 0.491296788720 0.109701233586
9.4 0.038064019862 -0.097585254427 0.655983193722 0.017512581314 0.865140723010 0.485265307865 0.125468800374
9.5 0.041206009183 -0.096502655863 0.668458729992 0.009548792583 0.866247423580 0.488179311770 0.105854528771
9.6 0.040386624960 -0.092866147639 0.659064368521 0.004574701939 0.865499251954 0.489243884237 0.107380345997
9.7 0.038803494059 -0.088218911236 0.661263130092 0.004501057728 0.865704335847 0.486385369741 0.118173666594
9.8 0.038115809770 -0.085431917233 0.647371793267 -0.011901583724 0.858375259257 0.505853725208 0.084630226832
9.9 0.035955108819 -0.084614124081 0.654683991451 0.018048869560 -0.859297832290 -0.505571308362 -0.075359975391
10.0 0.032161537394 -0.080177126634 0.640253359244 -0.016177842028 0.856906515569 0.508900742274 0.080433422877
10.1 0.030892348853 -0.079532032531 0.644451473925 -0.022843182674 0.855667978440 0.512467982176 0.068462156864
10.2 0.029086520256 -0.077142118426 0.637070682888 -0.024354677499 0.851299764903 0.521017938155 0.056884691089
10.3 0.029116195425 -0.075142548312 0.643610129990 0.037676201441 -0.857533138582 -0.511511279240 -0.039669021778
10.4 0.031489095842 -0.075221902113 0.643887485173 0.031377327353 -0.851532236046 -0.522063986343 -0.036844381763
10.5 0.034877864231 -0.072744010255 0.642615532269 -0.035489561690 0.852975247187 0.520038314344 0.027090040818
10.6 0.036082744375 -0.072293443570 0.634768889189 -0.036788869073 0.850362384855 0.524166556175 0.027925166484
10.7 0.039351403324 -0.072557192999 0.639000048256 0.044166791395 -0.852969099118 -0.519910762330 -0.013631203205
10.8 0.040864599398 -0.072717289135 0.639081803108 -0.044953652364 0.853051498411 0.519668574918 0.015062617304
10.9 0.041567317368 -0.072201521308 0.633787127257 0.052625503653 -0.852444898989 -0.520158836918 -0.001742104525
11.0 0.041746112907 -0.071844553780 0.635008715638 0.056095180293 -0.852776892693 -0.519253938477 -0.000499412368
11.1 0.041658328554 -0.070638793856 0.635919381285 0.062553187676 -0.853055676950 -0.517988247443 0.008443118280
11.2 0.042502621542 -0.071504859584 0.636927560557 0.062777792979 -0.852059221845 -0.519561929556 0.010461000583
11.3 0.042427962707 -0.074877748795 0.640826002186 0.062033113012 -0.849791624008 -0.523397653097 0.007809314204
11.4 0.041450291411 -0.076667370392 0.637204232435 0.068650012656 -0.848714309758 -0.523934186231 0.021544481235
11.5 0.039789983218 -0.077937922133 0.636212156842 0.073010002263 -0.848581243133 -0.523410871958 0.024909285195
11.6 0.038692319259 -0.078791768359 0.629260741458 0.077886659126 -0.845894263681 -0.526640321748 0.032350185653
11.7 0.038092013943 -0.078734847259 0.630945710480 0.077705212089 -0.847553731403 -0.523945166861 0.033106412106
11.8 0.037396147372 -0.078023797521 0.632182938959 0.082128442960 -0.848695184880 -0.520881693586 0.040665259199
11.9 0.035917892378 -0.078089026978 0.632027662478 0.083705641885 -0.848712618893 -0.520765906072 0.038511389490
12.0 0.034580554564 -0.077501106820 0.631340138363 0.084071453706 -0.847185642907 -0.522930326915 0.041861083560
12.1 0.036106573540 -0.076561914917 0.632164751994 0.085292922939 -0.847093970265 -0.522042501225 0.051269384156
12.2 0.036311968087 -0.076597422416 0.631015310404 0.086758795976 -0.847313782964 -0.521225563908 0.053443203952
12.3 0.038057011151 -0.078077430494 0.635081937960 0.088714989724 -0.846013430565 -0.522403006661 0.059042565429
12.4 0.039585202444 -0.076602901081 0.631794771233 0.087613603189 -0.845851867218 -0.522854901788 0.059001923152
12.5 0.039529777625 -0.075113155827 0.628017369891 0.093791236946 -0.846481041583 -0.519964136074 0.065653235324
12.6 0.040755970839 -0.075443496010 0.627885487923 0.094726659519 -0.846524165087 -0.519391659889 0.068234899706
12.7 0.041135587377 -0.075449375334 0.630196248640 0.097825604377 -0.848348801364 -0.515403186168 0.071372389899
12.8 0.040595944196 -0.075656203203 0.629499604643 0.094029661553 -0.847068166366 -0.518413038482 0.069870349995
12.9 0.040683659617 -0.077110822466 0.631531513679 0.090729719569 -0.846220762945 -0.520638716601 0.067925437974
13.0 0.040531688300 -0.078078660115 0.633434941243 0.091546404440 -0.846757823274 -0.518693542427 0.074682351352
13.1 0.039675943933 -0.079143623117 0.635346255896 0.089836105475 -0.846898637487 -0.519575545196 0.068799889605
13.2 0.038640989416 -0.080200027143 0.638931711374 0.088244572207 -0.848864584214 -0.517379379209 0.062931638404
13.3 0.038432452090 -0.079927710748 0.640857804249 0.090688665490 -0.849514498871 -0.515149056729 0.068717767065
13.4 0.038796737602 -0.081095321485 0.644359735885 0.088466673437 -0.848666234305 -0.516177222095 0.074164316437
13.5 0.037759825828 -0.087607646535 0.658524310866 0.091496091824 -0.845811667346 -0.520218890876 0.074855822341
13.6 0.035018198427 -0.089986957318 0.651387405411 0.092356885037 -0.846881645424 -0.518378537292 0.074467284794
13.7 0.031485810258 -0.090691319625 0.645947912663 0.091016000710 -0.846844587819 -0.519405174851 0.069199682325
13.8 0.032252293371 -0.090912526408 0.643978462730 0.089937890736 -0.849678521267 -0.513766009851 0.077473049698
13.9 0.030295679770 -0.092009275537 0.645096687567 0.095225646094 -0.849267053488 -0.513876138971 0.074892335938
14.0 0.029523137361 -0.092450456212 0.653627822392 0.093261133605 -0.852641407157 -0.508927307566 0.072787274806
14.1 0.030472114720 -0.092390560079 0.656169388407 0.091528965182 -0.852088487462 -0.509703895684 0.075957861945
14.2 0.032220804269 -0.091691643332 0.657776144971 0.086088208278 -0.850055779977 -0.514876894783 0.069969811646
14.3 0.032210777576 -0.091385681656 0.661188555297 0.091816379504 -0.851495412926 -0.511990683551 0.066263520708
14.4 0.035218600659 -0.091027654770 0.669816999959 0.084161327869 -0.854663608927 -0.508089733762 0.065664365631
14.5 0.035365850493 -0.090153226067 0.667175735321 0.085816248362 -0.852523159342 -0.512977780490 0.051900202565
14.6 0.037364148510 -0.089509340058 0.670653991110 0.090586402238 -0.856297995907 -0.504349232027 0.064650584604
14.7 0.037180777149 -0.097199636012 0.695936945037 -0.074399508672 0.857403692709 0.509053690821 -0.013709876003
14.8 0.038396818388 -0.101410185716 0.692766651075 -0.067149951207 0.854921231886 0.514286150268 0.010503664415
14.9 0.042809956706 -0.107699158553 0.698138823301 -0.076479860617 0.856785502247 0.509555670198 -0.020553662184
15.0 0.043355239338 -0.110919791201 0.685095940295 0.095550032521 -0.856720514456 -0.500195387186 0.081882391470
15.1 0.040049528110 -0.116230703562 0.692695269954 0.070896207614 -0.854947347748 -0.513538538098 0.017802533883
15.2 0.040991938862 -0.120220270144 0.695924356595 0.082198380508 -0.853270332217 -0.513670386939 0.036275335720
15.3 0.041600404156 -0.120226520821 0.695876563354 -0.079199865633 0.851110085784 0.517613839504 -0.037615373383
15.4 0.043622062305 -0.123518993162 0.702630277111 0.060078012308 -0.844152927928 -0.532704475666 0.004733741866
15.5 0.046104330485 -0.123916668115 0.705493117334 -0.078587040831 0.855119372885 0.511276756179 -0.034511066646
15.6 0.046397318903 -0.125328725000 0.711432231633 -0.074034012900 0.854785407108 0.512732199732 -0.031089613814
15.7 0.046574837979 -0.126799559141 0.718699047852 -0.074261020343 0.858560536197 0.506511007622 -0.028384955529
15.8 0.046637947046 -0.129210288466 0.726556578457 -0.069956435204 0.858352561758 0.507904432130 -0.019237066275
15.9 0.044930915056 -0.131672360012 0.717112137896 -0.049456051931 0.845689533048 0.527014875132 0.067960532736
16.0 0.052774822550 -0.126824752360 0.726686645890 -0.068826010083 0.828053552338 0.556089665163 0.018830270709
16.1 0.057347558806 -0.139341022758 0.722711336516 -0.095666936853 0.866072981953 0.487940796487 0.051761049533
16.2 0.055393810010 -0.139674140113 0.740803574328 -0.072782538384 0.839459289105 0.536383426101 0.047996085740
16.3 0.054890082251 -0.129638808064 0.714822842088 -0.065708500694 0.812639625271 0.574543646844 0.072102914273
16.4 0.055940927616 -0.147857505021 0.729453150695 -0.074504108139 0.853373407604 0.512370424942 0.060658987040
16.5 0.055755064267 -0.132823537227 0.717104571555 -0.076863446750 0.799352754083 0.592960711476 0.059369855482
16.6 0.045133953035 -0.137159123418 0.669887983630 0.042512524926 -0.811875308261 -0.582148022629 0.012443826195
16.7 0.054913659309 -0.138971436523 0.693762089538 -0.074362777654 0.805720764166 0.576664550612 0.112881457992
16.8 0.012171998851 -0.049725729954 0.739074996933 -0.074380559884 -0.416130975368 -0.903998083479 0.063953175968
16.9 0.000000000000 0.000000000000 0.000000000000 0.000000000000 0.000000000000 0.000000000000 0.000000000000
17.0 0.000000000000 0.000000000000 0.000000000000 0.000000000000 0.000000000000 0.000000000000 0.000000000000
17.1 0.000000000000 0.000000000000 0.000000000000 0.000000000000 0.000000000000 0.000000000000 0.000000000000
17.2 -0.015719430571 -0.133593391843 0.675976781576 0.036828345691 0.846575046179 0.530681874073 0.018196501603
17.3 0.004964547391 -0.131803792701 0.741973836059 -0.071946887379 0.868563672073 0.483508042069 0.081490896458
17.4 0.000116847239 -0.123698907164 0.706792847511 0.055436474587 -0.865301723905 -0.498136721821 0.006287309862
17.5 -0.002022826695 -0.113693554007 0.710015502573 -0.028007273844 0.860600414780 0.506101065047 0.049439161103
17.6 0.001594429585 -0.113326331670 0.734647872514 -0.070399652592 0.871493021353 0.485326862879 -0.001280162427
17.7 0.003556071398 -0.106338080032 0.723268647822 0.078641516846 -0.868581701608 -0.487764986490 0.038296963506
17.8 0.005564431757 -0.101767219351 0.717194876377 0.078988407998 -0.866549646524 -0.490420405296 0.048377345745
17.9 0.007260723443 -0.098161336118 0.719108539366 0.083924700709 -0.868347052909 -0.486213926829 0.050259901232
18.0 0.008695571259 -0.092259368178 0.708295756842 0.083884959036 -0.867440201798 -0.485981443908 0.065824358177
18.1 0.008674735551 -0.088461916783 0.699101642019 0.090502889428 -0.864579713729 -0.490461367682 0.061308991382
18.2 0.012097451930 -0.087927090888 0.698937871779 0.092336630920 -0.860217996595 -0.496313425677 0.071916120701
18.3 0.016173877912 -0.084674029158 0.689788911356 0.093070836984 -0.857315966833 -0.499685876379 0.081616035578
18.4 0.016656812451 -0.081566846929 0.694271783157 0.100221127867 -0.865779207430 -0.482534059977 0.086850276182
18.5 0.014792121750 -0.080233093016 0.698548416918 0.104733715188 -0.861647739486 -0.491287689961 0.072321695463
18.6 0.013177727213 -0.077290898777 0.698444379688 0.104851245652 -0.864965042831 -0.484561595743 0.077728700601
18.7 0.012015925116 -0.075022600316 0.688719503003 0.110576931532 -0.861218093625 -0.486932660649 0.094724449960
18.8 0.012176144314 -0.075619514079 0.684980743045 0.111945226174 -0.860092326648 -0.486223420407 0.106283777811
18.9 0.012340439469 -0.076662471752 0.682070764271 0.113247302840 -0.856703016790 -0.491666440549 0.107233859668
19.0 0.014793387921 -0.076252142497 0.673823927189 0.115076983928 -0.852186635025 -0.496956646851 0.116487415652
19.1 0.017269329357 -0.075849294518 0.679296708826 0.114808123233 -0.855304253388 -0.491313132476 0.117835202008
19.2 0.020402994240 -0.072875430116 0.684909102948 0.117306475148 -0.855229228545 -0.486398820552 0.135049416497
19.3 0.020209310320 -0.068113562299 0.673929661366 0.123381358912 -0.852740581372 -0.490553016659 0.130262346828
19.4 0.021506381384 -0.067395150274 0.674155752218 0.127969098096 -0.852339278867 -0.487838246299 0.138403428715
19.5 0.022057546914 -0.067677865422 0.675612380101 0.129764881864 -0.853262843769 -0.484930011303 0.141232004216
19.6 0.020621575804 -0.066579823523 0.680927415791 0.129327395374 -0.853824131801 -0.484890739869 0.138346475019
19.7 0.020691778107 -0.068267247920 0.685825345654 0.136064650043 -0.852662803321 -0.479062423045 0.157961228368
19.8 0.017520753994 -0.071856568212 0.681589265924 0.134520744370 -0.847969142382 -0.493501001571 0.138957779022
19.9 0.013425711156 -0.071505320047 0.678004470962 0.136814185277 -0.849013668968 -0.491191211771 0.138523868307
20.0 0.010779157708 -0.075337906924 0.686285496793 0.140354570648 -0.845520213663 -0.492506129168 0.151108820117
20.1 0.005955088019 -0.075492387274 0.677194733152 0.138337736864 -0.849470161234 -0.487623734322 0.146581750088
20.2 0.004100222553 -0.075792766521 0.676796331810 0.139115483264 -0.849364509332 -0.484672290473 0.155947373979
20.3 0.006411507231 -0.075380811844 0.679966805165 0.135524171109 -0.849029676862 -0.485242278117 0.159128056551
20.4 0.011962000440 -0.074508605117 0.676603348123 0.144833367891 -0.838963538299 -0.505197563813 0.141205164453
20.5 0.000000000000 0.000000000000 0.000000000000 0.000000000000 0.000000000000 0.000000000000 0.000000000000
20.6 0.026005873583 -0.057718680915 0.685501354418 0.132683654261 -0.846087821151 -0.486507237711 0.172745924544
20.7 0.027175802945 -0.056430436766 0.691962441564 0.129663591177 -0.855865502645 -0.473730204907 0.162053347589
20.8 0.024454367391 -0.061517868466 0.688331091139 0.131362578810 -0.849808650830 -0.489106404755 0.146096046115
20.9 0.021931558028 -0.063437303377 0.695840970517 0.133206656386 -0.858665493363 -0.470241531257 0.154345260644
21.0 0.020078481023 -0.064938203573 0.683363234306 0.128631561220 -0.855993283324 -0.478784539905 0.146610997917
21.1 0.020571211430 -0.064916999202 0.687221603290 0.124336886558 -0.856442116080 -0.482339256231 0.135632158221
21.2 0.023489594031 -0.064746904798 0.695193012747 0.121785383783 -0.857006135451 -0.484794198444 0.125233339217
21.3 0.024889688228 -0.066327231063 0.703438021840 0.123904362707 -0.863679418939 -0.472361240569 0.124821587119
21.4 0.025208122854 -0.070968832382 0.712681532494 0.118364845087 -0.867646634249 -0.470824212828 0.107255033165
21.5 0.000000000000 0.000000000000 0.000000000000 0.000000000000 0.000000000000 0.000000000000 0.000000000000
21.6 0.025691269387 -0.086090146238 0.700118932044 0.117374539338 -0.859325566334 -0.483364138427 0.118919713433
21.7 0.023975407964 -0.092283544117 0.717924724837 0.106120946447 -0.862739816532 -0.487230597787 0.083813473112
21.8 0.024037914711 -0.102162736551 0.712490938332 0.105311183365 -0.856969287532 -0.496104208028 0.091617736610
21.9 0.022303067685 -0.102544270310 0.697016041976 0.107760385623 -0.859318497943 -0.490579626141 0.096390086619
22.0 0.022412112776 -0.108781817565 0.722254610329 0.101177441367 -0.866110368670 -0.482028993382 0.085229127536
22.1 0.021466460290 -0.107877467931 0.688087007522 0.100082087767 -0.855926048441 -0.496922520953 0.102187002493
22.2 0.017888544431 -0.111647385100 0.693709137785 0.093309561420 -0.857785595068 -0.497481780011 0.089493447797
22.3 0.017068646491 -0.116124424168 0.702169770150 0.098184384515 -0.864696817366 -0.485096696340 0.085676343726
22.4 0.018204752401 -0.113842501774 0.665395750221 0.084671766842 -0.845880321034 -0.520223783353 0.081758116551
22.5 0.000000000000 0.000000000000 0.000000000000 0.000000000000 0.000000000000 0.000000000000 0.000000000000
22.6 0.000000000000 0.000000000000 0.000000000000 0.000000000000 0.000000000000 0.000000000000 0.000000000000
22.7 0.035109545082 -0.099508428147 0.710911203744 0.110227969761 -0.867682574501 -0.473591099062 0.103383826001
22.8 0.032183994517 -0.097152671875 0.720513714629 0.112262115197 -0.869231543782 -0.475856676287 0.073444975447
22.9 0.030468574301 -0.090727206078 0.706796746085 0.119216644050 -0.860237954638 -0.484707782857 0.104098119197
23.0 0.029009970288 -0.088550964068 0.702447262520 0.130903643209 -0.861432942417 -0.471759195859 0.135058443040
23.1 0.030981024191 -0.090477197093 0.700526494378 0.131068848849 -0.853291062384 -0.485683918186 0.137209516190
23.2 0.033978362729 -0.089004073971 0.696891197779 0.134885354774 -0.849919160086 -0.486909323505 0.149541542954
23.3 0.037173890383 -0.086575569268 0.695010467118 0.138408706735 -0.847929088120 -0.485581636661 0.161461343852
23.4 0.040271886247 -0.084303640808 0.697926324121 0.141466645728 -0.844367740982 -0.487440872070 0.171556703077
23.5 0.040595795579 -0.082571230186 0.692052620615 0.145729471293 -0.844170387690 -0.487347731061 0.169208353146
23.6 0.041765181131 -0.081323971381 0.683259003142 0.150727633009 -0.841174506142 -0.486026583964 0.182988498395
23.7 0.041181464150 -0.083790955077 0.689485895441 0.152299433656 -0.841607602241 -0.487350137228 0.176043659649
23.8 0.038060748985 -0.086470558688 0.691390227756 0.148685816456 -0.836813231660 -0.503084630129 0.156658859413
23.9 0.034569826219 -0.085494311275 0.699047835881 0.152309300135 -0.841652782318 -0.493692426582 0.157131343294
24.0 0.032472130510 -0.079839250027 0.682434749063 0.163213615219 -0.836112402908 -0.486894798186 0.192901065341
24.1 0.031528160865 -0.078569580467 0.675340765158 0.165034701554 -0.835433873841 -0.484827236294 0.199389921185
24.2 0.034879048203 -0.078666252883 0.679246855227 0.163880701651 -0.829712555487 -0.494111503678 0.201429920384
24.3 0.039769975121 -0.078733371390 0.686830105948 0.165111184800 -0.828285388209 -0.505468157483 0.176588657913
24.4 0.045425534894 -0.074198413117 0.674941811622 0.166576769424 -0.825639190278 -0.498505198451 0.205096744200
24.5 0.000000000000 0.000000000000 0.000000000000 0.000000000000 0.000000000000 0.000000000000 0.000000000000
24.6 0.053255187634 -0.063791916290 0.674555201150 0.175739033854 -0.821591975307 -0.486614651484 0.239392144928
24.7 0.055746144124 -0.060906367424 0.675666431064 0.174616280885 -0.822512110911 -0.488802838593 0.232496810383
24.8 0.058431824974 -0.058627295670 0.675705158552 0.181187488096 -0.821702735361 -0.485948395511 0.236283443682
24.9 0.060096795708 -0.058968577424 0.676031329117 0.186695255516 -0.819955940842 -0.481590488627 0.246754408086
25.0 0.060456493643 -0.059441333239 0.672231571588 0.190666970759 -0.819122261243 -0.478616035749 0.252213238594
25.1 0.060263827534 -0.060810151406 0.676931976210 0.193924398309 -0.816881689987 -0.484042346990 0.246577855100
25.2 0.057551408350 -0.058593670929 0.670116141870 0.197069316767 -0.815184120771 -0.480297035214 0.256813729375
25.3 0.057249106424 -0.056129645519 0.672039868675 0.197351614211 -0.817467554534 -0.474918083994 0.259329811531
25.4 0.056940500994 -0.054122871282 0.673051139499 0.203119483449 -0.816319289875 -0.472498342933 0.262888965814
25.5 0.056821856775 -0.053425639251 0.672973846442 0.200914763740 -0.815790586662 -0.472713506424 0.265821212977
25.6 0.055916114816 -0.050646282683 0.671536668824 0.201298800574 -0.814470403227 -0.473287908553 0.268542940276
25.7 0.054915496807 -0.050106447879 0.683208556606 0.203139268393 -0.818925545653 -0.470400008027 0.258494140672
25.8 0.052375748085 -0.050538270803 0.675522558249 0.205287947771 -0.810344509081 -0.486981322683 0.253076720502
25.9 0.048699487507 -0.053248373107 0.680818434236 0.208033546871 -0.809734884181 -0.481754973685 0.262609226888
26.0 0.045033050340 -0.056142986804 0.678655370673 0.209477233334 -0.808735894615 -0.487189234823 0.254385909494
26.1 0.040991173980 -0.057302707935 0.683694552124 0.213249959869 -0.811978002945 -0.477581048685 0.259099438993
26.2 0.039413972560 -0.054546147302 0.677274223094 0.210745358371 -0.811109665695 -0.471529084146 0.274495586386
26.3 0.038931938413 -0.055293605588 0.683660969176 0.211075082302 -0.812318442653 -0.471608007471 0.270503132414
26.4 0.036818886897 -0.053014279573 0.680736994111 0.215868619159 -0.813410179340 -0.464335452915 0.275965951840
26.5 0.035033114164 -0.051076790832 0.676816075347 0.213910118469 -0.812499403142 -0.466900614995 0.275845965763
26.6 0.034221220551 -0.049732765275 0.680833943720 0.217940601839 -0.812609467887 -0.461497546076 0.281403201361
26.7 0.033874239026 -0.049476702790 0.686958977800 0.217201651848 -0.813769052244 -0.463202863089 0.275765261901
26.8 0.033008004392 -0.048724547816 0.683451783883 0.218421087177 -0.811636890282 -0.464079634821 0.279585191943
26.9 0.032642952857 -0.048994820401 0.686045270330 0.220621694336 -0.810398555513 -0.465042601122 0.279849295788
27.0 0.031443555561 -0.048228024925 0.685780576308 0.223427053367 -0.810156031310 -0.464207319583 0.279712568900
27.1 0.029105526042 -0.051783731243 0.695554314146 0.225596791262 -0.809125682095 -0.481376563145 0.250396331445
27.2 0.023018902805 -0.051864064255 0.686275539588 0.229612707457 -0.805352063521 -0.484476618010 0.252919878535
27.3 0.019059492229 -0.051956346594 0.682613323287 0.227239503174 -0.805604144778 -0.479088472407 0.264269570175
27.4 0.013745627868 -0.055845339105 0.685730780675 0.236343691559 -0.802900614338 -0.485232500170 0.253064584117
27.5 0.009562581521 -0.053675559782 0.682923349002 0.237270164864 -0.809204054248 -0.460688651972 0.276871149451
27.6 0.008641139402 -0.051115450973 0.682680634437 0.232002448353 -0.810008944153 -0.460257083830 0.279685164307
27.7 0.009973029040 -0.048981302870 0.681090601738 0.231915831337 -0.807012573416 -0.463914119013 0.282364026931
27.8 0.011015287583 -0.048408726728 0.686594237890 0.231109140858 -0.808269307783 -0.463679108736 0.279805245179
27.9 0.011877845382 -0.048307911755 0.688119951876 0.235389723048 -0.809838770496 -0.454818325961 0.286169765095
28.0 0.013019151435 -0.050516462985 0.682997655976 0.237598037151 -0.806325554001 -0.457271889473 0.290325150141
28.1 0.014477016024 -0.053387760081 0.685344634745 0.240302792551 -0.806259310361 -0.460414822260 0.283229030630
28.2 0.016702384101 -0.054425748562 0.683822187703 0.236626451731 -0.803688852506 -0.462631893376 0.289937720777
28.3 0.015034973223 -0.052222713200 0.683916474360 0.239106608035 -0.811778035018 -0.450046555337 0.285136019973
28.4 0.012841759350 -0.051366588156 0.676970889024 0.229830352219 -0.804007283047 -0.467364443375 0.286915972150
28.5 0.011206130102 -0.051714678502 0.675906139231 0.226397426966 -0.805027422120 -0.469200750159 0.283770524806
28.6 0.009870217671 -0.054167950920 0.681832965062 0.227496275602 -0.808729226020 -0.454356802609 0.296247159466
28.7 0.009750044401 -0.059954292207 0.687069267317 0.226141118406 -0.816980106475 -0.455052196674 0.272637485487
28.8 0.011911327743 -0.062644795916 0.673181246984 0.222477849160 -0.805059532767 -0.470685356135 0.284320331412
28.9 0.009579385674 -0.061284412054 0.679352282078 0.224274616100 -0.815221753801 -0.453856538000 0.281298118760
29.0 0.000000000000 0.000000000000 0.000000000000 0.000000000000 0.000000000000 0.000000000000 0.000000000000
29.1 0.010073948108 -0.042976211020 0.688819463826 0.214421087592 -0.817643170153 -0.452197444195 0.284606245471
29.2 0.010723489002 -0.043911737874 0.692818268061 0.213631063820 -0.815615545845 -0.455604682616 0.285582602980
29.3 0.000000000000 0.000000000000 0.000000000000 0.000000000000 0.000000000000 0.000000000000 0.000000000000
29.4 0.002059690473 -0.059016764685 0.698782160623 0.216095918224 -0.817565495860 -0.452886864383 0.282458319361
29.5 0.001990422718 -0.063855393627 0.707323253718 0.216285638935 -0.826050680573 -0.447281831381 0.266082240727
29.6 0.007197864951 -0.066956882007 0.702109533900 0.214333811990 -0.813882792879 -0.466589447716 0.271937683624
29.7 0.007889946325 -0.065375031362 0.707361808242 0.214583956751 -0.817614694007 -0.453338578077 0.282743826239
29.8 0.008621062775 -0.065350166739 0.716871885170 0.218011361288 -0.819108480972 -0.450166653638 0.280859977038
29.9 0.011914817156 -0.063443659303 0.709459176390 0.215516687258 -0.815601956279 -0.446198494775 0.298752254699
30.0 0.012109694298 -0.062419331996 0.722487706047 0.211867759236 -0.819279484367 -0.449183449487 0.286578798585
30.1 0.013488379885 -0.060236792310 0.714280193283 0.216712302375 -0.817986843579 -0.436994745461 0.304908009358
30.2 0.013343164365 -0.065799043227 0.719954571283 0.216782239667 -0.815686813731 -0.433857830932 0.315321843533
30.3 0.011993687095 -0.072973561149 0.730405450109 0.219699537212 -0.819988620004 -0.434768141433 0.300545237208
30.4 0.012282063588 -0.079008147622 0.745776893652 0.218662078841 -0.822356541479 -0.429777163004 0.302006960391
30.5 0.015053394963 -0.082049785213 0.728689241969 0.216549190002 -0.812375245983 -0.436689919959 0.320085647647
30.6 0.011507998333 -0.089275894450 0.750484825250 0.220295766187 -0.824713906239 -0.425475026995 0.300479200045
30.7 0.015880744181 -0.095376755373 0.739939054988 0.219498398468 -0.812794816564 -0.435265458055 0.318949871077
30.8 0.012500269099 -0.101731269454 0.737790571641 0.217244209112 -0.814839093098 -0.440691976129 0.307624427090
30.9 0.011405338733 -0.105906572417 0.750111481782 0.216897055167 -0.822510634571 -0.434335849941 0.296284142225
31.0 0.013615588367 -0.113293545721 0.754029622850 0.214620159152 -0.818829749713 -0.441534282178 0.297495388086
31.1 0.016769571462 -0.104384188898 0.718726168613 0.226981450986 -0.800903739529 -0.429513680163 0.350072306060
31.2 0.021514037803 -0.102831460662 0.752591173922 0.218638700607 -0.809559325320 -0.460852769330 0.290560737860
31.3 0.000000000000 0.000000000000 0.000000000000 0.000000000000 0.000000000000 0.000000000000 0.000000000000
31.4 0.016877318342 -0.080473799363 0.774022452604 0.226611240643 -0.829192477209 -0.394653623451 0.324554616130
31.5 0.012861818510 -0.073988704259 0.777481452221 0.221739912890 -0.836942672001 -0.391953741847 0.311015496508
31.6 0.007701004598 -0.068961695329 0.772964647117 0.233179783193 -0.831098295056 -0.396929431009 0.312009357975
31.7 0.003093216606 -0.063145961467 0.750399738726 0.237063753939 -0.815406534981 -0.413689601810 0.328289312394
31.8 0.001274956770 -0.059958201244 0.757161195587 0.236793414171 -0.811429089291 -0.409333518908 0.343449825091
31.9 -0.000110354555 -0.059144797408 0.753552545056 0.242992819232 -0.801564315158 -0.414397417025 0.355983032222
32.0 -0.000203055369 -0.060269156496 0.758548886954 0.245922585750 -0.798310222242 -0.410284195877 0.365909482654
32.1 0.002527623490 -0.059582592194 0.748084658677 0.252996070814 -0.791260705638 -0.413399471903 0.372827521110
32.2 0.003818167885 -0.057976226556 0.741072584061 0.254487452384 -0.788247519031 -0.411619696398 0.380093686947
32.3 0.006862013780 -0.056290936193 0.735857620510 0.262889013696 -0.781136602878 -0.411592623041 0.388981345028
32.4 0.007584316691 -0.056049709805 0.741927235037 0.264711365329 -0.781144729552 -0.404645616229 0.394971808901
32.5 0.009514344833 -0.055138146860 0.746032083945 0.266718350020 -0.780550489229 -0.400562408402 0.398938607435
32.6 0.009386082967 -0.051995447782 0.730454954809 0.270805928054 -0.775380392138 -0.398903455882 0.407830148107
32.7 0.008278881293 -0.052003717601 0.745480777864 0.273059627948 -0.776606452460 -0.393754331688 0.408996801771
32.8 0.007952200934 -0.052575806499 0.741866786440 0.278224756492 -0.772822157780 -0.392837088991 0.413540710008
32.9 0.008663339088 -0.050982393599 0.740451362332 0.282315893494 -0.769427337789 -0.388377156351 0.421239234365
33.0 0.008013424903 -0.048136915912 0.734314844082 0.285553221484 -0.766592334067 -0.384051889961 0.428135138557
33.1 0.006313716432 -0.044666805652 0.733923726167 0.290437680568 -0.767171968963 -0.374956335752 0.431857464938
33.2 0.005095056700 -0.042047524958 0.732783774895 0.290654566196 -0.763911312356 -0.383167828775 0.430281123216
33.3 0.003562701706 -0.040173102548 0.737407668397 0.291012837662 -0.764975142481 -0.377426199382 0.433213600575
33.4 0.003526662568 -0.039858673251 0.740493354135 0.293044219847 -0.762923886265 -0.374285901524 0.438157840169
33.5 0.004884572848 -0.041232812313 0.741113683008 0.294379825303 -0.759373337420 -0.378124969879 0.440129708183
33.6 0.005904221163 -0.041743815832 0.740509723762 0.296647517428 -0.758009432771 -0.380106050540 0.439250885687
33.7 0.006941272362 -0.041246410128 0.738438122740 0.295931927564 -0.756786464780 -0.378070711639 0.443577589576
33.8 0.007409122364 -0.040081038792 0.734912232723 0.296670926143 -0.756304113099 -0.376855829056 0.444938348760
33.9 0.007065800314 -0.038700958968 0.731175358572 0.298190123676 -0.754474407633 -0.373321343936 0.449980213488
34.0 0.008550004886 -0.038515321899 0.728202180740 0.301066181298 -0.751524238235 -0.375630399980 0.451079013517
34.1 0.008811023019 -0.035805468997 0.724508450106 0.302494538716 -0.748674211543 -0.370010934275 0.459429959334
34.2 0.007873903411 -0.031848319550 0.721713437625 0.303513332428 -0.746750444765 -0.371641669992 0.460571275057
34.3 0.006700516302 -0.031437835706 0.725052955636 0.304863508229 -0.746754422269 -0.370190678255 0.460841551844
34.4 0.007051059382 -0.031131158640 0.725869327815 0.305951658593 -0.745236562172 -0.370660604279 0.462197755773
34.5 0.007411639885 -0.032036484350 0.725492008325 0.302438221887 -0.744774134808 -0.372852225110 0.463490915007
34.6 0.007709669563 -0.033738544794 0.719284224597 0.304222431646 -0.744103236054 -0.376432788543 0.460496951007
34.7 0.007577130054 -0.035640206712 0.724372164366 0.305394254634 -0.743822741592 -0.375153541635 0.461217842809
34.8 0.007054699764 -0.036237727125 0.721900305602 0.308173649568 -0.740041644175 -0.375543649228 0.465117548716
34.9 0.005604775398 -0.036603549130 0.719130926174 0.307972968749 -0.738537183626 -0.380515739447 0.463598156764
35.0 0.003424894624 -0.038611705170 0.716463558908 0.318131056441 -0.731434706879 -0.384151914492 0.464998072138
35.1 -0.000936088055 -0.039369549508 0.711942113985 0.320421424702 -0.728041422453 -0.391342105188 0.462749559147
35.2 -0.004063085948 -0.041068986810 0.711600287936 0.314929606779 -0.736252325255 -0.381818174378 0.461483193675
35.3 -0.005705621958 -0.043539687257 0.712734979915 0.315992544652 -0.736874489995 -0.375258282053 0.465130002762
35.4 -0.006429282901 -0.043169077395 0.711345485080 0.319054551703 -0.733219901056 -0.378182225264 0.466445038806
35.5 -0.008302418706 -0.042173756038 0.710238455798 0.320032486738 -0.732787669775 -0.377382181998 0.467101838113
35.6 -0.009623339024 -0.042656912997 0.708348842864 0.321567183516 -0.732161577169 -0.382919102058 0.462500738034
35.7 -0.010919148261 -0.043443641139 0.700556780141 0.324571805661 -0.729293219115 -0.380273519600 0.467093774112
35.8 -0.011951339884 -0.043904217182 0.703074471959 0.325888547869 -0.728543270563 -0.378440841556 0.468832471921
35.9 -0.011791013833 -0.044857342788 0.695785319808 0.327892110252 -0.726616290866 -0.381942396501 0.467584789784
36.0 -0.008987619621 -0.045562259743 0.690823925149 0.332230072251 -0.721795356777 -0.386567345910 0.468188347894
36.1 -0.008084343003 -0.041330407668 0.685031396764 0.332905133748 -0.719371757008 -0.383287931872 0.474097889074
36.2 -0.008711670196 -0.038640982082 0.689678804781 0.326478619190 -0.724297533400 -0.378417219081 0.474979160202
36.3 -0.009988280515 -0.039358660677 0.691084507131 0.329055126998 -0.722862315835 -0.387401271073 0.468095130196
36.4 -0.013010696597 -0.036743271953 0.697522343281 0.322956744486 -0.732557001067 -0.374286495283 0.467941022808
36.5 -0.015218062527 -0.036239371372 0.693401955146 0.327218876876 -0.725021432378 -0.382651004980 0.469946739106
36.6 -0.019177590177 -0.035839600112 0.699670493822 0.324153573576 -0.731365020617 -0.388434369387 0.457327462585
36.7 -0.023133436485 -0.033282553016 0.692082909913 0.316793884476 -0.737779555446 -0.387229209234 0.453184842907
36.8 -0.022571210301 -0.032162244384 0.681793548335 0.327952397852 -0.729808683667 -0.407395604715 0.440290053540
36.9 0.000000000000 0.000000000000 0.000000000000 0.000000000000 0.000000000000 0.000000000000 0.000000000000
37.0 -0.011985626636 -0.023226834883 0.673455622148 0.326414487037 -0.732208666951 -0.416062206533 0.429204253228
37.1 -0.006656684275 -0.016493936768 0.676642314716 0.324100421350 -0.728827203894 -0.416184688054 0.436531933739
37.2 -0.002623855510 -0.013102915939 0.670831937395 0.322687615166 -0.727840906416 -0.425216109788 0.430478312977
37.3 0.000000000000 0.000000000000 0.000000000000 0.000000000000 0.000000000000 0.000000000000 0.000000000000
37.4 0.000000000000 0.000000000000 0.000000000000 0.000000000000 0.000000000000 0.000000000000 0.000000000000
37.5 0.016414503713 -0.008038812667 0.648331764281 0.328084057139 -0.719723481091 -0.448878102163 0.415773269483
37.6 0.021327102100 -0.003624847414 0.643138218688 0.310794416494 -0.722711792883 -0.438687374043 0.434336140518
37.7 0.025021911229 -0.001481381021 0.639114976473 0.318447733300 -0.720361897519 -0.442109630084 0.429195587986
37.8 0.028715081829 0.001311893755 0.639015928680 0.307208775171 -0.726538277067 -0.437531635652 0.431660709607
37.9 0.031350018611 0.001358448536 0.643966949481 0.301709276134 -0.736191600759 -0.424902497479 0.431800077933
38.0 0.033986631963 -0.002250718100 0.636729385393 0.297687305302 -0.733391047636 -0.429764971295 0.434536429955
38.1 0.034892674198 -0.005393041863 0.633858538992 0.300689701063 -0.729739026545 -0.435211009081 0.433195145849
38.2 0.037349759765 -0.009356498634 0.628698362502 0.299903396577 -0.726283676975 -0.449764163578 0.424596479546
38.3 0.039762951207 -0.009509974523 0.631002389692 0.296043676767 -0.727747612478 -0.450721065103 0.423783052342
38.4 0.040774363021 -0.011386504987 0.629485814211 0.302840342344 -0.728100788305 -0.453084926690 0.415777606810
38.5 0.043404975550 -0.012462258204 0.624078571618 0.295049921363 -0.731222327441 -0.449711697806 0.419545993441
38.6 0.043422330294 -0.015903487089 0.615772503008 0.292674240221 -0.729289347452 -0.461440473229 0.411766349366
38.7 0.044372584215 -0.019857836099 0.621220122113 0.288766747802 -0.731247047479 -0.470181815519 0.401024414808
38.8 0.044088340776 -0.019488485532 0.621739982403 0.279348708132 -0.738972968283 -0.473531807607 0.389423777646
38.9 0.045592251482 -0.020081048795 0.619599851587 0.273217718472 -0.744703190758 -0.474816551571 0.381206608470
39.0 0.046201467186 -0.023646564665 0.628398205934 0.271075430399 -0.755387844033 -0.478309533643 0.356549163717
39.1 0.000000000000 0.000000000000 0.000000000000 0.000000000000 0.000000000000 0.000000000000 0.000000000000
39.2 0.057526322727 -0.045714956527 0.633146886174 0.268919583155 -0.721359476769 -0.550833557377 0.322343225676
39.3 0.000000000000 0.000000000000 0.000000000000 0.000000000000 0.000000000000 0.000000000000 0.000000000000
39.4 0.000000000000 0.000000000000 0.000000000000 0.000000000000 0.000000000000 0.000000000000 0.000000000000
39.5 0.077022186810 -0.057391814623 0.650411272829 0.231126382580 -0.768812125827 -0.504632088146 0.317576708956
39.6 0.080435308857 -0.068634206240 0.662618349741 -0.222800935797 0.775277547576 0.507423510653 -0.303027800821
39.7 0.079610338302 -0.067348326508 0.610508417545 0.211856568561 -0.761730265736 -0.534628268082 0.298423208861
39.8 0.080526159519 -0.067369722957 0.598472952805 0.201428157907 -0.760482485089 -0.544607649668 0.290681260143
39.9 0.080576603490 -0.064829270749 0.587721179259 0.194760463797 -0.762525409520 -0.542745139074 0.293344636205
40.0 0.081595157868 -0.067837415024 0.595855094842 0.192701575276 -0.767193373849 -0.539830528906 0.287860087663
40.1 0.000000000000 0.000000000000 0.000000000000 0.000000000000 0.000000000000 0.000000000000 0.000000000000
40.2 0.000000000000 0.000000000000 0.000000000000 0.000000000000 0.000000000000 0.000000000000 0.000000000000
40.3 0.092039830923 -0.086844810510 0.635000935474 0.176954349984 -0.775981616446 -0.557251825483 0.236664513510
40.4 0.092745203594 -0.091358419475 0.615813805434 0.171834525238 -0.773916103987 -0.559923921445 0.240856725296
40.5 0.093490415178 -0.100754475922 0.548694229607 0.213317175194 -0.814350459345 -0.512474610629 0.169407454356
40.6 0.000000000000 0.000000000000 0.000000000000 0.000000000000 0.000000000000 0.000000000000 0.000000000000
40.7 0.071495094483 -0.096791059598 0.583361275503 0.145323824111 -0.780842742926 -0.582129090195 0.174044015450
40.8 0.000000000000 0.000000000000 0.000000000000 0.000000000000 0.000000000000 0.000000000000 0.000000000000
40.9 0.000000000000 0.000000000000 0.000000000000 0.000000000000 0.000000000000 0.000000000000 0.000000000000
41.0 0.055792658377 -0.089429724903 0.577025155639 0.121648029304 -0.791732419523 -0.564780144179 0.198456346796
41.1 0.054706879360 -0.089648203914 0.581906975216 0.114967015922 -0.793120445193 -0.564882289691 0.196597414684
41.2 0.058091985887 -0.094429718595 0.613052647524 0.131967801474 -0.802090606778 -0.546088788663 0.202539361087
41.3 0.052071975983 -0.102578148505 0.593428487665 0.121120599726 -0.800902140220 -0.568456260119 0.144024450853
41.4 0.039480808626 -0.105585283537 0.591995276560 0.104123961480 -0.807572923454 -0.562006730051 0.145370593059
41.5 0.035617438260 -0.106302508682 0.593328918206 0.082515134749 -0.805637074638 -0.565906273303 0.154564699535
41.6 0.034901646068 -0.103314999445 0.589822457930 0.076392641699 -0.809054369344 -0.563843335949 0.147227321665
41.7 0.032070158376 -0.101458649869 0.588814821438 0.072438657656 -0.810358559051 -0.562657914955 0.146586893643
41.8 0.028952569467 -0.103593927659 0.587373835468 0.081851673099 -0.810785709577 -0.555680358178 0.164760967139
41.9 0.023105566032 -0.105919131243 0.585375268948 0.073732952556 -0.810819803201 -0.573946844492 0.087861926581
42.0 0.020744755035 -0.101794057584 0.581281765473 0.061170634501 -0.812832586737 -0.563259402984 0.135278174011
42.1 0.000000000000 0.000000000000 0.000000000000 0.000000000000 0.000000000000 0.000000000000 0.000000000000
42.2 0.011798108042 -0.106919810843 0.575249908379 0.054664474364 -0.816864375510 -0.560118936455 0.126535229444
42.3 0.000000000000 0.000000000000 0.000000000000 0.000000000000 0.000000000000 0.000000000000 0.000000000000
42.4 0.005751857450 -0.112085723546 0.581295964375 0.027267132704 -0.834631444646 -0.531997272629 0.140091959074
42.5 0.008539405496 -0.115864978999 0.613146804850 0.047533829251 -0.843656015079 -0.522370174326 0.114518401456
42.6 0.012528909382 -0.103864064335 0.608279020539 0.068824604715 -0.813772010785 -0.575500009115 0.042872225936
42.7 -0.001981172728 -0.105756402296 0.588300410006 0.033452897579 -0.830661853318 -0.546914612423 0.098824064906
42.8 -0.004843123865 -0.108001428699 0.620034982009 0.028440154005 -0.840797964061 -0.530966767999 0.101608230730
42.9 0.000000000000 0.000000000000 0.000000000000 0.000000000000 0.000000000000 0.000000000000 0.000000000000
43.0 -0.016868138237 -0.100447419142 0.618249245021 0.018134473924 -0.848459574378 -0.521639183894 0.087635913468
43.1 -0.015672856061 -0.096075618154 0.597275935538 0.006014889500 -0.842565253034 -0.531286556095 0.088216839646
43.2 -0.010969694450 -0.094852472869 0.600146569147 0.013149636826 -0.849230042081 -0.516628586494 0.108306630895
43.3 -0.011308386717 -0.098086425148 0.628027520935 0.008113809707 -0.854607870049 -0.512296104322 0.084452685202
43.4 -0.011313232258 -0.098516519178 0.621459590431 -0.006859297753 -0.849171137546 -0.524351761544 0.062582420521
43.5 0.000000000000 0.000000000000 0.000000000000 0.000000000000 0.000000000000 0.000000000000 0.000000000000
43.6 0.002730531103 -0.104363355884 0.626955191506 0.035454383686 -0.846308970040 -0.527388258453 0.066073737240
43.7 0.000367461803 -0.108596832296 0.624232813229 0.038596258735 -0.844540452700 -0.533175796128 0.031389854863
43.8 -0.012972001245 -0.112885305619 0.643786194707 -0.002970100904 -0.869877371472 -0.492439994862 0.028414583619
43.9 0.003233890006 0.007382217007 0.620203548886 0.130522504667 -0.367187929930 -0.920900807788 0.008865782810
44.0 -0.011157168062 -0.101302519323 0.627384063857 0.012676859308 -0.855740386683 -0.509590606069 0.088685410544
44.1 0.000000000000 0.000000000000 0.000000000000 0.000000000000 0.000000000000 0.000000000000 0.000000000000
44.2 -0.010996594249 -0.089090319601 0.640382293141 0.014087219873 -0.864627515468 -0.496184781610 0.077598145799
44.3 -0.012240328611 -0.093874840864 0.645559472634 0.008665834565 0.860796419674 0.508284467700 -0.024521971425
44.4 -0.005948453194 -0.098141514053 0.652208798424 -0.003391894342 -0.857984816152 -0.512889122402 0.028201035908
44.5 -0.003538465544 -0.100873038021 0.666958943130 0.018432250953 0.859147563138 0.511394872652 -0.001000551350
44.6 0.000175605841 -0.096052800221 0.643499097902 0.002957862361 -0.863265295645 -0.501311448289 0.058746167534
44.7 0.000678566723 -0.094315967719 0.649813155943 -0.007410099327 -0.868896207625 -0.492505337268 0.049020032291
44.8 0.001344317170 -0.091329274384 0.651510997149 -0.007377375781 -0.867623762102 -0.495262606717 0.043468749122
44.9 0.001050860790 -0.092301055371 0.652010675727 0.020448274156 0.865405498072 0.500197468794 -0.021393555148
45.0 0.003116212805 -0.091583609269 0.657577162102 -0.020190119702 -0.869792768215 -0.492084216142 0.030100226779
45.1 0.004082154968 -0.090834738442 0.649303198021 0.031843382153 0.865419997328 0.499898009485 -0.011670790512
45.2 0.007467945678 -0.093101471743 0.646724498447 0.041430851110 0.860016167901 0.508578809127 -0.001808433897
45.3 0.011776056989 -0.092351538031 0.664591463549 -0.045114722081 -0.864115937945 -0.501134282926 0.011521202958
45.4 0.015493509833 -0.083838285281 0.653493171161 0.051714230491 0.873763448042 0.483587637506 0.002464159567
45.5 0.000000000000 0.000000000000 0.000000000000 0.000000000000 0.000000000000 0.000000000000 0.000000000000
45.6 0.000000000000 0.000000000000 0.000000000000 0.000000000000 0.000000000000 0.000000000000 0.000000000000
45.7 0.022586145357 -0.054037409904 0.679919888037 0.061622780078 0.894973228065 0.438612652195 0.053333810640
45.8 0.020917967730 -0.063045461768 0.698685218882 0.064723620190 0.907011946829 0.406598207701 0.088419900444
45.9 0.020185094099 -0.086881169823 0.716820538869 0.078010160025 0.906311920292 0.409347829575 0.070338271891
46.0 0.000000000000 0.000000000000 0.000000000000 0.000000000000 0.000000000000 0.000000000000 0.000000000000
46.1 0.019724815098 -0.092025453103 0.655921783523 0.057951984808 0.875295845885 0.478700528199 0.036668159692
46.2 0.015483049099 -0.097561098926 0.656150714132 0.072825992357 0.861606899391 0.498650977006 0.060639334513
46.3 0.013095463950 -0.095700688068 0.643572895009 0.070085928643 0.862721561282 0.497577564669 0.056710117646
46.4 0.007348014149 -0.098105087850 0.642676384217 0.074552525775 0.855433428274 0.505493724508 0.084567518440
46.5 0.005240194267 -0.093860848002 0.618895478789 -0.078963914777 -0.858895335388 -0.497318292976 -0.093477368829
46.6 0.000000000000 0.000000000000 0.000000000000 0.000000000000 0.000000000000 0.000000000000 0.000000000000
46.7 -0.001712514597 -0.100506809020 0.643932806292 0.073534142580 0.870892028375 0.480448711018 0.072861792925
46.8 0.000000000000 0.000000000000 0.000000000000 0.000000000000 0.000000000000 0.000000000000 0.000000000000
46.9 -0.007940860211 -0.088328535185 0.666645929073 0.104885407519 0.878757346222 0.445909705418 0.133974297405
47.0 -0.006282957132 -0.088602820751 0.646962114707 0.112172098133 0.861400341904 0.483377702862 0.108410644055
47.1 0.000000000000 0.000000000000 0.000000000000 0.000000000000 0.000000000000 0.000000000000 0.000000000000
47.2 0.010372522368 -0.083658222176 0.661613615257 0.118195326477 0.876853122267 0.457364615915 0.089308873457
47.3 0.006663238000 -0.075143430738 0.677168380025 0.121886470168 0.889815917874 0.415049494782 0.145276417803
47.4 0.009685654460 -0.070413519150 0.667064527332 0.119093781410 0.891634696864 0.427474187948 0.089833497180
47.5 0.008008191174 -0.076354407936 0.683821782000 0.130884955130 0.886989781041 0.433339836348 0.091295361781
47.6 0.002867279501 -0.073580346745 0.649012553921 0.138389448314 0.867275444977 0.455973718411 0.144116727878
47.7 -0.000400243252 -0.066199436272 0.658078357756 0.132995601639 0.881718651383 0.431440834347 0.136905793180
47.8 -0.003172048618 -0.061589749012 0.667293086818 0.134640430130 0.888239915414 0.411762132737 0.152819348525
47.9 -0.002245826721 -0.056931437275 0.665481290896 0.120637286897 0.894142609777 0.416522974875 0.111643404605
48.0 -0.000205097849 -0.056635704883 0.658075178357 0.121158995582 0.889501338056 0.428180197660 0.103776614507
48.1 -0.001042141432 -0.057894060133 0.671560357998 0.120397191357 0.894074911820 0.417778938247 0.107681600678
48.2 -0.001979840459 -0.061170564369 0.672548733924 0.117788785275 0.891890918534 0.424307576251 0.103050823559
48.3 -0.005774152644 -0.063801706927 0.682847101654 0.123007732189 0.897280425076 0.398507319526 0.144737185554
48.4 -0.005572744321 -0.068136166537 0.671816542867 0.119242178066 0.892053133466 0.416678577618 0.128068235711
48.5 -0.006536027609 -0.070018697656 0.666588457776 0.117594883743 0.889247253014 0.427245823977 0.113453832982
48.6 -0.007364115595 -0.070730532037 0.667059971415 0.111156338787 0.894732223205 0.420034961982 0.103291567033
48.7 -0.008069297298 -0.073447063647 0.661080932582 0.121148150549 0.885979441724 0.431856027158 0.117745175137
48.8 -0.010783725545 -0.076038854217 0.661271232664 0.123530012093 0.882675009396 0.438128979357 0.116910912014
48.9 -0.013272439764 -0.075786865878 0.652953234833 0.124538694441 0.882075768170 0.437772872766 0.121603308609
49.0 -0.016489771678 -0.078345939377 0.663572062343 0.126114131332 0.888512930861 0.422729060577 0.126254262954
49.1 -0.017924767715 -0.080001848130 0.656834441870 0.133761535618 0.883846539592 0.424663702110 0.143470854704
49.2 -0.017106242483 -0.079947268149 0.644155395356 0.126137327402 0.879138930652 0.439042241964 0.135816144178
49.3 -0.019344678538 -0.082096524149 0.640835946414 0.132829125338 0.877097649901 0.436673197665 0.149574912473
49.4 -0.021194576838 -0.083351915508 0.635417883777 0.139091073751 0.879528324929 0.427581585132 0.155748473210
49.5 -0.021746294525 -0.085742642851 0.632838815884 0.144577056771 0.879338389614 0.419756984642 0.172236886438
49.6 -0.023472588647 -0.090378527115 0.641380453033 0.150454305152 0.881598303336 0.409863814870 0.179330942328
49.7 -0.021488994996 -0.091926952612 0.631144081811 0.140152004279 0.880217529056 0.427371314495 0.151420859813
49.8 -0.022705645377 -0.095279619537 0.625135524422 0.155808745423 0.872706024854 0.423392477656 0.186672544573
49.9 -0.015876136586 -0.097100787661 0.605757720163 0.149873767278 0.862207057242 0.456476394478 0.160518365330
50.0 -0.013077678511 -0.097769629999 0.580142011177 -0.155474689281 -0.846078771156 -0.476731834943 -0.180845490803
50.1 -0.023992078014 -0.130901376697 0.749293354937 0.144573002487 0.891145149568 0.405182282964 0.144174501649
50.2 -0.002923184789 -0.106643028067 0.589139173291 0.169883981174 0.841447296608 0.472982362430 0.198478121722
50.3 0.016977889925 0.007424556058 0.621139442250 0.194726675554 0.351920621003 0.907020084328 0.124691479122
50.4 -0.004221180093 -0.117839404298 0.609109391833 0.169858448343 0.871365353910 0.411650342550 0.205947864786
50.5 0.005146938651 -0.117144430568 0.621555131953 0.137277226467 0.860501240700 0.456101837114 0.180730993548
50.6 0.008608447727 -0.119039218749 0.585647824668 0.132563068150 0.868543640965 0.434968184405 0.197133597487
50.7 0.010537033340 -0.114359180627 0.606618361931 0.123439053578 0.857839540737 0.460991555776 0.190685363632
50.8 0.007919472860 -0.120504440275 0.604859890915 0.128742601465 0.871853804258 0.418503320849 0.219433946796
50.9 0.003942176543 -0.119284524349 0.587048590490 0.149600021342 0.862951937792 0.422729783919 0.232880476777
51.0 0.002514419820 -0.121889717747 0.580431590779 0.161245034084 0.862667845746 0.432603841308 0.206538479188
51.1 0.000941830323 -0.120149249213 0.563277389251 0.173386170708 0.846988691374 0.458131603387 0.206549815953
51.2 0.005067472389 -0.124212598029 0.584049456685 0.144404862447 0.840671687055 0.483601649550 0.196335923454
51.3 -0.000376162066 -0.119917463206 0.566385229840 0.160954985878 0.838307677308 0.472850576934 0.218508724267
51.4 0.000548981283 -0.113776049691 0.550378616063 0.158641613268 0.832022101120 0.494108199872 0.196033539493
51.5 -0.001746849413 -0.118185025560 0.555081602646 0.167210852839 0.843665085660 0.466188125936 0.207215793723
51.6 0.000000000000 0.000000000000 0.000000000000 0.000000000000 0.000000000000 0.000000000000 0.000000000000
51.7 0.000000000000 0.000000000000 0.000000000000 0.000000000000 0.000000000000 0.000000000000 0.000000000000
51.8 0.000000000000 0.000000000000 0.000000000000 0.000000000000 0.000000000000 0.000000000000 0.000000000000
51.9 0.000000000000 0.000000000000 0.000000000000 0.000000000000 0.000000000000 0.000000000000 0.000000000000
52.0 0.000000000000 0.000000000000 0.000000000000 0.000000000000 0.000000000000 0.000000000000 0.000000000000
52.1 0.000000000000 0.000000000000 0.000000000000 0.000000000000 0.000000000000 0.000000000000 0.000000000000
52.2 0.000000000000 0.000000000000 0.000000000000 0.000000000000 0.000000000000 0.000000000000 0.000000000000
52.3 0.000000000000 0.000000000000 0.000000000000 0.000000000000 0.000000000000 0.000000000000 0.000000000000
52.4 0.000000000000 0.000000000000 0.000000000000 0.000000000000 0.000000000000 0.000000000000 0.000000000000
52.5 0.000000000000 0.000000000000 0.000000000000 0.000000000000 0.000000000000 0.000000000000 0.000000000000
52.6 0.000000000000 0.000000000000 0.000000000000 0.000000000000 0.000000000000 0.000000000000 0.000000000000
52.7 0.000000000000 0.000000000000 0.000000000000 0.000000000000 0.000000000000 0.000000000000 0.000000000000
52.8 -0.006734539700 -0.117052230969 0.547276350717 0.180483759752 0.837334921222 0.439122499137 0.271048469687
52.9 -0.027116425925 -0.133938602405 0.586050292596 0.213518872623 0.877971725093 0.361151329226 0.230532120039
53.0 -0.041278362322 -0.130874383989 0.572413343888 0.269487312451 0.869139566147 0.347727261691 0.225961842935
53.1 -0.005626053012 -0.018605690212 0.555165547674 0.271919328949 0.356315971913 0.879893614253 0.157753080162
53.2 0.003338092706 -0.018197192239 0.558326732293 0.220682860275 0.345955963616 0.889120198801 0.202679102287
53.3 -0.025610791841 -0.127538811766 0.551269653873 0.197092416683 0.841376969769 0.419221912979 0.278374499025
53.4 -0.033625246016 -0.134684573050 0.557814234616 0.216889940136 0.862613015677 0.370061595508 0.268164044166
53.5 0.000000000000 0.000000000000 0.000000000000 0.000000000000 0.000000000000 0.000000000000 0.000000000000
53.6 0.000000000000 0.000000000000 0.000000000000 0.000000000000 0.000000000000 0.000000000000 0.000000000000
53.7 0.000000000000 0.000000000000 0.000000000000 0.000000000000 0.000000000000 0.000000000000 0.000000000000
53.8 -0.012924325262 -0.021621264100 0.555108136144 0.228349145316 0.352699363970 0.884957260661 0.200774682897
53.9 -0.020055605394 -0.019661246741 0.569020477001 0.228146850693 0.335474037336 0.895053168913 0.185164817425
54.0 0.000000000000 0.000000000000 0.000000000000 0.000000000000 0.000000000000 0.000000000000 0.000000000000
54.1 -0.030947998953 -0.020210186363 0.547169861741 0.246838772494 0.377979489404 0.873519292922 0.182115817205
54.2 -0.051176115032 -0.122774974004 0.544995028717 0.195424243178 0.836150218017 0.417189791139 0.297682475564
54.3 -0.052986053222 -0.121183407459 0.545228528547 0.205528008431 0.837884293623 0.418702910576 0.283541920932
54.4 -0.051404431929 -0.117897518360 0.548553560457 0.193547177846 0.832252830884 0.434969521579 0.284070819920
54.5 -0.050823319909 -0.116771930342 0.546571404599 0.193319550853 0.823730575648 0.449557160679 0.286345681447
54.6 -0.057565112280 -0.117629173992 0.551519477736 0.207892210347 0.811359546297 0.473500855883 0.272531566956
54.7 -0.074769974297 -0.123951936883 0.545185168369 0.232651653315 0.841772720062 0.396808170721 0.282551184067
54.8 -0.063940376035 -0.104938483318 0.536467228556 0.207334458821 0.799399163873 0.485716345796 0.286449001415
54.9 -0.049628674411 0.000599649280 0.580716290985 0.246294824869 0.319957123751 0.895221256180 0.188534348825
55.0 -0.073711968987 -0.120672296744 0.593210381347 0.201585206264 0.806958607774 0.446404752836 0.330006070551
55.1 -0.069790679474 -0.121735583555 0.551174267354 0.217174002035 0.830792257416 0.404375525920 0.314801702497
55.2 -0.067665130548 -0.125408461391 0.568235058018 0.199021254462 0.819847603776 0.407412922717 0.349650049704
55.3 -0.067488798562 -0.123588472789 0.569238761552 0.206039661000 0.816553519504 0.405489662905 0.355480155786
55.4 -0.073672147428 -0.122340546046 0.576655628223 0.227328912530 0.829875950273 0.382359166925 0.336792131966
55.5 -0.071646239687 -0.119702829557 0.569542017253 0.226948415089 0.815960702979 0.413405448731 0.334362801524
55.6 -0.074939571499 -0.119184280231 0.568063919722 0.233240242304 0.820772653594 0.393036061010 0.342715472701
55.7 -0.078236077665 -0.118324156762 0.592382055802 0.239605367222 0.817716330813 0.389503796834 0.349594139785
55.8 -0.066339133309 -0.115924788118 0.575591861072 0.219073868721 0.801388339689 0.420327438650 0.364839983242
55.9 -0.069673426850 -0.117037653544 0.598781502700 0.220247053133 0.817578347186 0.380287508786 0.372072966579
56.0 -0.071304249125 -0.110335178603 0.605777311527 0.233556555368 0.803491585291 0.412601461889 0.360017557153
56.1 -0.072025624520 -0.110438802207 0.612398260799 0.234019733253 0.803374014259 0.417997236514 0.353699403348
56.2 -0.070385958373 -0.106942577717 0.600532972365 0.232001023995 0.799346679275 0.427831453405 0.352392761949
56.3 -0.070105843832 -0.101256328992 0.583540303052 0.230343928481 0.790632129943 0.445890423355 0.350748114856
56.4 -0.075865250651 -0.102025365950 0.610701548461 0.232725449094 0.798314494109 0.427139649633 0.355083868334
56.5 -0.078875121626 -0.100492118687 0.618300639526 0.239560550771 0.798902217017 0.406702510214 0.372772126567
56.6 -0.079745553076 -0.099647444256 0.625378897385 0.238448032175 0.801741696570 0.402957037983 0.371454456795
56.7 -0.081089974611 -0.098861776456 0.636568322384 0.235961803882 0.805968768782 0.398763078389 0.368407896455
56.8 -0.079922898705 -0.098033860713 0.638847900688 0.233762791446 0.806625958511 0.401873259427 0.364975894751
56.9 -0.079570186070 -0.096469547918 0.644431834975 0.231761068578 0.807292017557 0.397705456892 0.369319340191
57.0 -0.079388197006 -0.095441225018 0.641476955638 0.234702649234 0.805240054105 0.397283586085 0.372382698222
57.1 -0.081770387922 -0.092522278047 0.652142468778 0.238883118578 0.801810311354 0.388381624340 0.386257419526
57.2 -0.079826304839 -0.088549484899 0.654913014310 0.235395741169 0.807183876461 0.383799671799 0.381760195080
57.3 -0.079927286513 -0.086275106288 0.661537591084 0.233480192328 0.809010051271 0.382334044442 0.380539636824
57.4 -0.074185332910 -0.082019229673 0.623890685934 0.226755296478 0.798492800551 0.433699552554 0.350565230880
57.5 -0.078117974486 -0.079230239359 0.623859679986 0.233612037452 0.793677157163 0.426420705257 0.365605481748
57.6 -0.085776409259 -0.079758228003 0.655214806026 0.234568223139 0.803703283500 0.393342110993 0.379895728463
57.7 -0.088477335056 -0.079384220305 0.662842675978 0.234753711474 0.806310880112 0.379517889656 0.388226262627
57.8 -0.083636355058 -0.079257918837 0.652237111804 0.236088979470 0.804350061266 0.398333132692 0.372308592588
57.9 -0.086352531405 -0.076541767622 0.680123317125 0.237975576402 0.806058466121 0.376397691703 0.389823231621
58.0 -0.082653086207 -0.071704070318 0.669521439959 0.232389875976 0.807316029633 0.376902367538 0.390103036626
58.1 -0.081970923703 -0.071513834198 0.674779931434 0.237284580084 0.808423695011 0.374368026390 0.387292832642
58.2 -0.078687490775 -0.068228698666 0.669441691244 0.235275306891 0.807497830245 0.378436486850 0.386495290447
58.3 -0.077356387682 -0.068176017546 0.675917533993 0.233854076542 0.808532859991 0.381505963843 0.382151913186
58.4 -0.076466765059 -0.068243065776 0.674331212012 0.231271820995 0.808465675982 0.378582097288 0.386745641457
58.5 -0.075952490147 -0.068497277929 0.676382923983 0.233537539043 0.809269415487 0.370680552482 0.391329987384
58.6 -0.074543181288 -0.068779218554 0.679812359095 0.236653830115 0.808518276541 0.379385812496 0.382569688380
58.7 -0.073929482128 -0.066914624472 0.683222967510 0.231891076796 0.811052377007 0.366292438163 0.392747272427
58.8 -0.072704564184 -0.066687869222 0.675432221044 0.239668749811 0.804535564194 0.389394843959 0.379015925536
58.9 -0.076409415925 -0.065225054700 0.690953064517 0.238637744922 0.807286214852 0.363286104742 0.399204459032
59.0 -0.075380191121 -0.063271340177 0.684560845381 0.240737383602 0.803178231255 0.367127685226 0.402700265353
59.1 -0.074635451195 -0.062717179798 0.679066901238 0.243690756744 0.802852096966 0.380662675541 0.388766321747
59.2 -0.078084611831 -0.061096045694 0.693829757600 0.242658404180 0.806281813592 0.358217944007 0.403368864122
59.3 -0.076549636510 -0.059667476064 0.690800426433 0.246020002357 0.805989113213 0.355221462690 0.404565718106
59.4 -0.076104290267 -0.057673140207 0.689793420158 0.247631496575 0.801863545749 0.358426340012 0.408930378779
59.5 -0.075013199804 -0.057553785799 0.692192219496 0.252313948632 0.801755300017 0.362707261276 0.402454410882
59.6 -0.074832996017 -0.055701089535 0.692776444573 0.250560514573 0.800702242880 0.352019514866 0.414942897200
59.7 -0.074497960795 -0.054686837972 0.696208416079 0.250791911243 0.803340790461 0.348577011060 0.412602785978
59.8 -0.077182360166 -0.056918837231 0.701257008328 0.252508436195 0.803269622122 0.351558705403 0.409150193061
59.9 -0.076753234700 -0.060273169010 0.697522845581 0.252944758457 0.801856513823 0.356389360548 0.407469881213
60.0 -0.074223111022 -0.058118175764 0.693858749159 0.257795816290 0.797850380772 0.359545641481 0.409515590299
60.1 -0.074218200236 -0.057791964994 0.695819403751 0.253213718323 0.799608955696 0.350279348220 0.416908513988
60.2 -0.073139741666 -0.057968928724 0.696780860349 0.255663278317 0.799897247585 0.349922761421 0.415156286795
60.3 -0.073618701218 -0.056492781586 0.697890902392 0.258585244535 0.797486754083 0.349579552916 0.418261502595
60.4 -0.076085625629 -0.057887851150 0.701751590061 0.256060316071 0.796797506925 0.351253150720 0.419723803949
60.5 -0.073398559805 -0.064667321913 0.688237280755 0.261310755380 0.791504715289 0.378999453701 0.401990533337
60.6 -0.074534649978 -0.065962379294 0.696419228755 0.258268305972 0.793347407902 0.363943138162 0.414056475244
60.7 -0.076147005357 -0.064884527194 0.691079386929 0.257518085833 0.792680064412 0.360998200878 0.418357562278
60.8 -0.080595944300 -0.069579357218 0.704061977592 0.260662453451 0.789896916638 0.368603155242 0.415029710253
60.9 -0.072783858020 -0.076946812888 0.671827297155 0.265835229953 0.786117332901 0.400005217006 0.389033412186
61.0 -0.074735627534 -0.074575371368 0.689462631007 0.267733523489 0.783069967960 0.365604790966 0.425973382387
61.1 -0.073145371039 -0.074149081611 0.676197822897 0.271959704725 0.777072157911 0.379712343992 0.421918613272
61.2 -0.069754114767 -0.075437159895 0.691331071861 0.265864404820 0.789961812648 0.367099436842 0.412933961158
61.3 -0.065461422692 -0.073677680450 0.678409728036 0.277500109187 0.781895839571 0.373582078826 0.414812024708
61.4 -0.067251094839 -0.074543790370 0.693267177089 0.273956115495 0.782231536946 0.361374346850 0.427165601176
61.5 -0.066569367509 -0.074637525782 0.683083386247 0.275858978151 0.777114976229 0.372393118987 0.425813929816
61.6 -0.067144581713 -0.071360092100 0.686412862545 0.274963944670 0.778234038749 0.366141581055 0.429752199164
61.7 -0.067193772662 -0.069520263287 0.691868248487 0.277012134113 0.779728933735 0.359530806034 0.431305769684
61.8 -0.064984273980 -0.064737353221 0.698653622753 0.286645920344 0.777683697991 0.361482989748 0.427050618020
61.9 -0.064083555371 -0.063555723929 0.705343734265 0.283128104567 0.779192235602 0.358526568902 0.429134752464
62.0 -0.061393137990 -0.062970962600 0.701355988256 0.293916616682 0.776636087469 0.364588444286 0.421336773107
62.1 -0.059635202948 -0.061588130584 0.710000914049 0.289798498155 0.779145679764 0.355296013509 0.427450094113
62.2 -0.058150967058 -0.058138029116 0.704499581173 0.291302010377 0.775905322569 0.350703340626 0.436028939445
62.3 -0.058173475267 -0.056779830780 0.713048560591 0.291884195451 0.776623469111 0.349755490142 0.435121478196
62.4 -0.058420155563 -0.056315963264 0.714412157371 0.294836754756 0.776356166077 0.357314501348 0.427397635190
62.5 -0.058048721026 -0.052984377252 0.698043267549 0.297357599956 0.770993634867 0.370710983387 0.423934711412
62.6 -0.059995450289 -0.046134593133 0.702038364108 0.289765672667 0.772438040513 0.349832839410 0.443838160800
62.7 -0.061047696786 -0.044534903851 0.714273251921 0.286475887294 0.778319797365 0.350810235201 0.434835644706
62.8 -0.060944802089 -0.044982731487 0.719223531703 0.282265574914 0.778025692090 0.346031423624 0.441887340316
62.9 -0.060282246983 -0.044957600144 0.710247347282 0.288249784493 0.776290490269 0.361731749073 0.428293448666
63.0 -0.064202545075 -0.044090740215 0.727905848677 0.283656421269 0.787228726944 0.336924678194 0.431615253868
63.1 -0.067226406741 -0.047547960957 0.721687574725 0.291765909016 0.778006068521 0.355118793178 0.428333811895
63.2 -0.070626022112 -0.045872030886 0.726521546849 0.285298373227 0.776741684702 0.334835922290 0.450735064782
63.3 -0.070797583923 -0.042142898764 0.728255781308 0.288426463144 0.774715244191 0.337679754579 0.450109818960
63.4 -0.074310161696 -0.042597832594 0.740035053442 0.289736935461 0.771657153256 0.333232219267 0.457770722197
63.5 -0.075428151157 -0.046110439848 0.749277644758 0.289983320751 0.776109498537 0.330069388623 0.452347121866
63.6 -0.072892967490 -0.049370760368 0.748449033009 0.296326223667 0.775091783669 0.351790438665 0.433205474712
63.7 -0.072751684501 -0.050670343408 0.751259991237 0.290158212479 0.769788021871 0.336252063120 0.458442104482
63.8 -0.073711400896 -0.053668866499 0.764527892268 0.290634262231 0.773605327276 0.330335418180 0.456009906386
63.9 -0.074162432574 -0.055301461368 0.774321894386 0.289468576701 0.777273295122 0.337126190638 0.445421260582
64.0 -0.071105270587 -0.057000667555 0.768195499947 0.295502712552 0.774694049317 0.353998406227 0.432680488602
64.1 -0.072332822650 -0.057728072699 0.777468426481 0.286729453552 0.775423207127 0.328683613232 0.456587508269
64.2 -0.074863413192 -0.062879736186 0.776050487565 0.293085267377 0.771858925616 0.338077223683 0.451706338033
64.3 -0.076230008088 -0.067158674630 0.788430390871 0.290234019404 0.780314350180 0.337072225336 0.439608966913
64.4 -0.079066343123 -0.078768314592 0.845310888074 -0.286749424003 -0.782655923273 -0.342892453309 -0.433184994043
64.5 0.000000000000 0.000000000000 0.000000000000 0.000000000000 0.000000000000 0.000000000000 0.000000000000
64.6 -0.053456835607 -0.061461335759 0.794437683148 0.289863591946 0.779142379088 0.345285229958 0.435539161438
64.7 -0.053793687101 -0.062561188240 0.794147527590 0.280713170699 0.781169747569 0.333141720603 0.447203013489
64.8 -0.050758227856 -0.059589386642 0.795332887198 0.285740331628 0.785672805824 0.338900928611 0.431528522414
64.9 -0.046799440434 -0.057362549348 0.786262231132 0.281812065942 0.780473183880 0.340983886615 0.441784515123
65.0 -0.047852640456 -0.059266566044 0.784805949533 0.281520376723 0.781108992568 0.341455101440 0.440480910960
65.1 -0.047111880520 -0.055595501615 0.779198095971 0.277943632988 0.781800417277 0.338661555388 0.443670818659
65.2 -0.046971495390 -0.055576259596 0.779316562101 0.279010582934 0.782676470570 0.340852240719 0.439761738927
65.3 -0.046691532277 -0.055715001978 0.778629549944 0.280437587043 0.782546567477 0.339514534302 0.440119881965
65.4 -0.048895058460 -0.058571062398 0.763078226977 0.285223620600 0.773942201705 0.340677473885 0.451220360200
65.5 -0.048785500082 -0.068706430692 0.763859352719 0.286784046195 0.777086861441 0.347120472383 0.439770733765
65.6 -0.049770108952 -0.070717916675 0.762000897828 0.284218114157 0.779444912729 0.350536180956 0.434522815795
65.7 -0.048834879830 -0.070209873661 0.755501733719 0.287490872906 0.778818183312 0.349804799953 0.434082753940
65.8 -0.047366870458 -0.068781661250 0.756972027131 0.286963592994 0.779494916107 0.347319941387 0.435210788439
65.9 -0.044039371193 -0.066854578330 0.746007256001 0.288783536910 0.781848862456 0.356772569793 0.421935727960
66.0 -0.041145775378 -0.068935414548 0.743329412354 0.290240446279 0.779182217906 0.373115940073 0.411606668929
66.1 -0.039207755149 -0.070019082000 0.732165780688 0.288759459857 0.775888940294 0.380296534268 0.412297068502
66.2 -0.038632457775 -0.069935546501 0.745765008910 0.279309808374 0.784938630134 0.351832123135 0.426698412230
66.3 -0.037678536873 -0.070285440735 0.735093745372 0.281121573387 0.781303357723 0.360810706935 0.424677946152
66.4 -0.037424511421 -0.073318879485 0.737799541346 0.280431888128 0.784841314666 0.360604527619 0.418743885418
66.5 -0.034725605493 -0.074885004887 0.718546999105 0.290692112800 0.776690382629 0.388086043251 0.402043987794
66.6 -0.032752627616 -0.078673664325 0.720960076180 0.292202339494 0.780353262243 0.382759059998 0.398951226205
66.7 -0.033143985219 -0.078845029686 0.724426093635 0.289341383975 0.780044596389 0.362920928014 0.419643171246
66.8 -0.033632383868 -0.079397315829 0.722372455983 0.287473065328 0.781913093904 0.358129911961 0.421561521549
66.9 -0.033608645312 -0.076593186026 0.716102494856 0.290091363056 0.778529327002 0.357612553324 0.426441496320
67.0 -0.033649453689 -0.075862207698 0.721564689160 0.281525209762 0.784635228012 0.360452553032 0.418527265830
67.1 -0.033050837413 -0.076080237190 0.720069644728 0.283394485601 0.783932560074 0.362906238820 0.416456922877
67.2 -0.033109215833 -0.077731787624 0.713249049144 0.290497727674 0.781303459118 0.368788798676 0.411303776979
67.3 -0.038216973260 -0.078825038105 0.747380885795 0.274579005062 0.800618720838 0.350206807261 0.401212195690
67.4 -0.043744938267 -0.081295994602 0.743062961610 0.280171948596 0.796173189132 0.348604047228 0.407537912817
67.5 -0.044158436414 -0.080969449101 0.707276655297 0.284473460910 0.787005423249 0.385301450315 0.388896009492
67.6 -0.044996153391 -0.073694186214 0.646656304019 0.290890186747 0.761727853326 0.425933321578 0.392089763053
67.7 -0.057652231892 -0.075272189348 0.728441462755 0.284338914293 0.784574846251 0.372979835230 0.405561012624
67.8 -0.059975547948 -0.073331070992 0.702899114984 0.289800285038 0.773406312088 0.374861845745 0.421114079340
67.9 -0.055544906900 -0.073189350852 0.668540717653 0.293850824855 0.761118852750 0.405653467002 0.412061948534
68.0 -0.052276959859 -0.078653914727 0.660937802445 0.289883669584 0.755070721346 0.405883724975 0.425551484166
68.1 -0.050187870939 -0.086662298243 0.681478718580 0.289599992607 0.761301788318 0.394548831908 0.425303010365
68.2 -0.050110839176 -0.093490159514 0.693576839918 0.298980986455 0.756782072603 0.378985884111 0.440750455439
68.3 -0.052296802128 -0.100218283458 0.713797835029 0.299514116058 0.754994762588 0.366449578900 0.453860010213
68.4 -0.049143434495 -0.108579796466 0.714772578895 0.300495976790 0.755332310523 0.374922156122 0.445655298927
68.5 -0.043230136307 -0.115554475043 0.706133530332 0.301503425483 0.755274209336 0.385478040495 0.435962422039
68.6 -0.046748182962 -0.119365033074 0.740460215644 0.299846714384 0.754467066161 0.343226985377 0.472299301778
68.7 -0.045597620143 -0.122688216471 0.736672345888 0.300058530893 0.752086020296 0.359531998690 0.463754501900
68.8 -0.047109664056 -0.127771810548 0.750332738002 0.302655269287 0.746166008594 0.341460979127 0.484809731055
68.9 -0.045329648859 -0.130271779214 0.733228708949 0.309873584472 0.742507378333 0.348635718697 0.480743476727
69.0 -0.047904637533 -0.132894827470 0.745397327769 0.311553706492 0.743397536465 0.341637000564 0.483299648866
69.1 -0.051741315647 -0.136792451813 0.759168722334 0.309060667167 0.746754163283 0.331184859888 0.486986973349
69.2 -0.047037357261 -0.141705489029 0.743165336929 0.264546330772 0.740029204396 0.323962350528 0.526707139648
69.3 -0.055202017660 -0.136957300791 0.722401081695 0.319731196295 0.734263000274 0.352279239795 0.484282093158
69.4 -0.059813747176 -0.131420568087 0.744801454679 0.320289658449 0.730534035810 0.335901711733 0.500903780449
69.5 -0.059684117291 -0.129247887196 0.737017368705 0.312941404853 0.737845933967 0.352835615094 0.482864456735
69.6 -0.068280385547 -0.132033347034 0.774377712249 0.310196835324 0.737706207041 0.312177242353 0.511969574100
69.7 -0.068867377409 -0.130951371729 0.754229729561 0.311887996889 0.731761532932 0.310304217107 0.520540324243
69.8 -0.070223717403 -0.127521490254 0.767023714466 0.310093894446 0.729582272160 0.294705875298 0.533572799008
69.9 -0.069440698318 -0.124696533578 0.767823838729 0.311239689060 0.733816896346 0.299724615326 0.524221111326
70.0 -0.072303744009 -0.126191937216 0.790583225498 0.302172245046 0.741443262620 0.286825203430 0.526008674184
70.1 -0.071564513420 -0.123348967798 0.780050801357 0.306893229195 0.734863572332 0.290109151861 0.530687060273
70.2 -0.071259204926 -0.118358523151 0.777834385540 0.301909886166 0.736692292548 0.272796733370 0.540108164166
70.3 -0.070502586172 -0.115752181153 0.776381169075 0.306533527069 0.730682016198 0.271836533792 0.546118931080
70.4 -0.071256219121 -0.118548592581 0.787790118168 0.300712451878 0.735817855490 0.271612108587 0.542559643999
70.5 -0.071928572524 -0.119237713595 0.768629556409 0.301722046740 0.731721611572 0.277345591515 0.544634476081
70.6 -0.071837407103 -0.117863639530 0.769046252053 0.303850438047 0.730689258762 0.266090529022 0.550421610036
70.7 -0.072332877785 -0.119522887947 0.782871152329 0.298199781892 0.737566404219 0.257486461913 0.548428127815
70.8 -0.067784885000 -0.120022977067 0.777768463955 0.306948650794 0.730633587089 0.286025737119 0.538652359967
70.9 -0.063274449905 -0.118414615262 0.765059907391 0.305474008190 0.736828864173 0.300300372616 0.523056919893
71.0 -0.069270635660 -0.117331842520 0.795223933226 0.295768811898 0.738754717656 0.270974250057 0.541604313919
71.1 -0.072497368601 -0.115028690312 0.786683308587 0.303185385855 0.729474153078 0.244328690091 0.562360714304
71.2 0.000000000000 0.000000000000 0.000000000000 0.000000000000 0.000000000000 0.000000000000 0.000000000000
71.3 0.000000000000 0.000000000000 0.000000000000 0.000000000000 0.000000000000 0.000000000000 0.000000000000
71.4 -0.086729017192 -0.127575162813 0.778285034332 0.305569421535 0.721528222941 0.259638581297 0.564457402490
71.5 -0.083255218617 -0.122451105448 0.762941513118 0.301121141064 0.716531954241 0.250799345206 0.577068198223
71.6 -0.080550905915 -0.122950700640 0.795786239334 0.297236430182 0.734125502627 0.225092540852 0.567488853650
71.7 -0.076739892778 -0.119209745132 0.772984124388 0.298195873650 0.722870867203 0.240034041959 0.575256976480
71.8 -0.077132547929 -0.117520901468 0.768716829702 0.292805355843 0.727090436763 0.231151144778 0.576345095082
71.9 -0.080387197231 -0.119335012138 0.775816981626 0.295866442571 0.722460110333 0.236215652279 0.578546975410
72.0 0.000000000000 0.000000000000 0.000000000000 0.000000000000 0.000000000000 0.000000000000 0.000000000000
72.1 -0.089860925238 -0.120478464405 0.776675279506 0.278029454329 0.737460776693 0.234579131612 0.569055231394
72.2 -0.089288857459 -0.121261202096 0.735493779430 0.306337123837 0.703104386254 0.245020198688 0.593099393715
72.3 -0.081435901047 -0.124211380102 0.706948324328 0.252861407457 0.715056422274 0.222535156739 0.612563078873
72.4 0.000000000000 0.000000000000 0.000000000000 0.000000000000 0.000000000000 0.000000000000 0.000000000000
72.5 0.000000000000 0.000000000000 0.000000000000 0.000000000000 0.000000000000 0.000000000000 0.000000000000
72.6 0.000000000000 0.000000000000 0.000000000000 0.000000000000 0.000000000000 0.000000000000 0.000000000000
72.7 0.000000000000 0.000000000000 0.000000000000 0.000000000000 0.000000000000 0.000000000000 0.000000000000
72.8 0.000000000000 0.000000000000 0.000000000000 0.000000000000 0.000000000000 0.000000000000 0.000000000000
72.9 -0.050725221356 -0.097797697895 0.780223728438 0.268962021697 0.738997046332 0.195508584130 0.585934458731
73.0 -0.049463267800 -0.094818167739 0.767704860430 0.284299670499 0.717122579305 0.191660502385 0.606774385938
73.1 -0.042195494024 -0.081246173167 0.723560323654 0.291112466382 0.711384720756 0.223640650789 0.599308076290
73.2 -0.041491254544 -0.081937233268 0.775726792092 0.268464508131 0.735946873462 0.194245197502 0.590404785349
73.3 -0.038590293570 -0.074000610124 0.748259894146 0.266882626326 0.727105858653 0.194028726339 0.602032879029
73.4 -0.035220980352 -0.067213554634 0.748719254926 0.266160819312 0.724788790996 0.181714696865 0.608949419618
73.5 -0.034262968559 -0.066604761019 0.766313483680 0.263134850944 0.741555309608 0.195199007308 0.585451211081
73.6 -0.034762101044 -0.065861965513 0.768137132991 0.265825884908 0.743488755256 0.205737432575 0.578129032793
73.7 -0.035483245514 -0.063543340734 0.756832995719 0.267740993184 0.745052587141 0.209323410318 0.573929536490
73.8 -0.038823517124 -0.063877541649 0.755666426068 0.266216726553 0.741568122698 0.202365523547 0.581595709047
73.9 -0.040049206312 -0.065666701778 0.760609419154 0.265431326591 0.744296994503 0.198833537071 0.579683896079
74.0 -0.042658637928 -0.070905146421 0.760903983110 0.277622196781 0.731268418177 0.212204137609 0.585783083072
74.1 0.000000000000 0.000000000000 0.000000000000 0.000000000000 0.000000000000 0.000000000000 0.000000000000
74.2 -0.029051109730 -0.064187801640 0.752020779387 0.256555106563 0.756231666949 0.194991507812 0.569448377890
74.3 -0.027597499942 -0.069631418763 0.760746557029 0.281398562174 0.739240570484 0.223762129848 0.569445991647
74.4 -0.026114538645 -0.069369833170 0.758424630786 0.269385860744 0.741162065147 0.203306824819 0.580324380154
74.5 -0.024047210400 -0.071941729519 0.761411824684 0.267757576753 0.741045060362 0.199344569954 0.582597494875
74.6 -0.022798518784 -0.070869979348 0.737735439956 0.274561853965 0.734839722333 0.197708710812 0.587824494639
74.7 -0.021103227340 -0.065205428856 0.726315154298 0.268743190777 0.732638765747 0.189059073504 0.596048826072
74.8 -0.021205815106 -0.068935874585 0.742640895013 0.269188131129 0.736644816150 0.197097476149 0.588255684031
74.9 -0.022673413202 -0.066464695523 0.722861914174 0.274143503373 0.728361241654 0.194693713751 0.597017251878
75.0 -0.021644240804 -0.061699867457 0.726271346037 0.262737434016 0.732965002693 0.167744300356 0.604643031294
75.1 -0.020791379203 -0.061529623765 0.731658041096 0.262879928490 0.734949372252 0.174951366606 0.600112974985
75.2 -0.019034134732 -0.067554683179 0.757719404200 0.277228832929 0.736633502490 0.187162034486 0.587780256601
75.3 -0.015372062743 -0.064825932846 0.736011279756 0.264218225173 0.743148931506 0.181446065999 0.587363363022
75.4 -0.014248604074 -0.073106288986 0.759759074083 0.289450166442 0.719687310000 0.192026238216 0.601161127160
75.5 -0.011198499953 -0.080670251122 0.757287771709 0.310335930125 0.711235562685 0.207101295355 0.595772304080
75.6 -0.007624956459 -0.085746692482 0.763830675280 0.300840062788 0.727075262176 0.192739699029 0.586266345761
75.7 -0.007721091492 -0.083421091198 0.783181171040 0.266211753304 0.744148581684 0.140491337532 0.596352559196
75.8 -0.011329633224 -0.086795322512 0.793163228025 0.251383626473 0.751425816379 0.119734154856 0.598188303949
75.9 -0.013850728371 -0.087541730457 0.724249952203 0.302918120134 0.718290263445 0.186026135926 0.598075234973
76.0 -0.011860174333 -0.083483943207 0.711636672634 0.296977301034 0.727101901780 0.184356061704 0.590880825220
76.1 -0.011353841880 -0.082857128536 0.704443565537 0.298480092330 0.725293489400 0.186863432186 0.591558151350
76.2 -0.012326292615 -0.088516999715 0.727245414293 0.297969412546 0.727423660948 0.186827599887 0.589206665441
76.3 -0.012599426108 -0.082482862826 0.684142319506 0.313055329969 0.712049366134 0.195702649186 0.597229046236
76.4 -0.014033757096 -0.086684528239 0.765289753740 0.270540581856 0.743007020150 0.136469153159 0.596761704378
76.5 -0.024347445566 -0.098134807899 0.933843970827 0.218530064493 0.874079096387 0.021723635340 0.433311005907
76.6 -0.021282097925 -0.087766834066 0.771500937332 0.249329741991 0.746949556910 0.101728764943 0.607908132512
76.7 -0.024553753981 -0.096464777182 0.726502697800 0.307487246664 0.713274879839 0.178212500315 0.604095061775
76.8 -0.022193621116 -0.091138995514 0.690958238764 0.312844436678 0.708990935517 0.180980039771 0.605562909200
76.9 -0.018111412237 -0.088001213051 0.729360032649 0.270350380772 0.743581476914 0.120346605915 0.599594824236
77.0 -0.014724490855 -0.089987710783 0.757460202528 0.246528838419 0.756145270365 0.097306450912 0.598330440930
77.1 -0.012444387918 -0.095780182640 0.832224089298 0.217789567297 0.759914272777 0.038504494120 0.611240874238
77.2 -0.007283565491 -0.090739804147 0.776520332095 0.267211338797 0.751908552930 0.108403932396 0.592857669168
77.3 -0.005618441473 -0.090066293737 0.842585215238 0.214441574675 0.751690779206 0.029091941730 0.623000355083
77.4 -0.000736961213 -0.090514994416 0.790337657766 0.278208834711 0.741265284189 0.114636953327 0.599986659582
77.5 0.002833489705 -0.080913739183 0.871638530042 0.227234121860 0.870726161943 -0.013483008180 0.435911474110
77.6 0.003285231887 -0.086531188684 0.701012045519 0.337815782368 0.691966856206 0.185464366822 0.610463214072
77.7 0.017340053094 -0.087353155900 0.914940885412 0.194637161314 0.863613139225 -0.016909894534 0.464760988747
77.8 0.015020899348 -0.081244770667 0.737600709463 0.304904679006 0.731146055886 0.139893972401 0.594043986729
77.9 0.014058209749 -0.076760022934 0.715674976359 0.313101989064 0.711927970509 0.154096452331 0.609409544256
78.0 0.015964273468 -0.073476430914 0.721460059251 0.308793466531 0.719217873956 0.146242412666 0.604967273121
78.1 0.014414104539 -0.073782762206 0.738553644783 0.325848544916 0.704724602973 0.151618907070 0.611716982566
78.2 0.017365487455 -0.064225931063 0.786054289358 0.264923154049 0.743480212591 0.093042997425 0.606956255890
78.3 0.010162589322 -0.064807906807 0.706633630982 0.323482536419 0.719206782793 0.152843129319 0.595600226693
78.4 0.007900438869 -0.065545189635 0.701730167511 0.336488353021 0.707706372732 0.165975874468 0.598647882624
78.5 0.007262736774 -0.064487376535 0.697007224257 0.339510415885 0.701477964971 0.162330945903 0.605235496455
78.6 0.007308322690 -0.063272185121 0.690893331378 0.336255305459 0.704386502689 0.163696220401 0.603303880153
78.7 0.007453914594 -0.062874964845 0.713758175758 0.324149642878 0.711157019944 0.147918841241 0.606055045695
78.8 0.008434878023 -0.060032922624 0.711958131515 0.321469463914 0.715005988453 0.146810355922 0.603216826391
78.9 0.008295913135 -0.058055902208 0.708497418189 0.327341079247 0.709307638903 0.151239833977 0.605687216185
79.0 0.008453803712 -0.056049132523 0.699798527155 0.337890299179 0.702426318093 0.155827457939 0.606749715059
79.1 0.009064279466 -0.052513252791 0.695438440746 0.340043876253 0.704669363903 0.156401936905 0.602784940034
79.2 0.010620857161 -0.049806534531 0.687251575658 0.340398370190 0.703910858896 0.148575160758 0.605445186542
79.3 0.010705236913 -0.053849677315 0.706383562774 0.342751385326 0.706760289683 0.153059058366 0.599653487804
79.4 0.010138395859 -0.053500171088 0.704270029363 0.344883640018 0.703580853345 0.153035259305 0.602170629526
79.5 0.010127823654 -0.047434223668 0.684912843464 0.336628512816 0.700941303908 0.135797443379 0.613939400273
79.6 0.007130172177 -0.050539680418 0.713377934732 0.337981985851 0.706532938917 0.142356949189 0.605238698765
79.7 0.001324285002 -0.049178461275 0.701321373938 0.343783206663 0.698057865433 0.130930381015 0.614317148264
79.8 -0.001808746558 -0.052522187328 0.694644506473 0.352200579375 0.695871362423 0.150852293530 0.607421916286
79.9 -0.003277342518 -0.052843756019 0.690975863201 0.361056364877 0.686862412264 0.158060667044 0.610635041195
80.0 -0.007003118906 -0.055376138744 0.699269099916 0.358788193179 0.690293781886 0.158298276420 0.608035511140
80.1 -0.005873623997 -0.052831578263 0.690089539316 0.365288940797 0.683443920560 0.153640295410 0.613076713639
80.2 -0.004755662819 -0.053307639325 0.704322386726 0.364055368658 0.689860983738 0.154495206071 0.606371786092
80.3 -0.001973905617 -0.048764921173 0.682430293062 0.358550010926 0.694698729632 0.148642200040 0.605591496868
80.4 0.001675312805 -0.047265163489 0.691247800322 0.359933572474 0.696543905713 0.139223270209 0.604889487305
80.5 0.020079313557 -0.046622348483 0.870086621977 0.237296894659 0.824400112704 -0.069308548873 0.509166930399
80.6 0.005852010769 -0.048991807574 0.691780581881 0.368848878558 0.692080566129 0.156646480856 0.600363951957
80.7 0.005990708485 -0.048068911213 0.697273775861 0.356529652944 0.698357964182 0.148270614053 0.602659593338
80.8 0.008778056332 -0.027408881892 0.615225573247 0.345986774433 0.679239588653 0.097706649250 0.639828214301
80.9 0.000000000000 0.000000000000 0.000000000000 0.000000000000 0.000000000000 0.000000000000 0.000000000000
81.0 0.000000000000 0.000000000000 0.000000000000 0.000000000000 0.000000000000 0.000000000000 0.000000000000
81.1 -0.007580093354 -0.025993285135 0.689548905983 0.359362307503 0.693683689481 0.150919236104 0.605710372263
81.2 -0.010297126455 -0.024975004994 0.674838263948 0.368580040308 0.680280967001 0.160351049167 0.612906274118
81.3 -0.011930138439 -0.027679556452 0.681367581329 0.364312613602 0.690113605815 0.166246431621 0.602811458594
81.4 -0.014103882729 -0.029291055828 0.689479018521 0.369775926087 0.689395694884 0.180726641622 0.596101687105
81.5 -0.014431305637 -0.025318345646 0.681154576596 0.365216828366 0.692036952017 0.172054203360 0.598413633223
81.6 -0.015367991637 -0.023981492664 0.675636057750 0.365384814137 0.690799850163 0.169678938389 0.600415324988
81.7 -0.018164574732 -0.027399378536 0.676242170625 0.360421054614 0.695887952152 0.188347839356 0.591913602523
81.8 -0.018888257233 -0.028703783436 0.677649785716 0.356876945695 0.696446442404 0.192766806622 0.591981551030
81.9 -0.019344964528 -0.028679763017 0.678907539544 0.357434418915 0.697154772059 0.192441544117 0.590916332544
82.0 -0.020152366551 -0.029584746131 0.675071067901 0.355758384204 0.698447360848 0.193480840526 0.590061370149
82.1 -0.022615532860 -0.032825579748 0.680902220966 0.351387731576 0.700374132934 0.200853733086 0.587929004150
82.2 -0.022586584494 -0.034352863258 0.678188175850 0.352413515762 0.696983556907 0.210895141294 0.587828099607
82.3 -0.021747108273 -0.042848769080 0.689179025027 0.358960725089 0.706730385800 0.236283450378 0.562004884951
82.4 -0.019296746453 -0.043942204386 0.706745180440 0.324577749393 0.720648494432 0.212947177365 0.574428874382
82.5 -0.016014004995 -0.050853113387 0.696740821881 0.344778885330 0.715080184324 0.247712511734 0.555361469448
82.6 -0.016425052925 -0.054249612040 0.682011413285 0.344941268434 0.711665548981 0.244418522725 0.561076869486
82.7 -0.015842608041 -0.055544584525 0.679552604972 0.342722089925 0.718228434871 0.247990714995 0.552440123177
82.8 -0.015262813815 -0.054751789640 0.680515086498 0.340682344930 0.719461545005 0.245762716865 0.553092498694
82.9 -0.017411179725 -0.054193168240 0.676998063997 0.339202938955 0.714559001438 0.239665059828 0.562945342610
83.0 -0.020816124267 -0.058493855373 0.703934821267 0.323096529611 0.734523893412 0.237755682328 0.547316652479
83.1 0.000000000000 0.000000000000 0.000000000000 0.000000000000 0.000000000000 0.000000000000 0.000000000000
83.2 -0.032615317942 -0.064438518430 0.683828703112 0.332322601450 0.714556632954 0.259034855226 0.558454519764
83.3 -0.033633392877 -0.069676788202 0.700266785258 0.336862118519 0.722293043729 0.280354880341 0.534993283282
83.4 -0.031953770991 -0.065543514450 0.698966260346 0.332573986340 0.723475338534 0.267795154144 0.542460812926
83.5 -0.030430547153 -0.067012928308 0.722445178246 0.332406825361 0.730566272312 0.262971940650 0.535373124694
83.6 -0.025839552540 -0.067474691833 0.759563810287 0.298601812879 0.754459259398 0.258851800965 0.524045731202
83.7 -0.025988889669 -0.068014176407 0.723611557018 0.320693568900 0.737656640032 0.250715132797 0.538665237851
83.8 -0.026913000700 -0.065297027851 0.746173397141 0.283817985838 0.756868959413 0.245164335623 0.535248706425
83.9 -0.035494458560 -0.063431618218 0.715966970890 0.303433649716 0.737313150834 0.237784793641 0.554757361141
84.0 -0.039561575060 -0.067098063812 0.694355093736 0.333496656711 0.722402179815 0.277181731812 0.538595727898
84.1 -0.043088715528 -0.067013495971 0.718388969611 0.326025834794 0.729760476471 0.266590856056 0.538596432866
84.2 -0.045601101174 -0.064316936070 0.696945403649 0.327098436400 0.724182976790 0.268796483858 0.544347388437
84.3 -0.048234529392 -0.066290206214 0.693583868586 0.329793690218 0.715647019834 0.272525792091 0.552100676997
84.4 -0.050718971504 -0.071054752968 0.704821793431 0.323873748814 0.726592535904 0.280188744530 0.537273998102
84.5 -0.056348073719 -0.067906246186 0.710303340713 0.314278362485 0.728702845730 0.269845566191 0.545348185938
84.6 -0.065568208502 -0.066775864006 0.739280439859 0.278203834823 0.743029155051 0.256386415824 0.552065491419
84.7 -0.069391976892 -0.066188759328 0.697027655763 0.303435543902 0.721854756013 0.278003414039 0.556387170683
84.8 -0.073196546321 -0.069347571314 0.706750559934 0.310306624173 0.728260219713 0.295023821655 0.535077373876
84.9 -0.075020965096 -0.067849805580 0.692886176741 0.306845878042 0.721662486044 0.301483062903 0.542362264679
85.0 -0.089016161097 -0.065831127209 0.777469241209 0.258861686609 0.747790654549 0.280090488651 0.543460285892
85.1 -0.091448209357 -0.065106425401 0.747130984933 0.272338230788 0.738209097864 0.301379957409 0.538562287164
85.2 -0.093165750779 -0.060229335035 0.724808476641 0.271365382494 0.737183081625 0.276046124395 0.553823501267
85.3 0.000000000000 0.000000000000 0.000000000000 0.000000000000 0.000000000000 0.000000000000 0.000000000000
85.4 -0.103448965450 -0.057045313552 0.698115098690 0.294110708552 0.722521498694 0.341067782600 0.524532499196
85.5 -0.104921383973 -0.053204213208 0.700608404796 0.298486430534 0.719352498038 0.316732976204 0.541403782900
85.6 -0.106371874504 -0.050462763541 0.699381775260 0.288306684028 0.722437756788 0.298518346206 0.553036834660
85.7 -0.106602097745 -0.051333025077 0.700530782100 0.290203284343 0.723345343462 0.300784705665 0.549619985705
85.8 -0.106274873782 -0.050930222458 0.701146958977 0.287906535213 0.721246823415 0.296613886321 0.555817460267
85.9 -0.102649246876 -0.047743237664 0.694067860047 0.282688038879 0.725445907567 0.298520746405 0.551997347670
86.0 -0.100135828605 -0.046220635139 0.700372886294 0.282151871785 0.726794954399 0.303337546444 0.547855590850
86.1 -0.096313855553 -0.045642893489 0.702456162547 0.281667319500 0.728726817541 0.304270703683 0.545013839644
86.2 -0.095540202434 -0.045450062702 0.702156820041 0.281075499426 0.725639894336 0.300938231100 0.551252653901
86.3 -0.094904668198 -0.045360062665 0.700827208940 0.279036347424 0.725963257651 0.299100916273 0.552860477193
86.4 -0.096572791489 -0.047897626512 0.703636235928 0.278937242133 0.725301328863 0.305502920792 0.550272625785
86.5 -0.098124131408 -0.049415986137 0.703562798503 0.278926934798 0.720557545990 0.304700579593 0.556914845158
86.6 -0.098356362210 -0.053355632326 0.709743183133 0.281057000827 0.727655980637 0.311257303485 0.542809936494
