0.0 -0.077777941413 -0.036648180417 0.597766574869 0.615695630927 -0.667178627162 0.092650908979 0.408909988359
0.1 -0.077585124981 -0.037545995247 0.595126811447 0.614594784498 -0.666430697271 0.092975583178 0.411702462387
0.2 -0.076240285221 -0.039453444067 0.595267560840 0.614911090266 -0.667514725121 0.093035245237 0.409454375917
0.3 -0.076363876082 -0.041438849971 0.594898189914 0.617013520514 -0.667681103466 0.089955153974 0.406699311347
0.4 -0.078682975049 -0.041362893521 0.589254575038 0.615415994757 -0.667445649569 0.091719270381 0.409105162165
0.5 -0.079574216974 -0.042832563878 0.594927018026 0.610462203517 -0.673276982803 0.088382411976 0.407704000174
0.6 -0.076951091865 -0.042421332159 0.594710556661 0.614130882589 -0.668164632985 0.081754223813 0.411965446571
0.7 -0.078767707760 -0.038545024616 0.588432237632 0.614919449922 -0.667363739724 0.089967865016 0.410372382445
0.8 -0.082979717440 -0.037118775243 0.595369037597 0.612951436337 -0.666724637834 0.089046991124 0.414535194368
0.9 -0.084968956885 -0.039539649390 0.594745718190 0.613777332889 -0.668142659657 0.087162954556 0.411418754229
1.0 -0.084520285729 -0.043703929091 0.591264426547 0.616552729167 -0.666773321521 0.088185781229 0.409266829652
1.1 -0.080174065335 -0.043681373076 0.589621453139 0.617960617458 -0.664987742272 0.086134381916 0.410483673428
1.2 -0.076546225942 -0.047098647542 0.590541805547 0.622208470327 -0.659618768242 0.082210574109 0.413522818647
1.3 -0.076877472834 -0.049247662091 0.591378708306 0.623818391511 -0.658017880186 0.082100222043 0.413669720078
1.4 -0.077637325805 -0.048614391294 0.587867597163 0.623508720411 -0.659030000083 0.087286792378 0.411457592515
1.5 -0.077967891051 -0.050397341707 0.588429970329 0.626324420372 -0.655746792140 0.086666350558 0.412556430958
1.6 -0.078267285488 -0.052087252340 0.585737403319 0.625821657856 -0.657215330479 0.084054261765 0.411521740642
1.7 -0.077232311537 -0.046348853786 0.570437840659 0.626789928135 -0.651392535298 0.083768269373 0.419291101732
1.8 -0.083408157931 -0.047330061960 0.585533613495 0.624699530187 -0.657425305759 0.088999400757 0.411851394312
1.9 -0.084921063310 -0.049246353469 0.583623886141 0.622794269198 -0.658282418739 0.088865694155 0.413393812043
2.0 -0.084368208038 -0.052059485581 0.581414845925 0.627297918828 -0.656245732694 0.085872143130 0.410444678841
2.1 -0.082230612500 -0.054038174648 0.582304733629 0.626983586466 -0.657491524592 0.087602473860 0.408561236494
2.2 -0.081120875721 -0.054232488247 0.581712499026 0.626609156112 -0.657980636367 0.086743517537 0.408531528536
2.3 -0.079020346516 -0.053014871593 0.580165544173 0.626505912378 -0.658332400818 0.081932112412 0.409116023575
2.4 -0.079093796665 -0.051944278185 0.581590923478 0.626636890230 -0.657742810970 0.085380370749 0.409158642474
2.5 -0.077339040748 -0.050657300152 0.583557550704 0.626889398655 -0.656886880954 0.088434772678 0.409497983470
2.6 -0.075146594874 -0.050253423226 0.585446631016 0.626983364941 -0.655522389378 0.084500503107 0.412361397424
2.7 -0.072607583127 -0.049567258745 0.583693956275 0.627246234870 -0.654892309094 0.090992941197 0.411580501218
2.8 -0.069517891178 -0.050654172601 0.585279384734 0.629581185285 -0.653431882492 0.084261508163 0.411769722442
2.9 -0.069876637193 -0.053103707368 0.583824768805 0.631641744683 -0.651412043564 0.081531684098 0.412363480879
3.0 -0.070037395595 -0.053299301852 0.584165554975 0.630345868041 -0.651009513874 0.080576471411 0.415160368706
3.1 -0.070046886198 -0.051780261706 0.585110020926 0.628881032018 -0.653523446179 0.078426341569 0.413841831876
3.2 -0.068137220254 -0.050001148398 0.583853596775 0.625891758551 -0.654090154297 0.081494720363 0.416874306215
3.3 -0.064924027480 -0.047236050891 0.585802615256 0.625898922224 -0.653734362568 0.078433252028 0.418007353205
3.4 -0.062603289629 -0.043813128680 0.589043966275 0.622262072087 -0.656504031552 0.079914392173 0.418815066732
3.5 -0.061599417153 -0.041795324034 0.590417413786 0.620295728318 -0.656094060320 0.076964342825 0.422906944110
3.6 -0.061281703068 -0.039858387135 0.591626807261 0.617132989888 -0.657819922312 0.074550946625 0.425278707389
3.7 -0.060456464259 -0.040596817196 0.594242699426 0.615277537828 -0.660306886731 0.072069179702 0.424540222026
3.8 -0.059480984463 -0.038744653824 0.596141419484 0.612614482996 -0.664377840591 0.071888324252 0.422063560369
3.9 -0.061193547481 -0.038342871410 0.600523598970 0.607351125993 -0.665748289854 0.070956251995 0.427631891484
4.0 -0.062464674119 -0.039911271160 0.597578107453 0.603153734984 -0.671438556033 0.068416543217 0.425082361504
4.1 -0.064264901537 -0.040514587278 0.599771138909 0.601070220473 -0.673865619040 0.070373557173 0.423871773048
4.2 -0.067147191593 -0.042302930247 0.602579889635 0.601029674499 -0.673500794256 0.069004135141 0.424733375004
4.3 -0.069022346274 -0.044059023099 0.601499342055 0.602546049066 -0.675609808729 0.071612561671 0.418761610126
4.4 -0.070260059644 -0.045690391634 0.602679131570 0.598311505566 -0.678367701832 0.071389179363 0.420409548522
4.5 -0.071326087108 -0.046619657138 0.603028828156 0.599100989132 -0.678795423786 0.066182009601 0.419445728401
4.6 -0.072494055286 -0.047404627592 0.602880659013 0.597285455399 -0.680172178914 0.065349952055 0.419934846812
4.7 -0.072947479889 -0.044376375579 0.602850552823 0.594496313811 -0.681582279321 0.068122221798 0.421163973148
4.8 -0.072112146823 -0.042266166017 0.608861332410 0.592994773149 -0.683351213588 0.069036383003 0.420264554451
4.9 -0.070848778937 -0.040635639632 0.608013244522 0.588157736547 -0.684230893000 0.069502372078 0.425520836482
5.0 -0.073531708959 -0.040049026574 0.609165138859 0.587722306806 -0.684676011594 0.069774883791 0.425361863384
5.1 -0.077250936871 -0.039300077675 0.608767964728 0.582633654255 -0.689647875481 0.069367691138 0.424395989848
5.2 -0.080782145995 -0.035958424707 0.608343697258 0.574420090403 -0.695578826991 0.069530439977 0.425883990189
5.3 -0.084107285351 -0.034866208737 0.615364484961 0.570376706507 -0.697280235593 0.067045807192 0.428923705877
5.4 -0.085031214957 -0.033846280741 0.615240377499 0.569932332733 -0.698827984644 0.069428858877 0.426610147019
5.5 -0.083801670771 -0.033029831719 0.613246099558 0.570310784714 -0.700286551604 0.065464515766 0.424333302555
5.6 -0.083512761226 -0.032586119550 0.612322734984 0.569019601448 -0.698979821732 0.067163515589 0.427940374530
5.7 -0.085293209583 -0.030999577644 0.610922971858 0.569458106211 -0.698382175898 0.067777152549 0.428235985469
5.8 -0.086329491816 -0.028624460216 0.615185613414 0.567623282649 -0.700265723962 0.069307496127 0.427350202784
5.9 -0.085744270497 -0.026935415366 0.616862666488 0.566644190400 -0.699157271239 0.069331678825 0.430449288384
6.0 -0.086782792293 -0.027186745666 0.621050616767 0.565367858206 -0.700752916817 0.071703006637 0.429142416127
6.1 -0.086599176839 -0.027161012039 0.622392187979 0.565257638059 -0.700980731545 0.070810744352 0.429063695857
6.2 -0.086873926710 -0.026458005579 0.626508257535 0.565929342707 -0.699217937729 0.074682318418 0.430396103534
6.3 -0.086731545074 -0.029111222120 0.630684363336 0.562257366855 -0.701710028665 0.071879670775 0.431628314662
6.4 -0.085943983059 -0.032747352030 0.629823808859 0.561861450681 -0.703233035760 0.071976029927 0.429644572608
6.5 -0.084732507930 -0.033730561839 0.629625851020 0.560899736247 -0.702798780079 0.073897293436 0.431282448773
6.6 -0.083284333555 -0.031755551109 0.628170852748 0.562143285079 -0.706519276082 0.067994930135 0.424502213235
6.7 -0.080194703276 -0.028809519217 0.628695540536 0.558840507258 -0.705847750559 0.067514451930 0.430020975371
6.8 -0.075224658139 -0.027447193233 0.629656695800 0.556391806052 -0.708615980888 0.063807427420 0.429208762719
6.9 -0.073080809207 -0.027669595480 0.626850387725 0.554437682292 -0.709230892377 0.061516796840 0.431052295505
7.0 -0.070252231092 -0.027499740873 0.628266719925 0.552390538158 -0.711979851979 0.054730869398 0.430062688064
7.1 -0.066118825550 -0.027008717832 0.623464184958 0.553814033664 -0.709937763454 0.053918197229 0.431707326953
7.2 -0.060237156626 -0.026073393216 0.622130888219 0.553577447564 -0.710193474321 0.051907064230 0.431836653450
7.3 -0.054708865278 -0.024141461854 0.618762920396 0.550595294133 -0.710513539416 0.048448761604 0.435508954998
7.4 -0.051979350988 -0.023389622751 0.619577698666 0.546029346227 -0.711242477671 0.042290642810 0.440678559209
7.5 -0.052234114696 -0.023935124093 0.615988183699 0.547500297296 -0.713698188254 0.036930349012 0.435332596833
7.6 -0.055990218509 -0.020892423711 0.609142161589 0.546116151395 -0.712951696637 0.040904117226 0.437931365219
7.7 -0.060574528952 -0.019537330996 0.610841932770 0.544793761871 -0.717073369909 0.043373477621 0.432578640982
7.8 -0.063078212824 -0.021157541312 0.610325176442 0.542220826304 -0.721901079245 0.042173279730 0.427874773483
7.9 -0.066741588180 -0.022234794880 0.607594062840 0.542437938550 -0.722024837486 0.036343329466 0.427925670272
8.0 -0.069858054967 -0.022520955491 0.606953013364 0.534901386314 -0.732383063930 0.039113853810 0.419482611116
8.1 -0.069051726663 -0.025025784273 0.606663788755 0.533137724831 -0.735049234236 0.032550231918 0.417620966923
8.2 -0.071891260503 -0.027832697109 0.601194430374 0.530767549344 -0.737614976485 0.024373428553 0.416672402505
8.3 -0.073668154743 -0.029036068543 0.597337925513 0.528149840380 -0.743258426839 0.026189958816 0.409803298055
8.4 -0.070703494906 -0.030197946952 0.595751621235 0.527342856095 -0.742922687991 0.020342878775 0.411778531589
8.5 -0.067674671760 -0.027918723867 0.591615022427 0.530209162815 -0.742292332291 0.020722304841 0.409207677312
8.6 -0.065050490736 -0.026236126386 0.588073452613 0.528378045444 -0.742076279818 0.026182801523 0.411647782611
8.7 -0.063486442462 -0.023678051033 0.582534775837 0.525180736705 -0.744588605295 0.026876467490 0.411157704723
8.8 -0.060048120842 -0.018835776657 0.578198841160 0.526395578234 -0.743857845481 0.021563355607 0.411239860212
8.9 -0.058856639025 -0.014080560803 0.576769737145 0.520749584749 -0.746061360174 0.024656792376 0.414251565390
9.0 -0.058024875563 -0.012162023697 0.576803749338 0.518060884804 -0.748370112693 0.027260648356 0.413294025018
9.1 -0.052391968459 -0.011784053694 0.577696985790 0.517332157569 -0.749385181475 0.023459940288 0.412600193567
9.2 -0.052724397421 -0.011190240550 0.576249523430 0.515592842973 -0.748353492087 0.025348180971 0.416519556417
9.3 -0.055695631042 -0.014463340649 0.576683340774 0.518873610347 -0.749572439292 0.028273501827 0.410014565392
9.4 -0.056329889414 -0.020613358994 0.573763676190 0.521411670198 -0.748345342797 0.024026001634 0.409306571338
9.5 -0.056790652081 -0.024008267427 0.570956581144 0.519217102918 -0.750459537982 0.024382178190 0.408202880042
9.6 -0.059794132851 -0.027811534550 0.566203394556 0.518951958434 -0.751735654164 0.022919383377 0.406272166117
9.7 -0.061898393414 -0.029047066852 0.564003941423 0.517810757178 -0.757594730570 0.023500516347 0.396698840047
9.8 -0.063447900893 -0.028829899360 0.564910607187 0.514479269055 -0.761212712839 0.023759412083 0.394083465605
9.9 -0.064563673852 -0.029750602266 0.568129517814 0.508220461577 -0.767347825232 0.018687285693 0.390563775715
10.0 -0.066962526626 -0.032859249171 0.572913546872 0.502185863934 -0.775748081783 0.014650544729 0.381850275912
10.1 -0.069674665484 -0.035859380018 0.572296435911 0.500301682307 -0.780501563256 0.017584259018 0.374441357586
10.2 -0.074600626367 -0.038357752530 0.572448992836 0.497348671145 -0.784162782135 0.017649691106 0.370704085259
10.3 -0.079587582784 -0.043163798918 0.573849968289 0.492434599640 -0.789666959845 0.018024200185 0.365526176647
10.4 -0.082045024639 -0.049995346914 0.573223761758 0.492667316861 -0.793144310516 0.010282493396 0.357904020546
10.5 -0.083650534172 -0.048457618734 0.566984958475 0.489508422719 -0.797252200807 0.017583185089 0.352790680146
10.6 -0.081258225025 -0.047057450553 0.569893246411 0.488357395475 -0.798451612294 0.013784672156 0.351840958280
10.7 -0.073730785454 -0.052269787154 0.572327669124 0.491635874637 -0.794271472172 0.002721641717 0.356958804248
10.8 -0.072061981123 -0.059888119429 0.576350048791 0.493086194044 -0.794118605342 0.004109192598 0.355281241313
10.9 -0.071427401649 -0.066635947331 0.577331213019 0.494239976054 -0.794985669658 0.005018004668 0.351709327054
11.0 -0.065956918981 -0.069662757518 0.574061861570 0.496030457758 -0.791093230537 -0.002256839826 0.357938810760
11.1 -0.058070252654 -0.068941033849 0.579619134079 0.495306648170 -0.790491734365 -0.004485033818 0.360241622596
11.2 -0.051590063415 -0.068000317789 0.587453303778 0.491866379403 -0.790748225978 -0.007720313629 0.364314568310
11.3 -0.047217186933 -0.062230722742 0.587868414018 0.488607429952 -0.789487352802 -0.007420957379 0.371372358359
11.4 -0.045981046877 -0.053639111214 0.588431683355 0.483201247592 -0.791061144242 -0.008266517100 0.375060641884
11.5 -0.045170093357 -0.047161209122 0.599449650004 0.477240483154 -0.795015269235 -0.003196839916 0.374408898314
11.6 -0.042775295276 -0.043911258961 0.600429973088 0.467766539552 -0.799544616394 -0.009915572403 0.376596006743
11.7 -0.038708739732 -0.040864080485 0.603223312190 0.463505200029 -0.801889296477 -0.013810154226 0.376756904890
11.8 -0.032178031763 -0.038135026195 0.604716582546 0.454719340624 -0.805914753889 -0.012058410252 0.378927863146
11.9 -0.027628486406 -0.036668489369 0.606414256237 0.453056213488 -0.805787141668 -0.013122050416 0.381149526478
12.0 -0.025204884314 -0.036575549952 0.604653019522 0.448094035615 -0.809337058249 -0.012024962170 0.379526891900
12.1 -0.023762660572 -0.038551809338 0.606723696211 0.446390397623 -0.811131214974 -0.012803885249 0.377674232014
12.2 -0.022495154749 -0.039633355525 0.603665500364 0.442286944316 -0.813551205373 -0.013986527782 0.377254651613
12.3 -0.021484256629 -0.035892834309 0.604272108373 0.434260827883 -0.816785254516 -0.019882855799 0.379320515418
12.4 -0.020520780700 -0.032713015074 0.605917462322 0.428757102250 -0.821458554558 -0.012385904871 0.375792202919
12.5 -0.019416676183 -0.033096797248 0.604763871937 0.426575519255 -0.822328330669 -0.012975804107 0.376352323573
12.6 -0.018222001177 -0.034359793785 0.604718021125 0.424425305483 -0.824465064992 -0.012099583143 0.374131149146
12.7 -0.017192603729 -0.034120115052 0.605636772737 0.424060958857 -0.825894686785 -0.011864084674 0.371388628002
12.8 -0.016010438721 -0.030793383251 0.606064319002 0.421972534038 -0.824831483137 -0.017218284420 0.375893250305
12.9 -0.016674617902 -0.028218621347 0.605473046550 0.417106209671 -0.826655914768 -0.014840511575 0.377415113171
13.0 -0.014809656454 -0.022129844738 0.608197436108 0.408102242530 -0.831136849833 -0.010035137020 0.377575677866
13.1 -0.012377254308 -0.021407694418 0.610524577919 0.406288588769 -0.832935293955 -0.004359918602 0.375671891191
13.2 -0.012187972348 -0.028544145135 0.612439179702 0.407008034131 -0.831025872022 -0.017649951428 0.378720133340
13.3 -0.012775606482 -0.036466450607 0.611342174248 0.407612232302 -0.833455616308 -0.019205664115 0.372605885874
13.4 -0.012705272727 -0.037572197658 0.610725360490 0.406561607937 -0.835320473556 -0.012817842463 0.369841950466
13.5 -0.011828010399 -0.036433757650 0.608671560298 0.404268317853 -0.835192651396 -0.018465392632 0.372396819950
13.6 -0.011056187667 -0.032016812332 0.610501028551 0.405260133358 -0.837053960822 -0.011203220554 0.367395398492
13.7 -0.010042144012 -0.031545251802 0.610906070189 0.407361110384 -0.835976754146 -0.011025401517 0.367529907350
13.8 -0.010523461392 -0.032308220189 0.611254153734 0.408630864409 -0.833478545092 -0.009669227504 0.371807527576
13.9 -0.010872382301 -0.030872477539 0.608699673775 0.409510613611 -0.832566090412 -0.012872021239 0.372785559680
14.0 -0.010138584096 -0.024443487861 0.608520270720 0.409126616687 -0.831435087908 -0.012928659877 0.375717920610
14.1 -0.008655761126 -0.017580289347 0.614021437830 0.404200481612 -0.834514829140 -0.011113661971 0.374277246340
14.2 -0.004867248181 -0.012839425558 0.614588836314 0.402613383708 -0.830405737878 -0.015458901029 0.384824370508
14.3 -0.001247225059 -0.009790276753 0.616885866458 0.401256348970 -0.832066372354 -0.009454871594 0.382843962748
14.4 0.000712843088 -0.007924123489 0.619741607340 0.396351286929 -0.832336152402 -0.003085407418 0.387443759810
14.5 0.001308018377 -0.008621472081 0.621264258547 0.397253886150 -0.831719499149 -0.003128744325 0.387843055414
14.6 0.001842224708 -0.008743000495 0.623156803315 0.396782464675 -0.833025629605 0.000130191771 0.385528156167
14.7 0.000896508366 -0.009265797921 0.619978613293 0.398224293104 -0.831927235205 -0.001415361034 0.386409736495
14.8 -0.000476974970 -0.007648262924 0.622973350370 0.396196949031 -0.834742585579 -0.004491304236 0.382377590329
14.9 0.000006036793 -0.004822590668 0.622977603897 0.393542857957 -0.834824786093 -0.003691147246 0.384938918411
15.0 -0.000098364708 -0.001329843202 0.619286473086 0.388659851266 -0.837655429769 -0.002719124928 0.383757094204
15.1 -0.000946920428 0.001500842870 0.621737369515 0.388169310184 -0.837659128409 -0.001703834529 0.384251048370
15.2 -0.004559920785 0.002250591372 0.621441294637 0.386692281489 -0.838587771211 0.005910459459 0.383672641560
15.3 -0.009205278316 0.000532555888 0.620170844878 0.387257445584 -0.841323953933 0.006035193459 0.377053380596
15.4 -0.013338156807 0.000345574006 0.614816092984 0.383240498153 -0.842268684318 0.006505880427 0.379035430417
15.5 -0.015025804545 0.001414586587 0.617477875450 0.383302132890 -0.846111055831 0.010998103675 0.370208857050
15.6 -0.015877580031 0.002429439582 0.618591416373 0.381171205726 -0.847411881103 0.011589784838 0.369414797455
15.7 -0.017059933575 0.002138877884 0.617381031713 0.383531187079 -0.847715071216 0.016385753491 0.366079900641
15.8 -0.016676327455 0.000593052923 0.617434836705 0.383751463296 -0.847149167134 0.008733776339 0.367419139666
15.9 -0.015625444511 -0.001275756301 0.615460395166 0.379536214859 -0.850310007751 0.012336187053 0.364380255801
16.0 -0.014822733924 -0.001996617463 0.619502944609 0.379260225849 -0.850598056220 0.012322076952 0.363995596489
16.1 -0.016968526068 -0.004296940421 0.615774257956 0.382779292923 -0.849625671085 0.015556709478 0.362455819007
16.2 -0.019677258999 -0.004267335747 0.614879818982 0.380423491211 -0.850926652806 0.016843087492 0.361826076014
16.3 -0.021438902578 -0.003623038462 0.617191884803 0.380703804338 -0.852947895221 0.019446992324 0.356603864098
16.4 -0.023575784003 -0.006131628667 0.616032127169 0.375796204444 -0.853916177165 0.016622530945 0.359622116349
16.5 -0.027287045591 -0.007683326086 0.612535113544 0.375017575328 -0.854593359056 0.023089509378 0.358467409131
16.6 -0.031712303867 -0.010274614850 0.614243865051 0.376113851750 -0.855338156484 0.020845277599 0.355669063859
16.7 -0.035539594059 -0.012077725553 0.613060715315 0.374931449431 -0.859000821437 0.021865463202 0.347945252183
16.8 -0.036240780309 -0.014514407434 0.616367735109 0.374492146479 -0.860142565555 0.022259376215 0.345564638406
16.9 -0.035452137592 -0.018286223338 0.615707081259 0.374254122019 -0.860821853022 0.023662884472 0.344034384052
17.0 -0.035195800063 -0.021549040696 0.615193713412 0.376406834236 -0.858950084181 0.019321572365 0.346625626387
17.1 -0.037018409502 -0.023155894470 0.609021474972 0.374810699657 -0.861099405469 0.025395038017 0.342607421647
17.2 -0.039168517804 -0.023904169682 0.606897609916 0.375956779266 -0.862448199019 0.028227384159 0.337702263713
17.3 -0.040583562513 -0.023891203486 0.606233881490 0.374256856218 -0.863488161319 0.025894728840 0.337119361434
17.4 -0.043234210484 -0.023876084051 0.604789042557 0.374931418647 -0.864733118966 0.024777194439 0.333240386072
17.5 -0.044040177455 -0.023506696358 0.601193979142 0.373867669135 -0.865655017771 0.023146375167 0.332157495024
17.6 -0.044744472396 -0.020491151480 0.597793637256 0.367729876162 -0.868666668650 0.033259132545 0.330282889441
17.7 -0.047542564261 -0.020959494317 0.593826274783 0.366608713585 -0.870600464598 0.033978156065 0.326340875581
17.8 -0.048321348365 -0.021889985950 0.588864463319 0.364903451773 -0.872842025412 0.035227074346 0.322104521534
17.9 -0.049222466750 -0.020552681944 0.584377259059 0.361352238432 -0.875516448426 0.033492675037 0.319019982188
18.0 -0.049399009471 -0.017820933975 0.582560582327 0.358899228178 -0.877441045559 0.035049045109 0.316322809829
18.1 -0.047275422367 -0.019107378519 0.586017478206 0.354381360040 -0.879591470048 0.035737936963 0.315365656558
18.2 -0.042907467284 -0.024760348735 0.588932876593 0.350492082247 -0.883063202858 0.031930935958 0.310378954456
18.3 -0.035922767568 -0.028675821280 0.591716288592 0.353810595343 -0.879905607330 0.021314910025 0.316433025179
18.4 -0.030406518069 -0.029854448270 0.591823711873 0.361433185740 -0.873600827489 0.028057526065 0.324654311055
18.5 -0.028681330117 -0.033780083651 0.594840260985 0.366953086008 -0.870328667698 0.026244133131 0.327390727310
18.6 -0.027252142185 -0.039545559570 0.599205982392 0.370763521199 -0.868606401394 0.024161459359 0.327831595012
18.7 -0.026069150350 -0.043286173599 0.603490893288 0.375210696094 -0.865344075559 0.024860333125 0.331328429612
18.8 -0.026581295915 -0.046568095603 0.604447758592 0.377255330273 -0.863774966902 0.025311526752 0.333062379965
18.9 -0.028033698466 -0.045836322468 0.606458896640 0.374292353774 -0.864644354226 0.027716320747 0.333956853763
19.0 -0.029222600765 -0.044934004855 0.612530589138 0.370667000995 -0.865740568032 0.025616021476 0.335325308740
19.1 -0.029337223078 -0.041639992407 0.612533728795 0.366872487298 -0.867060767920 0.024557554038 0.336165330363
19.2 -0.028608047274 -0.038856918611 0.619807798496 0.359790595603 -0.869430164889 0.026711754451 0.337532810067
19.3 -0.025405753754 -0.039528300034 0.621106764872 0.356993358765 -0.870013884389 0.024631721173 0.339153152838
19.4 -0.018929392360 -0.041188362847 0.616869377472 0.353240598612 -0.870309017907 0.020900089141 0.342558723602
19.5 -0.013580020985 -0.048915107001 0.622504149083 0.364695820714 -0.863478725815 0.015681359874 0.348074048689
19.6 -0.013082323761 -0.057616057211 0.623341816228 0.370956671767 -0.862751595299 0.017202689994 0.343154338363
19.7 -0.011695681686 -0.060600168367 0.623624101432 0.377639489212 -0.863234999513 0.017945456997 0.334502185907
19.8 -0.007819282485 -0.057881116588 0.617600218119 0.373809850226 -0.862278051711 0.013510304458 0.341409181312
19.9 -0.003066475460 -0.052740728671 0.620333817573 0.373711235274 -0.861444547786 0.015410279839 0.343534171510
20.0 -0.002224955208 -0.050059544022 0.623687386140 0.373302264674 -0.862606240185 0.021724393454 0.340710939525
20.1 -0.001702270860 -0.047094461263 0.622238868792 0.369797835909 -0.862598964436 0.024893393867 0.344315126088
20.2 -0.001827372489 -0.044575850788 0.623616991095 0.370865262953 -0.862254278230 0.026786946697 0.343888028137
20.3 -0.002077040291 -0.041792328960 0.622467832519 0.367203903793 -0.863650632948 0.028116518648 0.344206825363
20.4 -0.001990938539 -0.038900046989 0.624780496134 0.367177443536 -0.863362530253 0.026078531772 0.345117047528
20.5 -0.002331109645 -0.035963308090 0.625368965732 0.362770551623 -0.864121599638 0.028116725580 0.347707977557
20.6 -0.002000201034 -0.032277738868 0.622445099331 0.359432278090 -0.864795887450 0.027448511279 0.349546977881
20.7 -0.001713752543 -0.029807064146 0.627123925849 0.356923151167 -0.866832302042 0.033451962983 0.346538007252
20.8 0.000509845827 -0.029603642457 0.629310534526 0.356002956164 -0.866991616685 0.031130858037 0.347301456199
20.9 0.003812047065 -0.028915456217 0.628121904602 0.353406919693 -0.868066579864 0.033803414902 0.347017710178
21.0 0.007079549833 -0.029662625064 0.628515119384 0.357752318766 -0.866174089420 0.035984864889 0.347074652970
21.1 0.008467053988 -0.030534084601 0.627638066338 0.358981545619 -0.864851092880 0.036285955219 0.349067567246
21.2 0.008724382599 -0.031757208090 0.626737093019 0.358084563411 -0.865336320273 0.038082033925 0.348594688650
21.3 0.007379412486 -0.032373419470 0.625396657308 0.359906318298 -0.864638198270 0.037491183727 0.348514905397
21.4 0.006845472289 -0.032508794989 0.624212115923 0.359287498311 -0.864995443140 0.035421040225 0.348483467061
21.5 0.005336425792 -0.032894260284 0.624649327144 0.360042629666 -0.866369156659 0.037620632693 0.344032668809
21.6 0.002556241620 -0.030845102033 0.621640099534 0.359407281499 -0.867885619921 0.035719051593 0.341064665560
21.7 0.001738122787 -0.028324670322 0.621912928673 0.356059434128 -0.868364293629 0.040322351576 0.342839963951
21.8 0.002644211227 -0.029856166136 0.621942696154 0.356475709758 -0.869898609080 0.039833437511 0.338548040209
21.9 0.004734318579 -0.030498049529 0.617437540478 0.352862062833 -0.870326185343 0.037295404716 0.341510978604
22.0 0.008362762423 -0.030028224947 0.619471726116 0.356530792476 -0.868475145633 0.039336871113 0.342183176100
22.1 0.008279580447 -0.025988158750 0.618580603653 0.353698404075 -0.868387033559 0.042456951488 0.344962035843
22.2 0.005331014089 -0.021129493541 0.619093268081 0.350165330884 -0.869961898075 0.045500586310 0.344209578003
22.3 0.002148458402 -0.016149616425 0.624072637562 0.346821056111 -0.870738291756 0.049760659416 0.345041822223
22.4 -0.001569379557 -0.012107409526 0.622470615029 0.339636910147 -0.874874252916 0.050660238341 0.341577738006
22.5 -0.005439563737 -0.008718333028 0.620617135292 0.338283863339 -0.875253806566 0.059008694470 0.340606482431
22.6 -0.010679886240 -0.005842756908 0.621721584710 0.332894913510 -0.878768586276 0.058669702890 0.336904458706
22.7 -0.015495734077 0.000131031626 0.621520313749 0.328272493570 -0.880980966578 0.061515131569 0.335150108282
22.8 -0.019140511993 0.002979644752 0.621970820615 0.328557405209 -0.882220462843 0.068098394845 0.330302429665
22.9 -0.023851983310 0.006031719609 0.622943402369 0.327686848020 -0.883318154274 0.068967937194 0.328045410888
23.0 -0.033899232812 0.009369061270 0.620758993134 0.322332598555 -0.885002309770 0.074108951305 0.327689595420
23.1 -0.037660773369 0.014475646676 0.621416359673 0.318878451871 -0.888539709441 0.079177542443 0.320225911587
23.2 -0.043981543814 0.011088423433 0.619214802876 0.316780169512 -0.890058903871 0.083895477331 0.316870668770
23.3 -0.046893134420 0.009642991321 0.619841414087 0.316813143284 -0.891551631982 0.084603657667 0.312421735578
23.4 -0.048118510361 0.008800084116 0.617101722370 0.312672099326 -0.894226524479 0.078142625740 0.310626481910
23.5 -0.049512119971 0.007690958256 0.619298165063 0.309378943984 -0.895808387502 0.078570044633 0.309255153533
23.6 -0.051634764204 0.005966176311 0.617439501591 0.310468089945 -0.896177879009 0.081151549529 0.306413446687
23.7 -0.055458000769 0.005613017296 0.610872826080 0.311405095407 -0.896781641285 0.085953495767 0.302359969198
23.8 -0.060355579495 0.008785125014 0.608651088009 0.314469892079 -0.895733108844 0.093007370067 0.300200789156
23.9 -0.064566409329 0.004841820847 0.607731412457 0.319482512154 -0.891773892826 0.097944277605 0.305085507663
24.0 -0.065735078695 -0.000008839406 0.602693850549 0.324769033599 -0.890500357453 0.102485024173 0.301713453481
24.1 -0.067642782096 -0.001588230907 0.602714345737 0.328705415209 -0.889514323805 0.107713609555 0.298521014460
24.2 -0.070570416328 -0.003384787918 0.605434480346 0.330379718615 -0.886923598535 0.114026345343 0.302016165888
24.3 -0.072791990516 -0.005025924851 0.604921714712 0.331321952818 -0.888365511736 0.112733728482 0.297192845811
24.4 -0.073035999051 -0.006749648390 0.605597249683 0.334251744004 -0.886011122764 0.117751287356 0.298989458500
24.5 -0.073005915662 -0.007422622102 0.604542896662 0.332045746280 -0.885020832649 0.122852077491 0.302309634665
24.6 -0.073073250033 -0.004977556645 0.603778923169 0.331806080894 -0.885446916032 0.122215463436 0.301582267495
24.7 -0.073934598049 -0.002772737902 0.607420803196 0.332624853297 -0.883302389237 0.128957877938 0.304150393482
24.8 -0.076354175393 -0.005038032126 0.606121022174 0.335398526128 -0.882461929450 0.130973443218 0.302679250880
24.9 -0.078677874888 -0.005882284336 0.604841506643 0.336807127834 -0.882945616820 0.131908256207 0.299279481960
25.0 -0.079380335093 -0.004208654154 0.602714178185 0.336206749269 -0.882215613701 0.134808007225 0.300811292799
25.1 -0.082052358872 -0.005501121999 0.602053039098 0.342198334761 -0.878799919607 0.143392996251 0.300082404701
25.2 -0.084184512247 -0.008613530842 0.602939222902 0.340828123458 -0.881080076245 0.140439735698 0.296328820978
25.3 -0.084383218746 -0.014114456797 0.602644061136 0.344620286882 -0.881806794042 0.135069843617 0.292249505039
25.4 -0.084051151407 -0.016176413193 0.599157068604 0.349429812202 -0.878927404865 0.139750675297 0.293010532362
25.5 -0.084237851519 -0.020316321595 0.596669486400 0.349256259609 -0.876927091035 0.147212392459 0.295546026261
25.6 -0.084028698303 -0.026468661957 0.592142824518 0.352836963990 -0.876073188614 0.145815628785 0.294515954467
25.7 -0.082852852297 -0.029610340142 0.589781354677 0.357461754504 -0.875583140243 0.140547742654 0.292953222586
25.8 -0.082458484741 -0.033025956189 0.591332390254 0.358042231759 -0.873777363466 0.145142714130 0.295385293992
25.9 -0.081849891599 -0.035526553817 0.590858074908 0.361215571636 -0.874214150651 0.143260642264 0.291117361193
26.0 -0.080394756117 -0.034739962464 0.588377814305 0.363301120272 -0.872606732939 0.141705406992 0.294090739852
26.1 -0.080298369846 -0.033339893112 0.593655256766 0.366785158627 -0.870968165072 0.140790921219 0.295061043421
26.2 -0.080938943063 -0.033033576541 0.590595452788 0.363341186765 -0.871628238311 0.146293515064 0.294695781493
26.3 -0.081462134003 -0.033965462982 0.587926446101 0.363459051700 -0.870765982436 0.148601782882 0.295941939735
26.4 -0.082444272600 -0.033947103874 0.589944121603 0.367601122689 -0.870300770924 0.145448441465 0.293752844415
26.5 -0.082795176008 -0.032834573083 0.587391105741 0.363915582322 -0.869788587934 0.153805883973 0.295596027203
26.6 -0.083353199244 -0.033836975874 0.588704391366 0.364531363506 -0.869416719524 0.153466602438 0.296107167711
26.7 -0.082239098535 -0.037760441749 0.589095387354 0.368511439084 -0.866913148770 0.155983883606 0.297203532631
26.8 -0.080937883406 -0.042644491952 0.587770136911 0.372999142090 -0.865873675320 0.152916536972 0.296227870244
26.9 -0.081319096828 -0.045285373973 0.585384267742 0.375656113037 -0.865493538849 0.153613873726 0.293608918030
27.0 -0.081425857306 -0.047813636823 0.585474073904 0.379673871714 -0.864104136233 0.155436446908 0.291566980049
27.1 -0.080049355509 -0.051666180271 0.585710506552 0.382913001348 -0.862311249228 0.158126599785 0.291192241131
27.2 -0.077788262566 -0.054950252035 0.584662064679 0.383889832909 -0.861617997148 0.158114044796 0.291963990960
27.3 -0.077142047493 -0.058081545478 0.586435892157 0.387049254707 -0.860696473166 0.153441642476 0.293001907613
27.4 -0.076137033193 -0.059442350086 0.584526933395 0.386332336255 -0.860216407221 0.158571099164 0.292626494395
27.5 -0.072897309194 -0.062068339755 0.587202703595 0.391835956307 -0.857743311411 0.152523276288 0.295766200344
27.6 -0.070302442513 -0.064782012149 0.582418770309 0.392681813305 -0.856446359865 0.161286891880 0.293746769651
27.7 -0.069353139329 -0.068485892792 0.585741841164 0.396530311302 -0.854547834048 0.162153528881 0.293628923325
27.8 -0.067282032283 -0.072240131919 0.586658448624 0.398863570620 -0.853650194170 0.157548549207 0.295580196678
27.9 -0.064526427519 -0.071798557512 0.585375900467 0.400906329357 -0.853092612733 0.160129336711 0.293028504937
28.0 -0.062856769869 -0.072484538629 0.585046404098 0.400522834328 -0.851724878319 0.161547090364 0.296730059868
28.1 -0.062821697904 -0.073439051448 0.585600686176 0.403988486253 -0.851124984313 0.157985134357 0.295669175557
28.2 -0.059108420800 -0.071628410798 0.582539907130 0.403463175612 -0.849543366459 0.163955882540 0.297677683093
28.3 -0.053653231284 -0.069691792869 0.580787472505 0.404559048486 -0.847263480300 0.164217504224 0.302504847141
28.4 -0.045323608676 -0.068030408349 0.587585782544 0.407259799424 -0.844667821502 0.162109459718 0.307239727514
28.5 -0.038339479738 -0.066569350634 0.587636210809 0.408687556302 -0.841772090492 0.160936663911 0.313836930908
28.6 -0.031986406084 -0.062990165451 0.585098675377 0.409591336321 -0.838854322036 0.159741177706 0.321000186538
28.7 -0.026999739987 -0.060925730508 0.590871489801 0.414569278208 -0.835728193655 0.158916365175 0.323166039021
28.8 -0.022866216940 -0.059215818050 0.588515285501 0.415919236771 -0.832711327095 0.164797921525 0.326258607967
28.9 -0.018630161985 -0.056339663784 0.588057747228 0.418344308256 -0.830327971855 0.169428784954 0.326859887007
29.0 -0.015210301322 -0.054157108676 0.589669424004 0.420703286659 -0.828579296214 0.166536294818 0.329743471487
29.1 -0.010504926256 -0.052160816345 0.590100875575 0.422653924627 -0.826006228109 0.167541911040 0.333177248875
29.2 -0.004039014128 -0.048538828514 0.586974503391 0.424402945386 -0.823756204099 0.171812284111 0.334347715986
29.3 0.003741562423 -0.042584414685 0.583442531463 0.427282038578 -0.818552969851 0.173155892064 0.342663292607
29.4 0.009815213246 -0.038265623533 0.586784422612 0.427680575742 -0.816752343248 0.170979990646 0.347520902580
29.5 0.015047028827 -0.035173569131 0.585067587186 0.430275437824 -0.813699835875 0.172516542121 0.350704530050
29.6 0.020853004757 -0.028751950732 0.584211875331 0.433658525852 -0.809279428685 0.179145276457 0.353431831032
29.7 0.023678476247 -0.024591531452 0.588417372262 0.435293293678 -0.807865515006 0.172770424877 0.357803631103
29.8 0.023242963913 -0.022423459501 0.590556282439 0.437216573676 -0.807750644320 0.175047733857 0.354596750092
29.9 0.021424815497 -0.020036937144 0.587175275607 0.433033231261 -0.808350345945 0.181599889680 0.355068189087
30.0 0.018659966154 -0.015602707507 0.584409387113 0.432864754142 -0.807197194672 0.180436002897 0.358474047029
30.1 0.014235931789 -0.010095071175 0.580948586509 0.430512802501 -0.808383006232 0.187432303210 0.355027849374
30.2 0.011087602326 -0.004944205318 0.582257510645 0.431632858387 -0.806351255766 0.190380399339 0.356715617028
30.3 0.007935749498 0.000827545614 0.580762317321 0.428731520735 -0.806468556859 0.189717604156 0.360284582794
30.4 0.005133205763 0.006495777464 0.578820412833 0.425806740831 -0.807588835930 0.195961379903 0.357893879705
30.5 0.003480979152 0.011024815972 0.576354389968 0.427920439175 -0.806002154535 0.194631927162 0.359670734909
30.6 0.003179709813 0.013847658935 0.574361997781 0.428248180496 -0.804232026412 0.199726018854 0.360449526268
30.7 0.005138614173 0.017226222988 0.573228289233 0.428434551150 -0.803707417481 0.198264753389 0.362200648856
30.8 0.009801678357 0.017777716360 0.573646947298 0.433922271689 -0.800526744920 0.194690236758 0.364642433777
30.9 0.013344609145 0.016549669870 0.574842094600 0.439342047829 -0.794524169275 0.199330564980 0.368750912286
31.0 0.015611043411 0.016341516189 0.573601350590 0.446164744954 -0.790014606685 0.196333875860 0.371842642491
31.1 0.017458844475 0.017316587120 0.570696661030 0.449058295079 -0.787695790263 0.195936208789 0.373484928355
31.2 0.019685112537 0.020458346332 0.565076449411 0.455041298467 -0.781726152449 0.201711329007 0.375704909492
31.3 0.022859756270 0.025993329306 0.568223918874 0.455454509292 -0.780906034434 0.193692075090 0.381090980473
31.4 0.024255650462 0.032856582967 0.564392298643 0.458797639229 -0.775523346282 0.197177131487 0.386250494405
31.5 0.026081730433 0.038225059540 0.561453051148 0.460645955404 -0.771743307725 0.198984486571 0.390669610869
31.6 0.027130536434 0.039380067423 0.558029449692 0.464649513489 -0.769707971926 0.193708310385 0.392590827779
31.7 0.027217068356 0.042908999274 0.557002421265 0.471198566558 -0.767875273187 0.188095683078 0.391100357593
31.8 0.023221915307 0.047429529316 0.553555999491 0.472049879827 -0.764985278658 0.198362185592 0.390664661466
31.9 0.016077415236 0.052327109583 0.548710536181 0.469914836495 -0.765353311895 0.192854985589 0.395248414225
32.0 0.010038809601 0.054726473389 0.545485774726 0.469209792638 -0.765077736507 0.197829696856 0.394159407645
32.1 0.003307925495 0.054774638303 0.538152888815 0.475143147387 -0.760973097426 0.204087987475 0.391799729266
32.2 -0.002912801207 0.055277711218 0.536606380936 0.470581853708 -0.763046799422 0.199076555228 0.395829288975
32.3 -0.007680241323 0.055970216420 0.539711874304 0.468668346375 -0.766375310465 0.193060303546 0.394647417083
32.4 -0.011503970124 0.057559265507 0.541890871682 0.469603173176 -0.762642869899 0.198157222053 0.398224092797
32.5 -0.015900239580 0.058404731527 0.544140939775 0.469931874584 -0.764264755462 0.198706420519 0.394435261169
32.6 -0.019682292872 0.058913248176 0.547819271116 0.468715278195 -0.764750978249 0.187860896345 0.400212709541
32.7 -0.023791452747 0.058296432587 0.541774501886 0.467931515637 -0.763217581548 0.191409395356 0.402369809080
32.8 -0.027434066562 0.056590941889 0.540013539097 0.470062587334 -0.763710088407 0.192474606653 0.398423883129
32.9 -0.030551197712 0.054217851882 0.532639609056 0.476456080037 -0.758496452487 0.195781985120 0.399176840088
33.0 -0.036326502698 0.054856079763 0.545023743977 0.479773523275 -0.761697681589 0.184229283080 0.394580257339
33.1 -0.041382036278 0.057272515518 0.542588302878 0.478469324597 -0.757677040643 0.191568424569 0.400367513930
33.2 -0.045120501415 0.058310291449 0.543694784580 0.476978091486 -0.758261249083 0.185086986852 0.404072500523
33.3 -0.047890574382 0.058790842469 0.542270646749 0.483170532471 -0.752735596986 0.187037304771 0.406143329633
33.4 -0.050315741085 0.056041774833 0.540246713609 0.481581691638 -0.754982930044 0.186055071720 0.404306022597
33.5 -0.051385380995 0.052645186930 0.531374002044 0.490221827812 -0.748736315160 0.184451826388 0.406268400986
33.6 -0.054759289527 0.050160814146 0.538163976337 0.493370368004 -0.750285425002 0.177797790211 0.402548639051
33.7 -0.061525661698 0.049100315506 0.535684222779 0.501247614999 -0.747482066582 0.181751550795 0.396216812339
33.8 -0.068375056839 0.049940248909 0.537301052111 0.500740805949 -0.749639160288 0.179614076638 0.393749359484
33.9 -0.073524992056 0.048619186740 0.532652668865 0.499972122589 -0.750466487952 0.178777727035 0.393530750274
34.0 -0.077280402427 0.047336409202 0.533040320025 0.500455075524 -0.751981845038 0.175641032139 0.391431028335
34.1 -0.080773581765 0.044895434422 0.529662433622 0.505340714672 -0.746998825308 0.178347456038 0.393466265400
34.2 -0.084698301159 0.039689307000 0.525898170275 0.505167142880 -0.746832878727 0.179982476514 0.393259605292
34.3 -0.090036330718 0.035781628303 0.536731617090 0.512404410978 -0.748783316193 0.170204885222 0.384441883837
34.4 -0.091064034686 0.031860451194 0.536076836783 0.514737494832 -0.746781472044 0.167303564470 0.386487078363
34.5 -0.092595537127 0.027653705061 0.544780571995 0.519779440043 -0.747117184400 0.159998527317 0.382159283203
34.6 -0.093456121193 0.025504396043 0.547458924871 0.523327766366 -0.746898852197 0.159128757482 0.378084900624
34.7 -0.093624617401 0.023429809541 0.542906084588 0.523253913873 -0.746593928683 0.155578635472 0.380260615177
34.8 -0.094773248255 0.021300828776 0.543068819908 0.528215759099 -0.742037310811 0.156170198639 0.382072781367
34.9 -0.095959339065 0.019987956347 0.546396209961 0.532333588770 -0.740619175713 0.156037638523 0.379152267825
35.0 -0.094143810002 0.017028242759 0.543931480667 0.532734347419 -0.740647391720 0.146138872168 0.382464359463
35.1 -0.093057616362 0.013681166303 0.548903393513 0.539952193668 -0.736333583155 0.144917573857 0.381134332827
35.2 -0.092991690253 0.011250165316 0.546631797070 0.543307215314 -0.733429401655 0.147409736951 0.381010435590
35.3 -0.094162856788 0.010579405993 0.544535781262 0.547386998160 -0.731460492800 0.147751587523 0.378817225191
35.4 -0.096412323502 0.009401884229 0.545709433487 0.549688057771 -0.729275003817 0.147476250987 0.379804901689
35.5 -0.093992124056 0.006086094094 0.543740320753 0.555497135923 -0.725260834632 0.141055072215 0.381474927528
35.6 -0.091933717736 0.005986418275 0.543744073149 0.564078021980 -0.719557385747 0.138452589210 0.380636354383
35.7 -0.089399381067 0.006392019165 0.545489815163 0.563361215466 -0.714005062325 0.142409259386 0.390564354139
35.8 -0.085886930152 0.002528505734 0.545803810526 0.567791773045 -0.709988973434 0.140649530603 0.392104411612
35.9 -0.085826321830 -0.002807324902 0.544508379180 0.572745394978 -0.705530006338 0.143710489110 0.391838510114
36.0 -0.089531641543 -0.006311393181 0.542683432153 0.576826156990 -0.705658627133 0.138272656607 0.387554072356
36.1 -0.092463894522 -0.006782151578 0.541669838073 0.578542880623 -0.702986406011 0.134841577466 0.391044750931
36.2 -0.093318515435 -0.002383077548 0.537990042404 0.571977448072 -0.708230482690 0.130080163090 0.392849250295
36.3 -0.095351974311 -0.000615652986 0.541055150632 0.573037845104 -0.705232888942 0.134372463824 0.395244533674
36.4 -0.095297216531 -0.006115686342 0.543917767571 0.573474602351 -0.706818917302 0.130004673141 0.393233624661
36.5 -0.088656239681 -0.011769208238 0.543530212500 0.580955757997 -0.700700018100 0.126378217701 0.394383617783
36.6 -0.086588407406 -0.010009208943 0.547527889068 0.581963383528 -0.696800009061 0.122148080281 0.401083799336
36.7 -0.090212003634 -0.014202292608 0.547583320792 0.588794847208 -0.691385220090 0.129927631708 0.398027531536
36.8 -0.096746379069 -0.012003595104 0.545743947784 0.583113814491 -0.695991517467 0.128220349473 0.398915566186
36.9 -0.099143642037 -0.016103478644 0.551223900519 0.583326317604 -0.695278912326 0.126232014133 0.400478613503
37.0 -0.099819114788 -0.019520209841 0.555158111296 0.584649342601 -0.696043231124 0.125203028609 0.397533857967
37.1 -0.099136833410 -0.018418331013 0.555774980985 0.584864922492 -0.693022714892 0.125861876934 0.402257786769
37.2 -0.101211535235 -0.018019919941 0.556701278687 0.586071978271 -0.689999008410 0.126119719556 0.405604266518
37.3 -0.102115114979 -0.014224814468 0.555120252554 0.587894992785 -0.686728072394 0.124570100633 0.408982055930
37.4 -0.103426820190 -0.009400865260 0.557499828237 0.584913430967 -0.684170911099 0.128555124188 0.416245147389
37.5 -0.102823920733 -0.003441910662 0.557245985579 0.583871252005 -0.681283290476 0.127940785831 0.422585606145
37.6 -0.100016840128 0.000496547862 0.563069373338 0.583767155275 -0.678374019944 0.128991173893 0.427066592635
37.7 -0.096699606849 -0.000926752125 0.567682021226 0.586902868338 -0.671988461186 0.128159844405 0.433072263545
37.8 -0.092988197706 -0.005335842739 0.571359617523 0.590342099368 -0.668708327195 0.122832859397 0.435014330231
37.9 -0.092776674765 -0.013703741193 0.571270599851 0.594185282060 -0.662100077224 0.127051471751 0.438663039073
38.0 -0.091078729799 -0.018463599705 0.573915080798 0.602051528380 -0.657777471005 0.119546916880 0.436544717615
38.1 -0.090141869565 -0.019114481858 0.572089118398 0.605635851272 -0.652706991421 0.121794413987 0.438571453387
38.2 -0.089365134994 -0.017329542802 0.569276557308 0.611505157376 -0.647924949984 0.119752171534 0.438080037326
38.3 -0.086519196572 -0.014710614671 0.567747205975 0.616413208733 -0.641956256145 0.128420671559 0.437532915804
38.4 -0.082460472543 -0.012865438156 0.568454635752 0.620255415749 -0.633995826157 0.127365921069 0.443971208301
38.5 -0.079695465910 -0.012199579275 0.572259111001 0.621464246719 -0.631507782219 0.130403407422 0.444943886776
38.6 -0.077440374761 -0.012900624139 0.573066754039 0.626199623544 -0.624519310386 0.131325084997 0.447887691815
38.7 -0.075402273988 -0.014809885303 0.572426988545 0.632529735976 -0.619062693771 0.131199972720 0.446602822926
38.8 -0.074570170466 -0.014654641508 0.574246199081 0.635082203349 -0.613688676365 0.131889694165 0.450179866346
38.9 -0.076021624605 -0.014286597605 0.573084239079 0.636277930875 -0.610233689504 0.133432773621 0.452726113451
39.0 -0.079523284841 -0.015574154154 0.571807817193 0.636499688357 -0.607966911987 0.134554584905 0.455125745627
39.1 -0.087007721851 -0.014697006096 0.574985373508 0.636435695701 -0.606462558671 0.136821986317 0.456544098887
39.2 -0.094368896299 -0.015087907187 0.578946490423 0.639100101036 -0.605355224815 0.138764697282 0.453696452965
39.3 -0.101067011650 -0.017464270121 0.578958762729 0.640093108868 -0.602370973043 0.141057530511 0.455557675714
39.4 -0.107187745798 -0.021458888248 0.580268673731 0.641228502698 -0.597429415025 0.144146386476 0.459484407413
39.5 -0.114038426368 -0.023541933195 0.585459816946 0.643274402948 -0.597449749205 0.141631092803 0.457375636908
39.6 -0.117102323449 -0.026042558306 0.587679513419 0.646710816929 -0.594238261282 0.136955680567 0.458136605890
39.7 -0.116015310162 -0.027725788340 0.586452014625 0.646552337982 -0.593865031444 0.136128720987 0.459089718902
39.8 -0.114169132003 -0.031970844427 0.590027529352 0.649627617773 -0.586230532940 0.136990626205 0.464275014197
39.9 -0.114408780141 -0.033008101870 0.590754508814 0.650983774120 -0.587631082841 0.133202937616 0.461699917395
40.0 -0.112293000341 -0.029870990775 0.590531871915 0.652582889798 -0.585334566280 0.134270212797 0.462050351603
40.1 -0.109875971115 -0.027518167341 0.594763586813 0.654078135983 -0.580329451554 0.135553976027 0.465859033690
40.2 -0.105961480090 -0.025432398535 0.596506604961 0.654279540739 -0.579149917736 0.133464988229 0.467643830574
40.3 -0.101489959365 -0.026649254506 0.600295554350 0.655349292237 -0.573759238492 0.133755106896 0.472680878384
40.4 -0.097365206781 -0.031870634438 0.600414276174 0.656324757621 -0.571171698170 0.129463172595 0.475646918086
40.5 -0.094013419680 -0.034961205413 0.607070705868 0.661267887672 -0.568720746138 0.127871340337 0.472155074067
40.6 -0.091159734521 -0.035463611232 0.609971623285 0.663403188458 -0.562518209884 0.132486622643 0.475307024894
40.7 -0.089945270209 -0.033781338504 0.607791801808 0.662291623848 -0.561989192123 0.128690671547 0.478515061386
40.8 -0.090713449551 -0.029960959019 0.614660203701 0.659277849739 -0.562973365715 0.130636670946 0.480986243611
40.9 -0.091946303926 -0.030475867776 0.615817068493 0.659069153314 -0.561004710274 0.133227760479 0.482858084781
41.0 -0.093209742231 -0.030703647163 0.615528363189 0.659129588076 -0.562988800055 0.128391281713 0.481775337596
41.1 -0.092423828208 -0.028766003211 0.612429001914 0.658657352856 -0.563186051648 0.127039400537 0.482548394950
41.2 -0.092512658174 -0.025296846777 0.617036592751 0.657648558651 -0.561108905759 0.132661368738 0.484825876399
41.3 -0.092439100190 -0.021993538294 0.616444501981 0.656276252621 -0.561288639665 0.132486241818 0.486522290300
41.4 -0.091326831073 -0.020921406429 0.618515106626 0.656990771799 -0.559925776106 0.133799114933 0.486768988193
41.5 -0.092614332086 -0.021152994993 0.616829588557 0.659341013334 -0.556999664671 0.134221692557 0.486831941166
41.6 -0.095992405563 -0.021084330133 0.617858430960 0.659918173691 -0.555649590432 0.132911527888 0.487950881174
41.7 -0.099190841109 -0.019749714930 0.618394763088 0.661730372224 -0.553233878144 0.133596928016 0.488054352890
41.8 -0.097337066627 -0.015981151754 0.622076764754 0.659198363413 -0.552411567742 0.129317067931 0.493534267746
41.9 -0.092017022614 -0.019104928976 0.623791965847 0.663614457217 -0.540860801803 0.127763538359 0.500761343866
42.0 -0.089552906960 -0.022534964992 0.629207157182 0.668244128451 -0.538458996620 0.123641665954 0.498221268304
42.1 -0.088007317780 -0.023439149830 0.625107227577 0.672918731003 -0.531158458769 0.122507197656 0.500043057812
42.2 -0.089170893360 -0.023407433127 0.622365545480 0.676297288950 -0.526501722473 0.125212410341 0.499739697732
42.3 -0.090046975818 -0.021167722633 0.624128469971 0.676232313835 -0.522041460649 0.128000410274 0.503784146296
42.4 -0.088679889768 -0.022580780230 0.622026075334 0.680592954610 -0.512884365565 0.125499887299 0.507929754968
42.5 -0.087938229579 -0.022556566602 0.625070767861 0.684874682829 -0.510458580480 0.125542987116 0.504596536671
42.6 -0.085680493368 -0.021296597500 0.622597263336 0.688224538915 -0.503530381289 0.127444026660 0.506519653343
42.7 -0.082135354594 -0.019762745279 0.624010880994 0.690130381111 -0.498695841701 0.126955894816 0.508826802860
42.8 -0.079345849002 -0.017183928845 0.623456371379 0.690467930159 -0.491972249900 0.126609902108 0.514963372910
42.9 -0.077187080399 -0.014801126128 0.623410272760 0.695579176714 -0.486712397572 0.124503522115 0.513594707870
43.0 -0.075578374826 -0.011653383570 0.624843561308 0.698772395070 -0.479400367858 0.125290114610 0.515940708189
43.1 -0.076121335662 -0.010750191872 0.626859660771 0.700241992323 -0.472323692938 0.128895146109 0.519574366753
43.2 -0.078403815223 -0.012885707508 0.628034653894 0.702234383180 -0.468296931650 0.131833123723 0.519793114976
43.3 -0.080267733414 -0.016504647127 0.629982171324 0.707264099055 -0.462517594964 0.127546803448 0.519217470302
43.4 -0.079206445233 -0.020444845503 0.627369433502 0.709718634449 -0.455638794208 0.123464367847 0.522923798465
43.5 -0.079880977291 -0.023540398562 0.629446635671 0.714318246360 -0.453565584208 0.127250859187 0.517527702230
43.6 -0.078379983236 -0.024680884651 0.632654906801 0.716227919644 -0.449609427624 0.130207907854 0.517604898013
43.7 -0.077104077825 -0.024444113742 0.631961228539 0.717426308927 -0.444454778561 0.127818484060 0.520981646707
43.8 -0.076021341694 -0.023236729803 0.633671715749 0.720853574732 -0.437660830855 0.126576187410 0.522304116117
43.9 -0.073273244757 -0.021598063417 0.638012381716 0.718928950999 -0.433879725430 0.130213814640 0.527194375685
44.0 -0.070591112784 -0.025142265818 0.647975834334 0.725651743862 -0.425152399693 0.122338493843 0.526980337954
44.1 -0.067682439624 -0.028974898468 0.645571358101 0.726493407790 -0.417738897065 0.120600188779 0.532125113844
44.2 -0.066215884422 -0.029829049883 0.644441692658 0.730103848769 -0.414266948720 0.120982338168 0.529806133470
44.3 -0.066613102193 -0.030426262660 0.646910014568 0.733785365895 -0.405449994113 0.121517049435 0.531415981853
44.4 -0.066181566893 -0.029143046686 0.646581091510 0.731058694882 -0.402816109943 0.125742757772 0.536172663492
44.5 -0.067019592913 -0.027324667350 0.649182470044 0.730940886199 -0.394132953663 0.124637952277 0.543000936069
44.6 -0.069818776544 -0.024423738106 0.655358033663 0.733164812408 -0.390428173677 0.121133125330 0.543472138194
44.7 -0.073527758228 -0.018674586007 0.649764856295 0.729471662902 -0.384230758492 0.121090995695 0.552788194532
44.8 -0.077252122615 -0.015157117468 0.654978315143 0.726446357024 -0.390086374412 0.132213519502 0.550116256918
44.9 -0.078325687501 -0.011172189549 0.650817504091 0.727456445886 -0.382398412392 0.129426001005 0.554822028945
45.0 -0.079725312463 -0.009402534069 0.651275526701 0.723932792945 -0.384977631799 0.130964115460 0.557280840129
45.1 -0.082057965519 -0.011794093720 0.651396117120 0.726399315509 -0.386847427931 0.130589866587 0.552846623102
45.2 -0.085390260597 -0.013627745326 0.649881025786 0.727694208972 -0.381212093655 0.131254075307 0.554897148664
45.3 -0.091945506588 -0.017040215895 0.645038224987 0.725398708875 -0.385693307434 0.137652579132 0.553253245108
45.4 -0.099668481421 -0.018995592351 0.643789141321 0.725019451102 -0.383799103327 0.140485503440 0.554354459829
45.5 -0.108010637472 -0.021173215012 0.643468704029 0.724151037741 -0.387212657214 0.134173894371 0.554679185387
45.6 -0.113077338618 -0.023954714633 0.643612805151 0.723393308355 -0.387690934489 0.132990604350 0.555617998175
45.7 -0.118566811678 -0.028389220340 0.646501596988 0.725774528645 -0.380021134092 0.131655039944 0.558123840801
45.8 -0.122305681676 -0.033156303175 0.639083738756 0.725713124267 -0.381846627277 0.137059832804 0.555651164612
45.9 -0.126277369310 -0.038210883541 0.639830405033 0.729132437051 -0.382124820286 0.135712761097 0.551297158923
46.0 -0.129302593524 -0.042462153456 0.642558328750 0.731780333549 -0.378431999392 0.135147213224 0.550474337299
46.1 -0.130520351424 -0.045894953944 0.639953974900 0.732638201411 -0.382225771834 0.133724511486 0.547048882832
46.2 -0.128827598115 -0.049306921010 0.633279124350 0.731480034098 -0.384663687315 0.135156236114 0.546537829631
46.3 -0.128344322938 -0.052606258921 0.640770815630 0.738572006155 -0.377566555262 0.135294856415 0.541894998961
46.4 -0.125546740276 -0.056702557194 0.641012896910 0.740064045865 -0.372689206872 0.132135005021 0.544011308290
46.5 -0.120524689264 -0.063882803419 0.645631613798 0.744025934552 -0.369392710666 0.121576752528 0.543317151639
46.6 -0.117651855283 -0.069187996819 0.645609927616 0.746185940167 -0.374277573550 0.122217734281 0.536829270869
46.7 -0.117134557181 -0.072862594347 0.648641405195 0.745806952545 -0.372861399671 0.121113077754 0.538588886413
46.8 -0.115101212587 -0.077149924794 0.644307582373 0.750986780270 -0.366133105092 0.120499050921 0.536139332582
46.9 -0.112374621324 -0.077683922704 0.642409249397 0.747594650893 -0.372249639368 0.120428140157 0.536683805424
47.0 -0.111011071250 -0.077519637177 0.646639498138 0.750488937746 -0.376253813975 0.123955824423 0.528993738509
47.1 -0.105867183768 -0.076236908493 0.647637709719 0.744500873930 -0.378316409300 0.122937488893 0.536173028972
47.2 -0.102882018122 -0.075912799049 0.651836564690 0.748685247757 -0.379207963449 0.121224142152 0.530072096613
47.3 -0.101952095066 -0.077698348928 0.650946211492 0.751608632228 -0.378430297408 0.121989781014 0.526301688475
47.4 -0.101303360455 -0.082753680717 0.655039561869 0.750339872282 -0.378813978704 0.115287354717 0.529338144710
47.5 -0.100100031250 -0.085908737313 0.656723591429 0.750986683500 -0.390403018717 0.116513698940 0.519643187334
47.6 -0.097262596333 -0.088388253349 0.655975022597 0.752826620746 -0.390578982334 0.114067814216 0.517386385030
47.7 -0.094374156325 -0.091051325980 0.656215142956 0.754379694713 -0.395208491283 0.109841446521 0.512500128047
47.8 -0.089155639475 -0.089217035065 0.656023423884 0.751135252059 -0.391889214959 0.107847738616 0.520180297193
47.9 -0.083459223038 -0.084713863898 0.653215537862 0.748912389491 -0.393370559950 0.116397286478 0.520424352939
48.0 -0.078493512735 -0.085078767539 0.660636361349 0.750337422954 -0.385611796631 0.102256810905 0.527106098084
48.1 -0.076190028268 -0.090710404489 0.661813393412 0.755467879673 -0.387306513410 0.108363226367 0.517222735988
48.2 -0.074043512165 -0.091443847909 0.661045156810 0.753403798886 -0.387289493519 0.106402253215 0.520642031098
48.3 -0.074025612591 -0.092251957464 0.661458283982 0.749521460893 -0.390629952624 0.102025408360 0.524610937574
48.4 -0.074400377549 -0.090656207494 0.666172025200 0.750723926885 -0.385758788928 0.101429700624 0.526607784028
48.5 -0.073340895914 -0.091180149434 0.664590679124 0.749875755156 -0.376684038970 0.096671857284 0.535210275147
48.6 -0.074555771829 -0.093217884554 0.665291681330 0.750091271117 -0.374255876909 0.098537364897 0.536270464702
48.7 -0.074944787897 -0.094702729015 0.667714295269 0.755342068728 -0.361848829201 0.096676373866 0.537752231749
48.8 -0.073222237472 -0.095145422448 0.667846735619 0.755493884393 -0.351542406264 0.100803081943 0.543585932410
48.9 -0.070277780149 -0.096696119085 0.671863580247 0.759097536724 -0.342953912815 0.097473139433 0.544658177679
49.0 -0.066427315160 -0.096856756570 0.668115263497 0.760074338051 -0.335260763864 0.098545395077 0.547883222922
49.1 -0.062706134387 -0.094049967567 0.666210207748 0.758316945698 -0.325388418395 0.098929094381 0.556139210384
49.2 -0.059848610312 -0.092171897681 0.668293779124 0.763840894148 -0.314938503909 0.094867923062 0.555302534082
49.3 -0.056946213657 -0.088178956894 0.667558453299 0.762711321803 -0.308310983908 0.096069546405 0.560344910790
49.4 -0.056284890466 -0.083528695359 0.667422693838 0.764131208359 -0.300744389528 0.094733969256 0.562744865502
49.5 -0.058123661224 -0.079761901055 0.667817094440 0.762572819266 -0.297732943260 0.094049674971 0.566561954647
49.6 -0.062113720376 -0.076332665362 0.669597801220 0.765807503112 -0.293670400408 0.097894458192 0.563660570873
49.7 -0.065821676276 -0.073064036947 0.665485325019 0.767230912461 -0.293875259995 0.106368471439 0.560071251548
49.8 -0.069050389250 -0.072442946537 0.668669354826 0.767927549382 -0.287412917319 0.106257366916 0.562485969455
49.9 -0.068996857276 -0.073220711738 0.666076995485 0.772733877472 -0.280197494668 0.105037327108 0.559766807253
50.0 -0.068023058498 -0.073432425730 0.661472512447 0.773725343187 -0.277178775217 0.105637445828 0.559787236295
50.1 -0.069865908626 -0.071798315599 0.657863483367 0.775649655147 -0.269419012958 0.103606046825 0.561290294757
50.2 -0.074017463625 -0.072791800972 0.658029395138 0.774360220654 -0.262988131865 0.103624564202 0.566096670950
50.3 -0.078967672304 -0.076891606715 0.659732044191 0.774465452074 -0.260294418440 0.107243040066 0.566523617893
50.4 -0.084145485321 -0.077908553701 0.660331835681 0.779088491653 -0.253054523704 0.113142048205 0.562301882564
50.5 -0.088389700718 -0.079485284701 0.657682393323 0.776501385973 -0.256411047414 0.111629702774 0.564657225053
50.6 -0.093022192706 -0.082103715020 0.661509589154 0.774145006307 -0.259648124020 0.111987087262 0.566340227416
50.7 -0.098022874448 -0.087058397479 0.661532190507 0.775416260254 -0.260036088100 0.114491701190 0.563917109669
50.8 -0.104403302846 -0.088703592108 0.654354848572 0.773258523205 -0.259028827660 0.113432275257 0.567545981980
50.9 -0.110868278807 -0.087504739692 0.652299243509 0.774481581332 -0.261143523951 0.112389076367 0.565111524913
51.0 -0.115409059727 -0.085034416370 0.653091734427 0.774031087379 -0.262115368003 0.114796036266 0.564794900548
51.1 -0.115835569636 -0.085101836496 0.653785973955 0.772186134020 -0.267400320582 0.113308261755 0.565143239187
51.2 -0.112792031791 -0.085690334599 0.653893638796 0.771671754195 -0.264800817301 0.114263332410 0.566874873142
51.3 -0.108258387545 -0.086500579172 0.658070981035 0.773163416965 -0.256786162240 0.113343363560 0.568711244381
51.4 -0.102142215989 -0.086255889311 0.660688569906 0.774177371601 -0.252537980079 0.113218155534 0.569258829686
51.5 -0.097144984737 -0.084654034593 0.662379672378 0.774917849738 -0.243990912234 0.108339872028 0.572916427617
51.6 -0.093166246948 -0.082417055893 0.661193371633 0.775755485483 -0.243418530476 0.108470793780 0.572000815262
51.7 -0.090001563376 -0.080461855918 0.662039815634 0.777028688341 -0.234889377547 0.110754439788 0.573399382523
51.8 -0.088455936617 -0.081719339826 0.663834237676 0.775329454782 -0.237612008967 0.111591818810 0.574414515586
51.9 -0.086313990815 -0.081157026781 0.663569799375 0.776524576081 -0.230485367270 0.112698793497 0.575486802769
52.0 -0.086354060799 -0.079847982231 0.665030884491 0.777365650247 -0.228981418397 0.111874660559 0.575112350910
52.1 -0.086790508279 -0.079752631910 0.665236911803 0.776122791786 -0.225955177313 0.114010970318 0.577563129505
52.2 -0.085835222510 -0.080359187920 0.665942901271 0.777578357295 -0.223508275975 0.117491877952 0.575857280455
52.3 -0.084111974297 -0.081177949598 0.662758369956 0.774181046424 -0.223008495721 0.116903835695 0.580727484621
52.4 -0.082821518043 -0.080999818039 0.666752677768 0.774988908746 -0.219676511019 0.115619440114 0.581176880901
52.5 -0.081192682035 -0.081825533322 0.666329121089 0.776420080544 -0.213741752034 0.117540088037 0.581094355221
52.6 -0.078240579151 -0.083096006115 0.662996738035 0.775007370592 -0.214364652952 0.118193526931 0.582616221268
52.7 -0.074781468228 -0.083146088618 0.660655389427 0.776119464170 -0.210272362840 0.119601762867 0.582339702478
52.8 -0.072250862146 -0.083219974497 0.663242173000 0.776254963485 -0.204805458217 0.120782337774 0.583861784013
52.9 -0.069876062518 -0.083629341250 0.659205364963 0.775590336172 -0.203287731871 0.121610934464 0.585102135636
53.0 -0.068050951881 -0.087128354679 0.650053418718 0.778138149778 -0.206567058231 0.117986130260 0.581300561998
53.1 -0.069167413186 -0.094731309673 0.657901190003 0.785311086706 -0.204013701435 0.111076105681 0.573870199147
53.2 -0.070087390068 -0.097592435106 0.655744396106 0.781979767237 -0.204475363026 0.111777064223 0.578103241178
53.3 -0.073510789969 -0.098623145962 0.652736775824 0.778702891673 -0.210236390034 0.108502136439 0.581076374665
53.4 -0.078137341073 -0.099734372893 0.660011992181 0.774027260579 -0.222853823715 0.107620555603 0.582782797573
53.5 -0.082724777609 -0.104349380594 0.657633879712 0.771423553657 -0.237786149593 0.102418116513 0.581269281258
53.6 -0.083863252892 -0.104446125139 0.660053971888 0.768121746788 -0.240926946716 0.101233287650 0.584546841518
53.7 -0.082379804130 -0.102178138697 0.665813389125 0.766761311925 -0.245531696167 0.097135229202 0.585111975574
53.8 -0.077130835657 -0.102558955724 0.671748571652 0.766020266578 -0.247217806904 0.089984660745 0.586514337397
53.9 -0.075547414548 -0.100735055815 0.672175509994 0.763281796282 -0.250183557135 0.094057119109 0.588185638680
54.0 -0.075869280500 -0.098558473025 0.674915827056 0.763043912897 -0.257482490827 0.089788703771 0.586007459494
54.1 -0.075276905779 -0.096831038452 0.677553780507 0.757459050231 -0.263104067048 0.094398636884 0.590017740818
54.2 -0.076954622191 -0.096288478095 0.678828694924 0.755861937432 -0.271909976888 0.097689162267 0.587532572361
54.3 -0.078737765131 -0.097181425889 0.681389716379 0.752585371581 -0.279909311223 0.091954117272 0.588906169343
54.4 -0.082721533167 -0.094595164341 0.682042621988 0.746321837325 -0.295414397628 0.093376966008 0.589079613486
54.5 -0.083644537643 -0.098532314337 0.681174750381 0.749364996639 -0.296410016444 0.088103644624 0.585517678442
54.6 -0.082692996714 -0.101258521879 0.679276880139 0.740388112786 -0.313438846716 0.094890729762 0.587007053808
54.7 -0.080688840881 -0.100779413143 0.679398293822 0.737048593470 -0.320614607804 0.096755191207 0.587029877521
54.8 -0.084587137244 -0.095983586582 0.674603603319 0.727159145329 -0.335208890896 0.095579083745 0.591387534176
54.9 -0.088491041079 -0.091949616974 0.674503129034 0.718401261027 -0.348363387523 0.099042976627 0.593913349883
55.0 -0.090536320837 -0.090510820851 0.675901120562 0.715828868139 -0.360571192844 0.102414368879 0.589142379630
55.1 -0.094523170130 -0.088135369096 0.680104559884 0.707047907005 -0.371727874040 0.102248424921 0.592829574551
55.2 -0.100668077555 -0.086188326151 0.672302767231 0.698278063228 -0.379482890680 0.108494735686 0.597184539672
55.3 -0.106194674609 -0.086557058943 0.680843717159 0.692798007894 -0.390195748653 0.106574688625 0.597009240913
55.4 -0.106971146223 -0.082790552667 0.676342707875 0.692557179785 -0.396358914240 0.106828521991 0.593170996189
55.5 -0.108051960300 -0.075799280933 0.674760727919 0.689657843102 -0.399286300518 0.109265607553 0.594141007398
55.6 -0.109848834822 -0.065207408051 0.673051352143 0.682197955781 -0.408202884731 0.106190777802 0.597243562323
55.7 -0.113707115787 -0.055387941263 0.681140326134 0.664104192595 -0.419392975151 0.108958655000 0.609264446093
55.8 -0.118697468039 -0.053350090307 0.686285838209 0.650330254449 -0.430647970860 0.114329494690 0.615257386780
55.9 -0.125622700200 -0.056455277093 0.691476254562 0.649070115794 -0.435321775359 0.123776922159 0.611459083032
56.0 -0.131396588771 -0.059618541301 0.685863090195 0.653271317441 -0.438804958145 0.126077928583 0.603979428823
56.1 -0.136959172642 -0.062564194534 0.687571297851 0.643967422919 -0.449494749443 0.131008597159 0.605059646574
56.2 -0.139384616709 -0.062806689661 0.681976474557 0.634865178751 -0.456051502994 0.132057878197 0.609527643535
56.3 -0.143807507919 -0.065949303750 0.683174984576 0.636092863605 -0.459708265698 0.138816563264 0.603973626148
56.4 -0.145279340910 -0.066826773177 0.677743899044 0.631213255800 -0.466893564558 0.133776541683 0.604718167391
56.5 -0.148868129258 -0.068692910265 0.678003432764 0.631537813136 -0.469258566106 0.143025924245 0.600416500197
56.6 -0.153243397214 -0.068159410700 0.673674336719 0.631160799765 -0.480449160716 0.142418733275 0.592048607142
56.7 -0.157682070902 -0.066668669077 0.662236505625 0.617905314169 -0.494698070684 0.147146130417 0.593139829961
56.8 -0.163874493064 -0.068244998210 0.663904143637 0.615395403699 -0.499249826364 0.147741431648 0.591785921898
56.9 -0.166162098315 -0.068070253359 0.658553609001 0.610527671318 -0.507376158265 0.149749368705 0.589406924927
57.0 -0.169993982271 -0.069370461927 0.666258653822 0.609918745377 -0.507696375339 0.149550139571 0.589812063508
57.1 -0.165769035686 -0.074755010681 0.655692611429 0.609653567921 -0.512137960840 0.144849418265 0.587414574399
57.2 -0.159858984099 -0.081345802614 0.664523899078 0.607358870063 -0.515633029228 0.144360590837 0.586854157299
57.3 -0.151902227319 -0.087483753530 0.678867865863 0.614862059448 -0.508005789133 0.140698638357 0.586582184543
57.4 -0.143401501770 -0.091900236180 0.696882785958 0.615897392870 -0.507738504826 0.129475680950 0.588309493561
57.5 -0.133084240792 -0.091903105960 0.695540030697 0.611439180780 -0.507153228940 0.121928775427 0.595038741853
57.6 -0.126005063546 -0.091386785709 0.703809626955 0.610634599455 -0.503542790241 0.121905623617 0.598923253243
57.7 -0.119501272975 -0.093433895217 0.706407951085 0.608456395251 -0.498000126014 0.117408378513 0.606623410547
57.8 -0.115876133208 -0.098212528690 0.700658071915 0.613685142358 -0.496248642658 0.115832171867 0.603084354522
57.9 -0.112078072269 -0.099162216778 0.700586137787 0.613842895192 -0.494441915005 0.115276639220 0.604512521920
58.0 -0.107655852649 -0.097116925725 0.701392163615 0.611138860484 -0.495897126939 0.121704278970 0.604800298595
58.1 -0.107201799990 -0.095997384379 0.697514657012 0.618184170658 -0.489264692096 0.118424641711 0.603691971499
58.2 -0.114919578143 -0.090313377885 0.693950030025 0.607858985275 -0.496458112354 0.123272060086 0.607322645634
58.3 -0.123442006452 -0.087983992624 0.694715955484 0.610855544619 -0.503467078928 0.131343165882 0.596762412372
58.4 -0.132512448040 -0.087560850066 0.692444111110 0.613844908503 -0.507851850697 0.136722647129 0.588717116968
58.5 -0.140723891182 -0.086630248556 0.691268842890 0.602422867736 -0.511452697767 0.126486717359 0.599586471418
58.6 -0.144623037302 -0.088458116537 0.673003914650 0.609416029594 -0.513824566914 0.136675620160 0.588146403682
58.7 -0.147033801983 -0.087518827042 0.672556408851 0.604958524860 -0.517885174472 0.129915581805 0.590713188329
58.8 -0.148027115588 -0.086265448050 0.671563730298 0.605499937198 -0.515882016244 0.127341140612 0.592469244161
58.9 -0.148116700394 -0.086931111199 0.663305714369 0.607036236123 -0.516892271443 0.134506299575 0.588419444895
59.0 -0.148876154367 -0.086745390079 0.656278462619 0.606239364694 -0.518776749741 0.131247811604 0.588318390476
59.1 -0.148286794885 -0.086079167826 0.654162565029 0.605310549614 -0.519390546796 0.126979749896 0.589668331811
59.2 -0.146707448337 -0.081462240561 0.647693456172 0.602929498468 -0.523510677749 0.125445289938 0.588792042569
59.3 -0.141078306272 -0.078844183311 0.658512280638 0.607687505360 -0.514338729152 0.128919880245 0.591228578472
59.4 -0.129323811081 -0.075091478862 0.661607498247 0.600119854947 -0.514124737860 0.117217783224 0.601491400533
59.5 -0.118048645888 -0.075608865437 0.665572270445 0.605402344876 -0.502487034861 0.116236800862 0.606204410031
59.6 -0.108772793443 -0.080164265326 0.670104287844 0.612387491702 -0.495241522777 0.109996344428 0.606315263156
59.7 -0.109422187707 -0.088125697228 0.667967371821 0.614610229047 -0.494184156748 0.110851955722 0.604771138103
59.8 -0.113042369123 -0.095089598235 0.665403814007 0.616191753251 -0.497763113561 0.116429329692 0.599152582561
59.9 -0.119997071853 -0.096938389308 0.666156542289 0.616968587738 -0.499226863086 0.119554823608 0.596513994027
60.0 -0.124712838211 -0.093118402386 0.665379046419 0.610180185575 -0.512479235813 0.122480342997 0.591644943840
60.1 -0.125411330548 -0.091532191840 0.674687743401 0.599046983138 -0.516829177623 0.113456957114 0.600964085477
60.2 -0.126571852402 -0.092347208702 0.673512322263 0.599352410931 -0.519632227595 0.116628088039 0.597626074261
60.3 -0.129621728935 -0.092979063212 0.670911096849 0.597923238468 -0.525259946418 0.114954516495 0.594453739770
60.4 -0.132991497044 -0.091802137499 0.670435083244 0.595784079608 -0.531537799524 0.119834846429 0.590041106825
60.5 -0.137671631073 -0.087841632667 0.666504132278 0.595198863417 -0.535636660601 0.119337778569 0.587018036702
60.6 -0.145461796855 -0.083314095446 0.661637389363 0.589633492321 -0.544155055268 0.128679003028 0.582811577389
60.7 -0.149993164010 -0.082720827200 0.661911246164 0.581542934387 -0.549368016037 0.125577418502 0.586713652801
60.8 -0.153380959258 -0.083264272862 0.663095833985 0.579556152909 -0.557571742673 0.118059486125 0.582486373345
60.9 -0.154834490302 -0.083835796287 0.656628503434 0.568677028126 -0.569733570922 0.118798619858 0.581289070744
61.0 -0.157014548100 -0.084965107371 0.657435664906 0.566258172689 -0.572925886716 0.119856216372 0.580294836778
61.1 -0.155984368481 -0.085463382444 0.652330533353 0.564939254708 -0.579417948351 0.120531792336 0.574970057181
61.2 -0.156213537507 -0.087099421462 0.658803647643 0.566213487834 -0.581439561086 0.116498491493 0.572501899105
61.3 -0.000000000000 -0.000000000000 0.000000000000 -0.026544168976 -0.793791473816 0.535386790666 0.287317746703
61.4 -0.000000000000 -0.000000000000 0.000000000000 0.036124010730 -0.777646571622 0.510883466240 0.364635365010
61.5 -0.000000000000 -0.000000000000 0.000000000000 0.033814571999 -0.779035852760 0.505735847079 0.369040604560
61.6 -0.000000000000 -0.000000000000 0.000000000000 -0.132880965155 -0.802859357956 0.424725117241 0.396696452250
61.7 -0.000000000000 -0.000000000000 0.000000000000 -0.038535630879 -0.798801046547 0.516368900150 0.306259778856
61.8 -0.000000000000 -0.000000000000 0.000000000000 -0.053760807664 -0.800888788276 0.501764764147 0.322364771391
61.9 -0.000000000000 -0.000000000000 0.000000000001 -0.019200182311 -0.795135884382 0.533869618297 0.287007855340
62.0 -0.000000000000 -0.000000000000 0.000000000000 -0.011556738735 -0.793055269470 0.539513471641 0.282586261650
62.1 -0.149583691602 -0.109335301498 0.679358398905 0.555259252791 -0.615914762675 0.114222094083 0.547073560440
62.2 -0.140409873983 -0.108956363374 0.672257318356 0.557887526121 -0.613184291786 0.111832201700 0.547959935733
62.3 -0.131433178328 -0.105249668229 0.674752400309 0.554100510610 -0.612293516120 0.111391763882 0.552866303186
62.4 -0.122743572545 -0.096601735445 0.672549041546 0.551280667562 -0.611761394269 0.119376056556 0.554605246256
62.5 -0.115907740109 -0.088466829220 0.677838248727 0.549110860524 -0.614611383354 0.115364641004 0.554455687961
62.6 -0.111923303920 -0.087170625714 0.689932749659 0.549339734841 -0.611493183536 0.116230350399 0.557487621262
62.7 -0.107534274371 -0.087829741538 0.690037722889 0.551329023321 -0.612513210722 0.121412143266 0.553283802584
62.8 -0.104469955206 -0.088634535785 0.686323037541 0.551616548208 -0.611145295387 0.125295687955 0.553643930924
62.9 -0.103878896270 -0.085377979080 0.691141968424 0.554314530727 -0.607342141983 0.125115414572 0.555172997031
63.0 -0.105005501616 -0.078347561866 0.686436000514 0.553628069635 -0.604457858988 0.126753152964 0.558623572215
63.1 -0.107478417722 -0.072800977469 0.689631835770 0.547187318199 -0.608743756082 0.129426020321 0.559701691527
63.2 -0.108717524223 -0.066726180113 0.690361948672 0.545275989755 -0.612631506062 0.130453115576 0.557080530456
63.3 -0.109347190185 -0.058525160853 0.690615347724 0.543013759511 -0.612335956897 0.133429328415 0.558907279602
63.4 -0.111279802719 -0.051830287791 0.695967750494 0.541789653058 -0.613007079486 0.141270938678 0.557430546548
63.5 -0.112597293606 -0.051680031540 0.698977197771 0.537502812303 -0.617446107592 0.140648069364 0.556838532764
63.6 -0.111999942914 -0.051231244070 0.701163807539 0.537885522272 -0.617519036397 0.138278186741 0.556981640352
63.7 -0.111009139802 -0.051213711405 0.705778668083 0.536055203145 -0.618078385959 0.135586004712 0.558784720010
63.8 -0.108303256571 -0.051067531468 0.703577059529 0.536209032319 -0.617046254431 0.135515715511 0.559793966029
63.9 -0.105401775129 -0.048491443096 0.697912760752 0.536066241892 -0.615225623281 0.137194260096 0.561523064317
64.0 -0.104016530735 -0.049175640186 0.703818950811 0.539280286638 -0.616780271776 0.136293721437 0.556940652393
64.1 -0.100716681798 -0.048392420212 0.700218554203 0.540615112942 -0.615389159470 0.133262835401 0.557918003623
64.2 -0.097914045297 -0.048460988683 0.704009662145 0.540581259340 -0.614813703878 0.131077033400 0.559101800113
64.3 -0.095660474463 -0.047102865272 0.702216781646 0.541002080564 -0.618550992055 0.133906784673 0.553877596651
64.4 -0.094316067530 -0.044665443069 0.704715764370 0.540293715476 -0.616944243055 0.131814728205 0.556854899779
64.5 -0.092570401161 -0.043022722233 0.703352137223 0.545112811796 -0.618585142113 0.127803027288 0.551244800963
64.6 -0.089490781146 -0.036578762409 0.702712684108 0.541350021300 -0.620449581527 0.129403132253 0.552482850942
64.7 -0.089307742147 -0.031772087939 0.706210602027 0.540821594005 -0.622144862867 0.122558432354 0.552654687599
64.8 -0.090634805625 -0.030315677799 0.708343714418 0.545992020343 -0.622762263422 0.125785095998 0.546111697919
64.9 -0.094079530282 -0.031350243720 0.706353823952 0.544488725963 -0.623287112167 0.128772218554 0.546317598869
65.0 -0.097531212006 -0.035037807259 0.701818454808 0.542535566156 -0.623412312232 0.132177783279 0.547303647001
65.1 -0.100949287582 -0.036324433961 0.706061331079 0.547245248950 -0.627093624999 0.124626843213 0.540133662105
65.2 -0.102278800011 -0.039017087930 0.706848224383 0.548383788293 -0.628442318165 0.125502384530 0.537200730597
65.3 -0.100020361458 -0.037702306404 0.706348737929 0.550751052689 -0.625808371231 0.124358734551 0.538119006912
65.4 -0.096615240964 -0.037639939424 0.712792655848 0.552753802678 -0.625340222268 0.122148969823 0.537114949718
65.5 -0.092874894603 -0.038006110414 0.712478760284 0.554303904658 -0.623834726155 0.120610522516 0.537615585323
65.6 -0.090805007506 -0.038767834544 0.715395360751 0.555836394168 -0.620806772073 0.120036779220 0.539662882085
65.7 -0.089659918939 -0.043543145753 0.714797608914 0.556298448342 -0.621574390830 0.119031398783 0.538524687587
65.8 -0.088663459985 -0.046267033968 0.713273454922 0.560792031486 -0.620257033987 0.119434254881 0.535284006835
65.9 -0.089034734489 -0.047305268758 0.714828299675 0.562828415192 -0.619105181478 0.117952265432 0.534808575473
66.0 -0.091494621352 -0.049117726091 0.713329516670 0.561322567755 -0.618695637554 0.120590478770 0.536274761135
66.1 -0.095191798754 -0.050760292262 0.713519645169 0.562202305439 -0.623529339996 0.115832313117 0.530775475282
66.2 -0.096626094081 -0.051752704354 0.714589430913 0.561460117334 -0.622271054327 0.118534181255 0.532438653240
66.3 -0.095975557199 -0.051977722010 0.711014893671 0.563614353129 -0.621669007037 0.116303282912 0.531356803871
66.4 -0.091443965275 -0.052249344693 0.711313559781 0.564849159589 -0.619545662782 0.113836321553 0.533057117516
66.5 -0.085548518797 -0.054621382074 0.708820072366 0.569023530702 -0.615796829750 0.111741379057 0.533404490217
66.6 -0.082552656410 -0.054659807922 0.714884176475 0.569781240519 -0.618552824176 0.108175779548 0.530131816038
66.7 -0.079841766359 -0.050515992214 0.714241263530 0.572959253255 -0.613590064042 0.105983653725 0.532909366180
66.8 -0.079276823418 -0.048795555716 0.708254793104 0.573880291736 -0.612095907976 0.110449665586 0.532729651482
66.9 -0.082921860429 -0.049990355223 0.700673144473 0.578369593414 -0.614430181588 0.110823652897 0.525054552715
67.0 -0.089189815461 -0.049802376667 0.694149905217 0.575242179600 -0.613356053824 0.115643055261 0.528694117441
67.1 -0.096830073680 -0.049422889942 0.691353384285 0.579736743292 -0.619295200190 0.111033160332 0.517735840757
67.2 -0.102119721175 -0.049795649570 0.689974093900 0.579328552987 -0.619259088082 0.113634794918 0.517671462325
67.3 -0.105216008292 -0.050751574190 0.683350267045 0.581122521247 -0.623142629357 0.114072452585 0.510859427181
67.4 -0.108621049360 -0.051249755216 0.679815221999 0.581527454232 -0.627971471804 0.112141874402 0.504878055158
67.5 -0.110465275871 -0.050132911936 0.675714594258 0.584112970849 -0.626603314044 0.111279427699 0.503782902733
67.6 -0.111691757841 -0.047241984921 0.672536643307 0.582855616351 -0.625545217798 0.113490374467 0.506055773489
67.7 -0.112017705289 -0.046308522241 0.669786236080 0.586048874405 -0.627569064949 0.110853108581 0.500415201453
67.8 -0.112021665966 -0.045230346778 0.668663253070 0.588800703262 -0.626071681866 0.107991486623 0.499685721050
67.9 -0.112641215851 -0.043511964805 0.662643246722 0.588236111245 -0.627804374192 0.108822305072 0.497993625554
68.0 -0.112948396842 -0.043254209171 0.663348147514 0.591302030727 -0.628458770638 0.104160204608 0.494522126746
68.1 -0.111409740357 -0.041472929757 0.657617130162 0.591810727616 -0.628842424714 0.102232695072 0.493827645658
68.2 -0.113196624734 -0.039504415581 0.652749944082 0.595725543404 -0.630009100974 0.103682825986 0.487287883310
68.3 -0.117058725408 -0.038536271903 0.652784734538 0.595145645651 -0.628834123599 0.108197497754 0.488531070598
68.4 -0.117942252121 -0.041648430060 0.652739597475 0.602402812898 -0.627101820626 0.102465727327 0.483068248081
68.5 -0.116945000425 -0.044466125440 0.649247042555 0.606529374137 -0.630171838951 0.099659709161 0.474419133333
68.6 -0.114775122269 -0.046333879949 0.649881813422 0.608133001129 -0.627794163100 0.099673434797 0.475514403684
68.7 -0.111694308442 -0.051056419480 0.648122793997 0.613904785508 -0.626477554783 0.090922468232 0.471571725672
68.8 -0.111762260489 -0.053245774135 0.656168735632 0.621350303193 -0.624218324159 0.086163722654 0.465672736377
68.9 -0.110503128870 -0.052610076784 0.651634366613 0.626124251177 -0.622245786460 0.084052939498 0.462291798200
69.0 -0.113658386835 -0.052537133334 0.647800380217 0.627821432419 -0.621821971235 0.084000161380 0.460566670498
69.1 -0.117988946918 -0.052308729995 0.645541014329 0.628313981317 -0.621153785112 0.089746616810 0.459711932512
69.2 -0.121772687731 -0.052962425735 0.636649726098 0.631144503995 -0.621954562549 0.093389836041 0.453990611936
69.3 -0.123259096219 -0.053368733717 0.638296774627 0.633699345174 -0.620491642299 0.091225169740 0.452872200702
69.4 -0.119371989331 -0.056408578121 0.640948463778 0.639184700762 -0.614096969386 0.085787657764 0.454937697139
69.5 -0.112474984120 -0.063731218900 0.639046089393 0.644660645674 -0.612680745604 0.080194874124 0.450115249741
69.6 -0.104258251172 -0.070828962142 0.640415240574 0.652806031701 -0.608588920802 0.077561126234 0.444351304880
69.7 -0.096129067385 -0.076874725803 0.641084683743 0.665994032753 -0.595512208749 0.071932777418 0.443444284100
69.8 -0.092705291463 -0.078308744372 0.635933661341 0.672323548344 -0.589809840903 0.081637810501 0.439818901154
69.9 -0.091235563377 -0.073467713792 0.635506001318 0.676099619459 -0.587336366261 0.078418514760 0.437922177992
70.0 -0.091037415753 -0.065621217577 0.634726006613 0.673858145102 -0.587932156240 0.084064451748 0.439527186748
70.1 -0.092563647360 -0.061292003226 0.632908594796 0.675226745834 -0.586954866753 0.087563950858 0.438047235599
70.2 -0.095255957363 -0.056633160611 0.630458770730 0.672262843413 -0.586498414512 0.086914697486 0.443314915722
70.3 -0.097772977085 -0.052302884702 0.632601404302 0.672004885645 -0.586435555203 0.092698739290 0.442616896420
70.4 -0.099755255589 -0.048611426383 0.633131176566 0.671287809713 -0.587603516686 0.090227564287 0.442666658280
70.5 -0.100044169571 -0.046078019122 0.634946375836 0.673641233115 -0.587393342902 0.092921819023 0.438796177413
70.6 -0.099195801374 -0.043623633345 0.639865877354 0.675111972855 -0.587349110067 0.093645086506 0.436434926175
70.7 -0.099649542901 -0.041467109521 0.634132693676 0.673536948465 -0.587233275221 0.091628305656 0.439442047520
70.8 -0.101802983730 -0.040775187034 0.635222549327 0.673335588660 -0.588276987150 0.094880236238 0.437660955770
70.9 -0.106411600088 -0.041075562785 0.632105190439 0.677748022200 -0.587068795469 0.092255931326 0.433008880885
71.0 -0.107166572393 -0.039673719096 0.637138159227 0.682227649958 -0.585868447002 0.092068409464 0.427606132345
71.1 -0.106796848667 -0.037762875302 0.626248299082 0.682795578058 -0.583600534760 0.087300375061 0.430789111894
71.2 -0.107782809523 -0.032501146856 0.632080345688 0.685897730695 -0.582750642428 0.084702743731 0.427517762183
71.3 -0.107621119894 -0.027927204755 0.633777945452 0.685322951369 -0.582640387809 0.085100871682 0.428509594362
71.4 -0.106537163555 -0.023493677676 0.632593836551 0.686679506916 -0.578832668987 0.086025888662 0.431304466212
71.5 -0.107257722967 -0.021174319125 0.629328344461 0.688149519540 -0.577203453732 0.079254633688 0.432440880116
71.6 -0.108868430945 -0.021719827644 0.632557870527 0.690201905749 -0.575133591796 0.083632994662 0.431101151810
71.7 -0.109973946157 -0.021377368961 0.626679049881 0.691825857842 -0.573995929977 0.086037303202 0.429538400203
71.8 -0.109855965113 -0.016906181478 0.621896038417 0.690311216704 -0.577128062122 0.082974568551 0.428379323706
71.9 -0.110918983812 -0.013537093574 0.623957370876 0.691091634073 -0.575190385751 0.085128076765 0.429303603526
72.0 -0.111590697710 -0.012396401338 0.620408673151 0.694363875160 -0.572563518360 0.086137599475 0.427329077261
72.1 -0.112015404541 -0.013708192187 0.618673331742 0.696114456891 -0.569682363401 0.085047171757 0.428548301028
72.2 -0.112781684822 -0.013670484524 0.614916209942 0.698046076280 -0.566927151215 0.086690839937 0.428730660061
72.3 -0.113322829087 -0.011140339252 0.613131977755 0.698887486062 -0.564299753169 0.080619032449 0.431998428245
72.4 -0.113700682148 -0.010122998421 0.614914915486 0.703173935202 -0.563030657885 0.086359656830 0.425540720503
72.5 -0.112956048873 -0.009869525419 0.613563983833 0.703791266257 -0.560725618285 0.083834981692 0.428061129261
72.6 -0.113513921416 -0.010993591467 0.615412268844 0.707358509484 -0.556837956555 0.081475538855 0.427711545050
72.7 -0.114954144906 -0.015686453579 0.618349322898 0.713353313733 -0.551067736648 0.081610644667 0.425195369317
72.8 -0.113634959082 -0.022726704391 0.615797381622 0.717817249125 -0.548013361264 0.081756622504 0.421587010486
72.9 -0.113928917147 -0.032946839433 0.612261472698 0.724953288935 -0.541961058327 0.078230335618 0.417852790715
73.0 -0.113569778471 -0.036179711407 0.611513397259 0.727769708257 -0.543293058562 0.077491917373 0.411313635811
73.1 -0.112432646696 -0.034243987149 0.610824487953 0.725466451988 -0.542533641595 0.076798699592 0.416482454035
73.2 -0.112890738959 -0.029179709272 0.608666113541 0.725102768326 -0.542220358724 0.074208761995 0.417990571179
73.3 -0.113527276060 -0.031409625755 0.613130936334 0.728650997747 -0.539383641897 0.076579025144 0.415052602985
73.4 -0.110320335604 -0.036984191559 0.607861646005 0.737509888911 -0.532007138675 0.069207166851 0.410192559921
73.5 -0.108496876635 -0.054002980118 0.584113549291 0.727341877241 -0.529834206422 0.065404986524 0.431244356549
73.6 -0.108425654749 -0.067622972495 0.601312571532 0.749363292338 -0.526114275037 0.069835072038 0.395956422365
73.7 -0.104430955049 -0.066181461751 0.599958468867 0.751029622849 -0.525603942694 0.063174382031 0.394593459756
73.8 -0.099884094373 -0.059030946386 0.598209122244 0.751131259221 -0.522808606908 0.061615580558 0.398342204891
73.9 -0.099691732370 -0.055422132464 0.605095921289 0.749842549786 -0.521457871295 0.070282317572 0.401096291222
74.0 -0.099006739529 -0.056211774849 0.602447837340 0.750676989535 -0.519342904440 0.071605425096 0.402044360845
74.1 -0.097423209430 -0.054895951491 0.603002699871 0.754532574258 -0.516965491158 0.069143569572 0.398304459079
74.2 -0.097430596318 -0.056112535744 0.603389090304 0.752814658569 -0.517392687816 0.071574305504 0.400564620541
74.3 -0.095516351067 -0.052990840861 0.598822585898 0.755466844850 -0.515212495462 0.064657192555 0.399556476989
74.4 -0.096154171850 -0.047033666928 0.599738928521 0.755986678671 -0.517277227962 0.064533883123 0.395908814039
74.5 -0.097690904939 -0.044526871960 0.600816341011 0.753768430487 -0.516478783654 0.071054336676 0.400042623324
74.6 -0.099482322170 -0.045168623549 0.597014547636 0.751090326036 -0.523134339285 0.065599748958 0.397354323157
74.7 -0.099829411384 -0.042219548082 0.597600012111 0.751158843457 -0.526613111889 0.064330937800 0.392811090379
74.8 -0.095677166578 -0.041072313498 0.598823240463 0.754662190784 -0.521786309507 0.060703665780 0.393114601576
74.9 -0.094217431029 -0.044481422955 0.596184809125 0.754698655731 -0.519440958693 0.062877446782 0.395799767757
75.0 -0.092551530141 -0.043022097712 0.596148296251 0.757050988799 -0.522875190166 0.055303297224 0.387836152497
75.1 -0.089853959816 -0.041399073402 0.603426619048 0.758905168655 -0.518150098680 0.055370198617 0.390534968129
75.2 -0.089357474153 -0.048669635027 0.610799253112 0.762044131161 -0.516373032883 0.062470164166 0.385674878185
75.3 -0.092972287287 -0.049577148041 0.593036611328 0.765460041051 -0.513304298177 0.054964147243 0.384146541759
75.4 -0.094811518678 -0.050008013826 0.588522871524 0.762050380795 -0.518076549519 0.063092716476 0.383269115762
75.5 -0.093610817167 -0.049957435593 0.586592471091 0.762246454291 -0.524100865084 0.063079986047 0.374592500593
75.6 -0.091644192832 -0.049953549747 0.588849854338 0.762838268472 -0.522587000039 0.061257345998 0.375803327696
75.7 -0.091272951977 -0.047899362794 0.585868973248 0.763949591517 -0.522485174438 0.053469462060 0.374875020161
75.8 -0.091040827546 -0.047104245071 0.589781806239 0.762423310851 -0.521288117582 0.066923900299 0.377479251228
75.9 -0.090452656482 -0.048371549800 0.587903854481 0.762912263968 -0.526683156317 0.067546326121 0.368791572799
76.0 -0.091581245420 -0.050967560494 0.588269707111 0.757891004096 -0.531732961463 0.069186888120 0.371583716162
76.1 -0.089872209327 -0.052181484895 0.586075643262 0.757850744336 -0.534980074772 0.070538338580 0.366719118260
76.2 -0.085482447364 -0.052477811091 0.593300152899 0.754861949889 -0.539556785027 0.067559047069 0.366739263647
76.3 -0.082617998655 -0.054143151758 0.598351155098 0.754597597195 -0.544866682672 0.067160697422 0.359433172012
76.4 -0.083181547614 -0.056383874792 0.592641671148 0.754214358837 -0.546212357911 0.071004190851 0.357450927921
76.5 -0.084445922721 -0.055607156721 0.597515946904 0.749828720322 -0.554762307472 0.074873012860 0.352689246128
76.6 -0.086318818733 -0.055410582491 0.598757942519 0.746968169253 -0.556738262588 0.078905405903 0.354760479778
76.7 -0.088922681052 -0.056688666565 0.604427104125 0.744650559277 -0.562142240165 0.079915646562 0.350863414772
76.8 -0.089440455555 -0.058575374064 0.606745095629 0.743496462946 -0.564799492338 0.080579110958 0.348886156100
76.9 -0.089500628066 -0.058344092290 0.606726917787 0.742762320161 -0.567791282921 0.080106843128 0.345687848313
77.0 -0.088627414668 -0.054288963996 0.609588598317 0.738599895387 -0.567289357348 0.081311430182 0.355023141351
77.1 -0.088885557321 -0.050057120220 0.616274486402 0.736216147302 -0.570797334241 0.085331846641 0.353404391065
77.2 -0.091203384764 -0.047546395169 0.618076584144 0.733064986299 -0.572555273280 0.087729867862 0.356510385805
77.3 -0.092849060629 -0.047805801565 0.623276015734 0.729130831344 -0.575286717281 0.095486228276 0.358184036374
77.4 -0.090699274431 -0.049987577193 0.622829736231 0.730924585396 -0.577216716546 0.092196488273 0.352235603188
77.5 -0.085759112124 -0.047946567011 0.620441752532 0.736368915273 -0.573170494223 0.087597821556 0.348658897537
77.6 -0.078804604502 -0.044695202078 0.621806178707 0.730386064078 -0.573848756161 0.087979301729 0.359851976401
77.7 -0.073978572612 -0.044249374632 0.621348035566 0.732029468866 -0.570505636348 0.091876215967 0.360853067808
