0.000000 -0.010080507595674883 -0.07865630039529091 0.7307474278997413 -0.1375321401408821 0.9606543347440838 -0.23729510256927566 0.043808604888854775
0.100000 -0.007898045723103712 -0.08011962465631924 0.7305529666949933 -0.13884681305599036 0.9605790543771858 -0.2368890870539209 0.04350865696371266
0.200000 -0.004154706769555025 -0.07964455029395412 0.7304951915780294 -0.13865958708027729 0.9606948122140636 -0.23688376606810288 0.04153405914553325
0.300000 -0.001739535587465875 -0.07990889072075137 0.7300689274917587 -0.13887201090097523 0.9606942126680258 -0.23699805969331167 0.04016359092619285
0.400000 0.0014365759887675425 -0.082351147518643 0.7290121348822022 -0.1390214752761061 0.9610257961471622 -0.23580319490383106 0.038720819011403174
0.500000 0.006026133661056077 -0.08321251974522666 0.7285062723997715 -0.13987989766589276 0.9611439093746706 -0.23522435842782882 0.03613171602859733
0.600000 0.008306468905130943 -0.08390615018637895 0.7280877464025067 -0.1404465422459932 0.9611481506426048 -0.235143636965926 0.03429972714004988
0.700000 0.01061634814398756 -0.08313450326480841 0.7279438534366437 -0.14082101700614044 0.9612206112843638 -0.23488130381622593 0.032483083736922456
0.800000 0.01160794949513103 -0.08211736104423237 0.728618079697385 -0.1416208165999356 0.9610762953860338 -0.23516485627268452 0.031199184714869828
0.900000 0.011341534938432967 -0.07998820027462947 0.7292968802258439 -0.13990090764983873 0.9611531339733582 -0.23595988552722327 0.030583026565767907
1.000000 0.012642786156082848 -0.08007653417967184 0.7289616952256908 -0.14179265040653127 0.9608737379020285 -0.23598784494954872 0.030434209977299072
1.100000 0.015228963746647065 -0.07814280834464285 0.7292215474761876 -0.14249772209723158 0.9606196162826179 -0.23670813980127367 0.02955686996209585
1.200000 0.018340812095413616 -0.07532078897240926 0.7295349561169457 -0.14207900684038807 0.9604464371428166 -0.23795487579122707 0.02708642246772636
1.300000 0.020235713638796244 -0.07425207886371346 0.7300018892105155 -0.14180507876398546 0.9603106419104772 -0.23879983100068353 0.025873372108626693
1.400000 0.018819558848205558 -0.07637560518303474 0.7291729592897029 -0.1398424492248292 0.9606905118801449 -0.23847169487325132 0.025477058749896798
1.500000 0.018095795230361537 -0.07711913748347915 0.7283751442329477 -0.13872064561029612 0.9608414788306234 -0.2386414176697867 0.02430038708739188
1.600000 0.019661794716570768 -0.07765382845464487 0.7282603896847211 -0.13879956030779103 0.9608580145195943 -0.23858917814311578 0.02370152030610002
1.700000 0.023343423146057894 -0.07599234356070006 0.7295268543709601 -0.14138926705671587 0.9602514245660676 -0.23953141960791133 0.023472873718849523
1.800000 0.025497554972136707 -0.07686244203661663 0.7299412499911673 -0.14397035566636646 0.9597457604176555 -0.23992102629434028 0.02446452925168464
1.900000 0.0280955875994026 -0.07587071946712584 0.7307177197388922 -0.14416950352855698 0.9597444589545616 -0.23989826926818794 0.02354884626626257
2.000000 0.029487107902012918 -0.0739043974196119 0.7321364549768491 -0.14455957069002884 0.959294402417403 -0.24153027988948 0.022801401471454794
2.100000 0.0320961512237251 -0.0751352896373168 0.7318476117554339 -0.14652485954047162 0.9590669573792593 -0.24126582637004437 0.022623833139286516
2.200000 0.030388780928928025 -0.07371496372851315 0.7314389869037585 -0.14624118728906085 0.959051549024408 -0.24141771915573954 0.023476079992404003
2.300000 0.02801529041315781 -0.06813239284614898 0.7313941877589636 -0.14526556973016497 0.9585663704596581 -0.24391736970164404 0.023510517488982963
2.400000 0.03126285134070185 -0.06579520001889334 0.7317701654552154 -0.14626113456201695 0.9580837733386987 -0.24528854873612804 0.02273085217579024
2.500000 0.03372823664335385 -0.06369824413738912 0.7316952665790176 -0.14759631267718296 0.9578060066924386 -0.24565480215374125 0.021833465295036703
2.600000 0.03649646129601994 -0.06069471588437491 0.7319679423014568 -0.14569546847618609 0.9577134416431935 -0.24731437483778104 0.019834166482386815
2.700000 0.03906352288096668 -0.06028467150713861 0.7309765188408482 -0.14612557298432532 0.9578446834692952 -0.2465735488535728 0.019554137039580064
2.800000 0.04114823910039936 -0.057200733701896246 0.7312709143910593 -0.14471391806673492 0.9578792735754997 -0.24740661712101453 0.01775232314326184
2.900000 0.03939860508027253 -0.054115280271294655 0.7313058016301254 -0.14206216409872954 0.9578327361471674 -0.24917912616488588 0.016868733803099098
3.000000 0.037850236538892246 -0.049331596883707536 0.7329483627510935 -0.13828129856600732 0.9579119820661394 -0.25111996296938927 0.014888965016822976
3.100000 0.03404602412230094 -0.04743380889329702 0.7344802528258183 -0.13472317272855974 0.9578926199872492 -0.25313446246524357 0.014640328423413297
3.200000 0.031041809193741412 -0.04615784461621087 0.7349096030597624 -0.13478018147332232 0.9575342515104118 -0.2543397075100819 0.016546088664689235
3.300000 0.030864345426731245 -0.04821887385751835 0.7353522799573765 -0.13570169419270628 0.957688760691949 -0.25320232187596947 0.017489197642138576
3.400000 0.0345836857956964 -0.056030698920969735 0.7345855999692765 -0.13945591538747268 0.9580621921416685 -0.2497190147448771 0.0175868509685681
3.500000 0.034335654770038526 -0.06215573831707705 0.7339921786843008 -0.1438948647347387 0.958397138025752 -0.24570808980078773 0.01991804040227564
3.600000 0.03415613942780914 -0.0670218615634071 0.7336016218440603 -0.1542641344491909 0.9571639129026549 -0.2437435173168445 0.02507824606175944
3.700000 0.033079842101431306 -0.06666649267572065 0.7347573474637262 -0.1533148019359979 0.9573937385613471 -0.24334344329350022 0.025995566485763715
3.800000 0.03516841223853945 -0.062672289354391 0.7368571801487702 -0.15143600451117173 0.9572540881004992 -0.24529417721346494 0.02371737712612813
3.900000 0.037284289094646206 -0.04918919775045487 0.7403635417652491 -0.15134530810285854 0.9554154880424347 -0.25255173976521994 0.022213997061488893
4.000000 0.04462774222322642 -0.03860142842372612 0.7429736168394039 -0.15715382872011752 0.9526144395262014 -0.2597043266420543 0.019546520104234143
4.100000 0.05118148303120902 -0.03436779933670478 0.7442663962970578 -0.1636164082661023 0.9513821146130729 -0.2603764925402881 0.01748785501070552
4.200000 0.056708830626065757 -0.03958876037189849 0.7458632180018785 -0.16429558909542077 0.9514104350156068 -0.2599619855615917 0.015649588175949084
4.300000 0.05556315346451017 -0.04790540175526614 0.7465856856360397 -0.16171655307505725 0.9527921411329721 -0.25642688995706825 0.01673745391970322
4.400000 0.04986418218834303 -0.05710437645309721 0.7469381072984175 -0.15955384493235764 0.9538704539779894 -0.25360919955472355 0.018870651720029254
4.500000 0.04340159566856518 -0.06671023329899566 0.7473926287978746 -0.15755231557607888 0.9548916346757602 -0.2507200326962862 0.022331571544410782
4.600000 0.03736263634096322 -0.07828592442694998 0.747532871748897 -0.15263525446213133 0.9569184716035507 -0.24574694823310536 0.02485870538302298
4.700000 0.03967935543763089 -0.08345989521783181 0.7489752181391377 -0.14396032004708526 0.9587203831363229 -0.2443011384765281 0.021156723516546874
4.800000 0.04015567197816297 -0.08515268042649578 0.7515596320117351 -0.1373601926407966 0.959555741807018 -0.24494403734193143 0.01968182952624597
4.900000 0.03934600564653826 -0.08616237987785405 0.7555054992339317 -0.12695570106986281 0.9603071695589204 -0.24773701354456865 0.017853912165490315
5.000000 0.04128992574107836 -0.09148338090614873 0.7580221204105464 -0.11710032813671915 0.9618456582813883 -0.24676120944733765 0.015790766529921074
5.100000 0.04337029977584224 -0.08984803852200281 0.7611485113940211 -0.1111642055684618 0.9620231680822922 -0.24891294805219863 0.014010273559306724
5.200000 0.04522085767887252 -0.08688118444357051 0.7668345895774987 -0.10020882560815572 0.9617390975722684 -0.2547017924372934 0.011962290764876184
5.300000 0.045589006877327656 -0.09081831306399336 0.7701231264018726 -0.09267017605561788 0.962278113307377 -0.2554735733593882 0.012896683077464676
5.400000 0.04390658544661777 -0.09427531360223576 0.7718888421986634 -0.0874085038066648 0.9627136889289339 -0.2555660085022508 0.015103705153092449
5.500000 0.04180599917273817 -0.09276024753644044 0.7750488303338018 -0.0776763546049958 0.962367124340614 -0.25980097638008826 0.017870495113707183
5.600000 0.046480394231529484 -0.09546144968609369 0.7763784383900698 -0.06709261686610779 0.9631245203433992 -0.260024256050312 0.016647082051711035
5.700000 0.050324447914025544 -0.10125152722653168 0.7770833772167643 -0.06415480284785363 0.9635659082908846 -0.25908604220035336 0.01730099384637675
5.800000 0.05954459823575797 -0.10886704751042005 0.7785008459099885 -0.0603950641442153 0.9648097153157046 -0.25540222760900216 0.016258892699226375
5.900000 0.06814862687238364 -0.1190340259774619 0.77874270807053 -0.051007710609511175 0.9668318391776006 -0.24989480755295782 0.013674551872175778
6.000000 0.07455536787335558 -0.12207995471170266 0.7799425124280844 -0.04115361757010351 0.968001997464302 -0.2473272189321205 0.01038072450831694
6.100000 0.08031356319606661 -0.12847431402425458 0.7817833330555481 -0.0360991230103376 0.9682050037100767 -0.24734503120184856 0.009816295045093739
6.200000 0.07950452338788144 -0.1375206150285579 0.7822224063420593 -0.03526751779880489 0.9694082992071223 -0.2424510948976212 0.014873405783828172
6.300000 0.07992744447994475 -0.13630751688100856 0.7832838326020617 -0.03192374982179597 0.9697382898127995 -0.24154536799031656 0.015631975904686977
6.400000 0.07917556734100034 -0.11705347640861073 0.7881622466256514 -0.026156762101669076 0.9676511515094983 -0.250482184636283 0.015024911265453356
6.500000 0.07489209783882933 -0.09922887413849465 0.7933011547841962 -0.018123796776645367 0.9647961596563275 -0.2619844145227938 0.014285126879025821
6.600000 0.0730619077046965 -0.08914547417652689 0.7959543272559109 -0.010775440350757946 0.963757210214875 -0.26624041491862327 0.01311377550697088
6.700000 0.06913293436472269 -0.07927572156108277 0.7986956811625343 -0.003476507010459418 0.962332365932642 -0.2715284250576108 0.013290814994688576
6.800000 0.06257163039020305 -0.0686547871621244 0.8026090701960392 0.006927215382006109 0.9606819245140982 -0.27719454175843333 0.014333164977517469
6.900000 0.06089104075615524 -0.06033887103048339 0.8059582647496174 0.018362514525687008 0.9592786782005516 -0.28154014169384367 0.013504970385274413
7.000000 0.05533537019421464 -0.05906517235568824 0.8075500715315203 0.02856848013684874 0.9585409071417914 -0.28316011191313506 0.014266124203967029
7.100000 0.04672534910515863 -0.0597614448062454 0.8087100359716006 0.04042771993987114 0.9581772709279658 -0.28285580412978256 0.01595340112933544
7.200000 0.03371554115218833 -0.053636223069731925 0.8113978278479782 0.053538469056725 0.9567691072803649 -0.28516505568824635 0.02018411997868637
7.300000 0.024546558178276213 -0.050965556067547275 0.8139069084413398 0.063022638657701 0.9555427267028936 -0.2871094877626064 0.023116801217146085
7.400000 0.015809587810523083 -0.05416145393173098 0.8160205145026626 0.07242968203542736 0.9552552773513104 -0.2855392767642261 0.02661987373525103
7.500000 0.007960675085456868 -0.057539350675156226 0.8166923256343187 0.07845847142357289 0.9548772258680754 -0.2848504144102534 0.03023232029916073
7.600000 0.0010925691561259644 -0.0608151836777659 0.8163417226861253 0.08531537633962928 0.9549150280264763 -0.28245071389554466 0.032865940259154916
7.700000 -0.004170166809885564 -0.06180286677804986 0.8168619265379558 0.09468224233502356 0.9541418904916915 -0.2819485927643116 0.03396346321529412
7.800000 -0.007066914375123606 -0.06941424182611818 0.817255656620537 0.1021606565737354 0.9544567777712659 -0.27813720994692553 0.03485903122371436
7.900000 -0.007154476948713663 -0.07782321943090614 0.8173207816892755 0.10772199085238356 0.9548873205811179 -0.2745814538767763 0.03451380690575918
8.000000 -0.003820953006713732 -0.09126584747826834 0.8164315835914867 0.11246472065686759 0.9556332271107592 -0.2700628864488922 0.03439272033935323
8.100000 -0.001012253445430794 -0.10432636590846972 0.8139627216882024 0.11601462250665269 0.9566492722664232 -0.264720977475084 0.035855004133272333
8.200000 0.0007264540666514115 -0.10892593716512361 0.8130741312502341 0.11900613442377762 0.9562900092552701 -0.26448080170876725 0.03737463973809266
8.300000 0.006316452899896578 -0.11717617659137583 0.8120084637714347 0.12085220708460527 0.9561133940826143 -0.26411747518070255 0.038521176030521125
8.400000 0.0037940001965286775 -0.12407443924904328 0.811707399466435 0.12533001071001154 0.9552475600844857 -0.2645026023589872 0.04281192256123565
8.500000 0.002624528815745278 -0.12581914266733468 0.8141864091603701 0.1310872809552412 0.9538404533300023 -0.26649672653655415 0.04454221714595771
8.600000 0.004360498752879846 -0.11965904422701067 0.8182697059132759 0.13720034504904374 0.9513631044059183 -0.2723480927453413 0.04371298744690066
8.700000 0.011175065121633607 -0.11897955421792045 0.8216193882343373 0.14380179464284162 0.9487654523091831 -0.2784387196858403 0.04046034777111713
8.800000 0.00904718111796236 -0.11419567975547701 0.8253100477332262 0.1525657430807693 0.9453533810277737 -0.28525076787136555 0.04077595426677289
8.900000 0.0030868127440850934 -0.11055550071591218 0.8290442223602239 0.1577601215795692 0.9420582498782633 -0.29270770520258527 0.0442741142264794
9.000000 0.0007712062153427159 -0.11822974431574493 0.8298659938968926 0.16119332447565932 0.9409717683084109 -0.29389868194706337 0.04703624284322076
9.100000 -0.001163512100837781 -0.12014284412489445 0.8313886073060044 0.16408414363958052 0.9390373324211053 -0.29789687053441366 0.05042555553806832
9.200000 -0.0025316399056756374 -0.12097579412786667 0.8320504318838697 0.16753052350826828 0.9374640922787791 -0.3006978851105366 0.05172408791868079
9.300000 -0.004356606562065518 -0.11778156253832339 0.8343461476755387 0.17057090135573877 0.9351922253885767 -0.30566464574476143 0.053760520134966586
9.400000 -0.0031016869768242424 -0.1107327793104512 0.8377545197450043 0.1758379851185881 0.9316684918681287 -0.31359382210990666 0.052285169829522186
9.500000 -0.0051551112469863485 -0.10667408658796737 0.8402159614432667 0.18625077350458819 0.9276794015504782 -0.3196322987578177 0.05056452213442986
9.600000 -0.01707868478490757 -0.10598036750998688 0.8410734488920509 0.1879941314092268 0.9260679366963311 -0.3220932087787058 0.0575530019836259
9.700000 -0.0029227741954991303 -0.09217690877495797 0.838951706820814 0.20284657037467785 0.9173268558026294 -0.33939439797221516 0.0466492351016628
9.800000 -0.0023173786786954004 -0.10517041455883953 0.8335853487189597 0.20720378292033917 0.9175680943735588 -0.3362556805704308 0.0454697901390915
9.900000 -0.02860840675882291 -0.10759383661783535 0.8301764870974392 0.2214757046082937 0.9137565157820516 -0.3359216081677588 0.05616240112470163
10.000000 -0.04059254898455182 -0.11995998807081089 0.8256971701485888 0.22173062852572686 0.9157089469762801 -0.3292481962012571 0.06251622268976381
10.100000 -0.045816193320501325 -0.12285818629727475 0.8247207306639701 0.22264238911060497 0.9161082821666902 -0.32704196554725173 0.06495794553176569
10.200000 -0.05236202085979469 -0.11885548790377817 0.826255428275719 0.22233545848949596 0.9153332915456817 -0.328658580988199 0.06866910826010207
10.300000 -0.056955868489441425 -0.11798441469243996 0.8275573887677621 0.21929030081691098 0.9158480200261474 -0.3286554567146195 0.07155249089667648
10.400000 -0.06104563884538808 -0.11818361934501816 0.8296397567084899 0.21477011932822082 0.9167879230106806 -0.3283733818685127 0.07446221958644285
10.500000 -0.062166030165754824 -0.11598898634376782 0.8320091859173797 0.21278538490661839 0.916853744700951 -0.3293493789621406 0.07503717328922614
10.600000 -0.0660146038582596 -0.11043081507040277 0.8347456055653231 0.21311056270941178 0.9156663254443409 -0.33223740212468905 0.07587738225831124
10.700000 -0.07107261424323207 -0.107023345662894 0.8366368973964681 0.21178452500666328 0.9151104539763915 -0.33423082340445603 0.07752372976839479
10.800000 -0.07441345996132716 -0.10188154456584003 0.8385632126629323 0.2115798509367528 0.914103509947512 -0.33683134904800205 0.0786980436715126
10.900000 -0.07515194315316405 -0.09699774148883854 0.8407374684048416 0.20962649297474462 0.9134821025818854 -0.3396231724959732 0.07914090225324238
11.000000 -0.07306863275624176 -0.0917005398608206 0.8432656594439796 0.21034145817691793 0.9114984317550275 -0.34485509211784193 0.07747286828644133
11.100000 -0.06998282552685287 -0.09092627065363793 0.8449089932235501 0.20952456621335672 0.9105652036670784 -0.3481705946979702 0.07581360703394883
11.200000 -0.07097836285658896 -0.09518913113706669 0.8454401694049201 0.21017474226216162 0.9100246596656849 -0.34918659370205163 0.0758315191338406
11.300000 -0.07586719345040926 -0.09781759696142635 0.8461878204683794 0.20969051050228657 0.9096201373497772 -0.34983520552813946 0.07897103586852179
11.400000 -0.07813539442673215 -0.09962742420806787 0.8477610040490346 0.20892574277155032 0.9093572499066324 -0.3506707335185229 0.08030854688751315
11.500000 -0.08309001995598188 -0.09932680110554275 0.8494948341655519 0.20907094726522832 0.9087470711468637 -0.35167919195529446 0.08240051964210225
11.600000 -0.08793448243156299 -0.09173562345127291 0.8510381872714426 0.21053475162249682 0.9070157423819544 -0.3548236239471867 0.08424818882059938
11.700000 -0.09211589764966008 -0.08860839264075954 0.8515776646383422 0.21139077174211748 0.9059130912467556 -0.3566127799183712 0.08638713983522502
11.800000 -0.0930951194800285 -0.0885386398072348 0.8520327289289676 0.21259313997751692 0.9051611846298988 -0.35782528770174815 0.08630440403049677
11.900000 -0.09207220992067679 -0.09270151939906426 0.8518630022289408 0.21230544746166624 0.9052030365581412 -0.35795804839449324 0.08602264337735364
12.000000 -0.09232428374422426 -0.09339413097231744 0.8522279040327637 0.21524207031832504 0.9041886403926693 -0.3588375828827713 0.08572830839803137
12.100000 -0.09418293101877147 -0.099965339709527 0.8509685190718099 0.21842509773659013 0.9038052522732523 -0.3577211166717381 0.08638370985995907
12.200000 -0.09280638320301766 -0.10984101950350078 0.8477538945605575 0.22027437628587623 0.9048560910985696 -0.3538160163306628 0.08676911974651509
12.300000 -0.0958486774392234 -0.11834579737955409 0.842476149027151 0.2225173655028423 0.9055882037384754 -0.34990075457715913 0.0892495896109939
12.400000 -0.09651603150749943 -0.12428796163260614 0.8384191831642355 0.22331627174731833 0.9063941435197245 -0.34701110116925876 0.09034818775892499
12.500000 -0.09263016534577292 -0.1278464154527892 0.8354559654060104 0.2229196317958735 0.9074473099552347 -0.3447988340732419 0.08921872806050092
12.600000 -0.09322349791098569 -0.12845542950299288 0.8346615894470307 0.22341106895471943 0.9077272495719633 -0.3435635484507506 0.08990452062581504
12.700000 -0.09391948525984274 -0.12423789313821933 0.8346796423098207 0.22504562837933637 0.9071033281031539 -0.3443152280375583 0.08924707856830173
12.800000 -0.09578549826216554 -0.11804976805540685 0.8342442014211141 0.2266502420827422 0.905852746659379 -0.3465548455890853 0.08921999849931989
12.900000 -0.09620758903472967 -0.12077355933791817 0.8314839149928572 0.22758441259073367 0.9059556949946953 -0.3456663868534322 0.08924327903042711
13.000000 -0.09495533460790535 -0.1245514870337131 0.8299006157791728 0.22810544348839895 0.9064621418146975 -0.34429153372169513 0.08807742000782573
13.100000 -0.0969143308186446 -0.1331292356620885 0.8270900048773461 0.23095284721377912 0.9070990670303795 -0.3407476057391585 0.08788136400565792
13.200000 -0.09866011213361536 -0.1397982538312224 0.8246724269544969 0.23558198947464978 0.9068511433346279 -0.3380899957348498 0.08841541071472035
13.300000 -0.09849955240044933 -0.146319615388039 0.8225028939739764 0.23634079555117124 0.9075785946021476 -0.33554387894264986 0.08862521245306355
13.400000 -0.10014407895865496 -0.15245736563185816 0.8194221296519475 0.238055783382917 0.9078774465200927 -0.33291535666033883 0.09085896432284611
13.500000 -0.09992068071969423 -0.15507829424087186 0.8172677196808326 0.23704405277191043 0.9084080400196985 -0.33162024806642776 0.09291372850875139
13.600000 -0.09835687995182 -0.15497756461270795 0.8168317714876718 0.2364018181975114 0.9084211154401045 -0.33178344342044985 0.0938349830688742
13.700000 -0.09219757334401323 -0.15626458165745677 0.8163505479587654 0.23510241878329477 0.9089227784964731 -0.3315919625976859 0.09291396963380111
13.800000 -0.08166464558529046 -0.1564626216641497 0.8171374541976122 0.23230205075777663 0.9096025233890236 -0.33238356763403487 0.09044429570140433
13.900000 -0.06275731844748686 -0.15500410660823363 0.8198733280766077 0.2250716045625688 0.9110320247408636 -0.3349453510602578 0.08470557549130558
14.000000 -0.04891671910065319 -0.15569921541248627 0.8215372002353903 0.2203082083645937 0.9120875869255795 -0.3361823896574657 0.08088218584862504
14.100000 -0.032845006430673666 -0.15698210541143756 0.8231291139262708 0.21414672490341016 0.9136674094554438 -0.3366944073347673 0.07739458108686932
14.200000 -0.019551157522744514 -0.15693493310524645 0.8240597596079252 0.2090314386969273 0.9147491222865604 -0.33749602869412626 0.0750755055124758
14.300000 -0.011921687492966413 -0.15479699465725053 0.8246107161465301 0.20643622578291865 0.9148348468560896 -0.3390306242091225 0.07429349574942931
14.400000 -0.004748679641775208 -0.1530946196804766 0.824145643873962 0.20328703555214786 0.9152816823905799 -0.33966904709778895 0.0745571022798538
14.500000 0.0030782560927763505 -0.1526955540223279 0.8233424312026848 0.20128557168235175 0.9155919637707982 -0.34028429841109914 0.07336259786640809
14.600000 0.008161688678634895 -0.15226985804249027 0.8223939232503525 0.20108382886989198 0.9156913992031763 -0.3402856965602682 0.0726649840627934
14.700000 0.015830566618805723 -0.15180981551067493 0.8205025273697355 0.20063601591441338 0.9158689236412503 -0.3404028738196267 0.07109984051703644
14.800000 0.01998855706569964 -0.146122664672801 0.8190393227032993 0.20281597687911948 0.9145245922402778 -0.34272564598663274 0.07106040594710261
14.900000 0.021124990883921366 -0.14095027472672747 0.8142452430202549 0.20506481644284388 0.9127815473228995 -0.3457255388532649 0.07247150963445108
15.000000 0.020871997305419162 -0.13847239976798162 0.8119174965499584 0.20707693189269813 0.9119846998576494 -0.34662943489073833 0.07246438001382242
15.100000 0.02318017505996787 -0.13418366598028655 0.8084154706116201 0.2091426064035345 0.9110118584846408 -0.3478985203273024 0.07268688630812353
15.200000 0.025784160066262714 -0.1327803275680181 0.8066117942866751 0.20896791647317606 0.9111577058897335 -0.3476079214477808 0.07275147991189271
15.300000 0.032389343269470336 -0.13649899993986014 0.8043678396783636 0.2093242017489228 0.9124057671969626 -0.34434807997818323 0.07157858872062854
15.400000 0.04267339525986864 -0.1407433779231158 0.8030390038949449 0.20872164234345641 0.9140061829766544 -0.3408805331600404 0.0694869456115588
15.500000 0.050448245242935535 -0.14488304875822314 0.8021429723697276 0.2095538527459747 0.9147119627947256 -0.3387210737908298 0.06824398940219141
15.600000 0.05789345021005675 -0.15376838733891304 0.7991838960783217 0.2104591479440482 0.9169710714581165 -0.3322168789527135 0.06710399760473905
15.700000 0.0627320427961233 -0.1529538570969526 0.7984043085064753 0.21252605090434723 0.9172067431563192 -0.3302912697484435 0.06687409904845155
15.800000 0.06617814720844818 -0.14253746906658643 0.7999739899984762 0.21367197510834404 0.9156217067894684 -0.33358700541749664 0.06856301427027704
15.900000 0.07228152739188506 -0.1293153005897288 0.80318813037215 0.21259961559722365 0.9131970144855328 -0.34092008485649666 0.06816239376710771
16.000000 0.08034126021629773 -0.119778591398856 0.8066657424365171 0.2124180829386515 0.9116826838811922 -0.3455204505564274 0.06579407419470326
16.100000 0.08830027526358843 -0.10884268960301419 0.8116521228182946 0.2105747453113472 0.9106002880379095 -0.3497286229230624 0.06446147974315107
16.200000 0.09214610604672654 -0.10054370064470337 0.8159933616183159 0.20922584099141409 0.9095479331822769 -0.3533372676074446 0.06403030552003346
16.300000 0.09133365858937215 -0.089136729996461 0.8211936641828509 0.21056611925219137 0.9078963622278 -0.35647433712304716 0.06566697685505885
16.400000 0.08908623190149471 -0.07307111506892788 0.8259812727343094 0.2123939400196803 0.9049535829863616 -0.3624990022142699 0.06739658950363663
16.500000 0.08351016663065969 -0.06318688771583016 0.8289007360391217 0.21517290090707233 0.9027256142575775 -0.36585211835400844 0.07028026447302688
16.600000 0.07452649211565329 -0.0487150154055002 0.83309387811906 0.21920494731262996 0.8992009664658271 -0.3713651532533174 0.07399145849170458
16.700000 0.0674637003027148 -0.0419343604439067 0.8360765539726592 0.22188672627018202 0.8974742957754547 -0.3734544520442428 0.07640642234647253
16.800000 0.06246641653103753 -0.040304990567236645 0.8382056198371801 0.22483633367751882 0.8968372009430275 -0.37308407451534686 0.07707095046873697
16.900000 0.05463104493787692 -0.03651134418085068 0.8400962290571472 0.2291650762762763 0.8958449370686439 -0.372623681863895 0.07808206105092849
17.000000 0.04398615222760875 -0.03251381478117011 0.8410747925841305 0.23222930103137807 0.8948845485337054 -0.3723988295240022 0.08105743832157833
17.100000 0.03711771308363411 -0.03065264844458602 0.8408325847473741 0.23386016734964962 0.89415123656782 -0.3727306227342831 0.08291484274570954
17.200000 0.02969896803939587 -0.0284119656637662 0.8407725840912061 0.2383006558930269 0.8929146179174764 -0.37257904669540715 0.084268241193121
17.300000 0.02416965322928168 -0.03145596838953781 0.840336098695481 0.2420359774860883 0.8930455140720875 -0.3697448653439649 0.08471735329817533
17.400000 0.021514944734671967 -0.032293705187193836 0.8396734961295518 0.2458924383000038 0.8924037205823852 -0.3688639525143415 0.08421337668739373
17.500000 0.013784384486693595 -0.03392080045322734 0.8378079850953366 0.24977112559432946 0.8922128407500097 -0.3661608673255845 0.0865843568984338
17.600000 0.008481081161172622 -0.039872437808300326 0.8354779278610283 0.2544251325982641 0.8926577125280335 -0.3618029352701293 0.08676805977140241
17.700000 0.0061146229739253675 -0.04544380393767319 0.8340152063638565 0.2587427017361168 0.8927854343937017 -0.3584308091230611 0.08668181760976576
17.800000 0.0023003574613157766 -0.05858720765250905 0.8314339968111594 0.26470197080047075 0.8941524359787344 -0.35077125497528394 0.08592912527604761
17.900000 -0.0007334647825131928 -0.06625120639107861 0.830060335657085 0.2726338158617209 0.894190057122556 -0.34494460007476885 0.08430994645411305
18.000000 -0.0037560473901213677 -0.07113571044938298 0.8285251430215943 0.2750611141862596 0.8947026950109737 -0.34130721287636745 0.08577795428476895
18.100000 -0.004628696399225335 -0.07564473642130778 0.8272512503244637 0.27665798390839713 0.8954477509921509 -0.3377500834492298 0.08694001560201406
18.200000 -0.0054781602676655695 -0.07899248778232353 0.8269733089108126 0.2771538571475136 0.8961947933019058 -0.3349244575419834 0.0885790024047323
18.300000 -0.0047380103451193575 -0.08128153966786313 0.8275259827369204 0.2781558743164682 0.8970916746018414 -0.33153256498354444 0.08911787305999423
18.400000 -0.004421450720181606 -0.08478609833734176 0.8282630773421131 0.2791101315978657 0.8974808228218932 -0.32969122238948667 0.0890472065012969
18.500000 -0.007014959528655249 -0.08644488030870162 0.8292939323373834 0.2824221199888041 0.8973579115648183 -0.32687648048738344 0.09021247805729857
18.600000 -0.006919225280657013 -0.09364874655773706 0.8294522509809474 0.28595274477175925 0.8978101414372891 -0.32277811452456956 0.08934353067691107
18.700000 -0.005070404588643065 -0.09997261040734415 0.8292307291010264 0.28889008685652195 0.8982922054921444 -0.3192880680571319 0.08757146147252884
18.800000 -0.0049042344833186945 -0.10916667895940076 0.8294156197146305 0.28903904089249577 0.900488195261415 -0.3129837474894824 0.08728468847527411
18.900000 -0.00425552529707697 -0.11107247295247454 0.831598858315582 0.29078300158761133 0.9009295594147033 -0.31017986818059 0.08694610017706461
19.000000 -0.004755343559410527 -0.11033589405440526 0.8334030335443995 0.29176535001984627 0.9007363220823367 -0.30980555637661905 0.08699181483078866
19.100000 -0.005146918407015616 -0.10618744518397555 0.835594950691459 0.29572483840205993 0.8990164371472497 -0.3107967209114698 0.08787299904873638
19.200000 -0.004119142964705256 -0.1078624755647266 0.836028458805129 0.295231457662616 0.8989773171377993 -0.3110833450699227 0.08891187827416261
19.300000 -0.008440841271288132 -0.10854771759355146 0.8361673497519614 0.2953419143805679 0.8991761575648634 -0.30959205951112595 0.09169595391602094
19.400000 -0.010929888807948736 -0.106440030651263 0.8371747870121133 0.29542177788626445 0.8986350421312973 -0.3104113682508461 0.09394581770806891
19.500000 -0.012399460278597374 -0.1155119969009004 0.8354905613790106 0.29917242898444313 0.8988671777619474 -0.30614157395113656 0.09386688008313078
19.600000 -0.014221696981197521 -0.13625870203984275 0.8309122558917068 0.3061712321684879 0.9004396282527658 -0.29543440643186114 0.09047742238096881
19.700000 -0.012722859515223712 -0.14934812747993423 0.8276159800705117 0.31324346280992477 0.9008081903702723 -0.2879446399480367 0.08666614964262837
19.800000 -0.011326518162366753 -0.15550754781197362 0.8250328559798041 0.3131749060703954 0.9021842702365469 -0.28386011564029673 0.08607238520120679
19.900000 -0.009808558143176788 -0.15535850834467899 0.8238426938159114 0.3121608500868942 0.9024375858221582 -0.2837477572673453 0.08745980570669949
20.000000 -0.003497391379221816 -0.15342437119982574 0.8227089721853504 0.30945035642949537 0.9029914965386509 -0.28512471974972237 0.08689492661938633
20.100000 0.006675761263317665 -0.15147722582228146 0.8224454785658485 0.30571132754608055 0.9038208833752227 -0.28728612611642745 0.08435091419695107
20.200000 0.01491736665025371 -0.15007307126722236 0.8221177861004554 0.3027114374110477 0.9047283674766742 -0.28824858902259354 0.0821286653368547
20.300000 0.01958275100067416 -0.14961180405536478 0.822062252451281 0.301433905858266 0.9052967687622587 -0.2882233995744502 0.0806389037958111
20.400000 0.029380892216929144 -0.14579149712275802 0.8239113517776135 0.30070189731745234 0.9050693151997796 -0.2904803561850784 0.0777757436742078
20.500000 0.04075049539070845 -0.14055235325952564 0.8262842667201767 0.2979341271861054 0.90520072047245 -0.2937125530514309 0.07469837812175693
20.600000 0.04846110123848513 -0.13685274668060093 0.8278786784305743 0.2968258570978247 0.9052633884283033 -0.29512634761104 0.07275333033763118
20.700000 0.06642283181200462 -0.12035734847945105 0.8316294298103083 0.2947598204817774 0.9036335445932927 -0.30321967063676 0.06797717745130433
20.800000 0.07845424168514034 -0.09280667771067969 0.8364144762584307 0.2844190334644898 0.9017652383255678 -0.31773694354370874 0.07048760925339899
20.900000 0.08365587334091683 -0.08525577616692331 0.8378247664286936 0.2832934109854249 0.9008998694831398 -0.32127474269694706 0.07004861285217973
21.000000 0.09072766954776251 -0.07663465854276114 0.8398660964152084 0.2823189419468666 0.9001090760500828 -0.3247019692988919 0.06832493954398644
21.100000 0.09208622130365701 -0.06502269721496505 0.8418443438158694 0.28107580021022716 0.8990650939428398 -0.3282498513186816 0.0702167109668122
21.200000 0.09019415430795472 -0.054751495704737654 0.8425251078830734 0.2796923298133155 0.8979951539175018 -0.3319321814898942 0.07209667867274433
21.300000 0.0898301237824361 -0.04909479379651512 0.8419137301621002 0.2795027207040053 0.8973994775949841 -0.33346374310639854 0.07317334736622416
21.400000 0.09040288429243773 -0.04106572492725855 0.840409666893915 0.27823944615406143 0.8965537701969133 -0.33633791411545694 0.07517283603832493
21.500000 0.09032073975541119 -0.030796508135892315 0.8377919675263364 0.27581874247111304 0.8957535253422235 -0.3397848011068411 0.0780764501973299
21.600000 0.08797934499587366 -0.02307822786842646 0.8352453194220195 0.2744372358765637 0.8949780026080238 -0.3420805641821489 0.08172800022639343
21.700000 0.08535812891459488 -0.011614197027422911 0.8307997918931506 0.2735030560810411 0.8935008368074886 -0.34571225035945385 0.08564679147551492
21.800000 0.08034359843671586 -0.005863033768461371 0.8248186258662511 0.2713309301163044 0.8935790604445139 -0.3461866928017191 0.08972604317770888
21.900000 0.07779510199411226 -0.013230437360433197 0.8192726022922642 0.27189136916771894 0.8948753989266974 -0.34218188416026285 0.09046912136425131
22.000000 0.07040700330956406 -0.014422977709484296 0.8113880072969017 0.27024762956017195 0.8966753764262786 -0.3376895227651695 0.09436776060992115
22.100000 0.06532511922612332 -0.023733697027425126 0.8032124921454687 0.26494789172236594 0.9001838385970471 -0.33152767821427775 0.09778072396136887
22.200000 0.055191038897370495 -0.027213703836187167 0.7980508378477537 0.2629127209891895 0.9017766345431072 -0.3272933105540412 0.10273700112785092
22.300000 0.04553881553406933 -0.020620084101899954 0.7918777302063659 0.26418798389708487 0.9005475477279694 -0.32803566686903474 0.1077563209622641
22.400000 0.03303307004963321 -0.005821253770098159 0.7863115179063239 0.2668328113423599 0.8978088605143002 -0.3312364683061339 0.11411355238194286
22.500000 0.02364852335088632 0.0011540653271410236 0.7822051833636797 0.2678164952907681 0.8960010186752135 -0.33361006265594556 0.11899926671137583
22.600000 0.014077291317490841 0.0005045703963919954 0.7772997126359132 0.26945231359791344 0.8959208005921877 -0.33106988982139224 0.12293940709404756
22.700000 0.006361411216856402 -0.0032886425653543827 0.773552398216121 0.27104860727814784 0.8961754060684066 -0.3280925673560392 0.12552912529140725
22.800000 -0.00030544489565974275 -0.009067512168870088 0.7706828969642712 0.27206033878589936 0.8968991652969643 -0.32470540239829604 0.12697031543896858
22.900000 -0.01204615406505297 -0.015942267721857344 0.7675956600775583 0.2747232217208824 0.8971588471208687 -0.32049863919103266 0.13005297673159566
23.000000 -0.02205595703967264 -0.019872704724639468 0.7656280707971906 0.2774048112226267 0.8972417847960152 -0.3172590508053137 0.131721087942332
23.100000 -0.029666547250212436 -0.02051548283007588 0.7643849903408553 0.28067313708647557 0.896299642488917 -0.31661670177077 0.13275317379285145
23.200000 -0.040747863480898164 -0.020828730068888184 0.7615031205359626 0.28484743130898443 0.8950607689763267 -0.3154008542233844 0.13509427031276747
23.300000 -0.05029266631289761 -0.022424273448192842 0.7581848550880179 0.28816245069282703 0.8941478923862405 -0.3136213559385224 0.13821575037321499
23.400000 -0.056528225848961985 -0.024305658711669603 0.7554594806749609 0.2929785966338194 0.8933516693421154 -0.31145365361791416 0.13814108167444575
23.500000 -0.060871861325833276 -0.02437734943226058 0.7532296470460694 0.29562543359574606 0.8924856113313574 -0.3109386720868827 0.13925580339313146
23.600000 -0.06541337713757538 -0.02667697759719559 0.7501195876890152 0.2973727381497428 0.8926724463790304 -0.3085731934976816 0.13959922039769226
23.700000 -0.06711884153782945 -0.03422804064764723 0.7476769961368953 0.29829649368593164 0.8939973755775619 -0.3044725858487742 0.1381460776919527
23.800000 -0.0660049901775403 -0.04111948312825064 0.7464784059114182 0.2983560511067908 0.895748467611025 -0.30046353809909576 0.13542529975390732
23.900000 -0.0670444166226311 -0.048198934003943865 0.7445000427520931 0.300626560478671 0.8967717092195809 -0.29602226757784766 0.13339786271235382
24.000000 -0.07242940534451368 -0.05188963252436395 0.7413594955436782 0.3013066083064683 0.8974233734194734 -0.2927395088743921 0.13471895403113657
24.100000 -0.07484604404532946 -0.056051425599883624 0.7388243970689958 0.3013584753461233 0.8983783080991682 -0.28964464378098354 0.1349276295016087
24.200000 -0.07570557432470595 -0.06271000070834765 0.7367845608652555 0.3004629795260814 0.9001808942724375 -0.28530896376471626 0.13414600522075756
24.300000 -0.07377510629020077 -0.07093754938665317 0.73618552273142 0.29703939244633165 0.9029375820705793 -0.28121967500881473 0.13185907859372648
24.400000 -0.071478006045453 -0.07926570593002588 0.7358165594686156 0.2922763370240954 0.9059401865903745 -0.2773274223777603 0.13014000896604158
24.500000 -0.06952267775545608 -0.0876871300470213 0.735679104817588 0.2878761649290228 0.9091595585447766 -0.27304965658155994 0.1264914851407688
24.600000 -0.06746604020124446 -0.0894049307889091 0.7370548016766759 0.28288147401483127 0.9113585511239883 -0.2720301066336969 0.12410996751768774
24.700000 -0.06369050610554515 -0.09567799212514891 0.7376846008347591 0.2783394325063294 0.914435886573853 -0.2680506804159552 0.12034534634330123
24.800000 -0.058142708783206695 -0.1004264700432227 0.7401563682506116 0.27510252933370805 0.917528212452503 -0.2631589912336944 0.11492572836739251
24.900000 -0.050361996609258206 -0.10812950415634466 0.7430810779398089 0.26677858269843646 0.9217523570695002 -0.25911418245646917 0.10982540917360631
25.000000 -0.03984503074657626 -0.12370286377153392 0.7483681492836636 0.25253090554687097 0.9289229817875493 -0.25068164606279675 0.1024155651151368
25.100000 -0.03837071405926816 -0.12563322385096956 0.7495674033715648 0.2508733802204166 0.9297609824434333 -0.2496870977164347 0.10130851818355213
25.200000 -0.033527268241330684 -0.1349000374030214 0.7540031990631882 0.24144214686743537 0.9335874331362743 -0.2463741538566832 0.09705653361556842
25.300000 -0.031241312696789612 -0.14201329664030354 0.7581083751487051 0.23389557573571548 0.9364522292164278 -0.24431800608949408 0.09305264073251746
25.400000 -0.029756511072669026 -0.14411605004557743 0.7608899387614521 0.22876951064075612 0.9378152963171085 -0.24482165347497423 0.09071570417861993
25.500000 -0.02592423324693835 -0.1442102898087925 0.764210384347433 0.2226566596870563 0.9388913523413467 -0.24757815894292373 0.08724732437199631
25.600000 -0.01790107575661773 -0.1343155115876172 0.7691953038966695 0.2168988483172528 0.938939269547413 -0.2539028475629827 0.08295349118529133
25.700000 -0.009994516388940087 -0.12373462287547769 0.7732207746252908 0.21109425005445076 0.9383852412910988 -0.2616058272812587 0.0802168788565338
25.800000 0.0032446241687115497 -0.1115551113910553 0.7772578978652979 0.20106740996007222 0.9384675161383574 -0.2700103227222245 0.07710410772773478
25.900000 0.014663636290277369 -0.10520314627401944 0.7802416261415509 0.1904782040389377 0.9394895750055873 -0.27441441837278513 0.07598762551263294
26.000000 0.023902227188242708 -0.10290503647084695 0.781992078951916 0.18238177212186707 0.940693682031918 -0.2759925116413164 0.07523575812628605
26.100000 0.031066132568369837 -0.10229868969016159 0.7843778122077105 0.17403254071173224 0.9420375152826499 -0.27709871277459613 0.07412353170331137
26.200000 0.0343223390420697 -0.09933458861216968 0.7872671342923808 0.1678313017571009 0.9425670823195679 -0.2791228625975461 0.07409707857564049
26.300000 0.03521698938511662 -0.09906652789526849 0.7888219292580312 0.16118975812043554 0.9434768863199116 -0.2798611394001313 0.07447798003987639
26.400000 0.03530187659423155 -0.09665730816893445 0.7907315523545931 0.15279818277565324 0.9441339598672807 -0.2823246265709111 0.07454251402644356
26.500000 0.040341527038823724 -0.0931714748635779 0.7926044432102127 0.13940744968125424 0.9452923224693436 -0.28574136773417597 0.07307433762467877
26.600000 0.04506904260960154 -0.09016538215118856 0.7933479191772854 0.1289815096233085 0.9462036968652501 -0.28809806115319875 0.07114661884864727
26.700000 0.04667724487510655 -0.0841180466739086 0.7948348453308735 0.11495334612542779 0.9464398108405635 -0.29314544471819337 0.07143641166532458
26.800000 0.04991613585222583 -0.08429258518707157 0.7957924392604343 0.10088181170883825 0.9473951655907614 -0.29522133985302385 0.07148161146043976
26.900000 0.0569100282601548 -0.07732105612862697 0.797188062540412 0.09016916835361427 0.9472671172445634 -0.299905986618256 0.06790382062978513
27.000000 0.05992885059953035 -0.07142520075403838 0.7983085614621624 0.08097764381618512 0.9469617089460433 -0.3037268098780442 0.066754535076465
27.100000 0.06258149927096866 -0.06158799003047034 0.8001717304399388 0.0689932072940323 0.9462543143724759 -0.30900285834188984 0.06602986760019938
27.200000 0.06819974642794326 -0.054413852669500995 0.8020670588875761 0.056584939249828686 0.9457791151090997 -0.313268015049329 0.06452256055516525
27.300000 0.07352222981675945 -0.046819190611131156 0.8037851171818479 0.04997702819657368 0.944768793845979 -0.31789349004160267 0.06211241274191659
27.400000 0.07895227287009725 -0.03997651366961928 0.8061722330029103 0.041487117044960935 0.9434098425070844 -0.3235591575993095 0.0597173317696075
27.500000 0.07211443600973678 -0.03955056227548354 0.8092556099565102 0.03251870314592192 0.9427274701035091 -0.3259152048305101 0.06314056000885525
27.600000 0.06591995341701941 -0.041700467333067155 0.8105129702806455 0.024802148067762892 0.9432167592285547 -0.3244090155275872 0.06697603456483263
27.700000 0.06086368284237058 -0.04906971379605488 0.810453624275065 0.015206967318348003 0.9434955794879197 -0.32336760555077837 0.07083947566215959
27.800000 0.058175221095899274 -0.055115315638256786 0.8088164534258744 0.006866423413253971 0.9442262853715139 -0.3210903275260586 0.0727363445069341
27.900000 0.05701073402747653 -0.058239329813986565 0.8078979242434114 0.0018656075058525639 0.9444913934208921 -0.320298389774549 0.07308535263872656
28.000000 0.05631885122522022 -0.06236751890248536 0.8081565811558354 -0.004082147237012218 0.9445814618465392 -0.31991603582971206 0.07350461229604634
28.100000 0.05758094578391096 -0.06761117724232482 0.8088143296439766 -0.010824227205820061 0.9449034870852125 -0.31877861116528866 0.0736235917565249
28.200000 0.05743031309538581 -0.06894491062010356 0.8102386967262609 -0.015704416689743334 0.9447412882932185 -0.319014507985541 0.07380388326672319
28.300000 0.05718637752095879 -0.06909204152304711 0.8120640034314472 -0.02225026440031585 0.9438543429074416 -0.32094330186513104 0.07509528678142728
28.400000 0.0605075670059894 -0.06786199955669019 0.8135230465690171 -0.024014514954444878 0.9429262706793204 -0.32414033615253834 0.07243199302249909
28.500000 0.05900719363473826 -0.060445682666512415 0.8145350875595098 -0.027836791926533353 0.9409528379109322 -0.3297718371011451 0.07129800346108638
28.600000 0.05752672127347748 -0.05265296518337645 0.8161883346867851 -0.03020699641247581 0.9391241089009044 -0.3348867768778054 0.07059951927041377
28.700000 0.05383033171167054 -0.043707990690692006 0.8168251712996865 -0.03516624430136424 0.9361561263377506 -0.34264660937898034 0.07048647716493443
28.800000 0.05097871945478427 -0.04552043172861985 0.8153702156927896 -0.041684198125172975 0.9353402873620987 -0.34433542690244917 0.06952760778248922
28.900000 0.04322497468845346 -0.046884478848938774 0.815262944538485 -0.04324678672967227 0.9350810744470851 -0.34454103026353194 0.07102519351179284
29.000000 0.030876415156773297 -0.0491627609081436 0.814701507063734 -0.0481607561381478 0.9350773640873155 -0.3428420797040485 0.07596165561599737
29.100000 0.02522940829930793 -0.052756592599560545 0.8140377366281639 -0.050781225801433086 0.9358320068509982 -0.3399262974812174 0.078037390653761
29.200000 0.021958322295858156 -0.053883202777432866 0.8136137693511665 -0.05663280582524548 0.936641389133413 -0.3361225601515252 0.08072953625392948
29.300000 0.019332884969135832 -0.05302067796095727 0.8133538525477516 -0.0614240673088808 0.9370528629792999 -0.3336374161630575 0.08273506193610078
29.400000 0.020507522303445342 -0.05298630256743997 0.8126199823155166 -0.06963341196659072 0.9367058682960461 -0.33265937752434216 0.0840894927012788
29.500000 0.024493994666614383 -0.052976918026561 0.8118826437055755 -0.07417831700002456 0.9365440171961443 -0.332378049630279 0.08311265406136462
29.600000 0.029232504019843914 -0.05630176066339357 0.8100117966285185 -0.07866964492943511 0.9368034318491147 -0.3311236086992881 0.081040562710033
29.700000 0.03310787393922335 -0.059086487800514606 0.80793395867284 -0.0865036203809802 0.9365624698751398 -0.3299928248687458 0.08045246557754372
29.800000 0.03686130464823188 -0.06114712175666675 0.8051897418336809 -0.09448596776387051 0.9362582022076209 -0.32868439171350045 0.08037133406012742
29.900000 0.04435436524760032 -0.059876539984836455 0.8016673548167264 -0.10659396525652615 0.9351196737593317 -0.3284609216869723 0.0793873116037826
30.000000 0.05319395566717587 -0.054371869249143244 0.7988572907281467 -0.1202451614193463 0.9333313090451645 -0.3291734476491863 0.07796544153676366
30.100000 0.05900320119832783 -0.04740774986260987 0.7966363898143333 -0.1284963774854075 0.9313479339245138 -0.3319118761540782 0.07690392327798126
30.200000 0.06402597637707005 -0.03931277067111264 0.7933641592715065 -0.13866217766090855 0.9289405618597356 -0.3344709975101562 0.0772747361212829
30.300000 0.07022449195674745 -0.04290130132695022 0.788850031513194 -0.14777156314596263 0.9285258682799601 -0.3318401639120292 0.07671624779134242
30.400000 0.07049059714422258 -0.0468229055184918 0.7845539805568547 -0.1578652038247456 0.9278798970467416 -0.3283892352874497 0.0792337316123839
30.500000 0.06567910069481037 -0.04794803181757289 0.7814885989958843 -0.16431774694806228 0.9269232311785606 -0.3271659150077455 0.08231321641482574
30.600000 0.05570546883663682 -0.05026470205943198 0.7772119482483667 -0.17116269717485524 0.9257603864166997 -0.3258411667734156 0.08659429584661392
30.700000 0.04562777638463847 -0.052759393720085854 0.7738977120695569 -0.17384530019346509 0.9250086414304425 -0.32537798500896753 0.0909174996970054
30.800000 0.033141438652637745 -0.05048280989949836 0.7699569815241605 -0.17734107435862564 0.9227575318509883 -0.3286654973435338 0.09511924943737159
30.900000 0.0255929359384507 -0.05501676488532148 0.7660308697802691 -0.18364213255076722 0.9216842286207743 -0.32732577819446773 0.09814063782817357
31.000000 0.019125950363698793 -0.0602208652237578 0.7620978599891439 -0.18557817970570192 0.921431153077272 -0.326495884316145 0.09962834376032788
31.100000 0.014424129483922247 -0.06667723760612107 0.7583398870307776 -0.18907726377847855 0.9212194946774398 -0.3243868039440117 0.10187066493979292
31.200000 0.015529322798122563 -0.0732352084276319 0.7534657135460776 -0.19536640610466074 0.9208146958937761 -0.3219706467388365 0.10132702418593374
31.300000 0.02240814334901386 -0.08052026856482677 0.7478680316974413 -0.2060968400613505 0.9197203354442818 -0.31871827582885426 0.1002858800612873
31.400000 0.028883076114027403 -0.08660247496743026 0.7434787930077431 -0.21471156632020208 0.9189779943877194 -0.3154045265549963 0.09949057115158483
31.500000 0.03482932212110916 -0.08610340044022251 0.7400202317568872 -0.2224133764950044 0.9176912143315381 -0.3144768272446273 0.0973624682357219
31.600000 0.04195624200626373 -0.07721406702929041 0.7388728898006675 -0.22988420168853177 0.9149729017683973 -0.31820380899207223 0.09340331250272521
31.700000 0.048680562983196396 -0.06735005534020111 0.7383382513612673 -0.23548250072013072 0.9123682011393808 -0.32275706883976985 0.08921957138567366
31.800000 0.05473615898402753 -0.057917289439837524 0.7373820848930859 -0.24069452874705993 0.9093771011585733 -0.3283859488882255 0.08521795757022145
31.900000 0.053702332329768857 -0.05881338850577716 0.7363546027310792 -0.24242914810016583 0.9088522470904911 -0.3284387270849363 0.08569541213402233
32.000000 0.051742821521614815 -0.05732326341612812 0.7364648000607529 -0.2437719803796549 0.9079588302216385 -0.32956081288567945 0.08703823765716523
32.100000 0.04714007689690877 -0.060863683024224145 0.7367554837759134 -0.2451988874195728 0.9075284438849094 -0.32876513756733894 0.09046056305577083
32.200000 0.04436172912558256 -0.06059422715976327 0.7370346859223471 -0.24858440075719856 0.9063047689159843 -0.32870838763894356 0.09363897391650437
32.300000 0.04474063584982968 -0.059116958244949336 0.7370601547917476 -0.2527380658790328 0.9048574048887013 -0.3292202756903398 0.09471302417401245
32.400000 0.04811492722869189 -0.05782482026179127 0.7363656433195424 -0.25832528233427504 0.9032136729228178 -0.3294168126847306 0.09464498440394647
32.500000 0.053748599118158394 -0.05807251341969825 0.7343665693560507 -0.2636193540775584 0.9021325646437375 -0.3286930969780254 0.09285752508029663
32.600000 0.05778273014271797 -0.05721534144676371 0.7323625325991078 -0.26663588605967636 0.9018741565147707 -0.3275556376356658 0.09075028555896777
32.700000 0.05914888812321656 -0.05209474141332287 0.7318225361685644 -0.26775047190314133 0.9009997731325989 -0.32942512147886155 0.08937663536566849
32.800000 0.06165459817904123 -0.04913609564484894 0.7306127787042174 -0.2689349811824568 0.9006038480957304 -0.33015274818919305 0.08709677120696156
32.900000 0.06435064216291463 -0.047728243808664084 0.7294143029082796 -0.2712331161116959 0.9001720850712669 -0.32976220156598685 0.08590520590244156
33.000000 0.0663161063556985 -0.047936639055756534 0.7283725569580021 -0.2726782008018752 0.9002133658372511 -0.32856627895489154 0.08547920863669674
33.100000 0.06688321891021311 -0.047461803066407765 0.7272876928898296 -0.2748612332329736 0.899936267261932 -0.3274354870214776 0.08574391623501777
33.200000 0.06525874765033911 -0.046351378305851794 0.7265061382376149 -0.2765378920016934 0.8994576883250744 -0.3272698393696696 0.08600647323965636
33.300000 0.06428885002726058 -0.04753425017459316 0.7258927190514244 -0.27774311707688204 0.8991641445963753 -0.3269703631773792 0.08633066426443527
33.400000 0.06160194280710195 -0.04794296264740286 0.7250693578457519 -0.276802626110797 0.8993662381301757 -0.32722134721740564 0.08629522475182809
33.500000 0.05888841516537849 -0.04941549291231718 0.7242710426435301 -0.27684062982437363 0.8992516863943739 -0.3275415088266673 0.08615236613621577
33.600000 0.05524478847233097 -0.05191612524020083 0.7237712240081032 -0.27603019545475355 0.8993064497600493 -0.32793179642054304 0.08669473751953714
33.700000 0.04934302226958105 -0.052671039715915566 0.7237814561598138 -0.274656614795202 0.8993180322736882 -0.32904759543541306 0.08670928851509191
33.800000 0.04495502039459867 -0.054554050191592096 0.7242604969749316 -0.2746686385016964 0.8994060154884053 -0.3287460264671728 0.08690229231118911
33.900000 0.04288044410279852 -0.05877943294891759 0.7237046859084371 -0.27843906495827503 0.8987097775815616 -0.3269757625881265 0.08876527172478452
34.000000 0.042086787009618265 -0.06535755774737635 0.7214590196309659 -0.2824971140376011 0.8983310548175247 -0.3240725801420626 0.09040829226860973
34.100000 0.04680490494704832 -0.06963647635179401 0.7184995594607547 -0.28931252423257703 0.897352542448938 -0.32097034669016666 0.08963656858779855
34.200000 0.05052082858764241 -0.07123546050029628 0.7161634486231914 -0.29280370396410443 0.8969234075244258 -0.31961387063814833 0.08741490533870297
34.300000 0.05611516614397617 -0.07492677121682427 0.7124281957108423 -0.29527043772794503 0.8970006407261092 -0.31829456938194123 0.0830288277820542
34.400000 0.0584972094948229 -0.07810574156464703 0.708255981104958 -0.2982058540554624 0.8973791676049665 -0.315219851095527 0.08012704681306798
34.500000 0.05609843844490686 -0.07239812919907936 0.7082263057249737 -0.2999158683347327 0.8964860405390761 -0.31674614402336454 0.07768610741904718
34.600000 0.05168309295821644 -0.06655070510181567 0.7096982353723728 -0.30032641613616234 0.8954094780778689 -0.3194692424222297 0.07736480779588013
34.700000 0.043548491559020436 -0.058447519986525046 0.7121907288283778 -0.303318727524729 0.8928765721962693 -0.3232196109381013 0.07936157420844041
34.800000 0.03514250275750004 -0.05529240868699618 0.7150294722305853 -0.3060019101628736 0.8909562749094632 -0.32500606422215783 0.0832514588157363
34.900000 0.03035288109141567 -0.05810520530236343 0.7164434995991824 -0.3092714972740784 0.8903220023727083 -0.32277317634497416 0.08657568767891059
35.000000 0.026809657529600493 -0.061648398362145106 0.7185912136854663 -0.31314127262278446 0.8896628700630903 -0.3201096288476703 0.0892879976833052
35.100000 0.0226691476348554 -0.0679775340395662 0.7205762835561702 -0.3173329168528164 0.889441413281298 -0.3157834239475424 0.09205770680295079
35.200000 0.019679920019631005 -0.06875156724720957 0.7227949804986104 -0.32124314259532494 0.8883969746340011 -0.31408411754360455 0.09436538509161697
35.300000 0.017128866013095382 -0.06675199664258206 0.7265789866947027 -0.3225398095299875 0.8880119863291057 -0.3140911713527564 0.09353886615973483
35.400000 0.01895009484410479 -0.06248183389946796 0.7317304347105101 -0.32405120858478975 0.8874872675425769 -0.31536145618645806 0.08890622091003547
35.500000 0.020176471467061283 -0.06209889855730816 0.7322626953112417 -0.32548807540213115 0.8873070750076836 -0.3145127586138542 0.08846124621227959
35.600000 0.026667317337019287 -0.058608188296712764 0.7346738464737057 -0.3297505381287796 0.8861914318467171 -0.31449537080004075 0.08379731780069401
35.700000 0.03181257846877718 -0.05689173291696342 0.7375058708725654 -0.3361119911369836 0.8843821131373671 -0.31346916384143314 0.08144992754551665
35.800000 0.03482409593233597 -0.05724902494696423 0.7404424740653235 -0.3398272113065175 0.8837244636935313 -0.3117730694376013 0.07966236186978093
35.900000 0.036046643985787497 -0.05562553001111713 0.7444867050957285 -0.3434903571802789 0.8832112880395466 -0.3098881227015628 0.07695158615772436
36.000000 0.03363565856653282 -0.05425105854623934 0.7481277518726376 -0.3437907050993054 0.8837220724739329 -0.30866159445969693 0.0746409392712642
36.100000 0.02636023978566805 -0.054140711837112075 0.7515216914117133 -0.34251320958409176 0.8841045397509035 -0.3089642492863871 0.07473256796836422
36.200000 0.021265608537836243 -0.05149859858105002 0.7537955703540851 -0.3437996646483097 0.8835273519422159 -0.3090469898447859 0.07530715122458714
36.300000 0.013585852545762705 -0.048360309630741956 0.7560569216676476 -0.3452967833988863 0.8824300551347385 -0.3102660630281137 0.07630399270234522
36.400000 0.009204152916085704 -0.04685355954380635 0.7574022499611045 -0.34508267179548224 0.8827837345558849 -0.3098299345073324 0.07494157266322865
36.500000 0.00694786646672103 -0.0506178050924522 0.7568160458126918 -0.34615652697162513 0.8833149594205693 -0.3069405637058502 0.0756163451293144
36.600000 0.012791121059523906 -0.06040220330439335 0.7541911218163172 -0.34998064469500034 0.8847273273659747 -0.29915082768005097 0.07266282989997225
36.700000 0.012104275498563643 -0.060990092102161775 0.7536554277019575 -0.3505257469895582 0.8857081146758617 -0.29610004295908415 0.07055211445712417
36.800000 0.013641494371104384 -0.06649103413877985 0.7527439059422165 -0.35076465771483856 0.8864786961336613 -0.29359211313739947 0.07016656827059828
36.900000 0.017765220567413715 -0.07397056896112758 0.7505404976954949 -0.3527678680469949 0.88768797204894 -0.28761122126798533 0.06960374238470175
37.000000 0.022768675365365695 -0.07384964751144303 0.7497902519917579 -0.3563024436043814 0.8869939067438074 -0.28563887411034516 0.06856246551779123
37.100000 0.024681240324922336 -0.07347523505321611 0.7492483840122197 -0.3579534182818394 0.8868774270011588 -0.28413565409086117 0.06771048582390556
37.200000 0.028045630083459897 -0.07475796758025804 0.7487184122753459 -0.3608473551224141 0.8865811468938982 -0.28170795959838796 0.06636024240742174
37.300000 0.03266642717383321 -0.07745468161283173 0.7477386199938982 -0.36192070288294514 0.8873793717492875 -0.27864374460690833 0.0626810897320323
37.400000 0.035122867064377936 -0.08112453021628446 0.7464886495636995 -0.36355155051852855 0.8879771595777435 -0.2748825203929867 0.06137128128216998
37.500000 0.028263126602861125 -0.08426435835215054 0.747056649402347 -0.3659823765370148 0.8871978023541242 -0.2735212200921017 0.06421138311592454
37.600000 0.020961696546916656 -0.08745861401259808 0.7485157178288911 -0.36777317971350615 0.8865793591092227 -0.27229107867061386 0.06765720036544882
37.700000 0.01963761904365952 -0.08729665193860474 0.7489584071802623 -0.36852784121469206 0.8866103129375793 -0.2713452117440002 0.06694146178542888
37.800000 0.01905472733586582 -0.08548255823005727 0.7497415642804846 -0.36898398124144977 0.8864290389681613 -0.27147506124905496 0.06629986109346746
37.900000 0.01713701457137819 -0.08342336327846514 0.7515854991757442 -0.37107306581953414 0.8856346046041603 -0.2711038358422482 0.06677452465232601
38.000000 0.01628898668549329 -0.07982637989075472 0.754083288682996 -0.37148916719147407 0.8852227612103153 -0.27203675690048257 0.06612461409820987
38.100000 0.014028107631584932 -0.07792646156907002 0.7562855833436003 -0.3724363171217251 0.884477260259689 -0.2730602884456222 0.06655257054625499
38.200000 0.01206329138497075 -0.08248655220469817 0.7581336422811795 -0.37234809836323396 0.8854008620150058 -0.27010495567057485 0.06682454721556196
38.300000 0.013151882494300101 -0.08355667991699536 0.7607499755261053 -0.3721381853535398 0.8860812061144637 -0.2686720519626507 0.06471936083345262
38.400000 0.017420474595062994 -0.08662229837272155 0.761437247287753 -0.3721066183071445 0.8868625134567394 -0.26686001984897056 0.0616220467318559
38.500000 0.021367828563651648 -0.0871691659506439 0.761995109384032 -0.3719749519842644 0.8876886297875347 -0.26502533916113097 0.05835324536613977
38.600000 0.02639891350298876 -0.08155791200701921 0.7636217286873838 -0.37441929109053773 0.8865543160516837 -0.26624567135393384 0.05426676362824667
38.700000 0.02985250842423626 -0.07805907090734068 0.7646911694487137 -0.37723086851128373 0.8854305899905 -0.2665465175501729 0.05159938113168326
38.800000 0.032121835684253114 -0.06748284720747581 0.7671496918578704 -0.3835693441986092 0.8819801918143882 -0.2693696241167006 0.04924941665980021
38.900000 0.03129889170287181 -0.058279303826905986 0.7700931954013365 -0.3852001322703196 0.8800091593633325 -0.27381260188460366 0.047237660661308196
39.000000 0.02902186802711885 -0.05435352260144538 0.7717382738765197 -0.38628167717088896 0.8788632856191706 -0.2760964236038348 0.04643873325030698
39.100000 0.023140439727409003 -0.04988687233848493 0.7747407017724127 -0.38585838539002026 0.8779138633196607 -0.2794598068427373 0.04777835676092768
39.200000 0.020477483880121602 -0.04458735448546784 0.7777113734818187 -0.3839760562143716 0.8784326429014653 -0.2808717022759752 0.04505071586335686
39.300000 0.018681451077362635 -0.04400563266443118 0.7796384161179938 -0.3844007532311469 0.8779504823568819 -0.28200643334323294 0.04371936639149469
39.400000 0.016337050495278487 -0.043798237326624266 0.7804292221856082 -0.3859259024846316 0.8774901482238355 -0.28142765002940145 0.043251767136890835
39.500000 0.018564472769781282 -0.04295500725806558 0.7812298002622408 -0.3875372228993506 0.8770517723329749 -0.28103968708945065 0.04014702723378563
39.600000 0.027611824656887867 -0.05398759170959442 0.7808617390627736 -0.3931017731182954 0.8770829747019793 -0.27347509745454585 0.037520961227116165
39.700000 0.03696715080083279 -0.0605326866484541 0.7799629738271415 -0.40182401979316756 0.8754757355119488 -0.26620066953720734 0.03488405344874254
39.800000 0.03800294403136863 -0.062077787063850524 0.7803855850821084 -0.40676037825049166 0.8743180311994635 -0.26239485611785607 0.03553750818361632
39.900000 0.03804835138727031 -0.06324525082414312 0.7815176545865319 -0.4090019585284185 0.8736721525384953 -0.2609218482369818 0.036526112731417336
40.000000 0.0396872362459328 -0.06371169107160717 0.7812243568649031 -0.40992701071393856 0.8735946548577834 -0.2597891021140735 0.03608112129366616
40.100000 0.040148184476559906 -0.0656351057108957 0.7801947895826672 -0.4129705900196613 0.8726926079313226 -0.2578012785059896 0.03743533947377101
40.200000 0.03780847157071211 -0.06822307754524218 0.780248395539177 -0.4149406990345873 0.8720280256259711 -0.2564978536622429 0.04000237335733992
40.300000 0.03591875088631122 -0.06820047123855498 0.780905229761958 -0.41561534171484993 0.8718350858713034 -0.2558819855712625 0.041132471784858904
40.400000 0.033698770271712364 -0.0695744439056296 0.7813489440207416 -0.41634704165207925 0.8717291572158278 -0.2548772396839267 0.042202014862402874
40.500000 0.036354654403483816 -0.07093707720680784 0.7804797238536841 -0.4157288328848339 0.872832422306632 -0.25246422335163166 0.0399363995123312
40.600000 0.03850524164041107 -0.07194938951679733 0.7798390611150023 -0.4180862135401902 0.8724799334238966 -0.2497971404232932 0.03980040774419148
40.700000 0.04278540112347823 -0.06896033680892279 0.779670396478713 -0.42040622236683345 0.8719657063415156 -0.24793765368782208 0.03822741219816208
40.800000 0.04967191985195478 -0.062051327768397974 0.7798989016398794 -0.42647913168247464 0.8695208610116939 -0.246491691234238 0.03592866066707038
40.900000 0.05394749454734349 -0.055988937611297605 0.779814149978786 -0.4298509515429997 0.8681325389239505 -0.24599594816303025 0.03255837536496272
41.000000 0.0547567641783441 -0.05591985760894158 0.7784087802180272 -0.4284659704424783 0.868944978666386 -0.24577893349711472 0.030728684844631517
41.100000 0.05564591451015509 -0.058820455249321744 0.7752099809716144 -0.42767209295558584 0.8704884358069794 -0.24171900239140345 0.03030491571034644
41.200000 0.052442123629590526 -0.057424895756232504 0.7752885701292473 -0.4281374852858228 0.8700029429135031 -0.24262049611058678 0.030470770945751263
41.300000 0.045731836080606256 -0.057637861828328266 0.7762427875982819 -0.42654057330932627 0.8704680388741156 -0.24361525701982706 0.031624976944913424
41.400000 0.03973281434345573 -0.060740532240087054 0.7767422565542861 -0.4269000312934646 0.8703862304893496 -0.24302440994299118 0.033515805645105444
41.500000 0.03503050729273695 -0.060848267293186105 0.776868723687904 -0.4282622585389668 0.8695674303938722 -0.24334226297343564 0.03504946447904825
41.600000 0.034214208996913326 -0.06224639673114818 0.7759952770847498 -0.4293214710470009 0.8695757285508967 -0.2414795619518687 0.03476705297763729
41.700000 0.030511686706118427 -0.06562379354429759 0.7747388611501956 -0.43134067457473585 0.8692045778985888 -0.2389197055753489 0.036687852285698416
41.800000 0.027644956627666504 -0.06396031628652188 0.7755833263589068 -0.43090289994124664 0.8694020355326091 -0.23890626274982305 0.037236931303374195
41.900000 0.02604087676661775 -0.06320009847989097 0.7778420939264346 -0.4315554178341189 0.869311551589398 -0.2378794953201425 0.03834961952206262
42.000000 0.025463768466667275 -0.06328929842032062 0.7783947101261541 -0.4312370665759087 0.8694863788701478 -0.23760823532125658 0.039627716030591315
42.100000 0.023631218313959864 -0.06189460452598936 0.7792268449600828 -0.4318357309238972 0.8693128798396944 -0.23679043062804017 0.041752968819326566
42.200000 0.01914355279398824 -0.05925655084416488 0.7806445878173784 -0.4327366919641756 0.8683228129572502 -0.23834746244673946 0.04410141801701261
42.300000 0.01862759540549393 -0.059203837859781276 0.7808988619369313 -0.43362128416095685 0.8679988010583279 -0.23794473104552047 0.04396553481516265
42.400000 0.022192417593828003 -0.05972559808656015 0.7801724923579474 -0.4351743393808032 0.8677337561257504 -0.2364276110409017 0.04199294657286274
42.500000 0.02357631226846006 -0.061853131682628175 0.7787559804920884 -0.4357319387855889 0.868000195301408 -0.23463276287768053 0.04075297612758754
42.600000 0.018640562001431268 -0.06389478977468271 0.778731418459531 -0.4346577181435089 0.8684594378781375 -0.23466575304419043 0.0422238933172934
42.700000 0.012195735171692635 -0.0690106415492526 0.7790627640680927 -0.43214532526686017 0.8698699462094006 -0.23359135915211682 0.04485277540042732
42.800000 0.012283746285840485 -0.07140645942803638 0.7791627455350225 -0.43219787000555826 0.8702296898525387 -0.23214839197641615 0.04485991712628664
42.900000 0.011818079192066736 -0.07215741174549957 0.7798284102051625 -0.4317683899037183 0.8705560187671765 -0.2315945517634971 0.04552185476954343
43.000000 0.014466352978454628 -0.06597532531368977 0.7810893312783154 -0.43156261614204233 0.8702299321420852 -0.2336858210168428 0.04294776604553414
43.100000 0.014685327045612217 -0.06755926801581408 0.7819992557047938 -0.4318668512202518 0.8701732463663194 -0.233474830246628 0.042178759663056946
43.200000 0.010077643463460833 -0.07523594552803572 0.7819963177595949 -0.4315439905508904 0.8710054114366101 -0.2302098783981841 0.04607352119653343
43.300000 0.007202710275391457 -0.07571238168458222 0.7834969473735054 -0.4322949919919131 0.8707718968447672 -0.22919291214571633 0.04845567651208326
43.400000 0.003937568879406314 -0.07652722667555416 0.785876983879081 -0.43065438313242993 0.8713317679179748 -0.23011027985141372 0.048651943563100854
43.500000 -0.0014098599689384254 -0.08581105552345047 0.7861679842278747 -0.4276463841073295 0.8731791974574223 -0.22772911997017029 0.05306700674760163
43.600000 -0.004310700609106832 -0.10330691333633037 0.785678428539129 -0.42651652869031237 0.8755670047968259 -0.21918744050046932 0.05850586972205448
43.700000 -0.006417533860222199 -0.12065506591382975 0.7829376484820084 -0.4261338727584964 0.8775160335697451 -0.21013709854137372 0.06494561673031805
43.800000 -0.008016506640752746 -0.12287519505129477 0.7828646468250223 -0.4251780958212809 0.8784310714169774 -0.20810796356186773 0.06537212789211562
43.900000 -0.006831499858481874 -0.11988145896948528 0.7851377876661778 -0.42389008909175263 0.8786408595950106 -0.21054024969482743 0.0630891074462744
44.000000 -0.006921095740670281 -0.1154347857063037 0.787447189765727 -0.4243156977217311 0.8781589922272747 -0.21216419891462415 0.06147622090055901
44.100000 -0.0035501693071058257 -0.10526991907642455 0.7888809044039314 -0.42668863330228707 0.8764320988328723 -0.21587780354773542 0.05657172687339268
44.200000 -0.0015871616761150946 -0.09074127215900568 0.7904610083332586 -0.42784105954842544 0.8736550504070122 -0.2257491257494423 0.052117299298450964
44.300000 0.0006660038586671947 -0.08704622998330455 0.7903556539984435 -0.4278714530758389 0.8734078924243985 -0.22717900125589757 0.0497430847647554
44.400000 0.00042767034297851517 -0.08503083490406815 0.7910118944676241 -0.4278622556202651 0.8731456342552992 -0.22841350659330265 0.048763322304791475
44.500000 0.002343760538730078 -0.07915359554443888 0.7916549577286676 -0.42679770131147793 0.8729252356385819 -0.2317144212282316 0.04640778097937043
44.600000 0.003109998564727618 -0.07337558865039752 0.7922935749808494 -0.4263569388393779 0.8724827327379181 -0.23452094299152032 0.044649401743551136
44.700000 0.002292402868481938 -0.06787317284733398 0.7933242100603365 -0.42586952788804966 0.8717889610819953 -0.2380769696125077 0.044028503178165826
44.800000 0.00042902996288023826 -0.0598511565838228 0.7946656047774082 -0.42578314572332815 0.8704731771327363 -0.24312787775689818 0.043289672761688734
44.900000 -0.00033364787656520525 -0.05346398750365686 0.7956196687496581 -0.42761728700486223 0.8687972051817524 -0.24598810410917998 0.042716797161640396
45.000000 0.002526926945229522 -0.042956944344797306 0.7956209984216019 -0.4314059335169744 0.8657553768347138 -0.2505029273699437 0.04006034681851925
45.100000 0.005993255032617658 -0.03319509890672233 0.7940954844018207 -0.435555429316823 0.8630895382673567 -0.25298668486540615 0.036954758920731585
45.200000 0.01220271336497589 -0.02387197438278174 0.7910832046405823 -0.44268398113453195 0.8592549910428582 -0.25409261867368704 0.0338923936948547
45.300000 0.017202781591125805 -0.018170320869892516 0.7877859598616822 -0.4496615136137768 0.8560742978134045 -0.252766414028808 0.032410796609626806
45.400000 0.020047307886783983 -0.012977242840727233 0.7862361619054914 -0.454537404827992 0.8537563097679576 -0.25205110322111995 0.031082993881685745
45.500000 0.02311890517988206 -0.0011323528109435945 0.7839827985793796 -0.46129395791224737 0.8496245636480947 -0.2539083047779842 0.02960672228073849
45.600000 0.029961402177454837 0.0023016762036581983 0.7784577699415427 -0.4672913314009075 0.8470623642714864 -0.2518074384722778 0.026780152396815457
45.700000 0.03258155855650098 0.006312759368471651 0.7747122471080429 -0.47300788491310736 0.8443434912985198 -0.2502481676784421 0.02689728769666331
45.800000 0.03438404832961203 0.004543461509027511 0.7696394669523544 -0.4785994400607894 0.8420627571525643 -0.24716123622435385 0.02800379078213074
45.900000 0.0356757690790471 -0.0022533858848596947 0.7632426020319897 -0.48301504391101296 0.8410892308953144 -0.24145146956885996 0.03108956208455718
46.000000 0.03747573596321753 -0.0052459355542673215 0.7593798722912447 -0.48588969910290086 0.8405794179741319 -0.23728638092198095 0.0321343400882922
46.100000 0.03646207870917523 -0.009304639710154005 0.7547326592074267 -0.4906710041832534 0.8389036868396116 -0.23277575326829902 0.036028024523696946
46.200000 0.03347613900858003 -0.006573179751996472 0.7508218561488957 -0.4937140222641829 0.8372780342043209 -0.2318300069454092 0.038298897351762014
46.300000 0.030505770581039798 -0.0023572671077658714 0.7478059316525344 -0.49678584481298016 0.8354770866961898 -0.23162248740938934 0.03915207945163467
46.400000 0.029682562591418143 1.7592759180282933e-05 0.7423320317104705 -0.5009107267921145 0.8332872163539043 -0.2301958677946314 0.041601938609080354
46.500000 0.03160155461632837 0.004353126422399901 0.7376051652086386 -0.5059012131415399 0.8310757639367226 -0.2271346488489815 0.04227160312978019
46.600000 0.033278208977348234 0.004820518400626496 0.7352365612128177 -0.5085343517072176 0.8301151411949239 -0.22467640315921142 0.04268699282089382
46.700000 0.03538966533333733 0.0021083343550552156 0.7322965038155024 -0.5132707672284279 0.8284307352745918 -0.2195867224042512 0.04513654511477261
46.800000 0.03534488639723893 -0.0032317526137041292 0.7314441475805523 -0.5173718406591707 0.8271586774798574 -0.21386667841280174 0.0489483873829329
46.900000 0.03432089038252217 -0.0073384458469145895 0.7309729018576864 -0.5191195552768807 0.8267427154187247 -0.21038366619694834 0.05244123214359375
47.000000 0.03603925327588643 -0.012513429700901945 0.7297732104899615 -0.5200311912853467 0.8270297280034653 -0.20628348967726642 0.05510454586897623
47.100000 0.035629444871357996 -0.015284263264247045 0.7300790346036731 -0.5208507430592474 0.8270165559210653 -0.20353485823698275 0.057720716987407786
47.200000 0.031557851539873324 -0.01721407542207788 0.7316589386726922 -0.5223840324560304 0.8261103419295623 -0.20213311793466107 0.06163463495480246
47.300000 0.027434610297726748 -0.02085570679314785 0.732990672602722 -0.5249952327681731 0.824426912036735 -0.2006927008924236 0.06650347426089338
47.400000 0.025083989297277783 -0.02304071825815495 0.7347050865853528 -0.5267570435237282 0.8236138285170318 -0.1979107130149373 0.07084227726137228
47.500000 0.027849137973854975 -0.024673821635641878 0.7347633663112391 -0.5281368423222791 0.8233172635000969 -0.19485613092967008 0.0724654927788589
47.600000 0.028503990778071062 -0.02559120992206297 0.7345801699223267 -0.5302466675534124 0.8222520560016894 -0.1928427682925902 0.07450969511913207
47.700000 0.02981647435700002 -0.02914362164578636 0.7348915940528069 -0.5326597019492856 0.8216407731823896 -0.18773278121709921 0.07704858610017244
47.800000 0.0301844083851608 -0.036787231648928775 0.734480504576603 -0.534486325876785 0.8212954774365738 -0.1821393411033359 0.0813840685601793
47.900000 0.03203238783652455 -0.04446670129013245 0.7331910709999242 -0.5358768426503682 0.8213484363182934 -0.1759752653590221 0.08517899770711125
48.000000 0.03410808037095281 -0.051732545687419265 0.732034426802761 -0.534860194594018 0.8230766548242023 -0.16938004732167677 0.08820312971519846
48.100000 0.03546926300940163 -0.04845185196577623 0.7350887611211535 -0.5353080905495714 0.8227891103170074 -0.16889073644497235 0.08910245383262179
48.200000 0.03487302015755818 -0.04586022274879856 0.7385274310257461 -0.5349940126071304 0.8227079157170429 -0.16967289992198537 0.0902452155136431
48.300000 0.033735201241797214 -0.037302309910841 0.7435082220820596 -0.5342731477486199 0.8223549935729602 -0.1738494366209744 0.08978218936386034
48.400000 0.03370984343327878 -0.036114894314398856 0.7466203620408624 -0.5331511131134876 0.8225543913345237 -0.17569634497458628 0.09102174599902618
48.500000 0.032282353578739 -0.03974749927082699 0.7488037633725587 -0.5328637921305689 0.8226073977682432 -0.17476436653155167 0.09397161467174148
48.600000 0.03179516400445581 -0.05673712775132563 0.7496260717199992 -0.527540196120495 0.8265093688677543 -0.1693322713335077 0.09954991981920638
48.700000 0.036451554874074435 -0.06905522539314797 0.7471139906721223 -0.526846960081985 0.8280561289800519 -0.16158681684916076 0.10317474754754087
48.800000 0.03225893796417589 -0.0551480989545173 0.748987640038908 -0.5229209923415129 0.8293149588943266 -0.16954131193827096 0.10023012655344252
48.900000 0.03122181297673648 -0.048459231950054624 0.7504344556373984 -0.52013134444039 0.830568890297705 -0.17381685493345075 0.09698661733102638
49.000000 0.026551023079377272 -0.04734831087439703 0.7520170704204489 -0.5118103562513964 0.8348286137099502 -0.17810188755852444 0.09690749513341085
49.100000 0.030258866510615493 -0.04664670115797344 0.7513644775782337 -0.5096572286172404 0.8364628897529858 -0.17871814806154857 0.09294711903942389
49.200000 0.03313887821276472 -0.04768597343521407 0.7499158344091735 -0.5086247499087307 0.83745127186215 -0.17771730449428788 0.0916121756101919
49.300000 0.038738905907136814 -0.05535764602918919 0.7481262175567049 -0.5069449344175316 0.8395009317534076 -0.17339787264883846 0.0904333832963394
49.400000 0.04183338515647997 -0.06705547709082949 0.7460122759246407 -0.5050947863260279 0.8418680718190459 -0.16637869157491886 0.09195399647521288
49.500000 0.04203786619108664 -0.07110856452721369 0.744488858884409 -0.5040342730394619 0.842730562689818 -0.16439203691391072 0.09343397941529977
49.600000 0.041774708714825706 -0.0756709483853874 0.7425618957167399 -0.5038161665088633 0.8430179740086956 -0.1623287761712193 0.09559986552993484
49.700000 0.04258656958857279 -0.07883781310531982 0.7406147757672884 -0.5037830658690159 0.8433927324010015 -0.15991934035304683 0.09652526124198767
49.800000 0.04164514194329255 -0.07250246793951634 0.7419355621230513 -0.5037395531469538 0.8430972709317598 -0.16207184457616433 0.0957401250177048
49.900000 0.04353360925262177 -0.06555684682053 0.744180258404365 -0.5011824880662646 0.8443139009107185 -0.16563336004764972 0.09228076952409695
50.000000 0.041731159941548426 -0.05649914842066248 0.7463141940579476 -0.49910088198259045 0.844620284077896 -0.1714917586103895 0.09003033964775818
50.100000 0.040659286796001046 -0.056885555441598484 0.7475264742669558 -0.5004350514941888 0.8436552206861296 -0.17174172850888128 0.09118885092942104
50.200000 0.03733667539996663 -0.055223294174477335 0.750776181580874 -0.4998837706344831 0.8434956062627513 -0.1728756375778951 0.09351680064951635
50.300000 0.035430909256025156 -0.05072793636856281 0.7542302815429978 -0.5052534524377642 0.8393236523250158 -0.17680859642015548 0.09483393738240907
50.400000 0.031392527538898776 -0.04733549658962438 0.7561338557798599 -0.5109949680593472 0.8349902719211232 -0.17908952056457117 0.09799148962572195
50.500000 0.02896925321134963 -0.04555225700910258 0.7598259111830573 -0.5054572881063678 0.83748301244519 -0.18326350833538071 0.09772215858490665
50.600000 0.032250791087564484 -0.05273253459617232 0.7609223207021731 -0.5049325743157524 0.838253717482793 -0.1805161424017863 0.09893292097943378
50.700000 0.03901661152469814 -0.06041944921662724 0.7616625271510968 -0.5033492647453988 0.84046087181467 -0.17539563236092062 0.0974751905743432
50.800000 0.03823208259402884 -0.06358568045747373 0.7627698655737187 -0.5008545982487198 0.8418737222211629 -0.17456127994313325 0.09960756392569943
50.900000 0.04470997281454189 -0.06329767141553014 0.7633784371108299 -0.503624227713261 0.8408370923051679 -0.17237850308829306 0.09818998491216491
51.000000 0.05097057327952542 -0.06007215321670891 0.7647136286110738 -0.5025639100591192 0.8420242601149162 -0.17161779696678758 0.09472060730529727
51.100000 0.04974052852885619 -0.05396848724346159 0.7659421629457054 -0.4998855719644219 0.843233416634171 -0.17465106289511279 0.09256795472988066
51.200000 0.05257915159265254 -0.04927247150821186 0.7654377435313366 -0.499402043507143 0.8437855246696219 -0.17467657264804148 0.09006487809814202
51.300000 0.05562237134814861 -0.04166024042156759 0.7650853675388513 -0.4987762444747377 0.8439553114753605 -0.1772399720927373 0.08687739909072881
51.400000 0.05261538610449243 -0.040377743690384826 0.7647494267445049 -0.4988972924485418 0.843857394854635 -0.17703086994379427 0.08755718030867525
51.500000 0.04976718073302769 -0.03805777313428693 0.7651422528693018 -0.4994441226940532 0.843313897111698 -0.1772645174299342 0.08918817245005882
51.600000 0.047750056622464676 -0.042480150138381634 0.7641733371447439 -0.4955816505449646 0.84576438357534 -0.17605515635969046 0.08992228332131413
51.700000 0.04664750201630827 -0.05216968266657722 0.7621152190711361 -0.4939309204527119 0.8472995966501488 -0.1714621991540412 0.09336141386296878
51.800000 0.04549837821172681 -0.05545858534864155 0.761449935840458 -0.49029563058504666 0.8498012192277179 -0.16962501584344422 0.09314202289195736
51.900000 0.04264033901745985 -0.05713764591942389 0.761978048920612 -0.4850183895266908 0.8526609389808197 -0.1706255870226412 0.09280837252350072
52.000000 0.041092267892369985 -0.06436602369203762 0.7608649557002078 -0.48304370268148045 0.854124999414872 -0.16780669304013268 0.09476381400748306
52.100000 0.039937703802004315 -0.07260397799278245 0.7593374090624907 -0.4811336886911299 0.8557145455290975 -0.1637347427011188 0.09723129233428873
52.200000 0.03872496124823896 -0.07489007391967824 0.7597483486723011 -0.47811055885497905 0.8575544909828485 -0.16284904458411426 0.09742061991472047
52.300000 0.03877585321034939 -0.07551427573362872 0.7592252729348298 -0.4770434187975692 0.8581708385793162 -0.16262400640862648 0.09760031215937019
52.400000 0.03862953063192971 -0.07859347175924528 0.758577399256242 -0.4755397696500695 0.8592775563919005 -0.16051284212221953 0.09868959456887977
52.500000 0.03553655326866641 -0.07530359936437128 0.7593745455541381 -0.47530169224618407 0.8591162881546439 -0.16139540077872763 0.0997949366590027
52.600000 0.03586925824777758 -0.06750320137144805 0.761324331725448 -0.47781409142367515 0.8573144901572974 -0.1640908986890884 0.09889254759944452
52.700000 0.03440039797104234 -0.060656039716041506 0.7632423127814278 -0.4783630487448584 0.8565172305789107 -0.16668047984417822 0.09881621808120462
52.800000 0.035613805103065485 -0.05307247495102866 0.7656850286716911 -0.47863471871630386 0.8558744546026502 -0.1703004366445016 0.09687871426001185
52.900000 0.03427512040862496 -0.0497033122648181 0.7670802241818065 -0.47793825985040295 0.8560107613506213 -0.17209338796885462 0.09593988764064393
53.000000 0.032106895018443035 -0.05099096733958246 0.767981424053121 -0.4754820374139403 0.8572499079197942 -0.17244640792645616 0.09644513394389043
53.100000 0.02903294929351336 -0.053434205795515444 0.7682461261702502 -0.4731978917199148 0.8583148022927123 -0.17311658953508097 0.09700567954914742
