0.0 0.000000000000 0.000000000000 0.000000000000 0.000000000000 0.000000000000 0.000000000000 0.000000000000
0.1 0.000000000000 0.000000000000 0.000000000000 0.000000000000 0.000000000000 0.000000000000 0.000000000000
0.2 0.000000000000 0.000000000000 0.000000000000 0.000000000000 0.000000000000 0.000000000000 0.000000000000
0.3 0.000000000000 0.000000000000 0.000000000000 0.000000000000 0.000000000000 0.000000000000 0.000000000000
0.4 0.000000000000 0.000000000000 0.000000000000 0.000000000000 0.000000000000 0.000000000000 0.000000000000
0.5 0.000000000000 0.000000000000 0.000000000000 0.000000000000 0.000000000000 0.000000000000 0.000000000000
0.6 0.000000000000 0.000000000000 0.000000000000 0.000000000000 0.000000000000 0.000000000000 0.000000000000
0.7 0.000000000000 0.000000000000 0.000000000000 0.000000000000 0.000000000000 0.000000000000 0.000000000000
0.8 0.000000000000 0.000000000000 0.000000000000 0.000000000000 0.000000000000 0.000000000000 0.000000000000
0.9 0.000000000000 0.000000000000 0.000000000000 0.000000000000 0.000000000000 0.000000000000 0.000000000000
1.0 0.000000000000 0.000000000000 0.000000000000 0.000000000000 0.000000000000 0.000000000000 0.000000000000
1.1 0.000000000000 0.000000000000 0.000000000000 0.000000000000 0.000000000000 0.000000000000 0.000000000000
1.2 0.000000000000 0.000000000000 0.000000000000 0.000000000000 0.000000000000 0.000000000000 0.000000000000
1.3 0.000000000000 0.000000000000 0.000000000000 0.000000000000 0.000000000000 0.000000000000 0.000000000000
1.4 0.000000000000 0.000000000000 0.000000000000 0.000000000000 0.000000000000 0.000000000000 0.000000000000
1.5 0.000000000000 0.000000000000 0.000000000000 0.000000000000 0.000000000000 0.000000000000 0.000000000000
1.6 0.000000000000 0.000000000000 0.000000000000 0.000000000000 0.000000000000 0.000000000000 0.000000000000
1.7 0.000000000000 0.000000000000 0.000000000000 0.000000000000 0.000000000000 0.000000000000 0.000000000000
1.8 0.077737757225 0.018120941611 0.655640170195 0.605969819104 -0.666695441686 0.337768391181 0.272452344989
1.9 0.000000000000 0.000000000000 0.000000000000 0.000000000000 0.000000000000 0.000000000000 0.000000000000
2.0 0.000000000000 0.000000000000 0.000000000000 0.000000000000 0.000000000000 0.000000000000 0.000000000000
2.1 0.000000000000 0.000000000000 0.000000000000 0.000000000000 0.000000000000 0.000000000000 0.000000000000
2.2 0.000000000000 0.000000000000 0.000000000000 0.000000000000 0.000000000000 0.000000000000 0.000000000000
2.3 0.000000000000 0.000000000000 0.000000000000 0.000000000000 0.000000000000 0.000000000000 0.000000000000
2.4 0.000000000000 0.000000000000 0.000000000000 0.000000000000 0.000000000000 0.000000000000 0.000000000000
2.5 0.000000000000 0.000000000000 0.000000000000 0.000000000000 0.000000000000 0.000000000000 0.000000000000
2.6 0.000000000000 0.000000000000 0.000000000000 0.000000000000 0.000000000000 0.000000000000 0.000000000000
2.7 0.118816488358 -0.034061500269 0.920359935071 0.684978902448 -0.640747028092 0.292587604228 0.186117283037
2.8 0.000000000000 0.000000000000 0.000000000000 0.000000000000 0.000000000000 0.000000000000 0.000000000000
2.9 0.000000000000 0.000000000000 0.000000000000 0.000000000000 0.000000000000 0.000000000000 0.000000000000
3.0 0.087620268424 -0.012265653177 0.687093019366 0.642941259483 -0.671885807601 0.278612274546 0.239939990143
3.1 0.000000000000 0.000000000000 0.000000000000 0.000000000000 0.000000000000 0.000000000000 0.000000000000
3.2 0.000000000000 0.000000000000 0.000000000000 0.000000000000 0.000000000000 0.000000000000 0.000000000000
3.3 0.000000000000 0.000000000000 0.000000000000 0.000000000000 0.000000000000 0.000000000000 0.000000000000
3.4 0.000000000000 0.000000000000 0.000000000000 0.000000000000 0.000000000000 0.000000000000 0.000000000000
3.5 0.000000000000 0.000000000000 0.000000000000 0.000000000000 0.000000000000 0.000000000000 0.000000000000
3.6 0.000000000000 0.000000000000 0.000000000000 0.000000000000 0.000000000000 0.000000000000 0.000000000000
3.7 0.000000000000 0.000000000000 0.000000000000 0.000000000000 0.000000000000 0.000000000000 0.000000000000
3.8 0.000000000000 0.000000000000 0.000000000000 0.000000000000 0.000000000000 0.000000000000 0.000000000000
3.9 0.000000000000 0.000000000000 0.000000000000 0.000000000000 0.000000000000 0.000000000000 0.000000000000
4.0 0.000000000000 0.000000000000 0.000000000000 0.000000000000 0.000000000000 0.000000000000 0.000000000000
4.1 0.000000000000 0.000000000000 0.000000000000 0.000000000000 0.000000000000 0.000000000000 0.000000000000
4.2 0.000000000000 0.000000000000 0.000000000000 0.000000000000 0.000000000000 0.000000000000 0.000000000000
4.3 0.000000000000 0.000000000000 0.000000000000 0.000000000000 0.000000000000 0.000000000000 0.000000000000
4.4 0.000000000000 0.000000000000 0.000000000000 0.000000000000 0.000000000000 0.000000000000 0.000000000000
4.5 0.000000000000 0.000000000000 0.000000000000 0.000000000000 0.000000000000 0.000000000000 0.000000000000
4.6 0.000000000000 0.000000000000 0.000000000000 0.000000000000 0.000000000000 0.000000000000 0.000000000000
4.7 0.000000000000 0.000000000000 0.000000000000 0.000000000000 0.000000000000 0.000000000000 0.000000000000
4.8 0.000000000000 0.000000000000 0.000000000000 0.000000000000 0.000000000000 0.000000000000 0.000000000000
4.9 0.000000000000 0.000000000000 0.000000000000 0.000000000000 0.000000000000 0.000000000000 0.000000000000
5.0 0.000000000000 0.000000000000 0.000000000000 0.000000000000 0.000000000000 0.000000000000 0.000000000000
5.1 0.000000000000 0.000000000000 0.000000000000 0.000000000000 0.000000000000 0.000000000000 0.000000000000
5.2 0.087139002000 0.009828321752 0.722853331718 0.671958722960 -0.641266993132 0.251440794450 0.272076542620
5.3 0.000000000000 0.000000000000 0.000000000000 0.000000000000 0.000000000000 0.000000000000 0.000000000000
5.4 0.099511983161 -0.003785267673 0.800512416901 0.700555845195 -0.640524620403 0.205768382369 0.237926650961
5.5 0.085696990417 0.004588058647 0.701206296923 0.649217772613 -0.659038187952 0.265821834351 0.271152545492
5.6 0.076258580780 -0.000739614260 0.685418715919 0.684655489956 -0.628333204519 0.248057383112 0.273700162323
5.7 0.074133897945 0.000272087689 0.679297419991 0.689585567900 -0.621895337753 0.231668966265 0.289909336681
5.8 0.092651755095 -0.001639874262 0.762423262638 0.669251225010 -0.634734510750 0.330674804786 0.199672412128
5.9 0.073293595822 0.001788684380 0.673036046933 0.689702862041 -0.627737913610 0.244735502242 0.265253855489
6.0 0.078005864221 0.004769362134 0.693465338026 0.685358712027 -0.633177043737 0.233611765686 0.273488226559
6.1 0.074978182764 0.005029215811 0.673945490774 0.688817656775 -0.620672027772 0.244082344293 0.284113144469
6.2 0.094242765370 -0.002065497783 0.757572446643 0.695026994876 -0.587354626046 0.268237142562 0.316229117898
6.3 0.105349849323 0.007358426202 0.763944799545 0.660974377097 -0.627230663371 0.291423282967 0.291147793900
6.4 0.096975419500 0.009743573968 0.766109988557 0.676127812119 -0.625578183007 0.324316815103 0.215224817498
6.5 0.113679838738 0.002186107233 0.811779292717 0.653795513416 -0.593229982412 0.333763743506 0.330501706691
6.6 0.078260276213 0.018267891914 0.691899827390 0.687776252819 -0.629614872878 0.229698964841 0.278903788894
6.7 0.079673263694 0.014464708015 0.713840990001 0.705337814493 -0.602895760482 0.235987418718 0.288661060147
6.8 0.094561333016 0.012033297299 0.770834314756 0.711481070807 -0.612761924792 0.257346848363 0.228232576652
6.9 0.081271449142 0.020407676519 0.711273534282 0.679027365473 -0.641495816956 0.229900018540 0.273040171480
7.0 0.091059400438 0.015882289305 0.746845722644 0.691978679029 -0.621956253489 0.265877660379 0.252279599308
7.1 0.084735048761 0.016318219369 0.734226978254 0.699616662492 -0.629049306580 0.215328287937 0.261662423494
7.2 0.000000000000 0.000000000000 0.000000000000 0.000000000000 0.000000000000 0.000000000000 0.000000000000
7.3 0.000000000000 0.000000000000 0.000000000000 0.000000000000 0.000000000000 0.000000000000 0.000000000000
7.4 0.000000000000 0.000000000000 0.000000000000 0.000000000000 0.000000000000 0.000000000000 0.000000000000
7.5 0.065180990204 0.003373928838 0.709335136456 0.670553246026 -0.642089350376 0.231759094813 0.290460552139
7.6 0.058954363859 0.006577079575 0.701874460987 0.654327465416 -0.647693708601 0.251107719495 0.298819914080
7.7 0.066850343026 -0.002245432524 0.753768628435 0.648713324343 -0.647245312798 0.348491027616 0.196973428544
7.8 0.068888859779 -0.003141877052 0.767048832424 0.677365645746 -0.632400676386 0.280185991220 0.250481489922
7.9 0.068805685052 -0.002872007939 0.766699926962 0.673251445969 -0.634061848191 0.284200582122 0.252840052781
8.0 0.073759483634 -0.008396155472 0.798674079880 0.685767310929 -0.635407800266 0.260093599873 0.241519030154
8.1 0.077804613185 -0.011966255245 0.840694355385 0.665710391803 -0.665031300383 0.232003217135 0.246449895506
8.2 0.053326745439 -0.011073679345 0.723576509718 0.679017024998 -0.638283419105 0.239071837824 0.272717460053
8.3 0.048223228987 -0.014430396156 0.711536554564 0.666355517346 -0.635158842101 0.260693310798 0.290830822832
8.4 0.058722278363 -0.018444701559 0.792368180523 0.662993504753 -0.647690640862 0.271366192163 0.259416337470
8.5 0.056931306688 -0.022066750047 0.787697834310 0.657830011672 -0.643464903686 0.283120280842 0.270287809648
8.6 0.053229988510 -0.027309103134 0.772986892981 0.667169047265 -0.640946983979 0.296447064842 0.237047598274
8.7 0.046247687551 -0.015731389347 0.739027594054 0.646000623035 -0.651200111810 0.266035636064 0.296389355006
8.8 0.053226054136 -0.019717702256 0.795530098838 0.661333922987 -0.632895538639 0.292829673932 0.276281489683
8.9 0.071846047560 -0.026357384856 0.897957950335 0.700900362579 -0.672202246345 0.196463273487 0.135222054104
9.0 0.069044242108 -0.015864304653 0.853897530087 0.666347258582 -0.644121235738 0.355143349987 0.122320748899
9.1 0.000000000000 0.000000000000 0.000000000000 0.000000000000 0.000000000000 0.000000000000 0.000000000000
9.2 0.000000000000 0.000000000000 0.000000000000 0.000000000000 0.000000000000 0.000000000000 0.000000000000
9.3 0.076895891523 0.004776303283 0.769547939030 0.664049375319 -0.625423631349 0.277473196422 0.301483554703
9.4 0.071931595387 0.008814844185 0.726754616597 0.670027015493 -0.625919680178 0.263246518515 0.299982704444
9.5 0.074108684940 0.011109203501 0.718542107171 0.672926837915 -0.617888502855 0.268196946355 0.305701924788
9.6 0.000000000000 0.000000000000 0.000000000000 0.000000000000 0.000000000000 0.000000000000 0.000000000000
9.7 0.092501387212 0.009811371913 0.760745636229 0.681887686861 -0.618081347040 0.242087963491 0.307242654724
9.8 0.087392222841 0.007760870848 0.726162068614 0.696135850796 -0.605178978027 0.238995986950 0.303371389574
9.9 0.097154735915 0.002805859492 0.747997789398 0.696257873182 -0.569599832032 0.279471976768 0.335673084388
10.0 0.105783476742 0.014176276511 0.774957775360 0.671629126806 -0.589616559213 0.227172268903 0.386858358276
10.1 0.000000000000 0.000000000000 0.000000000000 0.000000000000 0.000000000000 0.000000000000 0.000000000000
10.2 0.111929162556 0.015192541962 0.748517034700 0.716799163544 -0.588735441470 0.229806858372 0.294581647331
10.3 0.126978863952 0.017779004312 0.809712983227 0.712596713345 -0.597023328548 0.293738435134 0.222456290142
10.4 0.130412409460 0.019095245317 0.827962540258 0.679221276802 -0.587192506144 0.320822831293 0.301556178495
10.5 0.131411881059 0.027066879928 0.822647167239 0.718007905206 -0.604113913264 0.292759207652 0.183856123634
10.6 0.132667158903 0.030022815660 0.814622284853 0.720744207117 -0.594118968169 0.289969202455 0.208490530231
10.7 0.000000000000 0.000000000000 0.000000000000 0.000000000000 0.000000000000 0.000000000000 0.000000000000
10.8 0.127138886924 0.042835986447 0.821794569543 0.737285508202 -0.514181622095 0.190319098063 0.394722661888
10.9 0.000000000000 0.000000000000 0.000000000000 0.000000000000 0.000000000000 0.000000000000 0.000000000000
11.0 0.158410686119 0.042848626146 0.947871826021 0.778659385381 -0.606627380869 -0.024958833974 0.158334579121
11.1 0.000000000000 0.000000000000 0.000000000000 0.000000000000 0.000000000000 0.000000000000 0.000000000000
11.2 -0.016971620951 -0.052514825492 0.058986525802 0.249166853200 -0.692897645356 0.457177142235 -0.498796344157
11.3 0.094474883275 0.041874815835 0.781005662484 0.757151372907 -0.562877574457 0.193768335782 0.268969267254
11.4 0.091884811848 0.037659019922 0.776522866587 0.765343050553 -0.556485193130 0.196849349060 0.256563010918
11.5 0.104229139640 0.034235587145 0.828050225347 0.780722329463 -0.549153749267 0.143422757553 0.261405272630
11.6 0.092887239511 0.036200501669 0.783167335987 0.757703688644 -0.547526018219 0.191874215385 0.298805396637
11.7 0.093199820646 0.035371356554 0.790915426203 0.768064550578 -0.559801434891 0.186707579893 0.248675449633
11.8 0.094594963295 0.041944284374 0.792083453653 0.759509408914 -0.543731055803 0.189835015464 0.302431254388
11.9 0.088274549432 0.040133412204 0.771216365349 0.774244249330 -0.539779964267 0.197781543546 0.264699628991
12.0 0.090029590958 0.040302172108 0.787896363324 0.777894299703 -0.535256046797 0.200442765005 0.261159186730
12.1 0.088396469697 0.037322955184 0.783679499103 0.783118199195 -0.536843925228 0.189235936224 0.250428126369
12.2 0.081851337283 0.030984425767 0.761075002163 0.789860558611 -0.521676034159 0.215326672216 0.240018410891
12.3 0.063529476173 0.041783933211 0.712968221944 0.743700604910 -0.534854295441 0.192404843680 0.351881612240
12.4 0.056159482176 0.035819890925 0.707665861751 0.757120963275 -0.525744312280 0.193500228640 0.336033371246
12.5 0.062559269657 0.021562486607 0.768147399207 0.800834386489 -0.519303927177 0.207916460639 0.213912276486
12.6 0.060439639949 0.022070196374 0.771878464499 0.796624245335 -0.522061639732 0.195169254637 0.233988072578
12.7 0.060294046866 0.022938138715 0.775289748562 0.787670877383 -0.528867001034 0.180887266546 0.259141044495
12.8 0.058265704997 0.019569948788 0.755642005838 0.792911107191 -0.526701255650 0.203047450935 0.229454779985
12.9 0.058923850077 0.022843991980 0.753127619658 0.793761480224 -0.525335083470 0.197854400143 0.234135428614
13.0 0.063758905057 0.024189285717 0.773095485796 0.802867107135 -0.518842649781 0.181440726150 0.230837553146
13.1 0.060686540453 0.025728074584 0.758298272939 0.800071509736 -0.529652454378 0.183062111385 0.214107730491
13.2 0.058306847878 0.024838224877 0.750504079997 0.803077241400 -0.518357625357 0.199811597558 0.215517150270
13.3 0.059323085408 0.026822773638 0.776699026834 0.812320481257 -0.516455349885 0.166498854189 0.213746201976
13.4 0.056344326349 0.026423508040 0.770142598045 0.809992210114 -0.515027005790 0.183975444825 0.211690430966
13.5 0.051032354752 0.026044888996 0.765206215207 0.807767262409 -0.521350422957 0.183885292834 0.204675316886
13.6 0.047480011236 0.023743365976 0.760324329047 0.811829578116 -0.514682611078 0.183718163470 0.205626317287
13.7 0.044297324003 0.020034731780 0.761600922817 0.820177538490 -0.496479570887 0.153130673678 0.239515840453
13.8 0.041317747938 0.017693893459 0.762144267282 0.820796979328 -0.511186137542 0.166049095564 0.193413415701
13.9 0.043377893963 0.016536437641 0.762210134895 0.823307468402 -0.501389607212 0.163692976127 0.209709045633
14.0 0.045488321205 0.017181899706 0.775047691752 0.827748650489 -0.507996864090 0.133666263619 0.197242712561
14.1 0.044513027069 0.021478787459 0.754104517445 0.827110001337 -0.490170673519 0.133701058924 0.240303523387
14.2 0.043033158763 0.023573244934 0.750640080521 0.823756243324 -0.501018580142 0.153261738446 0.216603031989
14.3 0.044172052407 0.023816924215 0.764404559118 0.831278474532 -0.510073336361 0.115332883376 0.188413415993
14.4 0.041154477290 0.019157481097 0.741719898942 0.831710165079 -0.506251438618 0.157320499871 0.164978612313
14.5 0.043293633076 0.017641772382 0.767023602497 0.831892875056 -0.492960484409 0.105564513738 0.231949000175
14.6 0.042884747218 0.009104024130 0.773422228810 0.845286374981 -0.501951226634 0.074800099457 0.167155183806
14.7 0.038659424359 0.006631750080 0.755595580939 0.840349978035 -0.502980291863 0.104835486957 0.172720181472
14.8 0.036022010119 0.004211612755 0.748855030405 0.840506931413 -0.497328154389 0.104081455469 0.188095336802
14.9 0.035199852263 0.003675000653 0.754336142504 0.839131722756 -0.496719193376 0.119073793957 0.186947656816
15.0 0.036298080183 0.006278192779 0.763195348908 0.832253606203 -0.490432388969 0.105342144160 0.236078460424
15.1 0.033880438017 0.005194465047 0.750621367019 0.843692326763 -0.497163706217 0.107981060723 0.171323079318
15.2 0.035624863803 0.008717438560 0.749721632209 0.844580033430 -0.493871927430 0.107464660527 0.176710025652
15.3 0.038455924911 0.012381973776 0.771553954539 0.835943212012 -0.504707177927 0.107034815850 0.187118035039
15.4 0.000000000000 0.000000000000 0.000000000000 0.000000000000 0.000000000000 0.000000000000 0.000000000000
15.5 0.036235592107 0.001646203705 0.766190240255 0.828700459939 -0.504284600556 0.136098212726 0.201071792732
15.6 0.037997338589 0.012028367557 0.802786587295 0.809538787560 -0.510177728133 0.077591521885 0.279902113039
15.7 0.028457927372 0.009186500704 0.799039146356 0.826305201749 -0.526652247225 0.108598223199 0.167521789548
15.8 0.022606353632 0.013505480889 0.770844411624 0.809686081430 -0.528480092310 0.159061327510 0.199541313168
15.9 0.023834356024 0.010292885362 0.774200453327 0.814886450161 -0.519961589700 0.160173221798 0.199861345937
16.0 0.025907251515 0.007859434298 0.782418674547 0.821488546229 -0.524096149173 0.140007228887 0.175720717888
16.1 0.027736070654 0.010481016862 0.773750898053 0.812533697672 -0.524296674366 0.177911758802 0.182344162168
16.2 0.030526391789 0.012428232364 0.779751052027 0.807386065501 -0.525203775858 0.178715381660 0.200871967724
16.3 0.030092662315 0.012762418910 0.770122513049 0.805485229862 -0.527211178822 0.173594348298 0.207622059615
16.4 0.027996098615 0.012499626878 0.755347203224 0.798849441579 -0.526196839834 0.196770368693 0.215029945457
16.5 0.030101872477 0.012383453845 0.777246756146 0.801984914028 -0.523979324077 0.181413202415 0.222160112534
16.6 0.037797293196 0.010973926155 0.850980583403 0.809275737453 -0.559858738984 0.104267252389 0.144080925985
16.7 0.034880605759 0.007388962100 0.816806665050 0.801913698582 -0.559908621356 0.118059101505 0.171752159548
16.8 0.031911668144 0.004189521350 0.782802519839 0.786099241463 -0.556003634558 0.211305749667 0.168100627859
16.9 0.037424283234 -0.001064469156 0.836574985884 0.800153866024 -0.565792274294 0.135502433651 0.145849180696
17.0 0.033094155142 -0.005937564689 0.788967205358 0.784014895358 -0.541700975047 0.177650658264 0.245603218846
17.1 0.032613598543 -0.010425462963 0.778033257638 0.783896383550 -0.550302693936 0.193159833321 0.212985172477
17.2 0.042752155191 -0.015247052213 0.837345123125 0.791184687152 -0.555247374746 0.163070275093 0.197826259720
17.3 0.038250398690 -0.015333612589 0.775756885198 0.777900618820 -0.541608981850 0.206448007329 0.242712913312
17.4 0.044526339113 -0.014989441991 0.799133828347 0.776013760149 -0.537197472840 0.205940445310 0.258476405536
17.5 0.045467390022 -0.016920256982 0.782166322322 0.782665901063 -0.535421166386 0.225612308948 0.223287590229
17.6 0.000000000000 0.000000000000 0.000000000000 0.000000000000 0.000000000000 0.000000000000 0.000000000000
17.7 0.000000000000 0.000000000000 0.000000000000 0.000000000000 0.000000000000 0.000000000000 0.000000000000
17.8 0.000000000000 0.000000000000 0.000000000000 0.000000000000 0.000000000000 0.000000000000 0.000000000000
17.9 0.000000000000 0.000000000000 0.000000000000 0.000000000000 0.000000000000 0.000000000000 0.000000000000
18.0 0.061187011645 0.024416750466 0.784953462004 0.805271852989 -0.520072864152 0.175689547302 0.224041607130
18.1 0.065278126041 0.026232020789 0.795463900815 0.801873963702 -0.532644762944 0.158767660590 0.219272736098
18.2 0.073212262331 0.025999309480 0.822384808553 0.811699561005 -0.529136083571 0.108165419717 0.222393951593
18.3 0.061059753538 0.031119234894 0.741621663562 0.767814964264 -0.522216919359 0.162190348577 0.333832234239
18.4 0.069671742828 0.028186622638 0.759727398966 0.786522624251 -0.510888285683 0.146098349046 0.314691266958
18.5 0.088951720858 0.019329292036 0.817360873157 0.831049054878 -0.506284178318 0.080172530187 0.215884609398
18.6 0.083138351471 0.016491285834 0.777137610329 0.828558255150 -0.507488537485 0.124908481857 0.200859337110
18.7 -0.001821787926 -0.009494353151 0.043541448030 -0.448979710208 0.449850555923 0.771150710235 -0.037125183661
18.8 0.091194267291 0.026068790090 0.807995681770 0.843714325949 -0.486449761903 0.061224831318 0.218550418355
18.9 0.110711320258 0.031401067302 0.887363402884 0.854968633874 -0.456451843226 -0.039307581950 0.243177432975
19.0 0.000000000000 0.000000000000 0.000000000000 0.000000000000 0.000000000000 0.000000000000 0.000000000000
19.1 0.052775755259 0.031178461990 0.726847200743 0.817909865585 -0.451643272757 0.160981361787 0.318004413663
19.2 0.054019605655 0.026388203814 0.772942622558 0.847572518437 -0.474151017970 0.122908417611 0.204193925054
19.3 0.045631518810 0.026883861337 0.752424437885 0.839173070105 -0.458567354476 0.190762319604 0.221617411859
19.4 0.041055195034 0.022606446576 0.776661187191 0.858478602091 -0.470674204306 0.113055117954 0.169407270966
19.5 0.025294242910 0.025263584574 0.684943612925 0.832002894287 -0.437599467692 0.157303641946 0.302544961955
19.6 0.033558921084 0.025595904124 0.737158457344 0.850743532055 -0.463161419587 0.165735977277 0.185063578018
19.7 0.037481038167 0.023635462980 0.773567323002 0.862695193686 -0.455907335102 0.159605754579 0.149771518311
19.8 0.025751941669 0.023912107006 0.721642082300 0.860926794582 -0.457870709690 0.132774564855 0.177567965879
19.9 0.019027252107 0.019850856730 0.688625052303 0.860512758257 -0.417864230097 0.147498312135 0.251299673695
20.0 0.019801756528 0.019934055497 0.713570648293 0.867188076327 -0.435014698498 0.156113800663 0.185406401211
20.1 0.012100220301 0.012625468253 0.686942335372 0.868865079033 -0.406931946651 0.135067791803 0.247460212657
20.2 0.011750053665 0.011787245268 0.708896088422 0.879502201226 -0.428105594693 0.120523539974 0.169338578425
20.3 0.009800693825 0.009929739541 0.696836615357 0.873683816109 -0.422786618451 0.155781212655 0.183467377241
20.4 0.010082834237 0.010570433858 0.706112410394 0.872387491990 -0.415042283330 0.135975758846 0.219523483648
20.5 0.008584708433 0.012120364268 0.706461899360 0.869626833162 -0.413154500553 0.147278920371 0.226630645174
20.6 0.001479198469 0.007962532559 0.651668176698 0.852102657249 -0.383589491578 0.186709729096 0.303182520144
20.7 0.005047326062 0.005362343844 0.680776761591 0.882223821524 -0.384399134443 0.144431625468 0.230343091365
20.8 0.009537623670 0.010503948647 0.735047825833 0.885886143962 -0.394868134532 0.107739054161 0.218351076198
20.9 0.004008527778 0.007724014585 0.671006569529 0.878409566422 -0.376448319768 0.151633894222 0.252369685750
21.0 0.010483229088 0.011429261956 0.700858435562 0.885563857403 -0.399206647845 0.125963991013 0.201354860249
21.1 0.014741958606 0.012353984620 0.710055817794 0.879274892599 -0.389968265827 0.142304601724 0.233559018711
21.2 0.012362105512 0.011746278652 0.689404858352 0.885268967890 -0.390099237814 0.121932813862 0.221932034757
21.3 0.013537316497 0.007609244492 0.690050291749 0.893823224918 -0.381319640378 0.110713053567 0.208369849617
21.4 0.015163893448 0.008163621411 0.686176988155 0.883538090231 -0.365290895574 0.136837422729 0.259226781916
21.5 0.006268012566 -0.001592269907 0.648376413560 0.873814039489 -0.343981800708 0.175462099220 0.295531042212
21.6 0.004348762482 0.002468747606 0.658814231249 0.864575802574 -0.346617498276 0.175838761264 0.318505449764
21.7 0.006575709371 -0.002326461219 0.651786235516 0.886352783244 -0.320082698131 0.170783870647 0.287678083142
21.8 0.005426859322 -0.001463603115 0.601819968109 0.573373926362 -0.461082434160 0.603919874860 -0.306473676237
21.9 0.006066261325 -0.000558307708 0.646315868581 0.877666951814 -0.320026893774 0.185310603427 0.304866346474
22.0 0.005788974675 0.001012343383 0.639676662455 0.876824508086 -0.317174323572 0.188798295854 0.308114319644
22.1 0.010859775779 0.004321310401 0.680098035660 0.909316893841 -0.338505552549 0.136717137138 0.199662720311
22.2 0.000510301283 -0.005327697779 0.621466885716 0.883699795542 -0.311321450025 0.196333874256 0.289148121094
22.3 0.001797363424 -0.007255214570 0.663485399574 0.902693477931 -0.315077960499 0.128502661944 0.263357987504
22.4 -0.004484277876 -0.009846871735 0.629444506641 0.886083376777 -0.308730808738 0.183452468694 0.293064376658
22.5 0.000407420314 -0.004212835764 0.670722355128 0.904540110593 -0.322141238151 0.125151396081 0.249738541418
22.6 -0.004960309579 -0.007925968004 0.647498898121 0.896509899390 -0.313900292152 0.125058714613 0.286525609296
22.7 -0.002797871976 0.000865462175 0.657088501733 0.905455492152 -0.324901004918 0.112801788750 0.248727652645
22.8 0.106139930391 0.116091996444 0.636596466094 0.208416843480 0.129004785388 -0.342818648427 0.906860275341
22.9 -0.003937262630 0.000108149834 0.676108360658 0.915005720793 -0.318121479436 0.121524598461 0.216321582850
23.0 -0.004813755228 0.013445944947 0.652180878686 0.896206818454 -0.315223812025 0.121664903988 0.287480326329
23.1 0.001405831239 0.024291202681 0.654213135869 0.874153289495 -0.310669983964 0.167554841399 0.333564930190
23.2 0.007081661874 0.021982839611 0.661851302496 0.900137083382 -0.294108647099 0.147407366098 0.285524785689
23.3 0.004117426937 0.024014934236 0.623977984832 0.879404430820 -0.271651271590 0.204158989898 0.333425464746
23.4 0.008952177438 0.027229965344 0.663974261528 0.895170896827 -0.281746879620 0.151152776845 0.310548867895
23.5 0.008024973115 0.027607490122 0.647747996441 0.898136198304 -0.277045729614 0.158310581271 0.302547174597
23.6 0.001868426150 0.033821055153 0.606237423034 0.885793418778 -0.303802319323 0.001805309423 0.350814638920
23.7 0.016854520612 0.044234985839 0.683725002213 0.902874260900 -0.337266284280 0.042129103669 0.263238791056
23.8 0.005408174061 0.040915031081 0.618772490868 0.887196683582 -0.282828042558 0.095786848437 0.351731748140
23.9 0.019816465144 0.058058519958 0.714462109129 0.871842633673 -0.289412864797 0.093738274275 0.383853815580
24.0 0.000000000000 0.000000000000 0.000000000000 0.000000000000 0.000000000000 0.000000000000 0.000000000000
24.1 0.005414589414 0.027141137446 0.628978618185 0.884983625183 -0.255695359551 0.160521886896 0.354480733030
24.2 0.006176978112 0.025871312975 0.661029930737 0.895610665588 -0.301729827900 0.132659201439 0.298734301534
24.3 0.000613057488 0.020639552405 0.622315761865 0.880829154793 -0.255398210790 0.141917873982 0.372519893478
24.4 0.005182554072 0.025378085321 0.653765405483 0.875477757122 -0.282517758781 0.176034760717 0.350334377098
24.5 0.005696650589 0.024559976045 0.645068997761 0.887004578505 -0.290693852321 0.171413012425 0.315178586052
24.6 0.003174186083 0.031963823076 0.614997004142 0.879754969480 -0.304922108772 0.091971300360 0.352980142739
24.7 0.012992856329 0.024753757775 0.650861290545 0.880105618968 -0.291226594275 0.166324718516 0.336061390610
24.8 0.013054626462 0.025607606996 0.650966692721 0.871134764577 -0.289286138111 0.173037190682 0.357065656263
24.9 0.006779766704 0.029658096409 0.641907972346 0.858056301850 -0.302642742716 0.181293729421 0.373201469462
25.0 0.010856062390 0.024024084575 0.641045186094 0.878338649581 -0.268222774692 0.187315014919 0.348555368593
25.1 0.010065251032 0.028369973390 0.640974877748 0.863253055943 -0.275182221469 0.183516042735 0.381301414173
25.2 0.016398644737 0.036832100484 0.678392520033 0.868482821571 -0.320716244879 0.163904835509 0.340608108834
25.3 0.011923360886 0.034133937555 0.652180593543 0.852902926033 -0.309347046874 0.206460823995 0.366380855817
25.4 0.011018868957 0.026671007563 0.632191268926 0.864475384111 -0.273901777451 0.203141377921 0.369315186732
25.5 0.022028925442 0.041942704496 0.701763005277 0.870394255647 -0.314299138646 0.164110491150 0.341610359734
25.6 0.012018154368 0.034078003307 0.642174015315 0.854751513138 -0.303559514438 0.210696913668 0.364497301162
25.7 0.015518494144 0.032744330147 0.661045982921 0.874953870447 -0.298100753366 0.168246217027 0.342468795497
25.8 0.012692975945 0.029570031229 0.618428113053 0.870748325704 -0.269759264580 0.206397224781 0.355566418633
25.9 0.018679896404 0.035396046041 0.644047245441 0.871025597938 -0.271012423172 0.188426704555 0.363815957916
26.0 0.019695602556 0.039756544792 0.652045524645 0.840766429513 -0.296760592666 0.257306688466 0.372610023638
26.1 0.017362349454 0.037760466727 0.657889430643 0.864718207438 -0.304068759573 0.165455031323 0.363908290352
26.2 0.019336311944 0.034853081341 0.650816543878 0.841361972490 -0.304556572809 0.249366336702 0.370367054862
26.3 0.017083780739 0.030630574069 0.648398791284 0.868135889205 -0.295703118282 0.170530674555 0.360304083724
26.4 0.016940430010 0.026245514937 0.644034936237 0.871895841165 -0.295711929203 0.164987859514 0.353738750067
26.5 0.014630356525 0.029365916716 0.645539077310 0.855216105494 -0.296798929800 0.172397877068 0.388323035830
26.6 0.023204406990 0.036834703482 0.685155373433 0.862256782902 -0.322657893098 0.159558439556 0.356295142721
26.7 0.010395024417 0.020572268443 0.606862552037 0.870226533217 -0.280807232476 0.144818145940 0.377995745585
26.8 0.015840624903 0.019710887289 0.645118678571 0.865178980306 -0.284941024812 0.172618816188 0.374802199452
26.9 0.000000000000 0.000000000000 0.000000000000 0.000000000000 0.000000000000 0.000000000000 0.000000000000
27.0 0.000000000000 0.000000000000 0.000000000000 0.000000000000 0.000000000000 0.000000000000 0.000000000000
27.1 0.012181645897 0.001895638836 0.626940315597 0.864256580862 -0.281478064528 0.187107716974 0.372587390924
27.2 0.016766559129 0.011866988347 0.651631030651 0.865497164833 -0.327628435532 0.133367082978 0.354665316990
27.3 0.012858979199 -0.007556009348 0.627412207607 0.875300996441 -0.272753507090 0.182140466173 0.355356919986
27.4 0.015531675806 0.004503265731 0.645253056570 0.870220909782 -0.322242202974 0.134384750410 0.347586348492
27.5 0.007753067855 -0.010300737708 0.634717861072 0.875043461374 -0.297558213952 0.177219742590 0.338158561701
27.6 0.008087887112 -0.009628565457 0.631385291222 0.865899838833 -0.302805592576 0.168703840889 0.360645610375
27.7 0.013093646395 -0.003147130344 0.650435526502 0.873698859108 -0.328415209975 0.128266662102 0.335173711445
27.8 0.015395862454 -0.011387821077 0.688076710189 0.885891366603 -0.300873103826 0.134171326840 0.326603608409
27.9 0.011888363749 -0.011636898083 0.688894910396 0.888933457748 -0.297755668875 0.152750742707 0.312739636041
28.0 0.009419775291 -0.000653738376 0.648684891367 0.866946554626 -0.326880573122 0.148701070384 0.345602016784
28.1 0.004555801049 -0.011839745877 0.640218312662 0.874130477033 -0.291288809612 0.156025512450 0.355953336803
28.2 0.006634923950 -0.002235590995 0.684466664426 0.875545492712 -0.347870501220 0.147076911480 0.301288211985
28.3 -0.005858803392 -0.008476044307 0.619353517685 0.862471042026 -0.302912346477 0.199835564621 0.352779760092
28.4 -0.003108541360 -0.002429776292 0.630314010881 0.860450406373 -0.300525359819 0.185859147353 0.367104867339
28.5 -0.004814560811 -0.003579379002 0.626012779652 0.861191549970 -0.297171049394 0.192309854715 0.364767599222
28.6 -0.001355822116 0.001220176627 0.654543985483 0.864857149605 -0.322891588110 0.161040051459 0.349040448847
28.7 -0.006571073730 -0.004400561911 0.655617570155 0.859884492758 -0.295444014704 0.167990041353 0.380907914458
28.8 -0.006620602317 0.006404303875 0.646339135777 0.866077973852 -0.328765435748 0.151528472315 0.344762749647
28.9 -0.004905439971 0.009571371246 0.645670742040 0.868382366676 -0.328891243757 0.151493634094 0.338810114748
29.0 -0.007578723873 0.003551181616 0.641579166033 0.855520817589 -0.285094446020 0.192158843421 0.387143728368
29.1 -0.006470818826 0.002766654507 0.638568451665 0.869744272488 -0.292497672632 0.179616197501 0.354581490739
29.2 -0.002521948436 0.012617746941 0.637351153297 0.861144525449 -0.320951907496 0.159380444751 0.360579884623
29.3 -0.011440040286 0.003658360680 0.612086568429 0.845537893884 -0.292226805172 0.202201376375 0.398476809534
29.4 0.000000000000 0.000000000000 0.000000000000 0.000000000000 0.000000000000 0.000000000000 0.000000000000
29.5 0.001869145461 0.004490374420 0.639864474898 0.868911884385 -0.314723619577 0.156862694764 0.348332133812
29.6 0.004446446503 -0.007254903112 0.687855067885 0.882701293703 -0.278478127896 0.144907389221 0.349700167183
29.7 -0.000539953824 -0.006163033388 0.643121455480 0.873080629870 -0.294630233101 0.157413385933 0.355167939739
29.8 -0.000728924575 -0.007968596835 0.618186418440 0.876698204965 -0.276593093770 0.194466238459 0.342168671841
29.9 0.001042354696 -0.003816259118 0.633509510862 0.872549613026 -0.271102082730 0.187345657180 0.360641703472
30.0 0.000029003711 0.004477491487 0.634244514178 0.853938007356 -0.284673229011 0.192375629190 0.390823041248
30.1 0.005523067425 0.002976937745 0.648226406339 0.875469704481 -0.244422807700 0.142831477641 0.391675192740
30.2 -0.005402984959 0.000109753918 0.603165397116 0.881003642775 -0.258319143228 0.197599402371 0.343596096953
30.3 0.000000000000 0.000000000000 0.000000000000 0.000000000000 0.000000000000 0.000000000000 0.000000000000
30.4 -0.000087750757 0.014668695378 0.620287254851 0.860830707816 -0.262765962966 0.197364051295 0.388551119474
30.5 0.000762714465 0.009080506178 0.607623892153 0.861276129963 -0.254282914935 0.213243465733 0.384799755002
30.6 0.000000000000 0.000000000000 0.000000000000 0.000000000000 0.000000000000 0.000000000000 0.000000000000
30.7 0.000000000000 0.000000000000 0.000000000000 0.000000000000 0.000000000000 0.000000000000 0.000000000000
30.8 0.000000000000 0.000000000000 0.000000000000 0.000000000000 0.000000000000 0.000000000000 0.000000000000
30.9 0.000000000000 0.000000000000 0.000000000000 0.000000000000 0.000000000000 0.000000000000 0.000000000000
31.0 0.019092130742 -0.027202996255 0.629457991913 0.874081725445 -0.309812874817 0.138843151019 0.347447405021
31.1 0.000000000000 0.000000000000 0.000000000000 0.000000000000 0.000000000000 0.000000000000 0.000000000000
31.2 0.000000000000 0.000000000000 0.000000000000 0.000000000000 0.000000000000 0.000000000000 0.000000000000
31.3 0.005062104641 -0.006843091148 0.604950497789 0.849197251807 -0.279074303586 0.209138263743 0.396538456193
31.4 0.000000000000 0.000000000000 0.000000000000 0.000000000000 0.000000000000 0.000000000000 0.000000000000
31.5 0.004926278489 -0.005306984540 0.659411556909 0.867677100079 -0.316546944812 0.167018837450 0.345020564121
31.6 0.001007592551 -0.005684487926 0.635125322755 0.867148297152 -0.307018770198 0.153550831126 0.360853776139
31.7 0.007070246090 0.006343300381 0.629733674029 0.864216796022 -0.313159304555 0.150106704827 0.364044717871
31.8 -0.004325384224 -0.003882425631 0.619412675610 0.867228602676 -0.278635221954 0.183945622317 0.369379170796
31.9 -0.002327424125 -0.001644015829 0.613832012538 0.852082150634 -0.286990375172 0.194586884037 0.392082233326
32.0 0.000000000000 0.000000000000 0.000000000000 0.000000000000 0.000000000000 0.000000000000 0.000000000000
32.1 0.000000000000 0.000000000000 0.000000000000 0.000000000000 0.000000000000 0.000000000000 0.000000000000
32.2 0.000000000000 0.000000000000 0.000000000000 0.000000000000 0.000000000000 0.000000000000 0.000000000000
32.3 -0.009160999573 0.016022096771 0.596693888765 0.866026920916 -0.274097191033 0.209478797289 0.361920896885
32.4 -0.011546400649 0.023863272354 0.585737559511 0.832933629656 -0.276843029282 0.236021383109 0.416981309464
32.5 0.012475113351 0.040056112697 0.760133941705 0.759794659842 -0.201524793729 0.268313767581 0.556873014712
32.6 -0.001667231655 0.032428544539 0.643506584365 0.849464477437 -0.315471726022 0.164374569117 0.389703339324
32.7 -0.010185926586 0.025593836821 0.617760969540 0.815979327248 -0.301706845774 0.262775020012 0.417252927580
32.8 -0.011705214088 0.015044475179 0.591752527610 0.844699078735 -0.270575095173 0.235564806425 0.397217580464
32.9 -0.001783347031 0.031464976584 0.643888222432 0.846646308606 -0.314773632761 0.173910165949 0.392253543543
33.0 0.000000000000 0.000000000000 0.000000000000 0.000000000000 0.000000000000 0.000000000000 0.000000000000
33.1 0.000000000000 0.000000000000 0.000000000000 0.000000000000 0.000000000000 0.000000000000 0.000000000000
33.2 0.019989618468 -0.007387948424 0.638603274899 0.886501098905 -0.227832034046 0.116111706022 0.385650667869
33.3 0.012253610276 -0.007875769861 0.599102707984 0.864471615861 -0.256844524581 0.204932394049 0.380424012693
33.4 0.006780040573 -0.003306193382 0.567837879376 0.841387288191 -0.271234438027 0.228919927588 0.407547515821
33.5 0.021858296243 0.006782755368 0.630506494300 0.860599001004 -0.314265026557 0.135981754048 0.376982513016
33.6 0.017126159343 -0.004443720444 0.609454675823 0.858160162020 -0.266089896523 0.165241079664 0.406758760054
33.7 0.034797757260 0.002272635739 0.672013269087 0.843233731566 -0.236514354765 0.114940170149 0.468835356202
33.8 0.017880805356 -0.019941228372 0.579226445330 0.864011732296 -0.244821482515 0.200981797700 0.391347013719
33.9 0.027682535249 -0.018939712022 0.649269740100 0.880797777720 -0.251701240350 0.137160589926 0.376866996353
34.0 0.018218199570 -0.023756257519 0.594165400660 0.877478154552 -0.256310656103 0.156517254524 0.373950912405
34.1 0.012955894857 -0.021077627633 0.580632305187 0.864935285372 -0.254661798567 0.157343905449 0.402836462957
34.2 0.027050672263 -0.024392981408 0.637146551933 0.893867586509 -0.213641138776 0.077518220548 0.386457147812
34.3 0.000000000000 0.000000000000 0.000000000000 0.000000000000 0.000000000000 0.000000000000 0.000000000000
34.4 0.000000000000 0.000000000000 0.000000000000 0.000000000000 0.000000000000 0.000000000000 0.000000000000
34.5 0.000000000000 0.000000000000 0.000000000000 0.000000000000 0.000000000000 0.000000000000 0.000000000000
34.6 0.000000000000 0.000000000000 0.000000000000 0.000000000000 0.000000000000 0.000000000000 0.000000000000
34.7 0.000000000000 0.000000000000 0.000000000000 0.000000000000 0.000000000000 0.000000000000 0.000000000000
34.8 0.012247728124 0.024464664372 0.626662577523 0.864761941822 -0.218631908427 0.105168035538 0.439689159401
34.9 0.000798268049 0.027919861419 0.598918970470 0.853331532383 -0.233019468477 0.161245667492 0.437638044355
35.0 0.000000000000 0.000000000000 0.000000000000 0.000000000000 0.000000000000 0.000000000000 0.000000000000
35.1 0.000000000000 0.000000000000 0.000000000000 0.000000000000 0.000000000000 0.000000000000 0.000000000000
35.2 0.000000000000 0.000000000000 0.000000000000 0.000000000000 0.000000000000 0.000000000000 0.000000000000
35.3 0.013439966378 0.052349580325 0.639787274320 0.894575611243 -0.336834649268 0.016015318313 0.293292353124
35.4 0.090328984958 0.002885873857 0.607401593429 0.022920477787 -0.248293265605 0.902313280064 0.351647338357
35.5 0.000000000000 0.000000000000 0.000000000000 0.000000000000 0.000000000000 0.000000000000 0.000000000000
35.6 0.000000000000 0.000000000000 0.000000000000 0.000000000000 0.000000000000 0.000000000000 0.000000000000
35.7 0.000000000000 0.000000000000 0.000000000000 0.000000000000 0.000000000000 0.000000000000 0.000000000000
35.8 0.000000000000 0.000000000000 0.000000000000 0.000000000000 0.000000000000 0.000000000000 0.000000000000
35.9 -0.002760518908 0.029717530640 0.512235021007 -0.845623335104 0.198865084990 0.027944169451 0.494563420092
36.0 0.000000000000 0.000000000000 0.000000000000 0.000000000000 0.000000000000 0.000000000000 0.000000000000
36.1 -0.001245818812 0.049152020025 0.632881795681 0.909732086802 -0.263438493520 -0.003900124179 0.320893252353
36.2 0.007600123636 0.059928738608 0.695491973233 0.867194743597 -0.172700082667 0.092493395852 0.457813204100
36.3 -0.009523228790 0.044926885445 0.606478778836 0.900416131088 -0.221454103792 0.037623704854 0.372549765298
36.4 0.000000000000 0.000000000000 0.000000000000 0.000000000000 0.000000000000 0.000000000000 0.000000000000
36.5 0.000000000000 0.000000000000 0.000000000000 0.000000000000 0.000000000000 0.000000000000 0.000000000000
36.6 0.000000000000 0.000000000000 0.000000000000 0.000000000000 0.000000000000 0.000000000000 0.000000000000
36.7 -0.005668096554 0.059036601621 0.662125386751 0.921901762950 -0.243097632299 -0.042563696389 0.298645295274
36.8 0.000000000000 0.000000000000 0.000000000000 0.000000000000 0.000000000000 0.000000000000 0.000000000000
36.9 -0.011769199194 0.046698697670 0.652437073791 0.907721710898 -0.140805724569 0.063292006297 0.390139930580
37.0 0.071706041808 0.011741210304 0.883261361391 0.264071697470 0.219237569417 0.894893698096 0.285247779764
37.1 0.000000000000 0.000000000000 0.000000000000 0.000000000000 0.000000000000 0.000000000000 0.000000000000
37.2 -0.011060007487 0.032509421312 0.628475776794 0.914450007435 -0.112217493476 0.079505416261 0.380614380765
37.3 0.000000000000 0.000000000000 0.000000000000 0.000000000000 0.000000000000 0.000000000000 0.000000000000
37.4 -0.009597666606 0.031079485616 0.617975385372 0.900530578352 -0.095346888817 0.109782804990 0.409757713746
37.5 -0.014969231087 0.020409798217 0.583008707372 0.916931724039 -0.115657799734 0.115916722979 0.363899436858
37.6 -0.010409891081 0.030072147607 0.626737587285 0.902248438016 -0.105504319960 0.056851233221 0.414227632889
37.7 -0.015870956439 0.025408688795 0.607350915387 0.909327281210 -0.099590996469 0.075598476832 0.396850600819
37.8 -0.020871252460 0.028129665648 0.592584641370 0.891030411413 -0.108933001342 0.131569346277 0.420580449233
37.9 -0.019285965888 0.020158155671 0.589842565105 0.919983675416 -0.108523052549 0.107225063243 0.361047877499
38.0 0.013103205373 -0.032781342805 0.352339547063 0.725007253553 0.009046762395 -0.680206279020 0.107712842161
38.1 0.000000000000 0.000000000000 0.000000000000 0.000000000000 0.000000000000 0.000000000000 0.000000000000
38.2 0.008427009274 -0.032701341542 0.073922535822 0.524557385446 -0.195325753861 0.316531979147 -0.765829553772
38.3 0.000000000000 0.000000000000 0.000000000000 0.000000000000 0.000000000000 0.000000000000 0.000000000000
38.4 0.000947767764 0.005773222771 0.604702417369 0.965849162530 -0.051193316621 -0.106093229315 0.230778825431
38.5 0.000000000000 0.000000000000 0.000000000000 0.000000000000 0.000000000000 0.000000000000 0.000000000000
38.6 0.000000000000 0.000000000000 0.000000000000 0.000000000000 0.000000000000 0.000000000000 0.000000000000
38.7 0.000000000000 0.000000000000 0.000000000000 0.000000000000 0.000000000000 0.000000000000 0.000000000000
38.8 -0.027206917918 0.049464139927 0.684813326501 0.939675984900 -0.193249249333 -0.030648206650 0.280578791899
38.9 -0.028966991873 0.053165870899 0.675219014646 0.942024091283 -0.210693883847 -0.046499302569 0.256975706270
39.0 -0.035678727112 0.046913513008 0.708559970089 0.946824040591 -0.094526263581 0.049596079460 0.303528006211
39.1 0.000000000000 0.000000000000 0.000000000000 0.000000000000 0.000000000000 0.000000000000 0.000000000000
39.2 0.000000000000 0.000000000000 0.000000000000 0.000000000000 0.000000000000 0.000000000000 0.000000000000
39.3 -0.017816197218 0.062198296800 0.737053570335 0.943875483527 -0.193195505805 -0.061773353076 0.260688743493
39.4 0.000000000000 0.000000000000 0.000000000000 0.000000000000 0.000000000000 0.000000000000 0.000000000000
39.5 0.000000000000 0.000000000000 0.000000000000 0.000000000000 0.000000000000 0.000000000000 0.000000000000
39.6 0.000000000000 0.000000000000 0.000000000000 0.000000000000 0.000000000000 0.000000000000 0.000000000000
39.7 0.000000000000 0.000000000000 0.000000000000 0.000000000000 0.000000000000 0.000000000000 0.000000000000
39.8 0.000000000000 0.000000000000 0.000000000000 0.000000000000 0.000000000000 0.000000000000 0.000000000000
39.9 0.000000000000 0.000000000000 0.000000000000 0.000000000000 0.000000000000 0.000000000000 0.000000000000
40.0 0.012779929067 0.032202751920 0.639030168196 0.950403535597 -0.122660734576 0.038712092469 0.283176336607
40.1 0.000000000000 0.000000000000 0.000000000000 0.000000000000 0.000000000000 0.000000000000 0.000000000000
40.2 0.000000000000 0.000000000000 0.000000000000 0.000000000000 0.000000000000 0.000000000000 0.000000000000
40.3 0.000000000000 0.000000000000 0.000000000000 0.000000000000 0.000000000000 0.000000000000 0.000000000000
40.4 0.000000000000 0.000000000000 0.000000000000 0.000000000000 0.000000000000 0.000000000000 0.000000000000
40.5 0.022453589245 0.016179882074 0.598017438937 0.963996269776 -0.059185222852 -0.131755397609 0.223268485137
40.6 0.000000000000 0.000000000000 0.000000000000 0.000000000000 0.000000000000 0.000000000000 0.000000000000
40.7 0.010497161213 0.049719889321 0.692690369888 0.942296772605 -0.185135141990 -0.094378165933 0.262477681590
40.8 0.000000000000 0.000000000000 0.000000000000 0.000000000000 0.000000000000 0.000000000000 0.000000000000
40.9 0.000000000000 0.000000000000 0.000000000000 0.000000000000 0.000000000000 0.000000000000 0.000000000000
41.0 0.011899606119 0.042416576123 0.684942564104 0.948700175761 -0.148109525609 -0.023762223653 0.278328765424
41.1 0.000000000000 0.000000000000 0.000000000000 0.000000000000 0.000000000000 0.000000000000 0.000000000000
41.2 0.000000000000 0.000000000000 0.000000000000 0.000000000000 0.000000000000 0.000000000000 0.000000000000
41.3 0.000000000000 0.000000000000 0.000000000000 0.000000000000 0.000000000000 0.000000000000 0.000000000000
41.4 0.000000000000 0.000000000000 0.000000000000 0.000000000000 0.000000000000 0.000000000000 0.000000000000
41.5 0.000000000000 0.000000000000 0.000000000000 0.000000000000 0.000000000000 0.000000000000 0.000000000000
41.6 0.000000000000 0.000000000000 0.000000000000 0.000000000000 0.000000000000 0.000000000000 0.000000000000
41.7 -0.006181511985 0.076372273346 0.754766872906 0.949435459925 -0.175167401595 -0.041508795846 0.257226959557
41.8 0.000000000000 0.000000000000 0.000000000000 0.000000000000 0.000000000000 0.000000000000 0.000000000000
41.9 0.000000000000 0.000000000000 0.000000000000 0.000000000000 0.000000000000 0.000000000000 0.000000000000
42.0 0.000000000000 0.000000000000 0.000000000000 0.000000000000 0.000000000000 0.000000000000 0.000000000000
42.1 0.016058815271 0.073416983316 0.775751629845 0.953784263954 -0.189165763399 -0.079905452507 0.219378691879
42.2 0.014493607682 0.067820238099 0.749487554141 0.949392192791 -0.207830915075 -0.089738733135 0.217733173363
42.3 0.000000000000 0.000000000000 0.000000000000 0.000000000000 0.000000000000 0.000000000000 0.000000000000
42.4 0.000000000000 0.000000000000 0.000000000000 0.000000000000 0.000000000000 0.000000000000 0.000000000000
42.5 0.000000000000 0.000000000000 0.000000000000 0.000000000000 0.000000000000 0.000000000000 0.000000000000
42.6 0.000000000000 0.000000000000 0.000000000000 0.000000000000 0.000000000000 0.000000000000 0.000000000000
42.7 0.000000000000 0.000000000000 0.000000000000 0.000000000000 0.000000000000 0.000000000000 0.000000000000
42.8 0.000000000000 0.000000000000 0.000000000000 0.000000000000 0.000000000000 0.000000000000 0.000000000000
42.9 0.004315796458 0.018589948752 0.690406494538 0.939079698030 -0.155400233878 0.067165279271 0.299113545865
43.0 0.005428362680 0.025438787908 0.659517775392 -0.922369944193 0.169220044918 -0.039996407262 -0.344961664325
43.1 0.006518273187 0.024963352968 0.672397129146 -0.922896056647 0.190506185992 -0.057729043339 -0.329602213704
43.2 0.005945893682 0.022003727598 0.677674502504 -0.932437330622 0.199205037350 -0.065623817644 -0.294230338536
43.3 0.002738531383 -0.033589245038 0.073662358973 0.507116506775 -0.251642621147 0.387196096319 -0.727727986801
43.4 0.012757278772 0.012990052595 0.700869789433 0.932624398346 -0.219402523679 0.043474344603 0.283168228399
43.5 0.016069274124 0.021124602419 0.717602606363 0.924294312255 -0.218722660350 0.093659471657 0.298443169719
43.6 0.024602034059 0.044596868154 0.772663849469 0.889213398994 -0.255799258803 0.056093305893 0.375126393738
43.7 0.019666510017 0.033068712162 0.698258839780 0.911469551714 -0.233001541630 0.082201231664 0.328901954098
43.8 0.033100792405 0.036425127883 0.745471164978 0.930672343493 -0.308815437834 -0.045901376171 0.190722515921
43.9 0.108242505557 -0.034738076981 0.416608238232 0.865568495402 0.443195501872 -0.129270739539 0.194056699927
44.0 0.025497167743 0.041169994582 0.686059790905 0.904677678058 -0.260643647078 0.113337726443 0.317455111514
44.1 0.000000000000 0.000000000000 0.000000000000 0.000000000000 0.000000000000 0.000000000000 0.000000000000
44.2 0.046429576115 0.057777577399 0.722115828716 0.870875929625 -0.307279218801 0.127387687748 0.361838325641
44.3 0.052138514945 0.063910494869 0.717364290748 0.853188589586 -0.309472042053 0.157438968366 0.389241900402
44.4 0.055529704572 0.060110825727 0.739782341517 0.865549302912 -0.336238918697 0.120757883941 0.350977673433
44.5 0.062071697753 0.055538249773 0.747339944530 0.876940192725 -0.330671316230 0.079244986666 0.339635997938
44.6 0.000000000000 0.000000000000 0.000000000000 0.000000000000 0.000000000000 0.000000000000 0.000000000000
44.7 0.000000000000 0.000000000000 0.000000000000 0.000000000000 0.000000000000 0.000000000000 0.000000000000
44.8 0.000000000000 0.000000000000 0.000000000000 0.000000000000 0.000000000000 0.000000000000 0.000000000000
44.9 0.000000000000 0.000000000000 0.000000000000 0.000000000000 0.000000000000 0.000000000000 0.000000000000
45.0 0.092670562092 0.037115230058 0.779622996996 0.904054624101 -0.261857969573 0.051380145722 0.333879800286
45.1 0.000000000000 0.000000000000 0.000000000000 0.000000000000 0.000000000000 0.000000000000 0.000000000000
45.2 0.000000000000 0.000000000000 0.000000000000 0.000000000000 0.000000000000 0.000000000000 0.000000000000
45.3 0.114549354094 0.055814012573 0.858474653771 0.858605336752 -0.361563641324 0.062029273219 0.358079569702
45.4 0.000000000000 0.000000000000 0.000000000000 0.000000000000 0.000000000000 0.000000000000 0.000000000000
45.5 0.000000000000 0.000000000000 0.000000000000 0.000000000000 0.000000000000 0.000000000000 0.000000000000
45.6 0.000000000000 0.000000000000 0.000000000000 0.000000000000 0.000000000000 0.000000000000 0.000000000000
45.7 0.109117826455 0.031247470996 0.791153993984 0.838173712580 -0.519975384702 -0.164136025178 -0.012238957574
45.8 0.105782668917 0.038410493914 0.785048478370 0.851431713065 -0.472665786509 0.090711148233 0.208380852855
45.9 0.120831397648 0.040757391535 0.835450102395 0.846889870927 -0.491338499074 0.090549863291 0.182111910943
46.0 0.097749054814 0.040273116565 0.745271190640 0.831065488156 -0.458256983222 0.146018056080 0.279301663124
46.1 0.102114827591 0.045609118468 0.785463305041 0.834791365698 -0.438793153729 0.158685630596 0.292237599631
46.2 0.070248463103 0.047541661254 0.693232250724 0.783111714312 -0.478507523592 0.179201208903 0.354476401894
46.3 0.084628159324 0.042717128352 0.771750764218 0.801580677295 -0.502155032744 0.184288512933 0.267107627891
46.4 0.086199401900 0.042693102834 0.786097251477 0.772432980071 -0.518218276278 0.279386252630 0.238202500556
46.5 0.087835344037 0.041188787287 0.776713173794 0.783262740658 -0.504154005839 0.201957739357 0.302557910172
46.6 0.087168508790 0.039766827476 0.761189728975 0.779310990772 -0.501155978376 0.212155822713 0.310655712791
46.7 0.093585536031 0.045570654982 0.791261808484 0.771529862671 -0.535200459055 0.259148866164 0.226150403051
46.8 0.093228174650 0.044379567234 0.802126713884 0.792480884625 -0.513676869518 0.190690079507 0.267857079062
46.9 0.081528107680 0.044534719340 0.758828159551 0.783297275519 -0.517894362981 0.201565272044 0.278571800553
47.0 0.097139082751 0.050654337084 0.838397198548 0.805216020478 -0.519216705940 0.118153996027 0.260922988372
47.1 0.081789701463 0.049392568256 0.759907511503 0.782257718915 -0.512146779598 0.215559234458 0.281625200905
47.2 0.088421085010 0.055591339086 0.785816774068 0.777776153334 -0.525196994915 0.201849576292 0.280159098349
47.3 0.095968249033 0.059194981679 0.824304343024 0.801039989276 -0.538799489853 0.125420536760 0.228691351551
47.4 0.082637167028 0.060579334833 0.775623494361 0.774645505090 -0.515192643746 0.215063424709 0.297066666973
47.5 0.085395969689 0.060110375882 0.796840149139 0.782273712679 -0.496091500927 0.208724022400 0.313648439550
47.6 0.080576679027 0.060355439932 0.797654887125 0.766926650483 -0.530737134053 0.273007097133 0.235815038178
47.7 0.076630091029 0.054234941336 0.775542840693 0.779276395564 -0.509565471317 0.211499027227 0.297219601036
47.8 0.078004647596 0.051899835786 0.789118527770 0.783165002905 -0.514620776285 0.181407276093 0.298176851921
47.9 0.000000000000 0.000000000000 0.000000000000 0.000000000000 0.000000000000 0.000000000000 0.000000000000
48.0 0.065845985639 0.055658683986 0.793052541482 0.798093724297 -0.522210345733 0.156103229617 0.256855102635
48.1 0.058732727375 0.062725171511 0.767334848707 0.770228150877 -0.527396372611 0.195890852429 0.300380484865
48.2 0.057747052592 0.065933875252 0.782881517530 0.775234436175 -0.529974136156 0.193970765646 0.283750464403
48.3 0.066355173109 0.067306153899 0.856480239514 0.829068657668 -0.509930198408 0.056921016100 0.222207901638
48.4 0.056444555301 0.068043397823 0.829565263992 0.767944952412 -0.474891956702 0.250858306103 0.349010443661
48.5 0.000000000000 0.000000000000 0.000000000000 0.000000000000 0.000000000000 0.000000000000 0.000000000000
48.6 0.036822940922 0.057174204838 0.773274808471 0.815399119464 -0.483227207180 0.146694179110 0.283013356636
48.7 0.026771745499 0.054722623601 0.714775947590 0.771356054010 -0.480868129716 0.222935534192 0.352243420606
48.8 0.000000000000 0.000000000000 0.000000000000 0.589999627286 -0.287197846662 0.360647889012 0.662835527734
48.9 -0.000000000000 0.000000000000 0.000000000000 -0.742608976974 0.073310793838 0.520891733270 0.414522902909
49.0 0.026414026014 0.065379506137 0.760714868040 0.742377429246 -0.514078189511 0.332546236937 0.272052141902
49.1 0.018987193048 0.060546823151 0.702963650007 0.769569951943 -0.480856642914 0.224793564351 0.354974409583
49.2 0.024528029188 0.059196840711 0.746521001973 0.788387302450 -0.490267174292 0.171040419482 0.329892003619
49.3 0.018001429451 0.049422722076 0.691820404234 0.776629934800 -0.468814027339 0.230979107554 0.351721486431
49.4 0.000000000000 0.000000000000 0.000000000000 0.600364429344 -0.276891745747 0.373529958087 0.650668028665
49.5 0.025458137849 0.056758892077 0.782066214287 0.767022699000 -0.503585879430 0.310696343836 0.248083097338
49.6 0.026715800172 0.055793664223 0.807064574393 0.808490543938 -0.478690209555 0.193758147581 0.282234838186
49.7 0.015724257781 0.058204505498 0.780718162056 0.781432569138 -0.505278325193 0.218784091723 0.293582143855
49.8 0.000000000000 0.000000000000 0.000000000000 0.000000000000 0.000000000000 0.000000000000 0.000000000000
49.9 0.000000000000 0.000000000000 0.000000000000 0.000000000000 0.000000000000 0.000000000000 0.000000000000
50.0 0.013702821438 0.030740401140 0.832923973523 0.781085017874 -0.496305165156 0.237685532242 0.295115173542
50.1 0.000000000000 0.000000000000 0.000000000000 0.000000000000 0.000000000000 0.000000000000 0.000000000000
50.2 0.021413017084 0.013270438542 0.963281057137 0.773668866676 -0.574753392124 0.123330582164 0.236399218445
50.3 0.000000000000 0.000000000000 0.000000000000 0.000000000000 0.000000000000 0.000000000000 0.000000000000
50.4 0.000000000000 0.000000000000 0.000000000000 0.000000000000 0.000000000000 0.000000000000 0.000000000000
50.5 0.000000000000 0.000000000000 0.000000000000 0.000000000000 0.000000000000 0.000000000000 0.000000000000
50.6 0.000000000000 0.000000000000 0.000000000000 0.000000000000 0.000000000000 0.000000000000 0.000000000000
50.7 0.000000000000 0.000000000000 0.000000000000 0.000000000000 0.000000000000 0.000000000000 0.000000000000
50.8 0.067294831619 -0.012394805940 0.802349093068 0.710027291281 -0.593224953020 0.240398837014 0.293519675513
50.9 0.059603558276 -0.013516335953 0.759654797938 0.699368982472 -0.586730108213 0.263748231761 0.311556859521
51.0 0.058748294722 -0.016155138556 0.775771338299 0.704269978490 -0.588533360862 0.256518277101 0.303035730669
51.1 0.057703546462 -0.014633921821 0.811350558881 0.694462770621 -0.608285462290 0.233788434575 0.305046266076
51.2 0.054235132446 -0.013876500654 0.796167041399 0.650118675931 -0.624675482273 0.336440497303 0.271908147776
51.3 0.000000000000 0.000000000000 0.000000000000 0.000000000000 0.000000000000 0.000000000000 0.000000000000
51.4 0.000000000000 0.000000000000 0.000000000000 0.000000000000 0.000000000000 0.000000000000 0.000000000000
51.5 0.000000000000 0.000000000000 0.000000000000 0.000000000000 0.000000000000 0.000000000000 0.000000000000
51.6 0.092369174462 -0.020291580701 0.805137746995 0.657793380450 -0.639343080399 0.321026611450 0.235563598470
51.7 0.000000000000 0.000000000000 0.000000000000 0.000000000000 0.000000000000 0.000000000000 0.000000000000
51.8 0.093790825520 -0.021317455052 0.753833514286 0.669155523279 -0.602554539488 0.272691238018 0.338819127729
51.9 0.000000000000 0.000000000000 0.000000000000 0.000000000000 0.000000000000 0.000000000000 0.000000000000
52.0 0.000000000000 0.000000000000 0.000000000000 0.000000000000 0.000000000000 0.000000000000 0.000000000000
52.1 0.131702007473 -0.026824717789 0.805845257070 0.662711097808 -0.626499273094 0.314467005016 0.263482759228
52.2 0.000000000000 0.000000000000 0.000000000000 0.000000000000 0.000000000000 0.000000000000 0.000000000000
52.3 0.144156315044 -0.014418744346 0.866086492506 0.677311884403 -0.632767550953 0.217860234277 0.305599011824
52.4 0.116526103972 -0.016056701488 0.745125749408 0.675003202391 -0.580265174052 0.276190784907 0.362466074104
52.5 0.000000000000 -0.000000000000 0.000000000000 0.711302303080 -0.657776036571 0.066886317736 0.238549659077
52.6 0.126542506426 -0.025653497346 0.825535211900 0.628158969208 -0.686725770059 0.300024216829 0.209307179657
52.7 0.000000000000 0.000000000000 0.000000000000 0.000000000000 0.000000000000 0.000000000000 0.000000000000
52.8 0.137643555365 -0.007802620770 0.900214606385 -0.706374570313 0.653572804189 -0.175033439883 -0.207944345830
52.9 0.135075204376 -0.013689435260 0.865148153176 0.707788045851 -0.638525606667 0.231812737821 0.193865897890
53.0 0.145603337073 0.009338189556 0.902251996020 0.626955299823 -0.715828707274 0.215834419909 0.218933362119
53.1 0.120865493588 0.006967087248 0.803287716707 0.629382579303 -0.628209362329 0.347663315084 0.297255420971
53.2 0.000000000000 0.000000000000 0.000000000000 0.000000000000 0.000000000000 0.000000000000 0.000000000000
53.3 0.121171798603 0.009186665304 0.810927575511 0.633232430379 -0.679972855758 0.301304726567 0.214170647609
53.4 0.123264102079 0.008633584175 0.816474717377 0.628104337494 -0.714419837938 0.275271087859 0.138978647893
53.5 0.139819196305 0.016361970402 0.904394034549 0.682866697849 -0.690703238609 0.125989062830 0.201863481569
53.6 0.111783549322 0.024780308083 0.782048649582 0.605529560742 -0.603937869249 0.380165266992 0.352231984532
53.7 0.000000000000 0.000000000000 0.000000000000 0.000000000000 0.000000000000 0.000000000000 0.000000000000
53.8 0.109919375324 0.016458440321 0.762666392200 0.630161598864 -0.586483324858 0.368107384350 0.351326945406
53.9 0.000000000000 0.000000000000 0.000000000000 0.000000000000 0.000000000000 0.000000000000 0.000000000000
54.0 0.119080236989 0.021113941846 0.877369664522 0.697410833007 -0.641616318020 0.220169121054 0.231240542702
54.1 0.090416084269 0.008349260934 0.737069196829 0.668733729820 -0.571454978976 0.299230208544 0.369723799476
54.2 0.000000000000 0.000000000000 0.000000000000 0.000000000000 0.000000000000 0.000000000000 0.000000000000
54.3 0.000000000000 0.000000000000 0.000000000000 0.000000000000 0.000000000000 0.000000000000 0.000000000000
54.4 0.000000000000 0.000000000000 0.000000000000 0.000000000000 0.000000000000 0.000000000000 0.000000000000
54.5 0.000000000000 0.000000000000 0.000000000000 0.000000000000 0.000000000000 0.000000000000 0.000000000000
54.6 0.000000000000 0.000000000000 0.000000000000 0.000000000000 0.000000000000 0.000000000000 0.000000000000
54.7 0.082606291068 -0.061672510656 0.755416897585 0.613823815608 -0.657947617281 0.355088353154 0.253451213769
54.8 0.065107330129 -0.051912051466 0.680166319260 0.626434842722 -0.624939412364 0.306954805514 0.350440959463
54.9 0.082033574737 -0.056395211688 0.765199060441 0.627129839184 -0.664261930778 0.273575237926 0.301032957195
55.0 0.000000000000 0.000000000000 0.000000000000 0.000000000000 0.000000000000 0.000000000000 0.000000000000
55.1 0.000000000000 0.000000000000 0.000000000000 0.000000000000 0.000000000000 0.000000000000 0.000000000000
55.2 0.070325663451 -0.035017193932 0.744054242947 0.601569038364 -0.644407815551 0.318886893401 0.348086783080
55.3 0.067233526674 -0.034027392680 0.721801221186 0.605107708487 -0.642844645826 0.325039890984 0.339034646802
55.4 0.062670622167 -0.031591701664 0.690508792821 0.594419368476 -0.645817345661 0.336817629931 0.340792392215
55.5 0.000000000000 0.000000000000 0.000000000000 0.000000000000 0.000000000000 0.000000000000 0.000000000000
55.6 0.060258315473 -0.026362466575 0.689657255122 0.583590591264 -0.648306333077 0.354428548511 0.336899575959
55.7 0.062541122079 -0.022215403457 0.693092516843 0.569708927687 -0.663696449851 0.344314886199 0.341153952507
55.8 0.000000000000 0.000000000000 0.000000000000 0.000000000000 0.000000000000 0.000000000000 0.000000000000
55.9 0.000000000000 0.000000000000 0.000000000000 0.000000000000 0.000000000000 0.000000000000 0.000000000000
56.0 0.000000000000 0.000000000000 0.000000000000 0.000000000000 0.000000000000 0.000000000000 0.000000000000
56.1 0.000000000000 0.000000000000 0.000000000000 0.000000000000 0.000000000000 0.000000000000 0.000000000000
56.2 0.000000000000 0.000000000000 0.000000000000 0.000000000000 0.000000000000 0.000000000000 0.000000000000
56.3 0.000000000000 0.000000000000 0.000000000000 0.000000000000 0.000000000000 0.000000000000 0.000000000000
56.4 0.000000000000 0.000000000000 0.000000000000 0.000000000000 0.000000000000 0.000000000000 0.000000000000
56.5 0.000000000000 0.000000000000 0.000000000000 0.000000000000 0.000000000000 0.000000000000 0.000000000000
56.6 0.000000000000 0.000000000000 0.000000000000 0.000000000000 0.000000000000 0.000000000000 0.000000000000
56.7 0.000000000000 0.000000000000 0.000000000000 0.000000000000 0.000000000000 0.000000000000 0.000000000000
56.8 0.000000000000 0.000000000000 0.000000000000 0.000000000000 0.000000000000 0.000000000000 0.000000000000
56.9 0.000000000000 0.000000000000 0.000000000000 0.000000000000 0.000000000000 0.000000000000 0.000000000000
57.0 0.000000000000 0.000000000000 0.000000000000 0.000000000000 0.000000000000 0.000000000000 0.000000000000
57.1 0.000000000000 0.000000000000 0.000000000000 0.000000000000 0.000000000000 0.000000000000 0.000000000000
57.2 0.000000000000 0.000000000000 0.000000000000 0.000000000000 0.000000000000 0.000000000000 0.000000000000
57.3 0.000000000000 0.000000000000 0.000000000000 0.000000000000 0.000000000000 0.000000000000 0.000000000000
57.4 0.000000000000 0.000000000000 0.000000000000 0.000000000000 0.000000000000 0.000000000000 0.000000000000
57.5 0.000000000000 0.000000000000 0.000000000000 0.000000000000 0.000000000000 0.000000000000 0.000000000000
57.6 0.000000000000 0.000000000000 0.000000000000 0.000000000000 0.000000000000 0.000000000000 0.000000000000
57.7 0.000000000000 0.000000000000 0.000000000000 0.000000000000 0.000000000000 0.000000000000 0.000000000000
57.8 0.000000000000 0.000000000000 0.000000000000 0.000000000000 0.000000000000 0.000000000000 0.000000000000
57.9 0.000000000000 0.000000000000 0.000000000000 0.000000000000 0.000000000000 0.000000000000 0.000000000000
58.0 0.000000000000 0.000000000000 0.000000000000 0.000000000000 0.000000000000 0.000000000000 0.000000000000
58.1 0.000000000000 0.000000000000 0.000000000000 0.000000000000 0.000000000000 0.000000000000 0.000000000000
58.2 0.100833440625 -0.082751451972 0.686070817294 0.473221555830 -0.745578143136 0.393066142829 0.256268607007
58.3 0.000000000000 0.000000000000 0.000000000000 0.000000000000 0.000000000000 0.000000000000 0.000000000000
58.4 0.000000000000 0.000000000000 0.000000000000 0.000000000000 0.000000000000 0.000000000000 0.000000000000
58.5 0.000000000000 0.000000000000 0.000000000000 0.000000000000 0.000000000000 0.000000000000 0.000000000000
58.6 0.000000000000 0.000000000000 0.000000000000 0.000000000000 0.000000000000 0.000000000000 0.000000000000
58.7 0.000000000000 0.000000000000 0.000000000000 0.000000000000 0.000000000000 0.000000000000 0.000000000000
58.8 0.000000000000 0.000000000000 0.000000000000 0.000000000000 0.000000000000 0.000000000000 0.000000000000
58.9 0.000000000000 0.000000000000 0.000000000000 0.000000000000 0.000000000000 0.000000000000 0.000000000000
59.0 0.000000000000 0.000000000000 0.000000000000 0.000000000000 0.000000000000 0.000000000000 0.000000000000
59.1 0.000000000000 0.000000000000 0.000000000000 0.000000000000 0.000000000000 0.000000000000 0.000000000000
59.2 0.000000000000 0.000000000000 0.000000000000 0.000000000000 0.000000000000 0.000000000000 0.000000000000
59.3 0.000000000000 0.000000000000 0.000000000000 0.000000000000 0.000000000000 0.000000000000 0.000000000000
59.4 0.000000000000 0.000000000000 0.000000000000 0.000000000000 0.000000000000 0.000000000000 0.000000000000
59.5 0.000000000000 0.000000000000 0.000000000000 0.000000000000 0.000000000000 0.000000000000 0.000000000000
59.6 0.000000000000 0.000000000000 0.000000000000 0.000000000000 0.000000000000 0.000000000000 0.000000000000
59.7 0.000000000000 0.000000000000 0.000000000000 0.000000000000 0.000000000000 0.000000000000 0.000000000000
59.8 0.000000000000 0.000000000000 0.000000000000 0.000000000000 0.000000000000 0.000000000000 0.000000000000
59.9 0.000000000000 0.000000000000 0.000000000000 0.000000000000 0.000000000000 0.000000000000 0.000000000000
60.0 0.000000000000 0.000000000000 0.000000000000 0.000000000000 0.000000000000 0.000000000000 0.000000000000
60.1 0.000000000000 0.000000000000 0.000000000000 0.000000000000 0.000000000000 0.000000000000 0.000000000000
60.2 0.000000000000 0.000000000000 0.000000000000 0.000000000000 0.000000000000 0.000000000000 0.000000000000
60.3 0.000000000000 0.000000000000 0.000000000000 0.000000000000 0.000000000000 0.000000000000 0.000000000000
60.4 0.000000000000 0.000000000000 0.000000000000 0.000000000000 0.000000000000 0.000000000000 0.000000000000
60.5 0.000000000000 0.000000000000 0.000000000000 0.000000000000 0.000000000000 0.000000000000 0.000000000000
60.6 0.000000000000 0.000000000000 0.000000000000 0.000000000000 0.000000000000 0.000000000000 0.000000000000
60.7 0.000000000000 0.000000000000 0.000000000000 0.000000000000 0.000000000000 0.000000000000 0.000000000000
60.8 0.000000000000 0.000000000000 0.000000000000 0.000000000000 0.000000000000 0.000000000000 0.000000000000
60.9 0.000000000000 0.000000000000 0.000000000000 0.000000000000 0.000000000000 0.000000000000 0.000000000000
61.0 0.060520474617 0.070185004824 0.646994752498 0.570490422616 -0.692095867284 0.346568411260 0.274653098486
61.1 0.000000000000 0.000000000000 0.000000000000 0.000000000000 0.000000000000 0.000000000000 0.000000000000
61.2 0.000000000000 0.000000000000 0.000000000000 0.000000000000 0.000000000000 0.000000000000 0.000000000000
61.3 0.000000000000 0.000000000000 0.000000000000 0.000000000000 0.000000000000 0.000000000000 0.000000000000
61.4 0.000000000000 0.000000000000 0.000000000000 0.000000000000 0.000000000000 0.000000000000 0.000000000000
61.5 0.055143816720 0.055236534757 0.679226889221 0.554543566616 -0.714122110179 0.329310988854 0.272149438910
61.6 0.049243169488 0.051044832981 0.657323186517 0.556028221748 -0.699477190141 0.343703067197 0.288846808346
61.7 0.000000000000 0.000000000000 0.000000000000 0.000000000000 0.000000000000 0.000000000000 0.000000000000
61.8 0.000000000000 0.000000000000 0.000000000000 0.000000000000 0.000000000000 0.000000000000 0.000000000000
61.9 0.000000000000 0.000000000000 0.000000000000 0.000000000000 0.000000000000 0.000000000000 0.000000000000
62.0 0.000000000000 0.000000000000 0.000000000000 0.000000000000 0.000000000000 0.000000000000 0.000000000000
62.1 0.042570228507 0.011387083996 0.642489584105 0.566709600421 -0.706729739820 0.323903860126 0.272872851417
62.2 0.041741145318 0.010879609346 0.644895361429 0.571410780973 -0.698463160309 0.324844817071 0.283045540331
62.3 0.048630392173 0.012185438207 0.684790843311 0.562349265110 -0.724769105855 0.302534111900 0.258739557017
62.4 0.058391193912 -0.005861113346 0.756557513030 0.572208187606 -0.718914386687 0.349807035355 0.182688074781
62.5 0.000000000000 0.000000000000 0.000000000000 0.000000000000 0.000000000000 0.000000000000 0.000000000000
62.6 0.000000000000 0.000000000000 0.000000000000 0.000000000000 0.000000000000 0.000000000000 0.000000000000
62.7 0.000000000000 0.000000000000 0.000000000000 0.000000000000 0.000000000000 0.000000000000 0.000000000000
62.8 0.050051291950 0.024694845890 0.667729682496 0.560683163331 -0.730061949661 0.273167494593 0.279326797696
62.9 0.045467156272 0.015249422088 0.663621468750 0.571612862551 -0.698887448108 0.322417186156 0.284362846225
63.0 0.048144116457 0.015462223973 0.677991999199 0.574331501873 -0.706970185430 0.311609027556 0.270622055301
63.1 0.000000000000 0.000000000000 0.000000000000 0.000000000000 0.000000000000 0.000000000000 0.000000000000
63.2 0.000000000000 0.000000000000 0.000000000000 0.000000000000 0.000000000000 0.000000000000 0.000000000000
63.3 0.000000000000 0.000000000000 0.000000000000 0.000000000000 0.000000000000 0.000000000000 0.000000000000
63.4 0.000000000000 0.000000000000 0.000000000000 0.000000000000 0.000000000000 0.000000000000 0.000000000000
63.5 0.000000000000 0.000000000000 0.000000000000 0.000000000000 0.000000000000 0.000000000000 0.000000000000
63.6 0.000000000000 0.000000000000 0.000000000000 0.000000000000 0.000000000000 0.000000000000 0.000000000000
63.7 0.000000000000 0.000000000000 0.000000000000 0.000000000000 0.000000000000 0.000000000000 0.000000000000
63.8 0.000000000000 0.000000000000 0.000000000000 0.000000000000 0.000000000000 0.000000000000 0.000000000000
63.9 0.000000000000 0.000000000000 0.000000000000 0.000000000000 0.000000000000 0.000000000000 0.000000000000
64.0 0.000000000000 0.000000000000 0.000000000000 0.000000000000 0.000000000000 0.000000000000 0.000000000000
64.1 0.000000000000 0.000000000000 0.000000000000 0.000000000000 0.000000000000 0.000000000000 0.000000000000
64.2 0.000000000000 0.000000000000 0.000000000000 0.000000000000 0.000000000000 0.000000000000 0.000000000000
64.3 0.000000000000 0.000000000000 0.000000000000 0.000000000000 0.000000000000 0.000000000000 0.000000000000
64.4 0.000000000000 0.000000000000 0.000000000000 0.000000000000 0.000000000000 0.000000000000 0.000000000000
64.5 0.000000000000 0.000000000000 0.000000000000 0.000000000000 0.000000000000 0.000000000000 0.000000000000
64.6 0.000000000000 0.000000000000 0.000000000000 0.000000000000 0.000000000000 0.000000000000 0.000000000000
64.7 0.000000000000 0.000000000000 0.000000000000 0.000000000000 0.000000000000 0.000000000000 0.000000000000
64.8 0.000000000000 0.000000000000 0.000000000000 0.000000000000 0.000000000000 0.000000000000 0.000000000000
64.9 0.000000000000 0.000000000000 0.000000000000 0.000000000000 0.000000000000 0.000000000000 0.000000000000
65.0 0.000000000000 0.000000000000 0.000000000000 0.000000000000 0.000000000000 0.000000000000 0.000000000000
65.1 0.000000000000 0.000000000000 0.000000000000 0.000000000000 0.000000000000 0.000000000000 0.000000000000
65.2 0.000000000000 0.000000000000 0.000000000000 0.000000000000 0.000000000000 0.000000000000 0.000000000000
65.3 0.000000000000 0.000000000000 0.000000000000 0.000000000000 0.000000000000 0.000000000000 0.000000000000
65.4 0.000000000000 0.000000000000 0.000000000000 0.000000000000 0.000000000000 0.000000000000 0.000000000000
65.5 0.000000000000 0.000000000000 0.000000000000 0.000000000000 0.000000000000 0.000000000000 0.000000000000
65.6 0.000000000000 0.000000000000 0.000000000000 0.000000000000 0.000000000000 0.000000000000 0.000000000000
65.7 0.000000000000 0.000000000000 0.000000000000 0.000000000000 0.000000000000 0.000000000000 0.000000000000
65.8 0.000000000000 0.000000000000 0.000000000000 0.000000000000 0.000000000000 0.000000000000 0.000000000000
65.9 0.000000000000 0.000000000000 0.000000000000 0.000000000000 0.000000000000 0.000000000000 0.000000000000
66.0 0.000000000000 0.000000000000 0.000000000000 0.000000000000 0.000000000000 0.000000000000 0.000000000000
66.1 0.000000000000 0.000000000000 0.000000000000 0.000000000000 0.000000000000 0.000000000000 0.000000000000
66.2 0.000000000000 0.000000000000 0.000000000000 0.000000000000 0.000000000000 0.000000000000 0.000000000000
66.3 0.000000000000 0.000000000000 0.000000000000 0.000000000000 0.000000000000 0.000000000000 0.000000000000
66.4 0.000000000000 0.000000000000 0.000000000000 0.000000000000 0.000000000000 0.000000000000 0.000000000000
66.5 0.097475607341 0.004568891981 0.796633508739 0.770369865726 -0.591558213554 0.163745277961 0.172559073663
66.6 0.091240192534 0.002884247841 0.773566469760 0.755915695003 -0.605438015448 0.187750297065 0.163664588262
66.7 0.000000000000 0.000000000000 0.000000000000 0.000000000000 0.000000000000 0.000000000000 0.000000000000
66.8 0.099395088639 -0.016665325054 0.799829918597 0.754718194976 -0.614263580376 0.187548611510 0.133814118528
66.9 0.000000000000 0.000000000000 0.000000000000 0.000000000000 0.000000000000 0.000000000000 0.000000000000
67.0 0.127253409517 -0.001878217658 0.870000514606 0.701183792294 -0.672166130212 -0.228200985298 0.066770451014
67.1 0.000000000000 0.000000000000 0.000000000000 0.000000000000 0.000000000000 0.000000000000 0.000000000000
67.2 0.000000000000 0.000000000000 0.000000000000 0.000000000000 0.000000000000 0.000000000000 0.000000000000
67.3 0.146293460997 0.032718237460 0.944224818761 0.717136371549 -0.682957195514 -0.008522999462 0.138608268789
67.4 0.000000000000 0.000000000000 0.000000000000 0.000000000000 0.000000000000 0.000000000000 0.000000000000
67.5 0.116986859338 0.014009865390 0.800298645575 0.772637759554 -0.586115583932 0.182596254107 0.161734420484
67.6 0.110373763782 0.006195474262 0.796637418218 0.778273360752 -0.587042601982 0.163424867651 0.151538351696
67.7 0.114424259789 0.010458763834 0.812152105315 -0.762883693753 0.624772688273 -0.139386063458 -0.090769395213
67.8 0.118621409836 0.018906571306 0.824736048148 0.759285989288 -0.620722166802 0.083989799326 0.176449686088
67.9 0.140849079261 0.035279729222 0.920617840197 0.692553652154 -0.683105468108 -0.153336050336 0.173851701161
68.0 0.000000000000 0.000000000000 0.000000000000 0.000000000000 0.000000000000 0.000000000000 0.000000000000
68.1 0.000000000000 0.000000000000 0.000000000000 0.000000000000 0.000000000000 0.000000000000 0.000000000000
68.2 0.000000000000 0.000000000000 0.000000000000 0.000000000000 0.000000000000 0.000000000000 0.000000000000
68.3 0.052085736979 0.013473616541 0.802771593668 0.720481285448 -0.638812400954 0.217324606312 0.159985778111
68.4 0.061845825391 0.012705959455 0.864136542411 0.731322820914 -0.654492485080 0.164725607936 0.098346289582
68.5 0.000000000000 0.000000000000 0.000000000000 0.000000000000 0.000000000000 0.000000000000 0.000000000000
68.6 0.070514862456 0.013325658307 0.796438305789 0.717611909445 -0.631568228268 0.234611071953 0.176386976228
68.7 0.083957970478 0.002931736038 0.869660664534 0.710662918883 -0.668413715591 0.167195374430 0.142221753974
68.8 0.074544870859 0.002279866290 0.780025627432 0.723180198984 -0.630843693554 0.228360636047 0.164006262095
68.9 0.077939480678 0.007202509447 0.771853255075 0.710640621811 -0.642969290208 0.234722510315 0.162744405842
69.0 0.087722409418 0.006839227942 0.802410990125 0.716341300388 -0.644194864645 0.212739082365 0.163126333120
69.1 0.104771925906 -0.002267115930 0.867218299485 0.727470017308 -0.674687012178 -0.003716569415 0.124783799538
69.2 0.000000000000 0.000000000000 0.000000000000 0.000000000000 0.000000000000 0.000000000000 0.000000000000
69.3 0.000000000000 0.000000000000 0.000000000000 0.000000000000 0.000000000000 0.000000000000 0.000000000000
69.4 0.000000000000 0.000000000000 0.000000000000 0.000000000000 0.000000000000 0.000000000000 0.000000000000
69.5 0.000000000000 0.000000000000 0.000000000000 0.000000000000 0.000000000000 0.000000000000 0.000000000000
69.6 0.000000000000 0.000000000000 0.000000000000 0.000000000000 0.000000000000 0.000000000000 0.000000000000
69.7 0.000000000000 0.000000000000 0.000000000000 0.000000000000 0.000000000000 0.000000000000 0.000000000000
69.8 0.000000000000 0.000000000000 0.000000000000 0.000000000000 0.000000000000 0.000000000000 0.000000000000
69.9 0.000000000000 0.000000000000 0.000000000000 0.000000000000 0.000000000000 0.000000000000 0.000000000000
70.0 0.000000000000 0.000000000000 0.000000000000 0.000000000000 0.000000000000 0.000000000000 0.000000000000
70.1 0.000000000000 0.000000000000 0.000000000000 0.000000000000 0.000000000000 0.000000000000 0.000000000000
70.2 0.126285640656 0.030215845078 0.893710968899 0.705346807521 -0.701174554241 -0.096602839882 0.038833193688
70.3 0.000000000000 0.000000000000 0.000000000000 0.000000000000 0.000000000000 0.000000000000 0.000000000000
70.4 0.000000000000 0.000000000000 0.000000000000 0.000000000000 0.000000000000 0.000000000000 0.000000000000
70.5 0.000000000000 0.000000000000 0.000000000000 0.000000000000 0.000000000000 0.000000000000 0.000000000000
70.6 0.253959408019 0.039885233575 0.747024563015 -0.032556467513 0.089115686856 -0.745668675884 0.659527631403
70.7 0.000000000000 0.000000000000 0.000000000000 0.000000000000 0.000000000000 0.000000000000 0.000000000000
70.8 0.092539615834 0.069938632323 0.848862093901 0.660127265399 -0.727836665413 -0.089610366608 0.162652279891
70.9 0.000000000000 0.000000000000 0.000000000000 0.000000000000 0.000000000000 0.000000000000 0.000000000000
71.0 0.000000000000 0.000000000000 0.000000000000 0.000000000000 0.000000000000 0.000000000000 0.000000000000
71.1 0.000000000000 0.000000000000 0.000000000000 0.000000000000 0.000000000000 0.000000000000 0.000000000000
71.2 0.000000000000 0.000000000000 0.000000000000 0.000000000000 0.000000000000 0.000000000000 0.000000000000
71.3 -0.071608220433 0.022730116113 0.091265142350 0.663376468919 -0.687660764213 0.118705858200 0.270117109929
71.4 0.000000000000 0.000000000000 0.000000000000 0.000000000000 0.000000000000 0.000000000000 0.000000000000
71.5 0.000000000000 0.000000000000 0.000000000000 0.000000000000 0.000000000000 0.000000000000 0.000000000000
71.6 0.057339956540 -0.008907830118 0.852244817834 0.710107503772 -0.687474952222 -0.148085579925 0.034585895579
71.7 0.043805198219 0.009461239542 0.764708939165 0.685742588126 -0.708700283471 0.072834178549 0.148983869844
71.8 0.000000000000 0.000000000000 0.000000000000 0.000000000000 0.000000000000 0.000000000000 0.000000000000
71.9 0.000000000000 0.000000000000 0.000000000000 0.000000000000 0.000000000000 0.000000000000 0.000000000000
72.0 0.000000000000 0.000000000000 0.000000000000 0.000000000000 0.000000000000 0.000000000000 0.000000000000
72.1 0.000000000000 0.000000000000 0.000000000000 0.000000000000 0.000000000000 0.000000000000 0.000000000000
72.2 0.000000000000 0.000000000000 0.000000000000 0.000000000000 0.000000000000 0.000000000000 0.000000000000
72.3 0.000000000000 0.000000000000 0.000000000000 0.000000000000 0.000000000000 0.000000000000 0.000000000000
72.4 0.095522353202 0.020430712654 0.800492852389 0.641690589076 -0.735286831839 -0.097072450873 0.195354554839
72.5 0.000000000000 0.000000000000 0.000000000000 0.000000000000 0.000000000000 0.000000000000 0.000000000000
72.6 0.000000000000 0.000000000000 0.000000000000 0.000000000000 0.000000000000 0.000000000000 0.000000000000
72.7 0.000000000000 0.000000000000 0.000000000000 0.000000000000 0.000000000000 0.000000000000 0.000000000000
72.8 0.000000000000 0.000000000000 0.000000000000 0.000000000000 0.000000000000 0.000000000000 0.000000000000
72.9 0.000000000000 0.000000000000 0.000000000000 0.000000000000 0.000000000000 0.000000000000 0.000000000000
73.0 0.000000000000 0.000000000000 0.000000000000 0.000000000000 0.000000000000 0.000000000000 0.000000000000
73.1 0.000000000000 0.000000000000 0.000000000000 0.000000000000 0.000000000000 0.000000000000 0.000000000000
73.2 0.000000000000 0.000000000000 0.000000000000 0.000000000000 0.000000000000 0.000000000000 0.000000000000
73.3 0.000000000000 0.000000000000 0.000000000000 0.000000000000 0.000000000000 0.000000000000 0.000000000000
73.4 0.000000000000 0.000000000000 0.000000000000 0.000000000000 0.000000000000 0.000000000000 0.000000000000
73.5 0.000000000000 0.000000000000 0.000000000000 0.000000000000 0.000000000000 0.000000000000 0.000000000000
73.6 0.000000000000 0.000000000000 0.000000000000 0.000000000000 0.000000000000 0.000000000000 0.000000000000
73.7 0.000000000000 0.000000000000 0.000000000000 0.000000000000 0.000000000000 0.000000000000 0.000000000000
73.8 0.000000000000 0.000000000000 0.000000000000 0.000000000000 0.000000000000 0.000000000000 0.000000000000
73.9 0.000000000000 0.000000000000 0.000000000000 0.000000000000 0.000000000000 0.000000000000 0.000000000000
74.0 0.000000000000 0.000000000000 0.000000000000 0.000000000000 0.000000000000 0.000000000000 0.000000000000
74.1 0.000000000000 0.000000000000 0.000000000000 0.000000000000 0.000000000000 0.000000000000 0.000000000000
74.2 0.000000000000 0.000000000000 0.000000000000 0.000000000000 0.000000000000 0.000000000000 0.000000000000
74.3 0.000000000000 0.000000000000 0.000000000000 0.000000000000 0.000000000000 0.000000000000 0.000000000000
74.4 0.000000000000 0.000000000000 0.000000000000 0.000000000000 0.000000000000 0.000000000000 0.000000000000
74.5 0.000000000000 0.000000000000 0.000000000000 0.000000000000 0.000000000000 0.000000000000 0.000000000000
74.6 0.000000000000 0.000000000000 0.000000000000 0.000000000000 0.000000000000 0.000000000000 0.000000000000
74.7 0.000000000000 0.000000000000 0.000000000000 0.000000000000 0.000000000000 0.000000000000 0.000000000000
74.8 0.032793032213 -0.008611233667 0.752633066518 0.658712782815 -0.730911370475 0.150515457425 0.095974659900
74.9 0.000000000000 0.000000000000 0.000000000000 0.000000000000 0.000000000000 0.000000000000 0.000000000000
75.0 0.000000000000 0.000000000000 0.000000000000 0.000000000000 0.000000000000 0.000000000000 0.000000000000
75.1 0.000000000000 0.000000000000 0.000000000000 0.000000000000 0.000000000000 0.000000000000 0.000000000000
75.2 0.000000000000 0.000000000000 0.000000000000 0.000000000000 0.000000000000 0.000000000000 0.000000000000
