0.0 -0.029886265343 -0.105137883942 0.725609696080 -0.659143992722 0.630136377132 0.262522096300 0.315498798775
0.1 -0.029602180517 -0.108177712451 0.742014390446 -0.666656161665 0.636574690062 0.222850654217 0.317300822567
0.2 0.011639240180 0.064760000526 0.205623858829 0.028710746171 0.698927493748 -0.106540300751 0.706629475647
0.3 -0.035942492825 -0.104893186221 0.644775301307 -0.679910363557 0.592306710825 0.252376166280 0.350999898195
0.4 -0.032301261832 -0.122734632804 0.694626471093 -0.712905582026 0.575850704549 0.261573913114 0.302887248268
0.5 -0.031628026004 -0.096014195712 0.690931812017 -0.636478779747 0.625735499301 0.069080502502 0.445620614447
0.6 -0.030066453172 -0.117878345452 0.710458234910 -0.687904338037 0.605824510083 0.227414978944 0.328704596931
0.7 -0.024132411211 -0.129949488327 0.810672730256 -0.697415866105 0.616887087437 0.151521687956 0.331817132073
0.8 -0.036178346213 -0.104278394317 0.736572731978 -0.633041769529 0.648817694282 0.237452211301 0.349156361774
0.9 -0.041833138926 -0.106009014863 0.665469257410 -0.680768673489 0.601331337921 0.230054944524 0.349327006872
1.0 0.000000000000 0.000000000000 0.000000000000 0.000000000000 0.000000000000 0.000000000000 0.000000000000
1.1 -0.024658634316 -0.108494948921 0.760242180454 -0.638423089246 0.636995191616 0.088437806411 0.422885137328
1.2 0.000000000000 0.000000000000 0.000000000000 0.000000000000 0.000000000000 0.000000000000 0.000000000000
1.3 -0.024834036855 -0.127511191140 0.757868980381 -0.676090480077 0.648303991967 0.227907371573 0.265822923638
1.4 -0.020630306227 -0.119500303863 0.741229861293 -0.700681538327 0.616231700828 0.033723722743 0.358003607896
1.5 -0.029383880366 -0.123648720971 0.683382574337 -0.696955582433 0.586350822358 0.226595789261 0.345108645972
1.6 -0.030969145717 -0.117759229171 0.704944149024 0.668961156545 -0.622332174463 -0.096350101827 -0.394854775252
1.7 0.000000000000 0.000000000000 0.000000000000 0.000000000000 0.000000000000 0.000000000000 0.000000000000
1.8 -0.036022307920 -0.118095005568 0.716706534653 0.682428321595 -0.631826642966 -0.151037525953 -0.335073640978
1.9 -0.029702252383 -0.125351090688 0.754600512266 -0.713495430783 0.607702619751 0.038661724745 0.346593518749
2.0 0.000000000000 0.000000000000 0.000000000000 0.000000000000 0.000000000000 0.000000000000 0.000000000000
2.1 -0.033970775491 -0.128271543955 0.668333069295 -0.696613982281 0.580067325647 0.257861960793 0.334302358028
2.2 -0.028064388564 -0.135779728199 0.760361947421 -0.677386071704 0.613021537821 0.258723140404 0.313711715829
2.3 -0.029781006449 -0.128472111675 0.671834533163 -0.704043189967 0.583263674183 0.253195073672 0.316257691933
2.4 -0.027984897805 -0.125440886065 0.735252874489 -0.673097785445 0.628624337612 0.242663445439 0.304770841187
2.5 -0.029172403908 -0.122605580087 0.712606644480 0.670696568990 -0.636488695329 -0.171072826427 -0.340268043049
2.6 -0.023296096090 -0.129729514507 0.743360885683 -0.679651916291 0.607629621101 0.275611009769 0.304791875773
2.7 -0.000000000000 -0.000000000000 0.000000000000 -0.332803933761 0.536152375978 0.701079709976 0.332068384020
2.8 -0.020673985306 -0.122492217766 0.700982218596 0.689697789981 -0.618918306286 -0.165770272175 -0.337308917022
2.9 -0.020793799910 -0.124966431848 0.662341078079 -0.713035582818 0.578773306870 0.259928376575 0.298393960967
3.0 -0.018577358929 -0.127699084895 0.679399492724 -0.708631670296 0.583045175643 0.267498242121 0.293843784134
3.1 -0.016079098623 -0.128110953023 0.763789734989 -0.679542445688 0.645711373398 0.241501236240 0.250910421598
3.2 -0.015784153216 -0.125522495809 0.730486646238 -0.686352726853 0.612704698987 0.259048078032 0.293950641177
3.3 -0.016930988642 -0.120087605665 0.668557009178 -0.697582754333 0.587874775277 0.262848573529 0.314153110511
3.4 -0.010025159887 -0.115983538551 0.749038696780 -0.653862010827 0.638977749524 0.261988711709 0.309085459620
3.5 -0.008111250892 -0.114594109814 0.747195047621 -0.663355000042 0.651321017484 0.218029771357 0.296991742148
3.6 -0.009032384845 -0.112520856495 0.766764986034 -0.663182904859 0.653728122300 0.223730106658 0.287702652389
3.7 -0.017871511479 -0.106307530639 0.645467366554 -0.695365632907 0.608289317728 0.249400353310 0.290258860809
3.8 -0.010542206785 -0.108498110756 0.722598858468 0.660652969392 -0.627216471026 -0.119623818162 -0.394749660715
3.9 -0.008501910527 -0.119974262498 0.750219787718 -0.684311989044 0.613817593439 0.213129232174 0.330939562502
4.0 -0.015233196676 -0.111806630294 0.746686001025 -0.621401099318 0.665271858186 0.242161998835 0.335606309226
4.1 -0.017185297257 -0.112972154516 0.756004444330 -0.626605876728 0.667260016185 0.240880558238 0.322654153412
4.2 -0.021801047615 -0.114193331496 0.726987020391 0.637741868385 -0.634692454666 -0.128490484033 -0.417062336843
4.3 -0.025458232838 -0.119594336954 0.704453075767 -0.676003508064 0.617602741831 0.220847797155 0.335875513933
4.4 -0.023700856574 -0.119442776466 0.776039633418 -0.631019288302 0.675727220015 0.215812933237 0.314057573972
4.5 -0.000000000000 -0.000000000000 0.000000000000 -0.383848734156 0.531659035042 0.607505077244 0.448259300927
4.6 -0.032476542136 -0.117523746074 0.677589179746 -0.667330462393 0.621760636689 0.219720167184 0.346131207433
4.7 -0.031442659617 -0.122349865649 0.710385190402 -0.694235332693 0.619838608282 0.201367285984 0.305431855999
4.8 -0.031806879016 -0.115820333309 0.702893043579 -0.673533795378 0.623096558663 0.196624390213 0.345603463870
4.9 -0.026550630860 -0.112031936918 0.777129840237 -0.626425932336 0.697923538102 0.186906884393 0.292504876587
5.0 -0.028226282643 -0.117640424315 0.805826601029 -0.639626015107 0.672349765795 0.194462391566 0.317818708543
5.1 -0.041921448120 -0.108071912213 0.659170855522 -0.671311289359 0.623265692134 0.215612756729 0.338219113776
5.2 -0.043102682460 -0.102202489545 0.710718655786 -0.614888817805 0.658612230379 0.149208271470 0.407281921350
5.3 -0.046722708428 -0.108373362770 0.764010841209 -0.598656096582 0.693157991688 0.219262952878 0.336253823888
5.4 -0.045406751608 -0.113459783560 0.783201033740 -0.641034071332 0.674189574183 0.153319108986 0.333222130528
5.5 -0.048626460844 -0.101461482192 0.738102824317 0.597915134934 -0.671250353055 -0.102815136291 -0.425851503097
5.6 -0.048421898587 -0.100296895655 0.691194063116 -0.629308451493 0.650905917692 0.197954137414 0.375641476242
5.7 -0.050179723117 -0.110367282515 0.712074524185 -0.677371772688 0.623230366124 0.196941406117 0.337587729135
5.8 -0.052762998921 -0.095885468832 0.668692997916 -0.646214289352 0.639514416073 0.209765453025 0.359759445449
5.9 -0.045766838709 -0.105038121849 0.783729294698 -0.628746536540 0.676019819064 0.161800086816 0.348562374516
6.0 -0.048761718440 -0.095313468402 0.759060647224 -0.601923447315 0.698963212406 0.213451907357 0.321833613101
6.1 -0.048759844125 -0.095997095511 0.773694527740 -0.614768101023 0.707827943747 0.185828323582 0.294121774389
6.2 -0.049522734639 -0.096532933459 0.758760575984 -0.610271298362 0.687781792600 0.226066667010 0.321588261960
6.3 -0.049838109965 -0.102552957903 0.795450350697 -0.638696298495 0.687213745940 0.151665947132 0.311129789895
6.4 -0.047785321881 -0.108843966162 0.775495964036 -0.642440910705 0.673195281194 0.166833122901 0.325951681594
6.5 -0.086106586573 -0.112022130507 0.977461180311 -0.424010833579 0.703832742757 0.483416054352 0.301899323657
6.6 -0.051995690764 -0.101218120014 0.699510861502 -0.651225445748 0.647445722845 0.192826892836 0.345741585841
6.7 -0.044118168386 -0.096815431648 0.767039081634 -0.576940265997 0.707448071912 0.226135750075 0.339882005345
6.8 -0.036196335414 -0.097102814391 0.786771864353 -0.587266040632 0.734143328005 0.186356239471 0.285348074247
6.9 -0.034690010116 -0.097862239572 0.771457116743 -0.579274604989 0.705404306143 0.189441873545 0.361880468438
7.0 -0.032581038658 -0.095754827012 0.759214690767 -0.573328325749 0.705710328765 0.196478810141 0.366965447875
7.1 -0.035219529303 -0.090783102553 0.691038388151 -0.595916209088 0.669757211727 0.184360331999 0.402890080631
7.2 -0.028038069908 -0.094521837025 0.705125224176 -0.598113988188 0.676482875580 0.176320071804 0.391844112447
7.3 -0.014932661754 -0.096064726439 0.779220226737 -0.572972834223 0.731791144362 0.212592812474 0.301642418039
7.4 -0.010494164827 -0.093794799714 0.772209551398 -0.551534097023 0.719182927704 0.188284356287 0.378331940889
7.5 -0.014613175275 -0.098049165378 0.775416194485 -0.569235264427 0.735364116449 0.208204134848 0.303087228706
7.6 -0.026392798356 -0.085703501831 0.670056910029 -0.594795227395 0.677204477574 0.154227868862 0.404754860981
7.7 -0.031678200140 -0.093339320639 0.682025475453 -0.618801714906 0.661228639625 0.204810532964 0.371367431739
7.8 -0.033963956015 -0.100639999937 0.698917766193 -0.631609174309 0.664343209270 0.210762126097 0.339554527917
7.9 0.000000000000 0.000000000000 0.000000000000 0.000000000000 0.000000000000 0.000000000000 0.000000000000
8.0 -0.042369538321 -0.109706114499 0.709225926834 -0.650366812191 0.655454027729 0.202511746070 0.326177895997
8.1 -0.044197505231 -0.100334454365 0.668837934336 -0.633976132742 0.670468343624 0.163746538554 0.348903331058
8.2 0.000000000000 0.000000000000 0.000000000000 0.000000000000 0.000000000000 0.000000000000 0.000000000000
8.3 -0.046083727393 -0.112858473651 0.767833315360 -0.540148446584 0.734106931262 0.180897035414 0.369598338340
8.4 -0.041929054065 -0.118171094274 0.792930321499 -0.538789378682 0.759393959174 0.202664796247 0.303238850664
8.5 -0.045033360726 -0.117542174348 0.692707317561 -0.629005735433 0.666388711571 0.194324892795 0.350022436315
8.6 -0.038135104268 -0.105805884378 0.720853998597 0.546824579533 -0.709351104313 -0.097342794889 -0.433968052180
8.7 -0.037114182913 -0.112989122063 0.702992903545 -0.603917576036 0.680948806340 0.200471262635 0.362496285989
8.8 0.000000000000 0.000000000000 0.000000000000 0.000000000000 0.000000000000 0.000000000000 0.000000000000
8.9 -0.038126980420 -0.099375326760 0.664730117793 -0.608753235074 0.666991076525 0.202178578798 0.379033276767
9.0 -0.023140556934 -0.096228823503 0.743912443313 -0.575656192621 0.700134655914 0.042243896622 0.420293783779
9.1 -0.022824952946 -0.099188068392 0.776813640297 -0.542243057040 0.749958383226 0.187305146544 0.329320015485
9.2 -0.025396227785 -0.087895987921 0.680943688877 -0.562324914231 0.694356004234 0.122188400022 0.432123159665
9.3 0.000000000000 0.000000000000 0.000000000000 0.000000000000 0.000000000000 0.000000000000 0.000000000000
9.4 0.000000000000 0.000000000000 0.000000000000 0.000000000000 0.000000000000 0.000000000000 0.000000000000
9.5 -0.036330096893 -0.119808339334 0.672081508680 -0.649637087676 0.650861189397 0.207702683111 0.333483075854
9.6 0.000000000000 0.000000000000 0.000000000000 0.000000000000 0.000000000000 0.000000000000 0.000000000000
9.7 0.000000000000 0.000000000000 0.000000000000 0.000000000000 0.000000000000 0.000000000000 0.000000000000
9.8 0.000000000000 0.000000000000 0.000000000000 0.000000000000 0.000000000000 0.000000000000 0.000000000000
9.9 0.000000000000 0.000000000000 0.000000000000 0.000000000000 0.000000000000 0.000000000000 0.000000000000
10.0 0.000000000000 0.000000000000 0.000000000000 0.000000000000 0.000000000000 0.000000000000 0.000000000000
10.1 0.000000000000 0.000000000000 0.000000000000 0.000000000000 0.000000000000 0.000000000000 0.000000000000
10.2 0.000000000000 0.000000000000 0.000000000000 0.000000000000 0.000000000000 0.000000000000 0.000000000000
10.3 0.000000000000 0.000000000000 0.000000000000 0.000000000000 0.000000000000 0.000000000000 0.000000000000
10.4 0.000000000000 0.000000000000 0.000000000000 0.000000000000 0.000000000000 0.000000000000 0.000000000000
10.5 0.000000000000 0.000000000000 0.000000000000 0.000000000000 0.000000000000 0.000000000000 0.000000000000
10.6 0.000000000000 0.000000000000 0.000000000000 0.000000000000 0.000000000000 0.000000000000 0.000000000000
10.7 0.000000000000 0.000000000000 0.000000000000 0.000000000000 0.000000000000 0.000000000000 0.000000000000
10.8 0.000000000000 0.000000000000 0.000000000000 0.000000000000 0.000000000000 0.000000000000 0.000000000000
10.9 0.000000000000 0.000000000000 0.000000000000 0.000000000000 0.000000000000 0.000000000000 0.000000000000
11.0 0.000000000000 0.000000000000 0.000000000000 0.000000000000 0.000000000000 0.000000000000 0.000000000000
11.1 0.000000000000 0.000000000000 0.000000000000 0.000000000000 0.000000000000 0.000000000000 0.000000000000
11.2 0.000000000000 0.000000000000 0.000000000000 0.000000000000 0.000000000000 0.000000000000 0.000000000000
11.3 0.000000000000 0.000000000000 0.000000000000 0.000000000000 0.000000000000 0.000000000000 0.000000000000
11.4 0.000000000000 0.000000000000 0.000000000000 0.000000000000 0.000000000000 0.000000000000 0.000000000000
11.5 0.000000000000 0.000000000000 0.000000000000 0.000000000000 0.000000000000 0.000000000000 0.000000000000
11.6 0.000000000000 0.000000000000 0.000000000000 0.000000000000 0.000000000000 0.000000000000 0.000000000000
11.7 0.000000000000 0.000000000000 0.000000000000 0.000000000000 0.000000000000 0.000000000000 0.000000000000
11.8 0.000000000000 0.000000000000 0.000000000000 0.000000000000 0.000000000000 0.000000000000 0.000000000000
11.9 0.000000000000 0.000000000000 0.000000000000 0.000000000000 0.000000000000 0.000000000000 0.000000000000
12.0 -0.014270993380 -0.116078933340 0.701475185197 0.443600590413 -0.809267292667 -0.375767751542 0.084282632295
12.1 0.000000000000 0.000000000000 0.000000000000 0.000000000000 0.000000000000 0.000000000000 0.000000000000
12.2 0.000000000000 0.000000000000 0.000000000000 0.000000000000 0.000000000000 0.000000000000 0.000000000000
12.3 0.000000000000 0.000000000000 0.000000000000 0.000000000000 0.000000000000 0.000000000000 0.000000000000
12.4 -0.023876905081 -0.115479435156 0.696682797526 -0.506456987030 0.730398547239 0.139909098626 0.436399732586
12.5 -0.034284587491 -0.119188130900 0.713600716670 0.069531982552 0.309344333708 0.847971035556 0.424754646193
12.6 -0.024114758674 -0.118571398896 0.717748964184 -0.501173572696 0.758691490473 0.108742300982 0.401730487133
12.7 -0.023426693326 -0.119612845311 0.735341256016 -0.500456712797 0.771543491414 0.104256398357 0.378674428598
12.8 0.000000000000 0.000000000000 0.000000000000 0.000000000000 0.000000000000 0.000000000000 0.000000000000
12.9 0.000000000000 0.000000000000 0.000000000000 0.000000000000 0.000000000000 0.000000000000 0.000000000000
13.0 0.000000000000 0.000000000000 0.000000000000 0.000000000000 0.000000000000 0.000000000000 0.000000000000
13.1 -0.018650943480 -0.106168811243 0.690019388001 -0.497606488177 0.708137573491 0.167283804257 0.472170614045
13.2 0.000000000000 0.000000000000 0.000000000000 0.000000000000 0.000000000000 0.000000000000 0.000000000000
13.3 0.000000000000 0.000000000000 0.000000000000 0.000000000000 0.000000000000 0.000000000000 0.000000000000
13.4 -0.022313194749 -0.124524175380 0.720209914698 -0.472493091566 0.771571064518 0.110971317906 0.411234406905
13.5 0.000000000000 0.000000000000 0.000000000000 0.000000000000 0.000000000000 0.000000000000 0.000000000000
13.6 0.000000000000 0.000000000000 0.000000000000 0.000000000000 0.000000000000 0.000000000000 0.000000000000
13.7 -0.021966621597 -0.120407068618 0.747005145025 -0.468020139062 0.804304179226 0.070705457504 0.359239022088
13.8 -0.019830009296 -0.119533092354 0.741016718908 -0.484900378516 0.765386405881 0.123597898403 0.404695974921
13.9 0.000000000000 0.000000000000 0.000000000000 0.000000000000 0.000000000000 0.000000000000 0.000000000000
14.0 0.000000000000 0.000000000000 0.000000000000 0.000000000000 0.000000000000 0.000000000000 0.000000000000
14.1 0.000000000000 0.000000000000 0.000000000000 0.000000000000 0.000000000000 0.000000000000 0.000000000000
14.2 0.000000000000 0.000000000000 0.000000000000 0.000000000000 0.000000000000 0.000000000000 0.000000000000
14.3 -0.009404361975 -0.088823743180 0.703758053991 -0.500323392294 0.741680956163 0.081185242837 0.439311755743
14.4 -0.006839360787 -0.088191953308 0.723924891916 -0.480826787353 0.766693541564 0.096395833747 0.414360298682
14.5 -0.004926016415 -0.089554479825 0.732823487480 -0.479007492905 0.774668146685 0.099274794478 0.400731330735
14.6 -0.004476894179 -0.087409172716 0.718356713254 -0.482650640623 0.765201392336 0.099630040509 0.414233078473
14.7 -0.006738626229 -0.093005995026 0.734829291404 -0.488656913964 0.742646884423 0.135134961399 0.437525505199
14.8 -0.007706413996 -0.084457687927 0.706947838318 -0.491782745993 0.755268071455 0.083260247352 0.425191253667
14.9 -0.008077180445 -0.085764439766 0.730754119431 -0.483552191328 0.752779602268 0.114979009916 0.431601640346
15.0 0.000000000000 0.000000000000 0.000000000000 0.000000000000 0.000000000000 0.000000000000 0.000000000000
15.1 -0.010615986349 -0.071642403462 0.696760908799 -0.480096602746 0.751652693446 0.075162297539 0.445955277461
15.2 -0.014285147861 -0.072405867208 0.702362521411 -0.493705801190 0.750173041957 0.075100525560 0.433422311438
15.3 0.000000000000 0.000000000000 0.000000000000 0.000000000000 0.000000000000 0.000000000000 0.000000000000
15.4 -0.023666978722 -0.080073141769 0.723434895918 -0.485551011334 0.743611988786 0.075931990026 0.453338459009
15.5 -0.026864234514 -0.074416875868 0.701005397343 -0.486860368235 0.744798862597 0.058633680782 0.452552458388
15.6 -0.028450022253 -0.074547586500 0.726464136775 -0.479919754864 0.770938536389 0.055393839782 0.415044966861
15.7 -0.029895173247 -0.073747676837 0.709897426891 -0.480272243497 0.758231575689 0.067251661770 0.435775932956
15.8 -0.031409602593 -0.080242134226 0.729470257713 -0.483895089979 0.746103168227 0.100842564467 0.446101312986
15.9 -0.029039300390 -0.077394769592 0.717270021851 -0.476500561492 0.769482278157 0.045763716438 0.422788269418
16.0 -0.028964832588 -0.080519482246 0.729127150103 -0.477901553750 0.769057794074 0.060351608013 0.420140330969
16.1 -0.031518963766 -0.082452348878 0.706326837198 -0.489716394432 0.733972541573 0.080332024470 0.463690551000
16.2 -0.000000000000 -0.000000000000 0.000000000000 -0.262297916236 0.626752458517 0.490865050371 0.545373872866
16.3 -0.037493619944 -0.080971477332 0.720450141868 -0.481232529049 0.755701300864 0.067089399517 0.439123911135
16.4 -0.000000000000 -0.000000000000 0.000000000000 -0.238447467214 0.619957521225 0.490206630463 0.564351784534
16.5 0.000000000000 0.000000000000 0.000000000000 0.000000000000 0.000000000000 0.000000000000 0.000000000000
16.6 -0.000000000000 -0.000000000000 0.000000000000 -0.248024172994 0.619064262272 0.486650274042 0.564282694723
16.7 -0.060657781240 -0.087332346015 0.703458747182 0.486660904742 -0.731583204037 -0.036523924528 -0.476039055439
16.8 -0.055405442082 -0.091297808316 0.711506867656 -0.484163074697 0.742975700060 0.054284286469 0.458940565283
16.9 -0.056618340678 -0.102742658009 0.730502764528 -0.497635397572 0.731773408876 0.081356539430 0.458527864625
17.0 0.000000000000 0.000000000000 0.000000000000 0.000000000000 0.000000000000 0.000000000000 0.000000000000
17.1 -0.058712201310 -0.107272592719 0.748969735230 -0.490375271067 0.727029175983 0.120839369677 0.465143545083
17.2 -0.058863041570 -0.100530519880 0.695480984766 -0.487205061168 0.732331278634 0.057227509537 0.472278666530
17.3 -0.062783319066 -0.105680428217 0.711474062662 -0.494234410430 0.704655701245 0.110826664729 0.496900533946
17.4 -0.000000000000 -0.000000000000 0.000000000000 -0.253198039587 0.624250763860 0.494781283735 0.548992912373
17.5 -0.074054695931 -0.104593682217 0.742796298273 -0.468646938646 0.767914715197 0.042958438716 0.434547591898
17.6 0.000000000000 0.000000000000 0.000000000000 0.000000000000 0.000000000000 0.000000000000 0.000000000000
17.7 0.000000000000 0.000000000000 0.000000000000 0.000000000000 0.000000000000 0.000000000000 0.000000000000
17.8 -0.084740060214 -0.106332482478 0.744942184366 -0.462591052594 0.782385345855 0.032146566859 0.415751472505
17.9 0.000000000000 0.000000000000 0.000000000000 0.000000000000 0.000000000000 0.000000000000 0.000000000000
18.0 -0.081893741828 -0.100914495223 0.705522551143 -0.485123633019 0.719988520353 0.085655526230 0.488809494664
18.1 0.000000000000 0.000000000000 0.000000000000 0.000000000000 0.000000000000 0.000000000000 0.000000000000
18.2 0.000000000000 0.000000000000 0.000000000000 0.000000000000 0.000000000000 0.000000000000 0.000000000000
18.3 0.000000000000 0.000000000000 0.000000000000 0.000000000000 0.000000000000 0.000000000000 0.000000000000
18.4 0.000000000000 0.000000000000 0.000000000000 0.000000000000 0.000000000000 0.000000000000 0.000000000000
18.5 0.000000000000 0.000000000000 0.000000000000 0.000000000000 0.000000000000 0.000000000000 0.000000000000
18.6 0.000000000000 0.000000000000 0.000000000000 0.000000000000 0.000000000000 0.000000000000 0.000000000000
18.7 0.000000000000 0.000000000000 0.000000000000 0.000000000000 0.000000000000 0.000000000000 0.000000000000
18.8 -0.053130416383 -0.132637540567 0.750146891256 -0.479275986962 0.759168945024 0.076488915201 0.433712447462
18.9 -0.049020822046 -0.131997968735 0.742313857589 -0.491242378269 0.729000056682 0.115233057449 0.462559386048
19.0 0.000000000000 0.000000000000 0.000000000000 0.000000000000 0.000000000000 0.000000000000 0.000000000000
19.1 0.000000000000 0.000000000000 0.000000000000 0.000000000000 0.000000000000 0.000000000000 0.000000000000
19.2 -0.061634948787 -0.134088354355 0.884798416820 -0.482720365638 0.810399346701 0.112949098151 0.312212185367
19.3 0.000000000000 0.000000000000 0.000000000000 0.000000000000 0.000000000000 0.000000000000 0.000000000000
19.4 0.000000000000 0.000000000000 0.000000000000 0.000000000000 0.000000000000 0.000000000000 0.000000000000
19.5 0.000000000000 0.000000000000 0.000000000000 0.000000000000 0.000000000000 0.000000000000 0.000000000000
19.6 0.000000000000 0.000000000000 0.000000000000 0.000000000000 0.000000000000 0.000000000000 0.000000000000
19.7 -0.032943025996 -0.143505777285 0.744070337775 -0.476615756074 0.760157133434 0.053470813562 0.438337114158
19.8 0.000000000000 0.000000000000 0.000000000000 0.000000000000 0.000000000000 0.000000000000 0.000000000000
19.9 0.000000000000 0.000000000000 0.000000000000 0.000000000000 0.000000000000 0.000000000000 0.000000000000
20.0 -0.022553660771 -0.136522123021 0.750284561876 -0.479368681390 0.741327870286 0.089686821946 0.461080177419
20.1 -0.022300912362 -0.126719942201 0.730484957402 -0.475404336841 0.750887275529 0.050313182320 0.455661716239
20.2 -0.024196769874 -0.128662151348 0.759472299256 -0.465210244284 0.778909980190 0.032654405952 0.419299846346
20.3 0.000000000000 0.000000000000 0.000000000000 0.000000000000 0.000000000000 0.000000000000 0.000000000000
20.4 0.000000000000 0.000000000000 0.000000000000 0.000000000000 0.000000000000 0.000000000000 0.000000000000
20.5 -0.022250325743 -0.117423096848 0.746388478770 -0.500882007049 0.719143791834 0.103448558316 0.470369873040
20.6 0.000000000000 0.000000000000 0.000000000000 0.000000000000 0.000000000000 0.000000000000 0.000000000000
20.7 -0.026886158819 -0.111998554046 0.780861248131 -0.466041350472 0.774111738735 0.036525277952 0.426875133585
20.8 0.000000000000 0.000000000000 0.000000000000 0.000000000000 0.000000000000 0.000000000000 0.000000000000
20.9 0.000000000000 0.000000000000 0.000000000000 0.000000000000 0.000000000000 0.000000000000 0.000000000000
21.0 -0.014013360576 -0.104412206140 0.741452678062 -0.476837222691 0.763799774621 0.014705401116 0.434764210261
21.1 -0.013826506796 -0.105832551206 0.743320927625 -0.477352402784 0.762207156351 0.028080975555 0.436332892613
21.2 -0.012434129214 -0.105547362283 0.727286365760 -0.471294216033 0.766498465248 0.000597052834 0.436304375677
21.3 -0.013943514459 -0.108579309021 0.744024000537 -0.474812145234 0.767057273456 0.014851346739 0.431226162792
21.4 -0.014601914769 -0.109211980418 0.747023006386 -0.479296455606 0.757647786950 0.031787665642 0.441853236819
21.5 -0.015893540240 -0.108605900479 0.732314966211 -0.478335811351 0.750837572290 0.028369118934 0.454569009842
21.6 0.000000000000 0.000000000000 0.000000000000 0.000000000000 0.000000000000 0.000000000000 0.000000000000
21.7 -0.057540485302 -0.075288179986 0.807446611210 0.079124854046 -0.632600533017 -0.720338428444 -0.273255140128
21.8 -0.021496117756 -0.108757255536 0.758328627064 -0.477403927055 0.761430151754 0.030715238353 0.437454213108
21.9 0.000000000000 0.000000000000 0.000000000000 0.000000000000 0.000000000000 0.000000000000 0.000000000000
22.0 -0.016163368863 -0.109088748740 0.763809905991 -0.479492380030 0.765367944091 0.014464090064 0.429056823452
22.1 0.000000000000 0.000000000000 0.000000000000 0.000000000000 0.000000000000 0.000000000000 0.000000000000
22.2 0.000000000000 0.000000000000 0.000000000000 0.000000000000 0.000000000000 0.000000000000 0.000000000000
22.3 0.000000000000 0.000000000000 0.000000000000 0.000000000000 0.000000000000 0.000000000000 0.000000000000
22.4 -0.029474171313 -0.089827139043 0.729803060293 -0.504051902285 0.738436111313 0.051020188467 0.445017673448
22.5 -0.036315953275 -0.084984179116 0.720297135379 -0.515487649901 0.736632788977 0.058791126078 0.433806662578
22.6 0.000000000000 0.000000000000 0.000000000000 0.000000000000 0.000000000000 0.000000000000 0.000000000000
22.7 0.000000000000 0.000000000000 0.000000000000 0.000000000000 0.000000000000 0.000000000000 0.000000000000
22.8 -0.050226692780 -0.065555817253 0.714691686497 -0.488996357401 0.730215433621 -0.000258797994 0.477145592009
22.9 0.000000000000 0.000000000000 0.000000000000 0.000000000000 0.000000000000 0.000000000000 0.000000000000
23.0 0.000000000000 0.000000000000 0.000000000000 0.000000000000 0.000000000000 0.000000000000 0.000000000000
23.1 -0.069045615760 -0.051722371483 0.716645315097 -0.489056459072 0.694013021449 -0.049390584312 0.526051590703
23.2 0.000000000000 0.000000000000 0.000000000000 0.000000000000 0.000000000000 0.000000000000 0.000000000000
23.3 -0.085072044507 -0.057016859023 0.730401028624 -0.479156226881 0.727403150475 -0.022136139863 0.490717798976
23.4 -0.084810246263 -0.055721243793 0.710647119490 -0.474077882447 0.729571938452 -0.040252385028 0.491278631224
23.5 -0.085828968653 -0.056101458683 0.704534908512 -0.483758358511 0.709598275074 -0.041184841436 0.510638764116
23.6 -0.096361727929 -0.052053332701 0.694767706405 0.469280313755 -0.727144329276 0.034677320917 -0.499834567571
23.7 -0.091818256454 -0.060231722334 0.711071705114 -0.477725686378 0.711185129200 -0.069078764110 0.511098821099
23.8 -0.096482011091 -0.057709914300 0.718151749655 -0.487680763635 0.706385217411 -0.078064367330 0.507043737716
23.9 0.000000000000 0.000000000000 0.000000000000 0.000000000000 0.000000000000 0.000000000000 0.000000000000
24.0 -0.102316216093 -0.058987580358 0.681674427998 -0.501542508899 0.708148042172 -0.036242677694 0.495648999241
24.1 -0.103382389751 -0.061219302614 0.677699130848 -0.518997068830 0.701203942659 -0.052889782456 0.485960640645
24.2 -0.103625953152 -0.064623369716 0.686341273504 -0.516563699037 0.693021921772 -0.070798584057 0.497865565466
24.3 -0.107075923530 -0.064874847508 0.687288074827 -0.515239465243 0.694356161179 -0.049065715412 0.499990370368
24.4 -0.107763164003 -0.067472155038 0.693975038468 -0.517518255462 0.695482761443 -0.038015415075 0.497024558766
24.5 -0.107313266589 -0.068200353834 0.690314543784 -0.522329103887 0.691043236492 -0.037376421595 0.498231427793
24.6 -0.113026452932 -0.062806853199 0.663518043108 -0.562000346559 0.729308436391 -0.002195971991 0.390205065041
24.7 -0.107161273395 -0.062814947368 0.698835662158 -0.524216382404 0.691770237269 -0.046765660736 0.494433105914
24.8 -0.109468512167 -0.062768371589 0.688663397790 -0.530927863042 0.690307625483 -0.058109212350 0.488072029403
24.9 -0.112022744156 -0.065057279541 0.693474631485 -0.528105508252 0.687620226523 -0.053239504841 0.495427644925
25.0 -0.113983059278 -0.063790895760 0.695723605677 -0.533168226388 0.688605988991 -0.046111290293 0.489312970607
25.1 -0.116158033744 -0.064427040791 0.673236374621 -0.556803055123 0.669880810940 -0.058465528002 0.487659552326
25.2 -0.120306207541 -0.070622171600 0.691498468999 -0.553901757790 0.678458275616 -0.041173368993 0.480824255474
25.3 0.000000000000 0.000000000000 0.000000000000 0.000000000000 0.000000000000 0.000000000000 0.000000000000
25.4 -0.112745103694 -0.069643231485 0.663740922138 -0.531756315511 0.679379600235 -0.063735500294 0.501613761474
25.5 0.000000000000 0.000000000000 0.000000000000 0.000000000000 0.000000000000 0.000000000000 0.000000000000
25.6 0.000000000000 0.000000000000 0.000000000000 0.000000000000 0.000000000000 0.000000000000 0.000000000000
25.7 -0.126187419130 -0.103240234644 0.696085243990 -0.615811257714 0.673957058361 0.009746968577 0.407999234020
25.8 0.000000000000 0.000000000000 0.000000000000 0.000000000000 0.000000000000 0.000000000000 0.000000000000
25.9 -0.118880473288 -0.099934365269 0.658470557963 -0.593354930809 0.668819388588 0.010726856283 0.447767223105
26.0 -0.118436420540 -0.105505294437 0.682130830323 -0.602376593506 0.667145099489 -0.010417095358 0.438122517053
26.1 -0.113591693729 -0.097717720560 0.675278614756 -0.578242530972 0.670861547445 -0.029919701121 0.463341311582
26.2 -0.114933554725 -0.099761741918 0.686273268786 -0.584691831300 0.671834617531 -0.028635255084 0.453821254752
26.3 -0.119540196708 -0.108263617652 0.701951947516 -0.612998376580 0.665916927543 -0.011468588084 0.425036595375
26.4 -0.121802977007 -0.105837981742 0.677981889894 -0.625297433497 0.671716755744 0.024882644220 0.396460053134
26.5 -0.121844584134 -0.103967749347 0.672478437284 -0.621235659857 0.660742304691 0.017459438691 0.420928770356
26.6 -0.121349661739 -0.102139004169 0.668909047414 -0.616694741211 0.666449369719 0.026443784183 0.418131032145
26.7 0.000000000000 0.000000000000 0.000000000000 0.000000000000 0.000000000000 0.000000000000 0.000000000000
26.8 0.000000000000 0.000000000000 0.000000000000 0.000000000000 0.000000000000 0.000000000000 0.000000000000
26.9 0.000000000000 0.000000000000 0.000000000000 0.000000000000 0.000000000000 0.000000000000 0.000000000000
27.0 0.000000000000 0.000000000000 0.000000000000 0.000000000000 0.000000000000 0.000000000000 0.000000000000
27.1 0.000000000000 0.000000000000 0.000000000000 0.000000000000 0.000000000000 0.000000000000 0.000000000000
27.2 0.000000000000 0.000000000000 0.000000000000 0.000000000000 0.000000000000 0.000000000000 0.000000000000
27.3 0.000000000000 0.000000000000 0.000000000000 0.000000000000 0.000000000000 0.000000000000 0.000000000000
27.4 0.000000000000 0.000000000000 0.000000000000 0.000000000000 0.000000000000 0.000000000000 0.000000000000
27.5 0.000000000000 0.000000000000 0.000000000000 0.000000000000 0.000000000000 0.000000000000 0.000000000000
27.6 0.000000000000 0.000000000000 0.000000000000 0.000000000000 0.000000000000 0.000000000000 0.000000000000
27.7 0.000000000000 0.000000000000 0.000000000000 0.000000000000 0.000000000000 0.000000000000 0.000000000000
27.8 0.000000000000 0.000000000000 0.000000000000 0.000000000000 0.000000000000 0.000000000000 0.000000000000
27.9 0.000000000000 0.000000000000 0.000000000000 0.000000000000 0.000000000000 0.000000000000 0.000000000000
28.0 0.000000000000 0.000000000000 0.000000000000 0.000000000000 0.000000000000 0.000000000000 0.000000000000
28.1 0.000000000000 0.000000000000 0.000000000000 0.000000000000 0.000000000000 0.000000000000 0.000000000000
28.2 0.000000000000 0.000000000000 0.000000000000 0.000000000000 0.000000000000 0.000000000000 0.000000000000
28.3 0.000000000000 0.000000000000 0.000000000000 0.000000000000 0.000000000000 0.000000000000 0.000000000000
28.4 0.000000000000 0.000000000000 0.000000000000 0.000000000000 0.000000000000 0.000000000000 0.000000000000
28.5 0.000000000000 0.000000000000 0.000000000000 0.000000000000 0.000000000000 0.000000000000 0.000000000000
28.6 0.000000000000 0.000000000000 0.000000000000 0.000000000000 0.000000000000 0.000000000000 0.000000000000
28.7 0.000000000000 0.000000000000 0.000000000000 0.000000000000 0.000000000000 0.000000000000 0.000000000000
28.8 0.000000000000 0.000000000000 0.000000000000 0.000000000000 0.000000000000 0.000000000000 0.000000000000
28.9 0.000000000000 0.000000000000 0.000000000000 0.000000000000 0.000000000000 0.000000000000 0.000000000000
29.0 0.000000000000 0.000000000000 0.000000000000 0.000000000000 0.000000000000 0.000000000000 0.000000000000
29.1 0.000000000000 0.000000000000 0.000000000000 0.000000000000 0.000000000000 0.000000000000 0.000000000000
29.2 0.000000000000 0.000000000000 0.000000000000 0.000000000000 0.000000000000 0.000000000000 0.000000000000
29.3 0.000000000000 0.000000000000 0.000000000000 0.000000000000 0.000000000000 0.000000000000 0.000000000000
29.4 0.000000000000 0.000000000000 0.000000000000 0.000000000000 0.000000000000 0.000000000000 0.000000000000
29.5 0.000000000000 0.000000000000 0.000000000000 0.000000000000 0.000000000000 0.000000000000 0.000000000000
29.6 0.000000000000 0.000000000000 0.000000000000 0.000000000000 0.000000000000 0.000000000000 0.000000000000
29.7 0.010107144150 -0.080611464022 0.657188395972 -0.649004737860 0.660685327233 0.039805290301 0.375104368782
29.8 0.011893589022 -0.077328579854 0.657724340036 -0.638243579318 0.656941862556 0.031675587110 0.400086465482
29.9 0.000000000000 0.000000000000 0.000000000000 0.000000000000 0.000000000000 0.000000000000 0.000000000000
30.0 0.000000000000 0.000000000000 0.000000000000 0.000000000000 0.000000000000 0.000000000000 0.000000000000
30.1 0.000000000000 0.000000000000 0.000000000000 0.000000000000 0.000000000000 0.000000000000 0.000000000000
30.2 0.000000000000 0.000000000000 0.000000000000 0.000000000000 0.000000000000 0.000000000000 0.000000000000
30.3 0.000000000000 0.000000000000 0.000000000000 0.000000000000 0.000000000000 0.000000000000 0.000000000000
30.4 0.000000000000 0.000000000000 0.000000000000 0.000000000000 0.000000000000 0.000000000000 0.000000000000
30.5 -0.008104643692 -0.043636865569 0.659951975451 -0.643030529064 0.663678158229 0.020357423847 0.381613176234
30.6 -0.009890320509 -0.043127996647 0.662652979774 -0.663462682871 0.665172544785 0.026247234941 0.341575521314
30.7 -0.005433387739 -0.035194602218 0.649071002770 -0.644584459843 0.660262089837 0.013851723872 0.385192129462
30.8 0.000000000000 0.000000000000 0.000000000000 0.000000000000 0.000000000000 0.000000000000 0.000000000000
30.9 0.002094621942 -0.036592762141 0.647871664235 -0.646750035204 0.676110910390 0.068454328238 0.346269308142
31.0 0.008557831559 -0.036621829924 0.651308991970 -0.646284460978 0.658820379213 0.043312169211 0.382617510617
31.1 0.000000000000 0.000000000000 0.000000000000 0.000000000000 0.000000000000 0.000000000000 0.000000000000
31.2 0.000000000000 0.000000000000 0.000000000000 0.000000000000 0.000000000000 0.000000000000 0.000000000000
31.3 0.000000000000 0.000000000000 0.000000000000 0.000000000000 0.000000000000 0.000000000000 0.000000000000
31.4 0.000000000000 0.000000000000 0.000000000000 0.000000000000 0.000000000000 0.000000000000 0.000000000000
31.5 0.000000000000 0.000000000000 0.000000000000 0.000000000000 0.000000000000 0.000000000000 0.000000000000
31.6 0.018154831525 -0.011120807119 0.595493111259 -0.668422630244 0.660758102256 0.064184005129 0.335395782871
31.7 0.000000000000 0.000000000000 0.000000000000 0.000000000000 0.000000000000 0.000000000000 0.000000000000
31.8 0.000000000000 0.000000000000 0.000000000000 0.000000000000 0.000000000000 0.000000000000 0.000000000000
31.9 0.000000000000 0.000000000000 0.000000000000 0.000000000000 0.000000000000 0.000000000000 0.000000000000
32.0 0.000000000000 0.000000000000 0.000000000000 0.000000000000 0.000000000000 0.000000000000 0.000000000000
32.1 0.000000000000 0.000000000000 0.000000000000 0.000000000000 0.000000000000 0.000000000000 0.000000000000
32.2 0.000000000000 0.000000000000 0.000000000000 0.000000000000 0.000000000000 0.000000000000 0.000000000000
32.3 0.000000000000 0.000000000000 0.000000000000 0.000000000000 0.000000000000 0.000000000000 0.000000000000
32.4 -0.013183307254 0.003631046717 0.590177559210 -0.678677892146 0.660031120116 0.051922029643 0.317898320266
32.5 0.003825411660 0.016144681991 0.662086365841 -0.628280030594 0.664164035824 -0.040727209263 0.403102506939
32.6 -0.021001789673 0.004895668553 0.587856139366 -0.670152455060 0.661771174347 0.063273612134 0.330077339100
32.7 0.000000000000 0.000000000000 0.000000000000 0.000000000000 0.000000000000 0.000000000000 0.000000000000
32.8 -0.027096580270 0.004468853284 0.588623202584 -0.671513597308 0.661452171048 0.061136728331 0.328348617320
32.9 0.000000000000 0.000000000000 0.000000000000 0.000000000000 0.000000000000 0.000000000000 0.000000000000
33.0 -0.032624283398 0.002380954032 0.597698166858 -0.657415561633 0.667618919420 0.072390676212 0.341832338659
33.1 -0.035052186803 0.001599969512 0.623968447875 -0.674458892184 0.665709602881 0.065935325794 0.312391517486
33.2 -0.039304026112 0.004063649139 0.598204123699 -0.671939829304 0.655705172629 0.070008305130 0.337114861132
33.3 0.000000000000 0.000000000000 0.000000000000 0.000000000000 0.000000000000 0.000000000000 0.000000000000
33.4 0.000000000000 0.000000000000 0.000000000000 0.000000000000 0.000000000000 0.000000000000 0.000000000000
33.5 0.000000000000 0.000000000000 0.000000000000 0.000000000000 0.000000000000 0.000000000000 0.000000000000
33.6 0.000000000000 0.000000000000 0.000000000000 0.000000000000 0.000000000000 0.000000000000 0.000000000000
33.7 0.000000000000 0.000000000000 0.000000000000 0.000000000000 0.000000000000 0.000000000000 0.000000000000
33.8 0.000000000000 0.000000000000 0.000000000000 0.000000000000 0.000000000000 0.000000000000 0.000000000000
33.9 -0.062514473716 -0.008106991305 0.600647924569 -0.680739341503 0.643343697851 0.081105923848 0.340770691935
34.0 -0.066001938769 -0.011762286198 0.613496128614 -0.677602157448 0.628890663793 0.070614139841 0.374653830183
34.1 0.000000000000 0.000000000000 0.000000000000 0.000000000000 0.000000000000 0.000000000000 0.000000000000
34.2 0.000000000000 0.000000000000 0.000000000000 0.000000000000 0.000000000000 0.000000000000 0.000000000000
34.3 -0.077018974577 -0.025417349995 0.615861266854 -0.686670647079 0.627633738058 0.067439713469 0.360570656514
34.4 0.000000000000 0.000000000000 0.000000000000 0.000000000000 0.000000000000 0.000000000000 0.000000000000
34.5 0.095853643619 -0.025009612353 0.893159353854 -0.061395735641 0.085710477166 -0.635793959721 0.764624298942
34.6 -0.078260702728 -0.034261400055 0.602079528337 -0.669887276816 0.633335591002 0.102090046630 0.373784279913
34.7 -0.079568298396 -0.038571500858 0.606198145404 -0.683965886190 0.627825814837 0.109711697156 0.354948948808
34.8 -0.081570770346 -0.040832613766 0.594276090122 -0.689731869068 0.617612254754 0.111816205123 0.361001645206
34.9 -0.079413880735 -0.036431263548 0.579622458650 -0.671284357811 0.636809408449 0.112362960999 0.362250815410
35.0 0.000000000000 0.000000000000 0.000000000000 0.000000000000 0.000000000000 0.000000000000 0.000000000000
35.1 0.000000000000 0.000000000000 0.000000000000 0.000000000000 0.000000000000 0.000000000000 0.000000000000
35.2 -0.074761239406 -0.048057816540 0.597063889053 -0.676379317273 0.621428945853 0.119249735572 0.376983534106
35.3 -0.074681998925 -0.049036891157 0.585261842211 -0.685149636868 0.616301614609 0.121692120619 0.368691365113
35.4 -0.077220644706 -0.049631626481 0.584841956516 -0.677492658153 0.614985402386 0.137336051621 0.379388273311
35.5 0.000000000000 0.000000000000 0.000000000000 0.000000000000 0.000000000000 0.000000000000 0.000000000000
35.6 0.000000000000 0.000000000000 0.000000000000 0.000000000000 0.000000000000 0.000000000000 0.000000000000
35.7 0.000000000000 0.000000000000 0.000000000000 0.000000000000 0.000000000000 0.000000000000 0.000000000000
35.8 0.000000000000 0.000000000000 0.000000000000 0.000000000000 0.000000000000 0.000000000000 0.000000000000
35.9 0.000000000000 0.000000000000 0.000000000000 0.000000000000 0.000000000000 0.000000000000 0.000000000000
36.0 -0.059514413780 -0.068365700330 0.629067283367 -0.674234700361 0.617116935367 0.173988753204 0.366472605620
36.1 -0.064534467499 -0.068544525584 0.599861257044 -0.685659061438 0.606148258282 0.185872397324 0.357641429874
36.2 -0.056242019641 -0.086364684206 0.778358314446 -0.787093571433 0.616699718764 -0.008480153540 0.009656794538
36.3 -0.067777264878 -0.060437292267 0.583601282454 -0.687164563325 0.611518116210 0.183130992473 0.346862358946
36.4 0.000000000000 0.000000000000 0.000000000000 0.000000000000 0.000000000000 0.000000000000 0.000000000000
36.5 0.000000000000 0.000000000000 0.000000000000 0.000000000000 0.000000000000 0.000000000000 0.000000000000
36.6 -0.056028176139 -0.073157829069 0.597564568548 -0.697649752068 0.599377683986 0.181820629516 0.347810974613
36.7 0.000000000000 0.000000000000 0.000000000000 0.000000000000 0.000000000000 0.000000000000 0.000000000000
36.8 0.000000000000 0.000000000000 0.000000000000 0.000000000000 0.000000000000 0.000000000000 0.000000000000
36.9 0.000000000000 0.000000000000 0.000000000000 0.000000000000 0.000000000000 0.000000000000 0.000000000000
37.0 -0.067553866339 -0.082626645929 0.613342880513 -0.690006795567 0.602175689780 0.201401981893 0.347436760287
37.1 -0.066400477002 -0.076244619326 0.602998980296 -0.673272068289 0.605936934810 0.206742252849 0.369868617189
37.2 -0.067166122571 -0.081772310541 0.621123973574 -0.702974709680 0.597114440591 0.189776537569 0.336549800440
37.3 0.000000000000 0.000000000000 0.000000000000 0.000000000000 0.000000000000 0.000000000000 0.000000000000
37.4 0.000000000000 0.000000000000 0.000000000000 0.000000000000 0.000000000000 0.000000000000 0.000000000000
37.5 0.000000000000 0.000000000000 0.000000000000 0.000000000000 0.000000000000 0.000000000000 0.000000000000
37.6 0.000000000000 0.000000000000 0.000000000000 0.000000000000 0.000000000000 0.000000000000 0.000000000000
37.7 0.115895088799 -0.048960844559 0.632549804929 -0.265356673223 -0.088105033339 -0.627006560031 0.727108047510
37.8 0.000000000000 0.000000000000 0.000000000000 0.000000000000 0.000000000000 0.000000000000 0.000000000000
37.9 0.000000000000 0.000000000000 0.000000000000 0.000000000000 0.000000000000 0.000000000000 0.000000000000
38.0 -0.042505234671 -0.083891102348 0.713144431051 -0.707644026987 0.618128241791 0.169105153090 0.297591758905
38.1 -0.044515704090 -0.076595115551 0.636348775094 -0.693505351264 0.605249219454 0.221448788046 0.322000224211
38.2 0.000000000000 0.000000000000 0.000000000000 0.000000000000 0.000000000000 0.000000000000 0.000000000000
38.3 0.000000000000 0.000000000000 0.000000000000 0.000000000000 0.000000000000 0.000000000000 0.000000000000
38.4 0.000000000000 0.000000000000 0.000000000000 0.000000000000 0.000000000000 0.000000000000 0.000000000000
38.5 -0.030627862099 -0.067308293384 0.625536435036 -0.703838706175 0.579433631845 0.255510922655 0.321841436706
38.6 -0.016121705696 -0.071950653478 0.733451387397 -0.719025155430 0.614795081555 0.205808796971 0.250344907367
38.7 -0.023555191329 -0.069269541019 0.640994041483 -0.718399005136 0.579608725601 0.240391948763 0.300280378308
38.8 -0.010659947230 -0.068758748989 0.758229558916 -0.689495935726 0.627124288449 0.210317077276 0.295088475649
38.9 -0.016088910929 -0.060651058245 0.692362754217 -0.673446414951 0.607924857133 0.245486813793 0.341516498171
39.0 -0.015008887403 -0.073198030708 0.742978942212 -0.725021502326 0.597973987361 0.201961955503 0.275648871090
39.1 0.000000000000 0.000000000000 0.000000000000 0.000000000000 0.000000000000 0.000000000000 0.000000000000
39.2 0.000000000000 0.000000000000 0.000000000000 0.000000000000 0.000000000000 0.000000000000 0.000000000000
39.3 -0.043765917570 -0.069474103521 0.642642340220 -0.727579776827 0.558732881206 0.267897378670 0.294408271476
39.4 0.000000000000 0.000000000000 0.000000000000 0.000000000000 0.000000000000 0.000000000000 0.000000000000
39.5 -0.050587821283 -0.082892057956 0.720778566798 -0.761059617254 0.557090114236 0.230176563668 0.239703177165
39.6 -0.056438888176 -0.080125471118 0.724868662698 -0.716108098833 0.588123501796 0.276547541786 0.254600460629
39.7 -0.058468387679 -0.073735325712 0.629309053657 -0.728527657186 0.560938000332 0.262542931888 0.292689633254
39.8 0.000000000000 0.000000000000 0.000000000000 0.000000000000 0.000000000000 0.000000000000 0.000000000000
39.9 -0.053063673857 -0.084695567748 0.758728078123 -0.714529901286 0.609926053535 0.232932132278 0.251356024673
40.0 0.000000000000 0.000000000000 0.000000000000 0.000000000000 0.000000000000 0.000000000000 0.000000000000
40.1 -0.044329389523 -0.081514685374 0.765233158505 -0.723104118860 0.588875141808 0.255352551398 0.255228476356
40.2 -0.042007539661 -0.076933815708 0.665067643864 -0.734259664087 0.546723797893 0.296743868376 0.271843541571
40.3 0.000000000000 0.000000000000 0.000000000000 0.000000000000 0.000000000000 0.000000000000 0.000000000000
40.4 0.000000000000 0.000000000000 0.000000000000 0.000000000000 0.000000000000 0.000000000000 0.000000000000
40.5 -0.009874345497 -0.064483228877 0.810216410816 0.770873268808 -0.590989068446 -0.023286900292 0.236524934604
40.6 -0.020902408608 -0.087756669220 0.747608267899 -0.728196745547 0.580227803044 0.297443460235 0.211169562941
40.7 0.145480810077 -0.040761506868 0.692209096082 -0.238865783748 -0.119925394199 -0.561758263058 0.782935943144
40.8 -0.016129439462 -0.084155656463 0.790816287270 -0.751419033898 0.566778199615 0.178442993420 0.286862346843
40.9 -0.019579044917 -0.082307849979 0.751566116835 0.740484372791 -0.574891323661 -0.288997166939 -0.194070855959
41.0 -0.023230219927 -0.080474607724 0.736934152656 -0.735039612881 0.581358173632 0.285541307447 0.200513349152
41.1 -0.030157421639 -0.073403375296 0.669847612575 -0.747653331172 0.562482725814 0.254430595382 0.244729956651
41.2 -0.026060718218 -0.072180803834 0.693844238729 -0.747252592991 0.566888084927 0.258411698589 0.231246309092
41.3 -0.021630297232 -0.074844858595 0.754945368329 -0.756059557242 0.565032432916 0.265461727174 0.196576618808
41.4 -0.018663114887 -0.068758570222 0.760127424183 -0.731938656964 0.590486162674 0.280388319061 0.192286985172
41.5 -0.020015077434 -0.070005082288 0.754264095432 -0.742717988522 0.582604300842 0.274931376671 0.182633393136
41.6 -0.023769346731 -0.064492535890 0.790442079943 -0.759781840007 0.596695869497 0.205221709995 0.156747072278
41.7 0.137776768952 -0.018010025646 0.683187413584 -0.221170014549 -0.149766394594 -0.565208927742 0.780507988246
41.8 -0.027523127561 -0.061162609243 0.717735270969 -0.753300368425 0.568221510601 0.260254943712 0.204768733194
41.9 0.000000000000 0.000000000000 0.000000000000 0.000000000000 0.000000000000 0.000000000000 0.000000000000
42.0 -0.012303462788 -0.067063067164 0.752650413781 -0.740422906474 0.583139479239 0.287545310576 0.170411154821
42.1 -0.009173888665 -0.068971078606 0.744361787984 -0.744850923107 0.568838119278 0.308539612052 0.162553388761
42.2 -0.010129774759 -0.067547927725 0.736343912607 -0.746827489907 0.566075856162 0.302947245563 0.173291060923
42.3 -0.012563145866 -0.058166570716 0.755966246106 -0.748236353230 0.590656074628 0.252753989568 0.165478645054
42.4 -0.004503858405 -0.067260077210 0.791592544839 -0.768849036378 0.548795874580 0.193154687935 0.265302683426
42.5 -0.005931181402 -0.062817722320 0.734501770591 -0.755809468948 0.563892142496 0.299533833712 0.145110925644
42.6 -0.002116554850 -0.059215141557 0.773814219299 -0.769031606787 0.576402119100 0.240559332809 0.135949226768
42.7 0.004109376296 -0.060621065875 0.730550761377 -0.767380046605 0.536279418721 0.320479858239 0.144308383653
42.8 0.010986159268 -0.040504563900 0.823342013911 0.813702332339 -0.569451701829 -0.004148684059 0.116602152858
42.9 0.011882459027 -0.049047486328 0.776286963849 -0.769550371004 0.573604735270 0.257409198033 0.111849626428
43.0 0.000000000000 0.000000000000 0.000000000000 0.000000000000 0.000000000000 0.000000000000 0.000000000000
43.1 0.013932117153 -0.043850142683 0.732185014586 -0.762555811681 0.553353265198 0.311423005804 0.123792202589
43.2 0.011190219031 -0.044105008549 0.735061274552 -0.759587001772 0.552479209738 0.318551953017 0.127745695721
43.3 0.012854068144 -0.047713185921 0.754208466701 -0.774419912439 0.544703846897 0.303462680590 0.107153720807
43.4 0.016333558359 -0.050370852017 0.800427487168 -0.784952206770 0.542735968089 0.210479807082 0.212098922300
43.5 0.012318407349 -0.053044731978 0.731743898674 -0.769360391898 0.536843304517 0.323894011763 0.122378604822
43.6 0.013761656910 -0.055377747778 0.728874689447 -0.776111475593 0.528334322057 0.329221306629 0.100633756019
43.7 0.015438597154 -0.053948995059 0.735742642550 -0.769250336132 0.529939790257 0.344001711369 0.095291980978
43.8 0.017057531656 -0.048265057752 0.757532448949 -0.782803450802 0.540265428556 0.295959437977 0.087977469795
43.9 0.000000000000 0.000000000000 0.000000000000 0.000000000000 0.000000000000 0.000000000000 0.000000000000
44.0 0.000000000000 0.000000000000 0.000000000000 0.000000000000 0.000000000000 0.000000000000 0.000000000000
44.1 0.025001581620 -0.051109708046 0.729934804770 -0.785016723388 0.523226038615 0.317693441095 0.095153213299
44.2 0.033812296402 -0.052773107128 0.739747186097 -0.763236307608 0.514406445035 0.383780362431 0.074625608657
44.3 0.032933248469 -0.052578955454 0.739143679186 -0.767617703143 0.507965493611 0.384805790278 0.068254105308
44.4 0.032536921079 -0.049893645695 0.740813594683 -0.776689174941 0.505417639992 0.368318013298 0.075158338157
44.5 0.035225092607 -0.045201998243 0.854759285209 -0.843304358929 0.505119363784 0.181230386700 0.029115862996
44.6 0.000000000000 0.000000000000 0.000000000000 0.000000000000 0.000000000000 0.000000000000 0.000000000000
44.7 0.000000000000 0.000000000000 0.000000000000 0.000000000000 0.000000000000 0.000000000000 0.000000000000
44.8 0.020271469784 -0.037453038446 0.718161861412 -0.795997148612 0.472227800007 0.372641522354 0.067288484308
44.9 0.000000000000 0.000000000000 0.000000000000 0.000000000000 0.000000000000 0.000000000000 0.000000000000
45.0 0.021251652907 -0.026499869662 0.743629738209 -0.767862496964 0.511717652572 0.383752394327 0.035585525857
45.1 0.018151843803 -0.027827137581 0.744236737871 -0.783799490748 0.513284562420 0.348123807292 0.031735328601
45.2 0.013476250355 -0.032047636824 0.762112284123 -0.795044768382 0.497068039881 0.341245690204 0.066170680180
45.3 0.000000000000 0.000000000000 0.000000000000 0.000000000000 0.000000000000 0.000000000000 0.000000000000
45.4 0.000000000000 0.000000000000 0.000000000000 0.000000000000 0.000000000000 0.000000000000 0.000000000000
45.5 -0.008295305260 -0.043099277966 0.768101329530 -0.799859534310 0.478966164236 0.360645283942 0.027406533171
45.6 -0.016968489126 -0.044169323301 0.775656966778 -0.804057435962 0.500156773140 0.316364230489 0.056995750932
45.7 -0.011029915116 -0.042318446208 0.855310187186 0.811698652987 -0.494762388576 -0.299632548323 0.081091377931
45.8 -0.021403822774 -0.061195524218 0.768837893987 -0.814713394853 0.442841081874 0.373621576621 0.023254632563
45.9 -0.033367611656 -0.055436325133 0.801303333643 0.811215821501 -0.522554199478 -0.243205630210 -0.098574951121
46.0 -0.027451085086 -0.063746472627 0.780742427318 -0.800294500035 0.475618534403 0.364514597054 0.021091028439
46.1 -0.031328440104 -0.063356894576 0.740387416725 -0.795016189158 0.508461487091 0.324106744587 0.066113487546
46.2 -0.029578439929 -0.071807039534 0.735818298610 -0.778499273124 0.469207706427 0.409474261311 0.078191043598
46.3 -0.030684453613 -0.070309984054 0.778241062483 -0.797153540385 0.503336196107 0.304200738528 0.136604602480
46.4 0.000000000000 0.000000000000 0.000000000000 0.000000000000 0.000000000000 0.000000000000 0.000000000000
46.5 0.000000000000 0.000000000000 0.000000000000 0.000000000000 0.000000000000 0.000000000000 0.000000000000
46.6 0.000000000000 0.000000000000 0.000000000000 0.000000000000 0.000000000000 0.000000000000 0.000000000000
46.7 -0.009900341484 -0.092043842981 0.822944630809 0.800179042622 -0.494617874968 -0.339029200430 0.011218679311
46.8 -0.000904386661 -0.125621630136 0.889945000463 -0.820741858836 0.412759533661 0.391031101830 0.055740882015
46.9 -0.010486980404 -0.103324112971 0.799731716172 -0.804788375817 0.482428372344 0.324159526048 0.120412363897
47.0 -0.014210753251 -0.099625802741 0.753992636527 0.779631813653 -0.486988894589 -0.380018839554 -0.102964718576
47.1 -0.005238078155 -0.105435302059 0.719054519006 -0.807412933904 0.426214946172 0.404094538894 0.055971219924
47.2 -0.006500732748 -0.096763791840 0.751038783133 -0.788227256080 0.492632612267 0.357211764403 0.091709636768
47.3 0.001160821044 -0.103232881949 0.790532489118 -0.798028575295 0.494060865620 0.330057390785 0.100580181266
47.4 0.000000000000 0.000000000000 0.000000000000 0.000000000000 0.000000000000 0.000000000000 0.000000000000
47.5 0.001515630671 -0.112095986207 0.780066641246 -0.802436935084 0.500166823047 0.312807514585 0.089886445893
47.6 -0.004212511886 -0.120175772089 0.806872569947 -0.814547446557 0.489324082798 0.273238910445 0.149716054984
47.7 0.000000000000 0.000000000000 0.000000000000 0.000000000000 0.000000000000 0.000000000000 0.000000000000
47.8 0.000000000000 0.000000000000 0.000000000000 0.000000000000 0.000000000000 0.000000000000 0.000000000000
47.9 0.000000000000 0.000000000000 0.000000000000 0.000000000000 0.000000000000 0.000000000000 0.000000000000
48.0 0.000000000000 0.000000000000 0.000000000000 0.000000000000 0.000000000000 0.000000000000 0.000000000000
48.1 0.028974392163 -0.120979136367 0.801936123179 -0.798860015190 0.492549815179 0.325248357834 0.115891593415
48.2 0.022818532064 -0.116572547111 0.750397263143 0.760367250087 -0.504331580583 -0.388538800411 -0.128564778987
48.3 0.034144519042 -0.126003436404 0.808156955496 -0.789956395396 0.498443255824 0.343581418409 0.097339729917
48.4 0.032640334933 -0.120856160381 0.798063343282 -0.790965556107 0.502473127247 0.331569713747 0.109342445427
48.5 0.033347130310 -0.121385077825 0.801468614290 -0.790217097729 0.503555350427 0.332390019643 0.107265196376
48.6 0.027111106761 -0.117465020653 0.761349440208 0.762339225486 -0.500817902491 -0.401785672423 -0.081170236328
48.7 0.034403078237 -0.121238088024 0.804796868133 -0.790357833885 0.499749424727 0.345505189461 0.078810982467
48.8 0.037320470365 -0.119541294558 0.800705024792 -0.790469876986 0.490479180458 0.356671745275 0.085865087422
48.9 0.038910751155 -0.123459590322 0.768347814700 -0.803288146067 0.430040883298 0.409175998348 0.048662053566
49.0 0.046761352707 -0.120998694968 0.798346461595 -0.799358512749 0.468873304372 0.371244030890 0.057979841940
49.1 0.000000000000 0.000000000000 0.000000000000 0.000000000000 0.000000000000 0.000000000000 0.000000000000
49.2 0.000000000000 0.000000000000 0.000000000000 0.000000000000 0.000000000000 0.000000000000 0.000000000000
49.3 0.000000000000 0.000000000000 0.000000000000 0.000000000000 0.000000000000 0.000000000000 0.000000000000
49.4 0.000000000000 0.000000000000 0.000000000000 0.000000000000 0.000000000000 0.000000000000 0.000000000000
49.5 0.000000000000 0.000000000000 0.000000000000 0.000000000000 0.000000000000 0.000000000000 0.000000000000
49.6 0.000000000000 0.000000000000 0.000000000000 0.000000000000 0.000000000000 0.000000000000 0.000000000000
49.7 0.000000000000 0.000000000000 0.000000000000 0.000000000000 0.000000000000 0.000000000000 0.000000000000
49.8 0.040055203099 -0.076138469452 0.734391196636 -0.783035335868 0.462151759417 0.415595291274 0.023493997548
49.9 0.040612228661 -0.075875202046 0.724120157583 -0.775802886599 0.454613922283 0.437360402243 0.013112641252
50.0 0.040313881371 -0.075490793431 0.722952469242 -0.783223522574 0.446702304340 0.431925977896 0.021398939283
50.1 0.000000000000 0.000000000000 0.000000000000 0.000000000000 0.000000000000 0.000000000000 0.000000000000
50.2 0.034701853704 -0.075771243217 0.690615838480 -0.779886240092 0.405738831886 0.476214717244 0.019313101674
50.3 0.000000000000 0.000000000000 0.000000000000 0.000000000000 0.000000000000 0.000000000000 0.000000000000
50.4 0.000000000000 0.000000000000 0.000000000000 0.000000000000 0.000000000000 0.000000000000 0.000000000000
50.5 0.024398277061 -0.079043442962 0.722781086313 0.782081332807 -0.407547955339 -0.471331677691 -0.009995127716
50.6 0.000000000000 0.000000000000 0.000000000000 0.000000000000 0.000000000000 0.000000000000 0.000000000000
50.7 0.000000000000 0.000000000000 0.000000000000 0.000000000000 0.000000000000 0.000000000000 0.000000000000
50.8 0.000000000000 0.000000000000 0.000000000000 0.000000000000 0.000000000000 0.000000000000 0.000000000000
50.9 0.000000000000 0.000000000000 0.000000000000 0.000000000000 0.000000000000 0.000000000000 0.000000000000
51.0 -0.005927290525 -0.081697390082 0.715853032206 0.773450643704 -0.432468600710 -0.463348320970 -0.007303739299
51.1 -0.005488024381 -0.086361800458 0.686638100628 -0.775596379445 0.402078974065 0.486152474260 0.020941026189
51.2 0.005445070174 -0.098391457069 0.716891311732 -0.773355662429 0.359710679914 0.521002571182 0.032947943281
51.3 0.000000000000 0.000000000000 0.000000000000 0.000000000000 0.000000000000 0.000000000000 0.000000000000
51.4 0.000000000000 0.000000000000 0.000000000000 0.000000000000 0.000000000000 0.000000000000 0.000000000000
51.5 0.011772815726 -0.081365434330 0.685021609896 0.764850938816 -0.416789209710 -0.491154032586 -0.007583688776
51.6 0.022872393156 -0.082605193356 0.740957571140 0.785782656455 -0.402208926439 -0.469727153319 0.011401655232
51.7 0.025173203612 -0.073796846557 0.728872372861 0.767877211131 -0.424096401217 -0.478630397123 0.037679889212
51.8 0.024748861575 -0.075660884402 0.695148238807 0.772096558100 -0.398645954957 -0.494605576461 0.017709638608
51.9 0.026910670977 -0.072381765664 0.721328957441 0.775295933798 -0.422676995375 -0.468005693991 0.035086222487
52.0 0.027344254841 -0.071840378965 0.726736500354 0.784690376292 -0.414714614696 -0.459309917937 0.036155234700
52.1 0.024660466868 -0.072313120150 0.723488721894 0.790573887862 -0.408128632414 -0.456439780801 0.009309873054
52.2 0.026835202104 -0.070899718676 0.735711864209 0.791581873263 -0.417290325467 -0.445153305262 0.033248413601
52.3 0.028569995629 -0.073054324968 0.727589947236 0.791426024378 -0.400467635460 -0.461475351744 0.017635776640
52.4 0.031636371630 -0.070122091044 0.729356624747 0.780774137120 -0.408733108980 -0.470639437811 0.042749409419
52.5 0.031836388832 -0.072573580909 0.724252077702 0.791225066521 -0.391021833586 -0.469955195815 0.014385190134
52.6 0.000000000000 0.000000000000 0.000000000000 0.000000000000 0.000000000000 0.000000000000 0.000000000000
52.7 0.039430515072 -0.070337955368 0.722199133597 0.783734004595 -0.397282693243 -0.475401205604 0.043831100843
52.8 0.043662636264 -0.070379703010 0.725223432021 0.782131790243 -0.395932917093 -0.478838693135 0.047122115927
52.9 0.000000000000 0.000000000000 0.000000000000 0.000000000000 0.000000000000 0.000000000000 0.000000000000
53.0 0.000000000000 0.000000000000 0.000000000000 0.000000000000 0.000000000000 0.000000000000 0.000000000000
53.1 0.000000000000 0.000000000000 0.000000000000 0.000000000000 0.000000000000 0.000000000000 0.000000000000
53.2 0.041604330620 -0.083151186598 0.750577317069 0.779015805648 -0.433631816371 -0.452845794977 0.005339321416
53.3 0.153371425683 0.025052244691 0.667102732307 -0.000238664128 -0.345760282225 -0.431093084945 0.833431774285
53.4 0.000000000000 0.000000000000 0.000000000000 0.000000000000 0.000000000000 0.000000000000 0.000000000000
53.5 0.000000000000 0.000000000000 0.000000000000 0.000000000000 0.000000000000 0.000000000000 0.000000000000
53.6 0.030774324342 -0.100527172395 0.727905103845 0.762432471867 -0.436494654597 -0.476368848330 0.035240072241
53.7 0.038777813404 -0.099626412331 0.739859032424 -0.790311214435 0.424596180432 0.440624703095 -0.031243222033
53.8 0.000000000000 0.000000000000 0.000000000000 0.000000000000 0.000000000000 0.000000000000 0.000000000000
53.9 0.038800996522 -0.098128339893 0.747782102223 0.761318993768 -0.461556928127 -0.454189549886 0.032717649688
54.0 0.039533489322 -0.097460871810 0.742277682398 0.758247438667 -0.456684121190 -0.463393299956 0.042036707338
54.1 0.039162460627 -0.096892942482 0.758319460065 0.764295801239 -0.467833227983 -0.442720653186 0.031343615715
54.2 0.045064717178 -0.101957659166 0.786197147050 -0.791866800286 0.456097829271 0.404135964909 -0.039948249105
54.3 0.036065481952 -0.104934185203 0.745728724036 -0.758309815873 0.448152259888 0.473135802742 0.016379477132
54.4 0.026255022736 -0.107063444757 0.757422172255 0.768455106249 -0.461542490223 -0.443160273491 -0.008015696929
54.5 0.000000000000 0.000000000000 0.000000000000 0.000000000000 0.000000000000 0.000000000000 0.000000000000
54.6 0.028265913061 -0.115514940180 0.789073035224 0.771695000022 -0.485036064210 -0.411354914552 0.003738666957
54.7 0.039640339136 -0.114279338204 0.783081275075 -0.766008864964 0.486857856544 0.418152177307 -0.036723329518
54.8 0.000000000000 0.000000000000 0.000000000000 0.000000000000 0.000000000000 0.000000000000 0.000000000000
54.9 0.018408234612 -0.109728877184 0.783458430228 0.763070951828 -0.516665366680 -0.387860351040 0.018546413154
55.0 0.013808598818 -0.104169320258 0.750695588180 0.752319706939 -0.525329696496 -0.397540190653 0.002359098336
55.1 0.007895020102 -0.109804824619 0.778826947825 -0.763052045103 0.521875553667 0.380181868090 0.029312627384
55.2 0.000000000000 0.000000000000 0.000000000000 0.000000000000 0.000000000000 0.000000000000 0.000000000000
55.3 -0.003522254306 -0.105997243683 0.759877948134 -0.750800667165 0.532848131860 0.390319523275 -0.004679349086
55.4 -0.007953715960 -0.106798668012 0.771571809372 0.762257944675 -0.534301673173 -0.364748320076 -0.021052572912
55.5 0.000000000000 0.000000000000 0.000000000000 0.000000000000 0.000000000000 0.000000000000 0.000000000000
55.6 0.000000000000 0.000000000000 0.000000000000 0.000000000000 0.000000000000 0.000000000000 0.000000000000
55.7 0.000000000000 0.000000000000 0.000000000000 0.000000000000 0.000000000000 0.000000000000 0.000000000000
55.8 -0.024790774674 -0.097853878378 0.776211146084 -0.806696564988 0.494073907191 0.320863535274 0.046671383107
55.9 0.000000000000 0.000000000000 0.000000000000 0.000000000000 0.000000000000 0.000000000000 0.000000000000
56.0 0.000000000000 0.000000000000 0.000000000000 0.000000000000 0.000000000000 0.000000000000 0.000000000000
56.1 -0.048487539559 -0.090823216071 0.787508775038 -0.760550346812 0.571634097043 0.301851948575 0.060687974133
56.2 -0.062337564853 -0.092883753170 0.840065244211 -0.801386756106 0.585881268884 0.085099256747 0.085325977349
56.3 -0.057002083655 -0.095803641560 0.789250972936 -0.769896451601 0.563305898841 0.297702631732 0.036318882179
56.4 -0.060375574001 -0.098083941861 0.815104512711 -0.784507195505 0.572167512308 0.229564986012 0.066878361649
56.5 -0.069845010672 -0.097511153934 0.796085857814 -0.769148820997 0.580942663155 0.253399828290 0.081879425417
56.6 0.000000000000 0.000000000000 0.000000000000 0.000000000000 0.000000000000 0.000000000000 0.000000000000
56.7 -0.086190163335 -0.091756062142 0.793691434135 0.792557112270 -0.606484228866 -0.048659182538 0.040772391174
56.8 -0.090005138800 -0.104447784904 0.805013628682 -0.767132475156 0.590798818911 0.234717631650 0.085861251605
56.9 -0.093643834633 -0.108682391204 0.817437053501 -0.760570888336 0.594094091755 0.245759524731 0.090478671303
57.0 -0.096198850879 -0.106627256886 0.797002121601 0.764151021339 -0.592745230611 -0.238754974319 -0.087877018685
57.1 0.000000000000 0.000000000000 0.000000000000 0.000000000000 0.000000000000 0.000000000000 0.000000000000
57.2 0.000000000000 0.000000000000 0.000000000000 0.000000000000 0.000000000000 0.000000000000 0.000000000000
57.3 0.000000000000 0.000000000000 0.000000000000 0.000000000000 0.000000000000 0.000000000000 0.000000000000
57.4 0.000000000000 0.000000000000 0.000000000000 0.000000000000 0.000000000000 0.000000000000 0.000000000000
57.5 0.000000000000 0.000000000000 0.000000000000 0.000000000000 0.000000000000 0.000000000000 0.000000000000
57.6 0.000000000000 0.000000000000 0.000000000000 0.000000000000 0.000000000000 0.000000000000 0.000000000000
57.7 0.000000000000 0.000000000000 0.000000000000 0.000000000000 0.000000000000 0.000000000000 0.000000000000
57.8 0.000000000000 0.000000000000 0.000000000000 0.000000000000 0.000000000000 0.000000000000 0.000000000000
57.9 -0.024187977064 -0.146917572627 0.830810532774 0.764759002011 -0.574123805379 -0.292088285014 0.014489951593
58.0 -0.026126775599 -0.140736211973 0.830743139846 -0.771841603802 0.587782762717 0.236196884627 0.054616793993
58.1 0.000000000000 0.000000000000 0.000000000000 0.000000000000 0.000000000000 0.000000000000 0.000000000000
58.2 0.000000000000 0.000000000000 0.000000000000 0.000000000000 0.000000000000 0.000000000000 0.000000000000
58.3 0.000000000000 0.000000000000 0.000000000000 0.000000000000 0.000000000000 0.000000000000 0.000000000000
58.4 0.000000000000 0.000000000000 0.000000000000 0.000000000000 0.000000000000 0.000000000000 0.000000000000
58.5 0.000000000000 0.000000000000 0.000000000000 0.000000000000 0.000000000000 0.000000000000 0.000000000000
58.6 0.000000000000 0.000000000000 0.000000000000 0.000000000000 0.000000000000 0.000000000000 0.000000000000
58.7 -0.068438169526 -0.128945140113 0.774070243242 -0.719677688896 0.598773955226 0.327593504012 0.127343122224
58.8 -0.067524132523 -0.127415270981 0.771700540198 -0.719239787897 0.598398949097 0.331789177780 0.120535333965
58.9 -0.075605684560 -0.133653644814 0.802201375271 0.754198124589 -0.599872174542 -0.252953519756 -0.085750101574
59.0 -0.075994142432 -0.132143930085 0.797818175903 0.756188316001 -0.607811319732 -0.225941207630 -0.087722295020
59.1 -0.073748621768 -0.132691186986 0.786460369897 0.747749238680 -0.603756072373 -0.258632949505 -0.097255737914
59.2 0.000000000000 0.000000000000 0.000000000000 0.000000000000 0.000000000000 0.000000000000 0.000000000000
59.3 0.000000000000 0.000000000000 0.000000000000 0.000000000000 0.000000000000 0.000000000000 0.000000000000
59.4 0.000000000000 0.000000000000 0.000000000000 0.000000000000 0.000000000000 0.000000000000 0.000000000000
59.5 0.000000000000 0.000000000000 0.000000000000 0.000000000000 0.000000000000 0.000000000000 0.000000000000
59.6 0.000000000000 0.000000000000 0.000000000000 0.000000000000 0.000000000000 0.000000000000 0.000000000000
59.7 0.000000000000 0.000000000000 0.000000000000 0.000000000000 0.000000000000 0.000000000000 0.000000000000
59.8 0.000000000000 0.000000000000 0.000000000000 0.000000000000 0.000000000000 0.000000000000 0.000000000000
59.9 0.000000000000 0.000000000000 0.000000000000 0.000000000000 0.000000000000 0.000000000000 0.000000000000
60.0 -0.043431755971 -0.139711499683 0.799915760891 -0.752241730329 0.607908801832 0.250527426515 0.042606060244
60.1 -0.045310764688 -0.137435134588 0.776975259947 -0.721911381835 0.604406038613 0.317263526356 0.113495163372
60.2 -0.049016929657 -0.140372673524 0.797321555596 -0.756281275106 0.606358335142 0.235258518660 0.070863472433
60.3 -0.056134693274 -0.142051415737 0.820031232165 -0.750335886293 0.628922838571 0.192524301461 0.066230764840
60.4 -0.054925008726 -0.145600669400 0.830127502071 0.762917411174 -0.614129144200 -0.201646086792 0.011885859370
60.5 0.000000000000 0.000000000000 0.000000000000 0.000000000000 0.000000000000 0.000000000000 0.000000000000
60.6 0.000000000000 0.000000000000 0.000000000000 0.000000000000 0.000000000000 0.000000000000 0.000000000000
60.7 0.000000000000 0.000000000000 0.000000000000 0.000000000000 0.000000000000 0.000000000000 0.000000000000
60.8 -0.089101943867 -0.125501117635 0.788745955387 -0.736355160033 0.658859534926 0.146874509817 0.045968140011
60.9 -0.041956589345 0.012670995685 0.068569268505 0.582683806923 -0.414522355899 0.181777068114 0.674987329598
61.0 -0.094344504675 -0.139313015036 0.786476862373 -0.705480831908 0.628610916490 0.280544224771 0.168641778419
61.1 -0.090008825798 -0.137717240823 0.775817791234 -0.686727416120 0.634224899885 0.313117442212 0.167695258426
61.2 -0.094076093437 -0.139883489146 0.792302448517 -0.701032311396 0.641485840071 0.272735240694 0.150549340255
61.3 0.000000000000 0.000000000000 0.000000000000 0.000000000000 0.000000000000 0.000000000000 0.000000000000
61.4 0.000000000000 0.000000000000 0.000000000000 0.000000000000 0.000000000000 0.000000000000 0.000000000000
61.5 0.000000000000 0.000000000000 0.000000000000 0.000000000000 0.000000000000 0.000000000000 0.000000000000
61.6 -0.081981270918 -0.163038740354 0.783352554528 -0.743261381801 0.592880142668 0.186517671753 0.247521338226
61.7 0.000000000000 0.000000000000 0.000000000000 0.000000000000 0.000000000000 0.000000000000 0.000000000000
61.8 -0.088748537055 -0.169193177910 0.802833682113 -0.733354025376 0.593972949742 0.238906589418 0.228717401988
61.9 -0.089658882923 -0.165402232445 0.791460173630 -0.727795779294 0.632122618734 0.207392116668 0.166501677081
62.0 0.000000000000 0.000000000000 0.000000000000 0.000000000000 0.000000000000 0.000000000000 0.000000000000
62.1 0.000000000000 0.000000000000 0.000000000000 0.000000000000 0.000000000000 0.000000000000 0.000000000000
62.2 0.000000000000 0.000000000000 0.000000000000 0.000000000000 0.000000000000 0.000000000000 0.000000000000
62.3 0.000000000000 0.000000000000 0.000000000000 0.000000000000 0.000000000000 0.000000000000 0.000000000000
62.4 0.000000000000 0.000000000000 0.000000000000 0.000000000000 0.000000000000 0.000000000000 0.000000000000
62.5 0.000000000000 0.000000000000 0.000000000000 0.000000000000 0.000000000000 0.000000000000 0.000000000000
62.6 -0.046614642778 -0.139155114296 0.805477747834 -0.727015305564 0.641609869006 0.244175211908 0.012805754942
62.7 -0.051598024672 -0.137209872708 0.826941073661 -0.670485903268 0.675843028845 0.222421914929 0.210269697391
62.8 -0.049484740545 -0.140458140713 0.829138851182 -0.682373209992 0.665392441468 0.227557510473 0.199592786818
62.9 0.000000000000 0.000000000000 0.000000000000 0.000000000000 0.000000000000 0.000000000000 0.000000000000
63.0 0.000000000000 0.000000000000 0.000000000000 0.000000000000 0.000000000000 0.000000000000 0.000000000000
63.1 0.000000000000 0.000000000000 0.000000000000 0.000000000000 0.000000000000 0.000000000000 0.000000000000
63.2 0.000000000000 0.000000000000 0.000000000000 0.000000000000 0.000000000000 0.000000000000 0.000000000000
63.3 0.000000000000 0.000000000000 0.000000000000 0.000000000000 0.000000000000 0.000000000000 0.000000000000
63.4 -0.057916887760 -0.092574970542 0.815296564389 -0.681913407740 0.684790282966 0.185341471451 0.178058730929
63.5 -0.058172253621 -0.098165951125 0.834673933636 -0.680678588407 0.679119817051 0.200420015161 0.187895585090
63.6 -0.058019412942 -0.095097400836 0.824594699134 -0.677981306903 0.686967316559 0.188850645179 0.180977035243
63.7 -0.056064094994 -0.093624444212 0.821088690445 -0.670417801834 0.689616730710 0.201623832043 0.185247310536
63.8 -0.056213735711 -0.093635278047 0.835031493611 -0.679062027247 0.684514094432 0.201860587944 0.171952088413
63.9 -0.052100656287 -0.090782257135 0.823699461120 -0.677060592987 0.686563707214 0.198555992589 0.175484321714
64.0 -0.053095849676 -0.089136626990 0.826772436642 -0.683094903238 0.683132992986 0.188985455776 0.176054436380
64.1 -0.048708157694 -0.091813923212 0.844986264386 -0.685667139249 0.688611229092 0.187046550422 0.143835799778
64.2 -0.046033909430 -0.089065074642 0.817208267537 -0.707321272154 0.691350403202 0.104566165223 0.103909359738
64.3 -0.042586555836 -0.094100803489 0.846560963819 -0.677858850795 0.681588074498 0.207266274241 0.181619841051
64.4 -0.041317756013 -0.089688237994 0.829278725024 -0.683762224424 0.678747126922 0.207638008411 0.169286785097
64.5 -0.040157251627 -0.090108518330 0.842442463860 -0.674770478319 0.676797019294 0.210153852887 0.206072691982
64.6 -0.037702203124 -0.080345835007 0.836564271568 -0.668047787684 0.688682890338 0.197919525550 0.200638708459
64.7 0.131966141773 -0.063608170393 0.717077761420 -0.176421521458 -0.017048894768 -0.672690700889 0.718381516251
64.8 -0.037045790682 -0.075040468367 0.834692150293 -0.673006505217 0.682365594950 0.211468650099 0.191625804080
64.9 -0.041522199462 -0.076650213718 0.866327402024 -0.686981155945 0.690060969208 0.173521771562 0.147522692983
65.0 0.000000000000 0.000000000000 0.000000000000 0.000000000000 0.000000000000 0.000000000000 0.000000000000
65.1 -0.049611314687 -0.083195868143 0.833652949258 -0.681761368085 0.673695149685 0.208159721662 0.194950795216
65.2 -0.052063289024 -0.085942398183 0.843125642537 -0.665712126960 0.673083199465 0.209380639179 0.244838964531
65.3 -0.052221381443 -0.080563185928 0.752630628394 -0.703670583593 0.649130005608 0.183351571340 0.223293857714
65.4 -0.045935316122 -0.081533445713 0.846397873557 -0.681618690879 0.686299223091 0.170495329263 0.187937966706
65.5 -0.038987063981 -0.081508256730 0.829406592241 -0.683386602321 0.675570962257 0.201341046958 0.189864187073
65.6 -0.037152333812 -0.085061770332 0.845234444373 -0.681903583010 0.674998568394 0.196890692246 0.201540297337
65.7 -0.037300493393 -0.087168659112 0.841591501642 -0.680586025937 0.680914900083 0.191120113974 0.191391384806
65.8 -0.035160091080 -0.093026573399 0.831535973317 -0.680562254195 0.668727301509 0.224738261382 0.197816905880
65.9 -0.035005766173 -0.096129426917 0.843281438784 -0.683186348469 0.660144014164 0.226076734389 0.215303515987
66.0 -0.038304266833 -0.094968082578 0.831801880310 -0.668636470338 0.665924118645 0.235671355525 0.232226938413
66.1 -0.039927208185 -0.098957474618 0.848971336930 -0.695354798531 0.672095729950 0.184660812919 0.175126862916
66.2 -0.042915667477 -0.103287599189 0.849865191394 -0.694039795877 0.663117470939 0.197487302801 0.198954132167
66.3 -0.041605499347 -0.103711816982 0.841138355487 -0.687797530191 0.661606136613 0.227876555957 0.193091047706
66.4 -0.036361647464 -0.100892530924 0.857706558646 -0.678953696804 0.686256878371 0.171696384608 0.196452859478
66.5 -0.028779163977 -0.101834437774 0.846266204094 -0.683455476994 0.684253868230 0.194861078171 0.163445449591
66.6 -0.026261867386 -0.103058107612 0.823531209114 -0.668779535705 0.666808974816 0.251059329351 0.212294457942
66.7 -0.022024964562 -0.099326607221 0.831639212685 -0.686982796714 0.665076521146 0.221168029677 0.191865996696
66.8 -0.022161266964 -0.097065266049 0.824735582966 -0.683411970417 0.664282347050 0.220754620669 0.207230402071
66.9 -0.024787842539 -0.097757443752 0.850822633763 -0.733495042762 0.679149522922 0.007013850123 0.026301210333
67.0 0.000000000000 0.000000000000 0.000000000000 0.000000000000 0.000000000000 0.000000000000 0.000000000000
67.1 0.000000000000 0.000000000000 0.000000000000 0.000000000000 0.000000000000 0.000000000000 0.000000000000
67.2 -0.048573154981 -0.096919464618 0.824431595335 -0.683858416499 0.669646463527 0.199990279904 0.209559461761
67.3 -0.050686361610 -0.102547613073 0.811794191894 -0.681900062050 0.653447898023 0.235831876468 0.228913686761
67.4 -0.055272673609 -0.103164487230 0.823358798227 -0.688636086433 0.665809078517 0.198497560847 0.207550788398
67.5 -0.058716017725 -0.098789648184 0.790599769428 -0.673764493877 0.662337524906 0.221834602671 0.241122000137
67.6 -0.058846841005 -0.100685824999 0.812214800476 -0.694036275144 0.659314520224 0.195319177313 0.213233278780
67.7 -0.059886702370 -0.099391961599 0.804630761031 -0.685179501956 0.653499472652 0.226338478000 0.228557176041
67.8 -0.058414606789 -0.100485670031 0.799601419176 -0.691493572513 0.644025443699 0.236194354807 0.226451084780
67.9 -0.061098515727 -0.098828572191 0.784143856004 -0.690750810605 0.640033501415 0.248388180563 0.226988428056
68.0 -0.060833948335 -0.099578555000 0.795166982438 -0.677149996739 0.639027772362 0.253544765190 0.262347937120
68.1 -0.057300604568 -0.097744747508 0.799245301055 -0.684180886835 0.652206863828 0.226883991862 0.234619639206
68.2 -0.060472171968 -0.092000433984 0.789804324391 -0.660219102687 0.663865255951 0.227111679279 0.267981237260
68.3 -0.064647015417 -0.097014210251 0.807920096432 -0.691263598279 0.657596893876 0.201683432489 0.221460506454
68.4 0.000000000000 0.000000000000 0.000000000000 0.000000000000 0.000000000000 0.000000000000 0.000000000000
68.5 -0.064014836509 -0.102588186084 0.785678858658 -0.683619276197 0.646325199476 0.233364610099 0.245905226637
68.6 -0.062275572123 -0.105404231563 0.799274270739 -0.683087419628 0.644453627966 0.224218367986 0.260378996859
68.7 0.111074780542 -0.092665184789 0.714691517198 -0.210997877193 -0.037856368763 -0.640535864051 0.737401246289
68.8 -0.057402358213 -0.113286566408 0.802507698691 -0.692951868780 0.647653018052 0.198703907471 0.246738794920
68.9 -0.053618711166 -0.113928855767 0.779983982586 -0.680849901188 0.636439833388 0.257381387814 0.255230428704
69.0 -0.058306102287 -0.101041489788 0.733036749656 0.670118893120 -0.605104680355 -0.118069510937 -0.413338342625
69.1 -0.065253783464 -0.105011254670 0.680124444920 -0.694562199622 0.603972149113 0.245936808885 0.303835613429
69.2 -0.069591018534 -0.113528316177 0.774389789795 -0.672495494476 0.636088332796 0.254575921962 0.279879514700
69.3 -0.070063414795 -0.114612057089 0.767391033134 -0.679153896827 0.623111676026 0.270418713930 0.278128644301
69.4 0.000000000000 0.000000000000 0.000000000000 0.000000000000 0.000000000000 0.000000000000 0.000000000000
69.5 0.000000000000 0.000000000000 0.000000000000 0.000000000000 0.000000000000 0.000000000000 0.000000000000
69.6 0.000000000000 0.000000000000 0.000000000000 0.000000000000 0.000000000000 0.000000000000 0.000000000000
69.7 0.000000000000 0.000000000000 0.000000000000 0.000000000000 0.000000000000 0.000000000000 0.000000000000
69.8 -0.025856094680 -0.153210797603 0.826744738467 -0.717158112655 0.584801821305 0.190358449995 0.327802885538
69.9 0.000000000000 0.000000000000 0.000000000000 0.000000000000 0.000000000000 0.000000000000 0.000000000000
70.0 0.000000000000 0.000000000000 0.000000000000 0.000000000000 0.000000000000 0.000000000000 0.000000000000
70.1 0.137136130304 -0.080979878126 0.678501927876 -0.238007672099 -0.117895307816 -0.575953520095 0.773130381700
70.2 0.000000000000 0.000000000000 0.000000000000 0.000000000000 0.000000000000 0.000000000000 0.000000000000
70.3 -0.035631831528 -0.113772653324 0.750787829097 0.715915214320 -0.550970247916 -0.189377148849 -0.384751201832
70.4 -0.036395632399 -0.108496582425 0.763673956502 -0.711699911670 0.607821278370 0.260844760620 0.236635880938
70.5 -0.034450639473 -0.108083178339 0.766759692467 -0.712877762115 0.595506761349 0.270041159540 0.253485237489
70.6 -0.031204503054 -0.105755019788 0.758124987255 -0.710617633181 0.588607024412 0.308419763860 0.231174391933
70.7 -0.034686859828 -0.102795586951 0.763843343523 -0.702600807682 0.589564897192 0.300866629785 0.261236689852
70.8 -0.036025516640 -0.102598472668 0.772594598934 -0.705016675829 0.588321431145 0.292625915083 0.266832258697
70.9 0.000000000000 0.000000000000 0.000000000000 0.000000000000 0.000000000000 0.000000000000 0.000000000000
71.0 -0.039411100019 -0.101532163614 0.742397488817 -0.712766197790 0.573823908249 0.313806581807 0.253408561073
71.1 -0.046721404348 -0.092974656554 0.675031322253 -0.718604084737 0.544393059228 0.297825165417 0.313918042343
71.2 -0.041239992006 -0.090212607145 0.747868224378 -0.696718655396 0.589352945729 0.289671164327 0.288681203306
71.3 0.000000000000 0.000000000000 0.000000000000 0.000000000000 0.000000000000 0.000000000000 0.000000000000
71.4 -0.037818868505 -0.091107468237 0.801670882659 -0.733666857381 0.552400936736 0.207557739238 0.336906414834
71.5 -0.039825347253 -0.080583012151 0.761542448342 -0.714994001928 0.592425633554 0.270252373670 0.254517387306
71.6 -0.039105310201 -0.082846218853 0.759338192094 -0.718339401634 0.578232164466 0.285817637864 0.260661362544
71.7 -0.040846651097 -0.082512508388 0.738193074302 -0.712468775835 0.576667289755 0.310197356846 0.252231402075
71.8 0.000000000000 0.000000000000 0.000000000000 0.000000000000 0.000000000000 0.000000000000 0.000000000000
71.9 -0.040135708724 -0.074632070319 0.758727885130 -0.711126634217 0.579726765239 0.297583285198 0.263931764179
72.0 -0.040129002985 -0.074290892611 0.740217395718 -0.715003657392 0.571985487193 0.319610740412 0.243826468968
72.1 -0.039837392038 -0.074164692342 0.743903009793 -0.709592826735 0.576506242951 0.319621283097 0.248919279036
72.2 -0.041313068478 -0.073956871228 0.724182703604 -0.707826681986 0.569778383508 0.332969389283 0.251923337062
72.3 -0.040342931233 -0.072798331773 0.771127590078 -0.721520244635 0.569653561225 0.300238104329 0.254480721223
72.4 -0.040440515536 -0.068748063989 0.719270180776 -0.712498824694 0.564800142573 0.328617293896 0.255649951909
72.5 -0.039260539668 -0.069787353417 0.721215312404 -0.715960446801 0.563468234893 0.331616387211 0.244815764641
72.6 -0.038007197616 -0.071366907573 0.758401153495 -0.723411680476 0.563819730991 0.302367518186 0.259531761916
72.7 0.000000000000 0.000000000000 0.000000000000 0.000000000000 0.000000000000 0.000000000000 0.000000000000
72.8 0.000000000000 0.000000000000 0.000000000000 0.000000000000 0.000000000000 0.000000000000 0.000000000000
72.9 0.000000000000 0.000000000000 0.000000000000 0.000000000000 0.000000000000 0.000000000000 0.000000000000
73.0 -0.034787012569 -0.096654877556 0.731158552000 -0.715170905627 0.549289315635 0.345935755144 0.259114408684
73.1 -0.036350898717 -0.093965390285 0.690280127169 -0.737665963179 0.520284682234 0.332054963921 0.273664533937
73.2 -0.035415212658 -0.089433076930 0.747111957822 -0.715621340162 0.551213734983 0.319148509072 0.286694515168
73.3 -0.037448226717 -0.089539409659 0.679167969790 -0.732949641985 0.511164976912 0.346435678932 0.285442654584
73.4 0.000000000000 0.000000000000 0.000000000000 0.000000000000 0.000000000000 0.000000000000 0.000000000000
73.5 0.000000000000 0.000000000000 0.000000000000 0.000000000000 0.000000000000 0.000000000000 0.000000000000
73.6 0.000000000000 0.000000000000 0.000000000000 0.000000000000 0.000000000000 0.000000000000 0.000000000000
73.7 0.000000000000 0.000000000000 0.000000000000 0.000000000000 0.000000000000 0.000000000000 0.000000000000
73.8 0.000000000000 0.000000000000 0.000000000000 0.000000000000 0.000000000000 0.000000000000 0.000000000000
73.9 -0.010584136604 -0.123414777788 0.788763292314 -0.733905259178 0.512121290870 0.280498213130 0.347038335662
74.0 -0.013445691885 -0.119831147218 0.731299257128 -0.726262782368 0.512637918522 0.377079398979 0.259915105960
74.1 -0.011270873817 -0.117260673250 0.727727019487 0.722977140997 -0.513043556804 -0.381228941704 -0.262211472717
74.2 -0.012050034850 -0.118153435484 0.719489441414 0.726312129702 -0.509662812744 -0.379110795007 -0.262658547668
74.3 -0.017810933874 -0.107241490164 0.662677684449 -0.734950810549 0.492012324640 0.365133117591 0.290601075212
74.4 0.000000000000 0.000000000000 0.000000000000 0.000000000000 0.000000000000 0.000000000000 0.000000000000
74.5 -0.011937637159 -0.106221054577 0.766009265711 -0.700943445451 0.515551036044 0.381980674213 0.311409987060
74.6 -0.021831316341 -0.101865990268 0.652519357103 -0.719114934531 0.490631383807 0.394009546432 0.294806773123
74.7 -0.018536546610 -0.104124996068 0.746585581085 -0.703547504521 0.520623977978 0.375527897050 0.304877649187
74.8 0.000000000000 0.000000000000 0.000000000000 0.000000000000 0.000000000000 0.000000000000 0.000000000000
74.9 0.000000000000 0.000000000000 0.000000000000 0.000000000000 0.000000000000 0.000000000000 0.000000000000
75.0 0.000000000000 0.000000000000 0.000000000000 0.000000000000 0.000000000000 0.000000000000 0.000000000000
75.1 -0.012539196139 -0.094703970164 0.666619230529 -0.704194872023 0.503449471997 0.387051426533 0.317552207646
75.2 0.000000000000 0.000000000000 0.000000000000 0.000000000000 0.000000000000 0.000000000000 0.000000000000
75.3 0.000000000000 0.000000000000 0.000000000000 0.000000000000 0.000000000000 0.000000000000 0.000000000000
75.4 -0.017237468066 -0.106941954788 0.661276739407 -0.725487062816 0.481773263562 0.378630639972 0.313371796238
75.5 -0.011462106964 -0.113088878293 0.691159826967 -0.719373343269 0.489588006019 0.400963925560 0.286414922369
75.6 -0.002435857310 -0.119615343875 0.773662342668 -0.739341596031 0.489255373132 0.275186378074 0.371854328418
75.7 0.000000000000 0.000000000000 0.000000000000 0.000000000000 0.000000000000 0.000000000000 0.000000000000
75.8 0.000000000000 0.000000000000 0.000000000000 0.000000000000 0.000000000000 0.000000000000 0.000000000000
75.9 -0.008269018549 -0.112436057460 0.728914983973 0.725130268845 -0.506386277853 -0.351398642498 -0.307047268115
76.0 0.000000000000 0.000000000000 0.000000000000 0.000000000000 0.000000000000 0.000000000000 0.000000000000
76.1 -0.008416019849 -0.119976107012 0.728448095438 0.721947323813 -0.504777119889 -0.361747288189 -0.305173754382
76.2 -0.006840116313 -0.118056760200 0.692321640538 -0.719768152617 0.485895841464 0.383339586882 0.314467484574
76.3 0.000000000000 0.000000000000 0.000000000000 0.000000000000 0.000000000000 0.000000000000 0.000000000000
76.4 -0.004854459914 -0.128771674732 0.747583679573 -0.731116662233 0.496892600165 0.342914403476 0.317767024714
76.5 -0.003885258427 -0.126939870423 0.773756877676 -0.737446223805 0.522827178766 0.298347061059 0.306290449240
76.6 -0.004316132079 -0.135541324263 0.814745164926 -0.733469977613 0.477678121531 0.248746716217 0.414693230379
76.7 -0.012716699124 -0.127109084992 0.748983591705 0.716163869473 -0.514991833136 -0.333180349302 -0.332991859818
76.8 -0.014704604842 -0.129332631171 0.747063037476 -0.710871363256 0.511444955255 0.339716311072 0.343043423838
76.9 -0.012649940492 -0.138321608846 0.799850997586 -0.734689790131 0.481151111687 0.237355741702 0.415194860132
77.0 -0.021340674038 -0.118131415942 0.686123998115 -0.732119530640 0.484625547842 0.322592078067 0.353657210308
77.1 0.000000000000 0.000000000000 0.000000000000 0.000000000000 0.000000000000 0.000000000000 0.000000000000
77.2 -0.023977474532 -0.112219168111 0.718291598658 -0.729079923045 0.497123989481 0.302681346590 0.360130819732
77.3 -0.024093707431 -0.116992959666 0.753542379862 -0.725368538670 0.528139811600 0.326403775690 0.297269907200
77.4 -0.025315593648 -0.113126240352 0.690086186553 -0.728152352409 0.483700376810 0.332329051024 0.354098148824
77.5 0.000000000000 0.000000000000 0.000000000000 0.000000000000 0.000000000000 0.000000000000 0.000000000000
77.6 -0.006956151919 -0.118881934789 0.794066549216 -0.758232139222 0.509243418375 0.271684561972 0.303220485257
77.7 -0.003361072970 -0.113587191748 0.774504767952 -0.731243959280 0.535225653644 0.310932700398 0.286594883975
