0.0 -0.029780888533 0.020229961430 0.837493937566 0.051246634896 0.905537284679 0.287336595233 0.307918316291
0.1 -0.029760381987 0.020981096749 0.842316207033 0.055466344139 0.900867565141 0.293593328579 0.314903274290
0.2 -0.032192988374 0.022080943879 0.847787637024 0.047140312186 0.899003619348 0.301051569913 0.314544489094
0.3 -0.031206956763 0.022201861001 0.843963959270 0.053457309512 0.902787274019 0.301758740751 0.301760031002
0.4 -0.033562532473 0.025753994832 0.829245580792 0.048787532551 0.904017698679 0.282729489788 0.316916097329
0.5 -0.035830954883 0.028032140382 0.838112971151 0.051211311230 0.898837301125 0.291824049938 0.322966920267
0.6 -0.036958353028 0.030241428199 0.839603034769 0.053984181915 0.899354051563 0.284827905783 0.327293541224
0.7 -0.036125652512 0.030291737145 0.840921005729 0.058132766270 0.901846208804 0.294160329038 0.311068638682
0.8 -0.036455834756 0.032873724131 0.831914297759 0.056171635634 0.902952359188 0.285115697386 0.316592519638
0.9 -0.038857663988 0.033849266337 0.839755344620 0.052887034666 0.902122184149 0.289964167257 0.315117927350
1.0 -0.042834593645 0.035009191106 0.854169658369 0.059505737677 0.901523504627 0.294845853424 0.311095420261
1.1 -0.047467001271 0.037804022003 0.825042824061 0.053208160689 0.904970730024 0.284449981609 0.311905558461
1.2 -0.051447529204 0.040532680128 0.838940338019 0.055174444223 0.900644632869 0.286514992735 0.322031341529
1.3 -0.054105574609 0.039960531811 0.845034991046 0.053914080410 0.898408965257 0.296890873105 0.319077439731
1.4 -0.056527528003 0.041531005577 0.797380746310 0.040053925591 0.902073447664 0.268631150356 0.335404953934
1.5 -0.063095660833 0.042915792551 0.840512211788 0.050724407109 0.896971641461 0.291397093220 0.328567562309
1.6 -0.064864587663 0.041380113054 0.833771040141 0.053661276477 0.895352378829 0.284279025606 0.338600089681
1.7 -0.065299752211 0.040557318504 0.805966541232 0.049848782364 0.899437384111 0.274042824586 0.336790767766
1.8 -0.071441251617 0.043210592531 0.821313589705 0.042947604215 0.896331317186 0.281248479539 0.340066119865
1.9 -0.070541939149 0.044577852428 0.832326982069 0.042477895202 0.899601759099 0.270416675404 0.340275072711
2.0 -0.070112928982 0.044598966540 0.839846019516 0.039364779013 0.900829980151 0.286610430171 0.323744069214
2.1 -0.070859905020 0.045983409506 0.836703599623 0.041965967968 0.891735188533 0.304159563780 0.332466796577
2.2 -0.066835572015 0.048865896377 0.845140673623 0.044546329141 0.897553457960 0.285637776251 0.332903102183
2.3 -0.063501336380 0.047745117510 0.826235586384 0.046133494852 0.897843879705 0.286493613268 0.331163823336
2.4 -0.063017000766 0.050478935035 0.834991165772 0.047039152829 0.901986289031 0.272629106235 0.331483669183
2.5 -0.063235940344 0.048996224965 0.837654011714 0.042321487675 0.900044159922 0.284095063858 0.327748984077
2.6 -0.064646149387 0.049150272397 0.838929570227 0.045851161039 0.900900940362 0.290930072678 0.318802226305
2.7 -0.066672949749 0.049197708347 0.831384400668 0.048535819277 0.903220691290 0.281290902809 0.320487261945
2.8 -0.072239285727 0.048962041618 0.851899607093 0.040918074407 0.901394065058 0.293487062619 0.315721071106
2.9 -0.073450965836 0.048631866690 0.833763331996 0.044490820108 0.897152038335 0.293408891198 0.327184977656
3.0 -0.076308500539 0.049955762163 0.843423715430 0.034681930592 0.897233882453 0.295365182489 0.326386171341
3.1 -0.076762726561 0.048818687177 0.852879454429 0.035740947559 0.902952802896 0.290195067088 0.314937523085
3.2 -0.076732450590 0.048930066644 0.832107274713 0.025541776937 0.901887393664 0.274657321973 0.332430597669
3.3 -0.078972493856 0.048179705770 0.830066014163 0.032382712576 0.900337214572 0.285726071007 0.326657117371
3.4 -0.078257686679 0.048336313489 0.826155061686 0.028514565573 0.901428553687 0.276932883099 0.331544356619
3.5 -0.077965794245 0.047766507465 0.819047490671 0.023582895579 0.900902840060 0.266483654411 0.341766560301
3.6 -0.080643337213 0.048488200022 0.844257260585 0.031391586527 0.901131945822 0.282460838846 0.327401372986
3.7 -0.081589002415 0.047997992236 0.833987636049 0.030218875321 0.892670070446 0.295384196103 0.339079845460
3.8 -0.082551219719 0.048813882493 0.842975392530 0.036148089930 0.897994380342 0.294814808590 0.324628460096
3.9 -0.081441626814 0.050339631584 0.823760298754 0.027717016389 0.898891117336 0.278638084132 0.337027215887
4.0 -0.082689138022 0.051988879959 0.831213173264 0.020919386473 0.901722805918 0.278457028894 0.330030367719
4.1 -0.082873331415 0.051416157472 0.835711291622 0.029559690361 0.903032978598 0.278179791867 0.325996422783
4.2 -0.085044880647 0.047683593501 0.847281309912 0.023514181605 0.898029106133 0.292416841515 0.327846303320
4.3 -0.085795250976 0.048274969986 0.831255387231 0.025673470332 0.901998606930 0.280851806940 0.326896999920
4.4 -0.090390457219 0.049169636831 0.851904056510 0.025990647440 0.897877359171 0.288913797003 0.331163935287
4.5 -0.083498836051 0.045413099553 0.820643975399 0.027766801464 0.903578384975 0.276365377705 0.326185966817
4.6 -0.084435527554 0.045844005912 0.821357225283 0.018583510876 0.904873299386 0.271781744620 0.327098835939
4.7 -0.088428998443 0.047341933311 0.818979502219 0.015132017439 0.897256660531 0.289315070792 0.333164069181
4.8 -0.091542637548 0.050949481307 0.836418306229 0.017637487513 0.902697676208 0.274257678421 0.331071820350
4.9 -0.091426233636 0.049107961420 0.831347874092 0.022850800183 0.903579842312 0.275540592316 0.327259364241
5.0 -0.095364864481 0.051914750713 0.828327377513 0.021142014192 0.905694924152 0.282786955848 0.315121019931
5.1 -0.097543994086 0.055825768343 0.833516808846 0.017710456687 0.901783074429 0.270419146943 0.336670627416
5.2 -0.097358255036 0.055007295077 0.805355263982 0.009362616537 0.897333528099 0.272623504389 0.346960092251
5.3 -0.099287672904 0.055893757887 0.787008110536 0.001187554095 0.900661939683 0.272772084569 0.338233720970
5.4 -0.101533211840 0.059076838150 0.783564527707 -0.001513420356 0.900241552351 0.274056521174 0.338313287032
5.5 -0.105763414642 0.063302672598 0.812992359952 0.001784711880 0.906099814040 0.269673104980 0.325969873227
5.6 -0.110773778515 0.063224255926 0.826057375590 0.005228038406 0.898072012851 0.280777278367 0.338531309189
5.7 -0.111973928244 0.063017579819 0.823274224896 -0.010049605170 0.906174158751 0.276336151463 0.319977703664
5.8 -0.109159381928 0.063462436809 0.817482127436 -0.000650790193 0.913646930659 0.257649409471 0.314429076851
5.9 -0.105138329162 0.059457431824 0.793759939750 -0.002660219431 0.897787718313 0.271761978266 0.346576922555
6.0 -0.101468557399 0.058550585657 0.806367587707 -0.004310920608 0.906025357454 0.261235335811 0.332949796422
6.1 -0.100519357690 0.058781285604 0.815888979058 0.004297835497 0.909212410019 0.267121118475 0.319312746601
6.2 -0.101105705600 0.059097108168 0.810987314370 -0.010860931132 0.905914889553 0.271801825246 0.324536624828
6.3 -0.095959199834 0.062171099819 0.803588711525 -0.011144039302 0.914158040961 0.245504714788 0.322363647998
6.4 -0.094080880735 0.059622263068 0.820072750577 -0.001504850174 0.912240713164 0.275075152997 0.303559346547
6.5 -0.094144342821 0.060901610132 0.819239754710 -0.007422988724 0.910647790066 0.262735538267 0.318803291417
6.6 -0.093948054747 0.061799232172 0.827025421972 -0.003233022649 0.910404322272 0.262409568874 0.319835482267
6.7 -0.094772650022 0.061002633529 0.827404416971 -0.005214357726 0.914411302257 0.270179118470 0.301376881531
6.8 -0.091590696547 0.059861353751 0.812807180120 -0.009409524863 0.911337700412 0.272726537075 0.308213063683
6.9 -0.092762798370 0.061360503679 0.810411778501 -0.013086494134 0.914400620509 0.264275979916 0.306363273458
7.0 -0.090847812578 0.062710930718 0.815097850174 -0.002769424412 0.909631037237 0.267025243479 0.318215690577
7.1 -0.090408960182 0.063374518070 0.824843368361 -0.011878049940 0.911650280746 0.271919024979 0.307916744266
7.2 -0.089766014077 0.064233968529 0.828708869736 -0.012312822330 0.911702454512 0.263404202677 0.315063890116
7.3 -0.087549210871 0.061900008127 0.786256958552 -0.014328892789 0.912493555921 0.266755245014 0.309825487155
7.4 -0.092557831553 0.065066332021 0.811427419079 -0.010413536765 0.913415090370 0.269943250762 0.304458654508
7.5 -0.094913343400 0.064953400090 0.801665400915 -0.016342808303 0.911454201893 0.269294225439 0.310587782459
7.6 -0.097798086659 0.065700140574 0.833211426889 -0.015311683815 0.911908390659 0.276151863833 0.303197604685
7.7 -0.095431334467 0.062488231257 0.808561245745 -0.014060570016 0.908986663269 0.269057614382 0.318046453387
7.8 -0.097775268592 0.063182622107 0.831282216893 -0.017838167822 0.913889331291 0.253818527078 0.316329330339
7.9 -0.096414387863 0.061484829634 0.827866922652 -0.013488833052 0.911214617871 0.273362428207 0.307861908014
8.0 -0.094330056957 0.059412651362 0.817665041965 -0.007235428194 0.912897992808 0.271614685274 0.304615111328
8.1 -0.094547186677 0.059362981118 0.817153464643 -0.010538333641 0.914679048786 0.268948552567 0.301525881656
8.2 -0.096282009950 0.061384886726 0.822390047514 -0.005274681511 0.919313935737 0.270228703531 0.286025371397
8.3 -0.095720653828 0.062424112345 0.804767021626 -0.014061291897 0.916998548618 0.254980045168 0.306432893910
8.4 -0.096731593547 0.063160662262 0.812048208195 -0.013107293591 0.917182193091 0.247029768684 0.312380084058
8.5 -0.095110207843 0.060343802963 0.826122203242 -0.012518080232 0.914106501531 0.269584045599 0.302616992062
8.6 -0.092662142717 0.058123152456 0.818388932156 -0.006648514661 0.914877484097 0.265688852387 0.303915152736
8.7 -0.089803218435 0.055475641304 0.814842203836 0.018679299139 -0.919029085345 -0.267831643602 -0.288622304681
8.8 -0.091302353314 0.055391114583 0.816630722806 -0.000447486365 0.915934877642 0.277633474399 0.289797780475
8.9 -0.091677810905 0.056581247066 0.824401584537 -0.013527583162 0.919306121613 0.260596663551 0.294588930893
9.0 -0.091546287655 0.057262350008 0.835136219592 -0.011118857774 0.920312315360 0.260787093118 0.291361811605
9.1 -0.091093809727 0.056171116760 0.834203237267 -0.009884563390 0.925162572030 0.264510603041 0.272048987503
9.2 -0.086363621437 0.054594511823 0.809830008083 -0.015348375638 0.920543328803 0.244617333878 0.304182128219
9.3 -0.080762029179 0.049460431547 0.786190361784 -0.012732940216 0.920506391497 0.257360305916 0.293720153183
9.4 -0.078811560870 0.046844862910 0.801087905226 -0.006309799773 0.923966797663 0.261608690068 0.278938051409
9.5 -0.075565197696 0.044378260158 0.825352155794 0.006172702275 -0.929925424374 -0.265781515240 -0.254088152038
9.6 -0.072966429579 0.044960364437 0.818759851976 -0.007581313343 0.917299779361 0.261271337737 0.300401275877
9.7 -0.068393548541 0.040575411378 0.822801106737 0.003073832304 0.924981940973 0.270562421671 0.266823792807
9.8 -0.067803423773 0.039595227634 0.828829642827 -0.014042503286 0.920556270127 0.257227783739 0.293620212016
9.9 -0.066273248971 0.036975796857 0.831574849906 -0.004067793979 0.923004444614 0.276744581378 0.267317573222
10.0 -0.066307552836 0.037830622827 0.826480177154 -0.008201062505 0.927067001837 0.262966470710 0.267073308216
10.1 -0.069261833653 0.038652157014 0.825676887274 -0.021574994516 0.921974670788 0.264900229311 0.281647109958
10.2 -0.070249502382 0.040210244861 0.826628140352 -0.002297816078 0.923649312987 0.268160292869 0.273782256527
10.3 -0.072630264547 0.043764034189 0.832858258539 -0.009084629523 0.919681225318 0.280374466578 0.274761845596
10.4 -0.072684104328 0.045595084872 0.830058607151 -0.013191756908 0.920612181503 0.269163120563 0.282578136711
10.5 -0.074936591581 0.044757732703 0.835745785884 -0.009544388533 0.924783818441 0.261195889556 0.276514920170
10.6 -0.075936534799 0.044430035595 0.847516602943 -0.014552193254 0.919037184928 0.282316678169 0.274692882358
10.7 -0.076499453219 0.045653263788 0.858915342426 -0.011951306922 0.923705611285 0.266526839834 0.274933725816
10.8 -0.077128762511 0.045650146374 0.836269659076 -0.019327676571 0.926215575900 0.264623563122 0.267816201374
10.9 -0.080080667077 0.048919805110 0.841384042812 -0.008311514579 0.932315944876 0.262448955248 0.248673367179
11.0 -0.080798205161 0.049544168496 0.846773433440 -0.021131900589 0.927095478636 0.262006571200 0.267207733641
11.1 -0.081678594470 0.048668258873 0.846499703802 -0.009502657969 0.929623240080 0.270815371995 0.249738593904
11.2 -0.082701348188 0.051372840535 0.846088342378 -0.011362075760 0.927703144284 0.257496058266 0.270062139698
11.3 -0.082138284110 0.050363022880 0.838265318153 -0.016613391539 0.930075183367 0.246852946527 0.271565408874
11.4 -0.083922122186 0.048960274252 0.852340954938 -0.011750319395 0.933094052619 0.254300660055 0.254024788666
11.5 -0.083771627418 0.047945770570 0.854052805039 -0.029569495967 0.930274903450 0.252229426404 0.264753782552
11.6 -0.082262416745 0.045388634860 0.850461897970 -0.016459687710 0.928846680046 0.264515026651 0.258852707777
11.7 -0.080885315062 0.045273289804 0.847331464590 -0.009527255934 0.935619718223 0.244919817752 0.254045777644
11.8 -0.078938642144 0.043440960162 0.858645634552 -0.002967851236 0.929036515280 0.271082124609 0.251787265072
11.9 -0.075427910040 0.042623460090 0.844067942854 -0.012065197545 0.925874278970 0.253839799761 0.279600798654
12.0 -0.074473598309 0.041641994658 0.856020790456 -0.009875086920 0.929310017466 0.252643251959 0.269177936197
12.1 -0.073633888945 0.041171163776 0.840801062998 -0.012028594210 0.935706226486 0.264102208430 0.233579096106
12.2 -0.070157159870 0.041030086919 0.840121068555 -0.015823075760 0.926051683012 0.269532311887 0.263685880382
12.3 -0.070485746373 0.040505019896 0.843560495226 -0.017347961676 0.928502896008 0.252801078788 0.271427771045
12.4 -0.073545017893 0.041714819730 0.872968920027 -0.013648571096 0.925963620406 0.262834838336 0.270782085723
12.5 -0.071775166886 0.042816382703 0.837459559387 -0.018608236003 0.924852784614 0.263606883960 0.273518685054
12.6 -0.074182130964 0.046364960009 0.863647081440 -0.009751732746 0.925919865095 0.268057087676 0.265937407820
12.7 -0.072705309278 0.048445881376 0.845917930768 -0.008096064729 0.929827160421 0.258448286752 0.261840387554
12.8 -0.070509948063 0.051391160358 0.837326928562 -0.005789147827 0.929094080214 0.250735643439 0.271813011073
12.9 -0.072345255814 0.052723704827 0.855625430207 -0.016682714220 0.926123462169 0.248893193748 0.282965011924
13.0 -0.073411507684 0.054863033121 0.859845632316 -0.016536944646 0.927283441184 0.244360160601 0.283125521771
13.1 -0.073331760661 0.055155364737 0.852964811800 -0.010446104806 0.924163672931 0.251016576640 0.287755213298
13.2 -0.072238321853 0.055276239887 0.860572255091 0.000186951916 0.925893891164 0.254341646126 0.279339926254
13.3 -0.074583821878 0.056714671787 0.867255762935 -0.011846785320 0.925669123983 0.248755103472 0.284810858428
13.4 -0.076667427137 0.056062926647 0.867125114117 -0.014976140889 0.919396130703 0.247072983522 0.305681878536
13.5 -0.076210273561 0.053853107150 0.852770803860 -0.004368143359 0.917414696628 0.250989361982 0.308764528251
13.6 -0.077294720186 0.051197886144 0.865483983474 -0.000728355576 0.922594368280 0.258597412873 0.286262954591
13.7 -0.075722798423 0.048772552588 0.862338505865 -0.004573809884 0.920681422542 0.245570320072 0.303348011942
13.8 -0.072948313421 0.047724388014 0.875553037534 0.009944206671 0.918269491667 0.253369445836 0.304115401360
13.9 -0.072043523952 0.047745598402 0.872565990477 -0.000159163590 0.913494387406 0.258799123613 0.313928323765
14.0 -0.071312498084 0.048109303647 0.858892707713 0.003916388180 0.912876263175 0.248298158262 0.324021009563
14.1 -0.073909455448 0.048107659041 0.868391084727 0.004838158932 0.918905930205 0.246282063106 0.308113013429
14.2 -0.076008099745 0.048847330625 0.853894958601 0.000297315799 0.916747619788 0.242350768379 0.317552859037
14.3 -0.080729581610 0.050011925238 0.874425365804 0.004943485087 0.912534494309 0.243028206462 0.328928030906
14.4 -0.080603962958 0.048433907626 0.867645256655 0.009930888632 0.913957555421 0.254317879018 0.316078124445
14.5 -0.083716721711 0.049353266231 0.878100171464 0.010365340501 0.914388654826 0.254508268480 0.314660911008
14.6 -0.084116253789 0.049297632046 0.861404609875 0.006839248995 0.919459374423 0.234336180297 0.315648915826
14.7 -0.088764421551 0.048927691853 0.873892250853 0.010746302638 0.906239342045 0.257494211017 0.335129084388
14.8 -0.089282900560 0.048175520564 0.868555057158 0.005639167119 0.914348912491 0.235715952175 0.329199416632
14.9 -0.092938875418 0.048394967801 0.876118724615 0.013055916116 0.917317583115 0.229872688877 0.324833098178
15.0 -0.093975455322 0.047536178649 0.867536755225 0.015915516330 0.915548513536 0.229067439123 0.330220720178
15.1 -0.095079290573 0.047279059766 0.871290064464 0.005192205176 0.907781682287 0.246924450369 0.339018840360
15.2 -0.096052574338 0.047074611330 0.871960427139 0.011607515638 0.909617435578 0.242789495837 0.336919348190
15.3 -0.097632241729 0.047705350053 0.887972181125 0.011616045731 0.909663029473 0.238736152559 0.339681158962
15.4 -0.096458623372 0.047118374351 0.876990092912 0.015689784927 0.913601998041 0.233640888371 0.332411123620
15.5 -0.097625543820 0.047445068780 0.882821320599 0.014977410370 0.917437366691 0.231019854890 0.323595707672
15.6 -0.096918001929 0.047702903468 0.887206428367 0.022639245212 0.910264853974 0.245657142880 0.332502523822
15.7 -0.095518736549 0.047213962870 0.883010800191 0.016374643197 0.916280515638 0.242197558790 0.318594146585
15.8 -0.094182270679 0.046791720590 0.878670281345 0.016993802598 0.903744736450 0.249328147477 0.347551631975
15.9 -0.093697550725 0.046697676972 0.880215556968 0.019484859283 0.908208692781 0.244119030295 0.339386519566
16.0 -0.093582750583 0.046536303707 0.879636667475 0.020128316517 0.905365839466 0.248812603680 0.343511041819
16.1 -0.094026881774 0.046621011623 0.877171988963 0.019866474565 0.910843110698 0.230562245932 0.341776537571
16.2 -0.092695604171 0.045806306272 0.875132316664 0.020254801923 0.904816609018 0.249513695260 0.344440942575
16.3 -0.093110104160 0.046215996211 0.883319506560 0.021159904470 0.907064792296 0.240832670325 0.344652500242
16.4 -0.091120031814 0.045381246778 0.880580199745 0.031092449883 0.904157160441 0.238841331137 0.352828438938
16.5 -0.093992167415 0.046038628041 0.902706160677 0.021916701522 0.905583453454 0.239029277322 0.349718846515
16.6 -0.093363944786 0.045417375151 0.896906417498 0.017172540686 0.910371357422 0.238603108281 0.337635383440
16.7 -0.092650851193 0.045919308362 0.885373472740 0.021328630486 0.904351186310 0.242509050924 0.350547260095
16.8 -0.093111934400 0.045504192934 0.887531726728 0.022912491316 0.903325315799 0.244497288925 0.351709350582
16.9 -0.093501632729 0.044497043514 0.886037671323 0.020116088485 0.902032116691 0.241564048941 0.357183725414
17.0 -0.095773819057 0.044121064743 0.901055420685 0.022391293496 0.901301420438 0.255217583553 0.349311271702
17.1 -0.095097603509 0.042980321621 0.890544654897 0.024260376765 0.902008452083 0.254083750577 0.348186206193
17.2 -0.097506240616 0.043857888435 0.900270260485 0.024949670747 0.897682768810 0.248556115480 0.362991760195
17.3 -0.097537507122 0.044120874845 0.893150281769 0.025043414167 0.895601178073 0.251430497997 0.366133939862
17.4 -0.098522846173 0.044580532173 0.887303496054 0.021457390532 0.900752148300 0.247432716664 0.356317552823
17.5 -0.100597803374 0.042927587496 0.895386666833 0.024199697152 0.896969801734 0.252380554425 0.362165162850
17.6 -0.101646700057 0.042517321464 0.889516884380 0.029526432791 0.897477424701 0.246272006838 0.364708870973
17.7 -0.102878903199 0.042106432163 0.887399815387 0.026423407873 0.899219648111 0.247176659712 0.360013231509
17.8 -0.102897299422 0.041233588083 0.877056637242 0.024541754818 0.898941408810 0.243414511650 0.363388801857
17.9 -0.107227901843 0.040805297190 0.899734139288 0.030639992277 0.893960161789 0.266195516154 0.359216323664
18.0 -0.106205870129 0.041494110958 0.890929654297 0.029428760370 0.891324468787 0.260036073667 0.370210588443
18.1 -0.107555013760 0.042340509717 0.893493269230 0.026794665283 0.893504409243 0.254020245611 0.369331330103
18.2 -0.107506931689 0.042266578765 0.887951122998 0.028408617802 0.889294163903 0.255313695050 0.378369868784
18.3 -0.106978414526 0.041399914997 0.891104007674 0.027337614960 0.892176349481 0.253767246251 0.372660973226
18.4 -0.107858026108 0.041315846544 0.900353987778 0.025534794499 0.894421047470 0.254301421423 0.367001023399
18.5 -0.107959645841 0.040430672430 0.902591690895 0.028769201565 0.887644852030 0.257618603095 0.380646299135
18.6 -0.104719869512 0.039970746500 0.888936658204 0.028232599705 0.890926122989 0.245429807477 0.381074498349
18.7 -0.104107740599 0.039521272160 0.896326219002 0.033900412423 0.895683836512 0.241643037485 0.371765879935
18.8 -0.100941136268 0.038798548901 0.882584175044 0.037715456780 0.894635009501 0.255285812065 0.364739493685
18.9 -0.098909809176 0.037585749605 0.876680949001 0.036054017146 0.895295259040 0.246594630439 0.369239211389
19.0 -0.099662018582 0.037927193436 0.890980689349 0.032472817183 0.889586894670 0.256893325903 0.376279805572
19.1 -0.100457951160 0.038211694914 0.900179864480 0.033905181023 0.892577450320 0.258115567673 0.368147100498
19.2 -0.097925794651 0.038039198064 0.892090035084 0.035123918130 0.892676860945 0.256067608639 0.369220411291
19.3 -0.096418467653 0.038419165298 0.889976880746 0.032869609048 0.886648146090 0.257899904436 0.382442535721
19.4 -0.096356851815 0.038015637782 0.899205672901 0.038575371084 0.894665769079 0.256550412449 0.363685287381
19.5 -0.095764558050 0.038936043885 0.895341966882 0.034755652138 0.895769535322 0.249664486958 0.366137444391
19.6 -0.093130412908 0.038734657032 0.884096777153 0.034177657961 0.894081046054 0.246396197988 0.372478032104
19.7 -0.093237200177 0.038402692821 0.886189897355 0.037559203817 0.892086261094 0.255592089627 0.370734531297
19.8 -0.097298291435 0.039586549032 0.904129292496 0.035521576192 0.886198142637 0.254640928986 0.385420636314
19.9 -0.093637881630 0.039852428590 0.884449844874 0.036843436214 0.894314327629 0.250340001602 0.369018059456
20.0 -0.095068954931 0.040855912561 0.897289588633 0.041559694540 0.893252858280 0.253038402621 0.369247464127
20.1 -0.097161499744 0.041802191410 0.890781407721 0.034733910187 0.888686016069 0.255413853941 0.379202430823
20.2 -0.097454392345 0.042253160877 0.885664715331 0.027490585177 0.891866206765 0.247553299191 0.377539800572
20.3 -0.099869118970 0.042338110740 0.892668440357 0.029999562558 0.886687655978 0.252854812765 0.385939724107
20.4 -0.102634572131 0.042131707874 0.898436024750 0.033926130597 0.877903726632 0.260703652150 0.400209532851
20.5 -0.100319807375 0.041584146654 0.887620399594 0.030303582100 0.887941302550 0.247198937654 0.386697066657
20.6 -0.102266439118 0.039922721955 0.896910505990 0.039930031618 0.888999854372 0.251311058695 0.380693581872
20.7 -0.104868971275 0.039267855930 0.902260781371 0.040831162490 0.881516844981 0.260619821596 0.391584188618
20.8 -0.106379141636 0.039792256298 0.910440458895 0.036464569669 0.878815601333 0.263283584624 0.396276706458
20.9 -0.103162510787 0.039913129449 0.895991854710 0.036586230735 0.895212623063 0.239620850577 0.373948733381
21.0 -0.103880560160 0.039118798133 0.888293062117 0.034156225439 0.889591127806 0.243510692173 0.384920148070
21.1 -0.107485278495 0.039193721418 0.907634541529 0.037328432132 0.890681322714 0.248151289433 0.379096698845
21.2 -0.105880347285 0.039099012039 0.898135638421 0.035433670885 0.883379576809 0.253931899320 0.392305453381
21.3 -0.106183233212 0.039060525532 0.905043675333 0.044726884249 0.888042622405 0.250415999211 0.382977328253
21.4 -0.105499510343 0.039393986288 0.901788694461 0.040603748248 0.882103438980 0.250367681176 0.396939394354
21.5 -0.104983882144 0.039141903809 0.906966229388 0.042683229928 0.891048271521 0.242807686208 0.381124057520
21.6 -0.105150951816 0.039390332880 0.897705253428 0.041655555560 0.877893669481 0.253688747963 0.403992003552
21.7 -0.105854275792 0.040484800285 0.909632031250 0.041132943277 0.880877511093 0.248517164726 0.400751931081
21.8 -0.105586006377 0.040581469128 0.911111469377 0.034851440601 0.877323235129 0.255845970379 0.404514718682
21.9 -0.103411087075 0.040479193464 0.901238100225 0.041268477366 0.881131142896 0.252312640035 0.397797880177
22.0 -0.103520648561 0.040930511185 0.902210127581 0.045341146729 0.876436837142 0.256021901901 0.405284389856
22.1 -0.104860379541 0.042003524604 0.914653344551 0.043626211977 0.877541419343 0.251583120789 0.405861730519
22.2 -0.103356436710 0.042594385365 0.905064193235 0.045502520195 0.879552292554 0.248137276500 0.403416877846
22.3 -0.105144337562 0.041728795765 0.913325742491 0.048010993133 0.875812476144 0.254250202104 0.407436235377
22.4 -0.103137781406 0.041352785038 0.906476164791 0.047739371107 0.876888856239 0.250935767726 0.407207719384
22.5 -0.104331769781 0.040402263562 0.915259301450 0.046740064600 0.875038073259 0.249779317677 0.411987899298
22.6 -0.103474652419 0.039537206003 0.912741092825 0.056126193466 0.870707664786 0.257483088689 0.415235441562
22.7 -0.103836836942 0.039432341282 0.914024700179 0.046859583663 0.870948577001 0.255534767272 0.417078815518
22.8 -0.106893594399 0.038816448473 0.922953110874 0.044765886626 0.872852549828 0.249174247976 0.417176983784
22.9 -0.104673312117 0.036275486888 0.898219015159 0.050973505010 0.878215455143 0.249491867842 0.404837157404
23.0 -0.109076113340 0.036558623756 0.911106475162 0.047407046781 0.874285896617 0.259357355985 0.407566564855
23.1 -0.111409622923 0.039078818721 0.914349027843 0.046439794998 0.871530420838 0.247096970079 0.420976434461
23.2 -0.111661115982 0.039779807381 0.913545919722 0.047119603825 0.869307256517 0.255820879138 0.420285991320
23.3 -0.113617679049 0.041826853177 0.924594936071 0.049204703533 0.866920283184 0.254281784852 0.425874269764
23.4 -0.108858055300 0.042944998097 0.900889815085 0.051037136135 0.876070489354 0.246602321146 0.411197037470
23.5 -0.110622934864 0.043754819698 0.910396319309 0.045582312659 0.869842375720 0.250974601038 0.422265608129
23.6 -0.108693585031 0.044545681183 0.896438789518 0.046698706828 0.878314205808 0.248946525497 0.405473814320
23.7 -0.112949681329 0.045631661163 0.915252860235 0.048038859674 0.867686311464 0.258573949296 0.421843864012
23.8 -0.111987270634 0.045227295615 0.912569687146 0.048783052146 0.872157359913 0.255174635379 0.414545122795
23.9 -0.107989706139 0.045512054827 0.899393920150 0.048159858489 0.879628581902 0.244851080106 0.404947076176
24.0 -0.108272765939 0.046329566859 0.902975892603 0.050409494611 0.875291188875 0.243569575025 0.414726511877
24.1 -0.107966482291 0.047127355168 0.900407299952 0.043959542973 0.875534002904 0.241574406603 0.416112454050
24.2 -0.106586651989 0.048569212713 0.899778953926 0.041526299843 0.874700789785 0.248072156609 0.414287701828
24.3 -0.105360125548 0.048950748451 0.890306794044 0.040745272962 0.873745804511 0.246596090326 0.417251075573
24.4 -0.105166921971 0.048741819694 0.889117047901 0.038794247890 0.869072802816 0.251432851858 0.424251093979
24.5 -0.104412122797 0.048335237240 0.899422263482 0.041999106957 0.876051442902 0.246716261995 0.412190526907
24.6 -0.103401467132 0.045861712401 0.890722159051 0.042624384302 0.877184375006 0.249655559766 0.407925036723
24.7 -0.105114751297 0.044887913239 0.894720570127 0.040450332587 0.873609221189 0.248458133850 0.416460388238
24.8 -0.105600803134 0.042130749914 0.898375220915 0.051548406956 0.866177697566 0.254194868864 0.427157964484
24.9 -0.105010455791 0.042033325366 0.910584810928 0.047150377087 0.871001355399 0.251865297488 0.419162680536
25.0 -0.099753121095 0.039056904100 0.894135972307 0.052175285280 0.874170122641 0.246100868873 0.415377778206
25.1 -0.100832788221 0.037666184127 0.899619084994 0.044001715695 0.867764339326 0.249334587985 0.427646072873
25.2 -0.099606358580 0.034367574385 0.890602123685 0.047619396377 0.864651392384 0.260574441966 0.426862182596
25.3 -0.096016722726 0.030491985825 0.880237954020 0.062228201361 0.872077454980 0.256684177664 0.411973053012
25.4 -0.098128366141 0.030001776589 0.887406672175 0.054509251835 0.868550007920 0.254367913613 0.421837160206
25.5 -0.099839878687 0.028351376841 0.897231566447 0.060467081112 0.869130760436 0.255883466145 0.418902262013
25.6 -0.100650279272 0.025154158622 0.888925556026 0.058559070873 0.867602306498 0.254728858693 0.423025154721
25.7 -0.099823557836 0.023640793790 0.892646575193 0.061188676453 0.865703635815 0.255567399402 0.426026366759
25.8 -0.096314443141 0.021966411466 0.884078737422 0.061508968688 0.863419173689 0.255577699227 0.430585667359
25.9 -0.096905586456 0.021252669150 0.894532264956 0.064920262571 0.859514108912 0.264722651453 0.432368793852
26.0 -0.096308971665 0.022438093782 0.894161503414 0.061538170594 0.863850600452 0.254464788178 0.430375260949
26.1 -0.094254265687 0.023101036061 0.876179447650 0.066868458513 0.871161956432 0.261374540022 0.410230185079
26.2 -0.095469038027 0.024476220627 0.877401471322 0.062613089129 0.866961537602 0.253802122852 0.424313299138
26.3 -0.094112527271 0.024561949051 0.875371448344 0.061196865307 0.870059942996 0.254238151195 0.417867923809
26.4 -0.095414207568 0.025971225773 0.889720357167 0.052476273797 0.866723823123 0.257796284806 0.423765419377
26.5 -0.097192126733 0.027645094512 0.897483165374 0.052678695015 0.859797128507 0.263421370381 0.434261481746
26.6 -0.095529074857 0.026922125734 0.894683950584 0.057354423172 0.863985526562 0.257870546340 0.428651678365
26.7 -0.094658163819 0.026166952448 0.895228460652 0.059798688873 0.864206436958 0.261024810676 0.425954691653
26.8 -0.090759659511 0.024346450757 0.879585055677 0.057585483109 0.865807604100 0.257008212147 0.425450212959
26.9 -0.092997592772 0.024535703591 0.897428872587 0.053917585901 0.860711011515 0.255171470200 0.437215015048
27.0 -0.089170464881 0.023468683655 0.883161869888 0.049902839904 0.862329905635 0.262520020724 0.430093105195
27.1 -0.088380068886 0.022797728142 0.893298892817 0.056425658594 0.863091194623 0.268078930110 0.424291670962
27.2 -0.089588711435 0.021332080936 0.907036337007 0.059004826894 0.852042131920 0.271990675408 0.443355058986
27.3 -0.082613321089 0.020407297639 0.882033664401 0.055013737849 0.869956872908 0.255682644172 0.418060896758
27.4 -0.082427475251 0.019750236236 0.892102869451 0.054058151516 0.862756111565 0.272780414766 0.422280065279
27.5 -0.080067224947 0.019860792500 0.887454250146 0.057541062042 0.865063287615 0.265629382047 0.421658115057
27.6 -0.079112987771 0.019887675743 0.890204295805 0.060356962783 0.860378802307 0.271251469739 0.427232950213
27.7 -0.078511980345 0.022163340375 0.893465402591 0.056090027119 0.867768082196 0.257494109542 0.421342198137
27.8 -0.077730149002 0.023556987824 0.887761262969 0.056379976064 0.863557456724 0.257761244262 0.429707991772
27.9 -0.075572637239 0.024474730156 0.887145239348 0.053558298650 0.865228306824 0.257512785414 0.426847339297
28.0 -0.076809515427 0.024355151558 0.896888835313 0.055090389768 0.860049228097 0.259607251105 0.435757328543
28.1 -0.075799986687 0.023363699328 0.890495335832 0.059433092230 0.864391466866 0.263653005849 0.424007301899
28.2 -0.075177518382 0.023456409590 0.879429379248 0.053462188668 0.864162504660 0.256549107302 0.429589938738
28.3 -0.073715544463 0.024005391904 0.870312670749 0.058868053094 0.866573082764 0.258830487624 0.422601967850
28.4 -0.074756801379 0.024617469536 0.875122113516 0.053901408924 0.867153960901 0.255257849708 0.424242944989
28.5 -0.077871139750 0.021714188482 0.884448468274 0.058839623798 0.864108153248 0.262468384872 0.425400217566
28.6 -0.078286415269 0.022195577626 0.886821906797 0.049852525097 0.862767185685 0.260872588287 0.430224362081
28.7 -0.077556259199 0.019954126775 0.886189362552 0.056543010934 0.864625126805 0.262554863762 0.424607137867
28.8 -0.077933086658 0.018552988506 0.889690240322 0.057364169228 0.865458899680 0.265491752710 0.420956499292
28.9 -0.077683806890 0.018637660473 0.885971765389 0.055658336293 0.865885637942 0.262352072518 0.422274320380
29.0 -0.078211442748 0.018412630358 0.881472874097 0.055708047623 0.862309275992 0.265033524028 0.427874464194
29.1 -0.078397040123 0.019977234219 0.882310311808 0.054880876898 0.862218980724 0.268489274183 0.426004728000
29.2 -0.079392974464 0.020975225753 0.883194008796 0.054487071056 0.859643050367 0.262411353776 0.434954326858
29.3 -0.078101729076 0.022487426286 0.881531230026 0.058956922585 0.859202075714 0.264301187333 0.434097635034
29.4 -0.077185046050 0.026326740159 0.875197885685 0.051821780137 0.860027587980 0.263666822814 0.433758985571
29.5 -0.074103485152 0.030449399209 0.867332885293 0.057251394969 0.868308533096 0.249725714203 0.424734784063
29.6 -0.075149802651 0.031935931076 0.872281064316 0.053779763927 0.862656486880 0.251936724218 0.435269352960
29.7 -0.074610512787 0.032559699452 0.871596778173 0.053630085632 0.863564591969 0.256568167635 0.430758383283
29.8 -0.074657118075 0.033434505812 0.873545004771 0.059009659880 0.854351788051 0.259972807993 0.446110996725
29.9 -0.073498473833 0.035228332278 0.873726060113 0.051904479003 0.861401149281 0.260726452438 0.432799840661
30.0 -0.071900912953 0.036739528252 0.868209593276 0.058290232061 0.865168242501 0.262220734940 0.423469535128
30.1 -0.071717679390 0.037932713473 0.878172290001 0.053623688952 0.863644568941 0.259162002507 0.429042672678
30.2 -0.069652487545 0.038564804190 0.883331541223 0.052624701954 0.860912943023 0.259137066250 0.434634934371
30.3 -0.068353235841 0.033859376852 0.871252021461 0.051063694307 0.863322092914 0.262065358173 0.428239665439
30.4 -0.069444991584 0.031999728650 0.877539565465 0.051346485062 0.860005596646 0.256094229001 0.438371598170
30.5 -0.063178336417 0.032386819105 0.854707868726 0.061562465235 0.865049846019 0.250790959489 0.430119426922
30.6 -0.060189638842 0.034207579251 0.859843475574 0.060384228978 0.866895023572 0.253326470956 0.425055834109
30.7 -0.059763954484 0.034994614085 0.873515531670 0.063220435247 0.858713073562 0.260162610665 0.436955890077
30.8 -0.059714232115 0.033933611502 0.875166617742 0.055641005868 0.858994062314 0.259299081320 0.437946647210
30.9 -0.058717710682 0.031772658547 0.873388606399 0.061077501411 0.863214799105 0.249986987189 0.434322755175
31.0 -0.057097790578 0.029630981167 0.867670712874 0.059198599609 0.860239651329 0.261821870785 0.433511909945
31.1 -0.055326374798 0.030816601508 0.882123078935 0.059753468198 0.855802253847 0.258866549168 0.443869502298
31.2 -0.053553320666 0.030974999780 0.878717524986 0.062537635399 0.858262810079 0.258780378870 0.438755864356
31.3 -0.053180362427 0.030554511519 0.887114805829 0.065891533904 0.857337878452 0.259365827449 0.439726546257
31.4 -0.050558322711 0.031842330013 0.884263252769 0.065397620962 0.854389087195 0.263296389228 0.443190083682
31.5 -0.048422943343 0.033347480925 0.877097855361 0.062350512334 0.853478363868 0.256991144861 0.449046375648
31.6 -0.045804326319 0.034951008705 0.870258833986 0.057949786564 0.854782015462 0.263126379991 0.443569652290
31.7 -0.044521318861 0.038387353777 0.878661966426 0.062142237288 0.857671974271 0.254289494519 0.442576524312
31.8 -0.042173817026 0.040550656898 0.878206297991 0.060337119280 0.857884967067 0.254489011673 0.442298720612
31.9 -0.039959235951 0.042281720379 0.865802358004 0.060152960960 0.863113782794 0.252268644370 0.433332147789
32.0 -0.039992845402 0.044381525823 0.864499737471 0.064588802677 0.858677302571 0.248263269058 0.443696885107
32.1 -0.037672397208 0.046830704978 0.861649524268 0.059578603835 0.858219069761 0.259553703618 0.438796414300
32.2 -0.037778049562 0.049576927603 0.871735059624 0.056002149400 0.857830772850 0.261998187165 0.438573909777
32.3 -0.037264376709 0.048323452367 0.857337565723 0.056078251199 0.857948754879 0.257659463278 0.440897680565
32.4 -0.038156455366 0.045700597459 0.864424922728 0.065483989087 0.850800318120 0.271456261696 0.445154090003
32.5 -0.037270478828 0.044081602189 0.865060695045 0.061281538386 0.850191448466 0.271566110929 0.446845522976
32.6 -0.036164687927 0.042887172395 0.859738934688 0.070285851652 0.852248103825 0.262979282578 0.446738139763
32.7 -0.035181267374 0.041489394316 0.854935800358 0.063945190626 0.855604213219 0.267424397819 0.438562007440
32.8 -0.035281495798 0.039789146197 0.851441946528 0.072808824808 0.852171389940 0.272120920505 0.440968254890
32.9 -0.035392567329 0.039946692680 0.851741975649 0.071120004499 0.853016727315 0.262611415837 0.445353401416
33.0 -0.036752973598 0.039558433661 0.863186389375 0.071803668372 0.850259428157 0.266905283447 0.447956144848
33.1 -0.037620583041 0.039492374986 0.862028714936 0.073219413816 0.847737609607 0.265557553084 0.453275907917
33.2 -0.037392624783 0.040671804647 0.850143511308 0.062355900480 0.853131663601 0.261157954392 0.447297025582
33.3 -0.037159862727 0.038226284402 0.825941523462 0.066897808404 0.854056876384 0.267831609084 0.440882937192
33.4 -0.040801351933 0.039280572505 0.846451738303 0.071853769021 0.851325676999 0.264181384180 0.447537511067
33.5 -0.042270279770 0.039545194127 0.851778876326 0.064942073829 0.850432217490 0.268665055429 0.447623344447
33.6 -0.041901019702 0.038321067580 0.838929219077 0.066900241518 0.855740670397 0.267348256690 0.437900870469
33.7 -0.046104208936 0.040260649024 0.861276895647 0.067120882909 0.844202666583 0.264518545964 0.461352992461
33.8 -0.045973235115 0.039621227396 0.846869584015 0.068546287644 0.845097338916 0.262982348718 0.460382643536
33.9 -0.046976127611 0.042163926721 0.840583179536 0.063687554857 0.846782199118 0.258489786239 0.460528862313
34.0 -0.045687431144 0.043353328906 0.838498397947 0.065608957288 0.845667442912 0.264963456648 0.458624473140
34.1 -0.046681244753 0.045005998656 0.840621454733 0.063663505658 0.848786829684 0.259777121382 0.456096177366
34.2 -0.046321892976 0.044564406622 0.829955056828 0.069086719544 0.847641490284 0.265905234881 0.453900137911
34.3 -0.049064761869 0.049118999858 0.855371505638 0.059803130015 0.850594589800 0.253017676761 0.457049761722
34.4 -0.049728728629 0.049326793491 0.842115024977 0.064417958447 0.848102346052 0.255846278355 0.459472979730
34.5 -0.049296133653 0.050230586175 0.837873249869 0.066781238316 0.852489875894 0.254499178446 0.451698401456
34.6 -0.049574659249 0.048694449535 0.827161050478 0.071503813702 0.847879791262 0.258330043620 0.457441420031
34.7 -0.049689240128 0.048644101474 0.823959615861 0.060739097772 0.850035811166 0.255856348318 0.456385156159
34.8 -0.054753543066 0.049353843258 0.849297355909 0.062692516226 0.841838606344 0.259357116843 0.469160202086
34.9 -0.051413222170 0.048541696503 0.825946026674 0.066691509262 0.847935008399 0.259914008999 0.457168647274
35.0 -0.054383646816 0.049193176285 0.835477818297 0.061662073409 0.841989472170 0.257078030155 0.470279070201
35.1 -0.059475064228 0.048083441660 0.846987294852 0.066695444653 0.835596978742 0.249873029625 0.484657483018
35.2 -0.058328317828 0.045586341523 0.839254429978 0.070437692077 0.834628072626 0.262942088074 0.478848588010
35.3 -0.058360253223 0.044266506225 0.834746747827 0.071790484873 0.847368905485 0.245515055921 0.465332592471
35.4 -0.058662250216 0.042793922046 0.827971857388 0.077092579980 0.845318553228 0.253684789587 0.463828961161
35.5 -0.058275281995 0.044300999715 0.825094168914 0.062537590943 0.845903067068 0.252863204683 0.465400097295
35.6 -0.062020893893 0.043489267142 0.832245670655 0.066214910602 0.839435810397 0.257127129234 0.474182185714
35.7 -0.063793080284 0.041709670927 0.836145457815 0.067112927918 0.835365477623 0.259459349805 0.479938766408
35.8 -0.061838767597 0.040449573376 0.829080936881 0.067544172013 0.840160143852 0.256995246442 0.472781303371
35.9 -0.062081992500 0.041270961128 0.835457980547 0.059817877152 0.836456549092 0.259179238891 0.479153822046
36.0 -0.061541926675 0.039532916644 0.824586046826 0.054729452091 0.837993307173 0.253562521737 0.480081192901
36.1 -0.062872108871 0.038345134721 0.821528405789 0.057255611452 0.828220094486 0.259404292846 0.493439644637
36.2 -0.062088659962 0.037998897735 0.824057682320 0.063213204187 0.833507898199 0.259598879317 0.483608412161
36.3 -0.062441309705 0.038241785191 0.820443501761 0.059781387824 0.832658242413 0.263122885285 0.483603953925
36.4 -0.062230312631 0.040038182814 0.826017336908 0.057279188091 0.835869137381 0.252017681796 0.484281909478
36.5 -0.060376693379 0.039868499464 0.819187576482 0.064793979665 0.838111135854 0.257684395030 0.476413913226
36.6 -0.058190058371 0.039810653237 0.796820690856 0.064837720358 0.837124371476 0.261314276014 0.476165628590
36.7 -0.060744403520 0.041062287573 0.817386869386 0.057876605618 0.836230444179 0.258316643980 0.480251448924
36.8 -0.058510219064 0.040303933644 0.809165845027 0.064701467514 0.836839551194 0.262039797170 0.476286080374
36.9 -0.061297408633 0.040757119359 0.818262571999 0.056992748643 0.832452931915 0.259992571427 0.485981281069
37.0 -0.061326862634 0.040633860757 0.817086583340 0.062191304524 0.835335164706 0.261199468056 0.479710581637
37.1 -0.059118770854 0.040493270720 0.804727137776 0.053772869960 0.838038612962 0.261613163600 0.475771283572
37.2 -0.061324330724 0.037327783113 0.814780419768 0.058849930273 0.831020621048 0.259910600487 0.488249826271
37.3 -0.059940752499 0.035653645485 0.808329543475 0.057477144466 0.834208991691 0.264329510118 0.480543074164
37.4 -0.060744473805 0.034072954925 0.813399014067 0.062747564020 0.831811114828 0.266813776240 0.482662844299
37.5 -0.062867712512 0.030761514031 0.803980869913 0.055807693128 0.834926676006 0.263787080598 0.479790916120
37.6 -0.064624398348 0.030139093333 0.809481723268 0.055682089811 0.831361103773 0.268476831848 0.483382261538
37.7 -0.065431956195 0.028273430858 0.804749434803 0.059604579283 0.831513976990 0.273395403523 0.479882020430
37.8 -0.065315136612 0.027981959512 0.802783209024 0.059331070837 0.832770726433 0.273797987266 0.477501207746
37.9 -0.067726579596 0.028344789586 0.809970247699 0.059462855103 0.833157557662 0.270022204628 0.478957891658
38.0 -0.068222759995 0.027952180120 0.799847514326 0.060333227259 0.833233254773 0.269306711782 0.479120172626
38.1 -0.071999251635 0.026352013791 0.796084855414 0.052983447628 0.825161427862 0.270392984583 0.493141973609
38.2 -0.071794226475 0.026185085211 0.794436270902 0.057272503450 0.829293336267 0.270835668049 0.485428124117
38.3 -0.073509068603 0.026328533967 0.795582085109 0.056587233356 0.828552804694 0.278576060389 0.482383160395
38.4 -0.074247919351 0.027315997822 0.788433389444 0.052110386306 0.827047632120 0.273171141957 0.488522516416
38.5 -0.077743395867 0.029667400082 0.808976016777 0.055896722011 0.824085446401 0.266528855433 0.496710280466
38.6 -0.076108282076 0.031546683734 0.797511169445 0.047881939292 0.832125248373 0.264306409844 0.485197910779
38.7 -0.075884563355 0.032170336190 0.793428687198 0.056185219419 0.836154542397 0.272194842802 0.472862316008
38.8 -0.077896995426 0.032345817403 0.790004076610 0.047454597884 0.832069235381 0.273794964374 0.480047045773
38.9 -0.078542380116 0.031969690871 0.784298973332 0.053198789887 0.830916986613 0.276614741779 0.479824066449
39.0 -0.083823115013 0.034363762831 0.801626137944 0.048889781194 0.829150264335 0.275255354323 0.484101351335
39.1 -0.083517733233 0.033445275910 0.788657110603 0.046835654282 0.830063815339 0.273894947416 0.483510125780
39.2 -0.085158557632 0.034455727908 0.798388834014 0.049315376683 0.822639019137 0.270454058238 0.497682268319
39.3 -0.085562780036 0.034949595221 0.801349841005 0.053947857647 0.825452784552 0.269472170180 0.493053829342
39.4 -0.085004942214 0.036406369096 0.796548662773 0.047934804181 0.827304625535 0.268946167241 0.490853613863
39.5 -0.086249035076 0.035440412779 0.796392740484 0.047703191554 0.824814378489 0.270049158966 0.494448276663
39.6 -0.085340070966 0.035223116394 0.788471642620 0.056496941889 0.827261498166 0.271791886839 0.488442094274
39.7 -0.085610355157 0.038243536486 0.786971884485 0.044268080292 0.831879429572 0.267976405884 0.483947928616
39.8 -0.087235002183 0.039273183710 0.790800231611 0.044613325647 0.824621637679 0.273440649606 0.493192677348
39.9 -0.089026281220 0.038568221361 0.800824241662 0.048767695483 0.826143281939 0.267527322764 0.493495816760
40.0 -0.092237207294 0.038158095868 0.821791616914 0.052181730903 0.822784254969 0.262198598525 0.501552621034
40.1 -0.088541481524 0.034014066146 0.792749152604 0.057337611243 0.830186784331 0.267380852677 0.485808378973
40.2 -0.094382698059 0.032685666172 0.815262001404 0.050447538083 0.821058880764 0.268788389459 0.501069019110
40.3 -0.092007868092 0.028666437808 0.785850193752 0.052923253067 0.825074309087 0.266892428634 0.495196875300
40.4 -0.098716521240 0.028966519124 0.809225951238 0.055168514059 0.825184067580 0.264997103644 0.495786470902
40.5 -0.101218250857 0.027434028841 0.810493676609 0.050738414069 0.814767098610 0.264305212604 0.513539621598
40.6 -0.102162930714 0.027047475516 0.815431882071 0.061602068979 0.819458010177 0.270203479188 0.501681008699
40.7 -0.103910052610 0.026094468670 0.809651906004 0.058497687714 0.814302890400 0.266952758838 0.512079142094
40.8 -0.106085445230 0.025306645588 0.815377148816 0.061013170051 0.812110462863 0.269828189944 0.513757469143
40.9 -0.108318656509 0.023865208462 0.809194124340 0.057960403327 0.806272981850 0.270955714413 0.522635122444
41.0 -0.111294909822 0.022689335585 0.815045039278 0.063611433840 0.814590707670 0.263845386234 0.512621865146
41.1 -0.115182488371 0.021559073264 0.815882699457 0.058070842895 0.807970953266 0.262016991320 0.524554870480
41.2 -0.117900585610 0.021553428645 0.820522417247 0.066370011763 0.802067457615 0.265832843598 0.530674772567
41.3 -0.117419274490 0.022256730320 0.816234726000 0.067183990084 0.807905138961 0.256613659415 0.526236665123
41.4 -0.122097352020 0.019882331445 0.822606721244 0.067763484735 0.805235718778 0.266955802091 0.525107748058
41.5 -0.125919145054 0.019370315580 0.837187447132 0.065489709045 0.800755373372 0.258595954907 0.536311534586
41.6 -0.126208012507 0.017957466484 0.836408804887 0.073004350165 0.805220911500 0.260804350156 0.527513733925
41.7 -0.128258557552 0.016787493973 0.833428597216 0.063410244775 0.793398185172 0.265064624579 0.544278610107
41.8 -0.126544064751 0.016548243242 0.825155435296 0.068368244636 0.805633532201 0.260503095390 0.527653799579
41.9 -0.131610089301 0.016616111681 0.840833899323 0.066517181134 0.802331285288 0.260301825760 0.532994308383
42.0 -0.132401156664 0.014300134629 0.823562642881 0.074651540749 0.799783163880 0.266069546161 0.532898709740
42.1 -0.133159800013 0.014700208127 0.813710003826 0.065131808957 0.793154458791 0.265597198391 0.544170910808
42.2 -0.137654616531 0.014203905231 0.829876902573 0.072325576516 0.796697579923 0.259963606199 0.540796542683
42.3 -0.141306803835 0.014674738699 0.832794507188 0.067724963121 0.799551262520 0.259829150699 0.537233580874
42.4 -0.141796785846 0.014112851420 0.829158264743 0.072177839723 0.794777270343 0.264963971249 0.541214877788
42.5 -0.144554012753 0.014802679584 0.828370490192 0.076448909256 0.788226898514 0.262678971856 0.551229243127
42.6 -0.147519669216 0.015802226019 0.838547168985 0.072606262040 0.797081895838 0.251192929146 0.544326091959
42.7 -0.149359728064 0.017456959839 0.836625041648 0.064061835354 0.784391722405 0.257357548118 0.560707409886
42.8 -0.148459663720 0.019086625835 0.834102192394 0.068433463251 0.791138100235 0.252274576775 0.552969172176
42.9 -0.150114897453 0.019196318205 0.839861393607 0.070786554267 0.791894906840 0.259096520622 0.548416550860
43.0 -0.148905056747 0.019058801146 0.829271364961 0.073404298151 0.792862895891 0.254652945172 0.548755059062
43.1 -0.152056035857 0.019771239556 0.839977370024 0.070880832960 0.787085717603 0.252022857421 0.558530625840
43.2 -0.152610209465 0.019060290914 0.844335660543 0.079881242454 0.793018628966 0.251470128545 0.549093084701
43.3 -0.155161205277 0.018155432210 0.850154473752 0.073028520676 0.784693106641 0.257186230622 0.559266310746
43.4 -0.156937689111 0.016685679747 0.855708336955 0.075663215815 0.782174539464 0.257612625387 0.562239986864
43.5 -0.154543119555 0.016207984271 0.841187450423 0.072885029751 0.788990907591 0.246049392840 0.558247988317
43.6 -0.157121448579 0.015579678235 0.848204055826 0.072579355315 0.788590264856 0.246374394608 0.558710380285
43.7 -0.158121263341 0.015059667067 0.849360594838 0.077755698926 0.787282133433 0.251892617686 0.557396629715
43.8 -0.158340993420 0.015727340556 0.851833645843 0.079936355795 0.795918232864 0.247860327011 0.546525025878
43.9 -0.159861408813 0.015823938031 0.851840330531 0.074155035648 0.785650203070 0.248552944048 0.561672701054
44.0 -0.161453965091 0.015682330519 0.851183597932 0.073937787337 0.781508279105 0.253709758076 0.565163137466
44.1 -0.164863765165 0.016410889049 0.860377457311 0.083639972283 0.783930412622 0.249629606495 0.562265526921
44.2 -0.162981966825 0.016432369555 0.853962250041 0.079690343778 0.785055983652 0.244981315410 0.563312263972
44.3 -0.165065626226 0.017382085930 0.859937891082 0.078258492984 0.784786942426 0.247672896784 0.562710582336
44.4 -0.165717793129 0.019213736980 0.859429956016 0.086611778470 0.780161986809 0.248942428881 0.567338824047
44.5 -0.163724770648 0.019543323805 0.855057688873 0.078898536230 0.781513365963 0.245891399704 0.567934238582
44.6 -0.164270261043 0.019871093597 0.855115884867 0.074967509708 0.778137868915 0.248129345802 0.572112888511
44.7 -0.163659639489 0.020356070885 0.854932216748 0.079799182845 0.783499433473 0.241738471944 0.566853807738
44.8 -0.163739569747 0.020267008712 0.853215442581 0.077207475500 0.778926779372 0.237491574838 0.575247624928
44.9 -0.164476627048 0.020301691267 0.859646781552 0.080626326601 0.780539360560 0.239702134080 0.571664752274
45.0 -0.163503987429 0.020193594629 0.861398779452 0.075035445307 0.779142400240 0.249142484086 0.570293630264
45.1 -0.163193504868 0.020813009203 0.864508057928 0.078578228905 0.784827755956 0.239223857975 0.566253301270
45.2 -0.161697418390 0.020014292940 0.861474259250 0.077337978212 0.783854402926 0.237931485964 0.568313047647
45.3 -0.160242338129 0.019656639248 0.872127410125 0.079619064671 0.780819036789 0.241790492448 0.570543419987
45.4 -0.158164877158 0.020583481021 0.863742408021 0.081086881882 0.779423058687 0.238533293922 0.573608299159
45.5 -0.157705652088 0.020399214932 0.867536085324 0.080784229415 0.781978636713 0.237614343218 0.570546005068
45.6 -0.156234296568 0.021497227310 0.865523152231 0.070372825437 0.779485917906 0.235344260798 0.576248599248
45.7 -0.155551521894 0.022559755735 0.860845104338 0.073752714735 0.782969603648 0.232220400668 0.572357250628
45.8 -0.155370770982 0.025065072399 0.863723657051 0.072702137080 0.779751370416 0.230448804469 0.577577309213
45.9 -0.157512705495 0.025592725692 0.875211028577 0.079938179990 0.783822133682 0.232103993584 0.570403792320
46.0 -0.156052397242 0.026342574593 0.864419667207 0.074825535812 0.781957695902 0.230960526824 0.574108470639
46.1 -0.157827148271 0.028011186422 0.870385394740 0.075283879207 0.777640990206 0.232097406041 0.579428703113
46.2 -0.156917338230 0.029297213481 0.866063090865 0.075292194390 0.779008803647 0.232197716478 0.577547045501
46.3 -0.159019970327 0.030993154472 0.875712592409 0.076428393032 0.782707560965 0.229247930976 0.573561645240
46.4 -0.160224667330 0.031608140087 0.874064787004 0.079919987392 0.782891199262 0.226037744649 0.574108965029
46.5 -0.160956909557 0.032371905254 0.871387073309 0.076971167308 0.785747262555 0.224984568275 0.571015431340
46.6 -0.161482135740 0.032993645444 0.868088100674 0.079146959201 0.783462935117 0.221338803480 0.575265783983
46.7 -0.172929441518 0.037243483361 0.867937036483 0.070242770600 0.773087756168 0.217499161688 0.591688591327
46.8 -0.174748797547 0.037291507424 0.863432551561 0.073785498081 0.772512744534 0.218303593439 0.591712177411
46.9 -0.180729062459 0.040061519883 0.876908955193 0.075091644432 0.774690595801 0.218988335479 0.588438471412
47.0 -0.179861041919 0.040443811713 0.857548378660 0.071243353640 0.772765973130 0.217520586694 0.591981359249
47.1 -0.187040042440 0.042884380334 0.871289098045 0.078009940691 0.773981776130 0.212874401354 0.591228507956
47.2 -0.187103490733 0.043071948889 0.863932978028 0.070284561601 0.768920094023 0.206965638999 0.600822098196
47.3 -0.188756925011 0.043220833820 0.867556399171 0.069967573051 0.766390431584 0.205962076880 0.604425237713
47.4 -0.192126296718 0.044290481089 0.874477482788 0.073239582941 0.766207032146 0.208133123978 0.603525765882
47.5 -0.195094261825 0.046381411317 0.882074525740 0.071351175086 0.766416884918 0.211387353358 0.602353347435
47.6 -0.193525928383 0.046665237478 0.875875908183 0.072576814384 0.770888485437 0.206825926875 0.598069047023
47.7 -0.192158577470 0.047664183645 0.873814813015 0.073956953172 0.767182620017 0.208762467575 0.601979591641
47.8 -0.192672776573 0.046535478165 0.879789648077 0.074796402595 0.766784668908 0.207238462947 0.602908773499
47.9 -0.191524403613 0.046141026693 0.877386842102 0.078009799598 0.764032561657 0.204942946419 0.606767751786
48.0 -0.192897049820 0.046398993784 0.884307050428 0.072112018909 0.761523469775 0.205663736017 0.610396829446
48.1 -0.191839626553 0.045905814483 0.888542432003 0.082491221865 0.770003314872 0.199679722346 0.600348317134
48.2 -0.191755833933 0.045481261513 0.891613361296 0.079328785025 0.767049523843 0.203202491144 0.603366157016
48.3 -0.191356767179 0.043610816731 0.896533636833 0.079826035043 0.767270046343 0.204260664509 0.602662476888
48.4 -0.193131307006 0.038599740371 0.892197488741 0.074611616837 0.765813186349 0.204424303151 0.605123106920
48.5 -0.192908350659 0.038869637468 0.898055098506 0.076437252439 0.766529288453 0.204835466102 0.603848183081
48.6 -0.189212245166 0.038518406760 0.876123647708 0.075912556897 0.759894973365 0.200783462332 0.613582035602
48.7 -0.192556606822 0.040047450261 0.893202365734 0.076251064222 0.761036242654 0.203181640223 0.611332015887
48.8 -0.189767861060 0.039876339504 0.890105537899 0.075970431449 0.765381031795 0.192015494064 0.609549357930
48.9 -0.187344864866 0.038479367447 0.890512414359 0.075478830872 0.764924891632 0.200248079347 0.607530709487
49.0 -0.186352535003 0.037831001411 0.890141238268 0.075876371757 0.761333236083 0.202368032977 0.611278708179
49.1 -0.185155048193 0.037712508731 0.894731232676 0.075295196662 0.764394791619 0.203150005962 0.607257203319
49.2 -0.183526137318 0.038969261059 0.897262195223 0.078662730115 0.766734430527 0.202340998793 0.604142870638
49.3 -0.178109474211 0.040630397188 0.898629089904 0.073994763153 0.765675377296 0.196104101446 0.608119373992
49.4 -0.173614722857 0.040820485220 0.893898588934 0.080005074797 0.765934441347 0.202215741528 0.605022655315
49.5 -0.171880671830 0.042620108238 0.904313921745 0.076816045219 0.769981756230 0.193905884889 0.603015669842
49.6 -0.167352448407 0.042884182514 0.900423202904 0.074775705985 0.771335724058 0.198774975331 0.599948584271
49.7 -0.164757288086 0.043068205781 0.906140705519 0.080129108815 0.773535979826 0.194175550322 0.597927478455
49.8 -0.160201304576 0.041953402890 0.900129074735 0.081794549587 0.771317035271 0.203166042960 0.597581159129
49.9 -0.156211605519 0.040808782778 0.898801475411 0.079940051611 0.780036248495 0.195832930526 0.588899399307
50.0 -0.155103285506 0.038516590145 0.906227061740 0.081366246790 0.770648393144 0.200299937120 0.599466865822
50.1 -0.151508185125 0.036004273628 0.917470761665 0.079828265686 0.777858744169 0.201406597980 0.589914065273
50.2 -0.147830863175 0.035504166951 0.907485293127 0.079379689923 0.775317845059 0.193907547450 0.595802792041
50.3 -0.146817927706 0.034760523915 0.910168463448 0.074736052995 0.772348015409 0.200069917451 0.598218265860
50.4 -0.136047460842 0.034611768848 0.895815574561 0.075228010413 0.772905918131 0.199603888939 0.597591395259
50.5 -0.132865593913 0.036294138028 0.906307234915 0.078151311006 0.776458561163 0.201067665886 0.592094814300
50.6 -0.130975637541 0.036512239019 0.895985062058 0.073071733662 0.771769335596 0.205808283853 0.597223211765
50.7 -0.129919214012 0.037754403526 0.896294534859 0.070785189103 0.775835736443 0.201683298811 0.593626325261
50.8 -0.125067955165 0.039521708783 0.885583457077 0.076842631389 0.775125136670 0.198654222216 0.594821597203
50.9 -0.124653149901 0.041180464405 0.892687920160 0.074605108254 0.774521007915 0.202905832944 0.594458164279
51.0 -0.122687912874 0.041407518308 0.891134301445 0.075918364230 0.775712964245 0.197256829302 0.594639001722
51.1 -0.119215239644 0.041531621904 0.888593348644 0.079196477838 0.773393844102 0.200490592650 0.596148808656
51.2 -0.120109978366 0.041111994888 0.891855864491 0.077792915544 0.771976917609 0.200329069368 0.598220832917
51.3 -0.119853731937 0.040682451972 0.891921082534 0.073343881170 0.774195751468 0.195415173013 0.597540395003
51.4 -0.119200719910 0.039782125119 0.887286719608 0.071457646554 0.777096497838 0.194147796809 0.594408504978
51.5 -0.117900881543 0.037741112996 0.882719461125 0.075368164291 0.774486970380 0.200005066302 0.595388567220
51.6 -0.117908231688 0.037110655751 0.884611907114 0.073743375196 0.774578267679 0.201728044365 0.594891769964
51.7 -0.119091518637 0.038200494319 0.879844655569 0.075636086021 0.772675138326 0.200178431376 0.597646140050
51.8 -0.119448649972 0.039554463362 0.886520494369 0.074730735874 0.772650484022 0.199985410830 0.597856489562
51.9 -0.119014251008 0.039459165919 0.878541205006 0.078469796757 0.768950246934 0.199723391866 0.602219706983
52.0 -0.122331819117 0.040495392137 0.873406668361 0.077110058211 0.772760188057 0.195762765739 0.598809377203
52.1 -0.121661725305 0.041815375288 0.868168214329 0.070546851297 0.774038324593 0.196202570746 0.597823021525
52.2 -0.123620446838 0.042396427553 0.878050536894 0.073022568848 0.774011370193 0.193803278377 0.598343039185
52.3 -0.124065090688 0.040380468225 0.866966282090 0.072296672934 0.767030330082 0.197135009956 0.606280010941
52.4 -0.122480621349 0.041220849554 0.868468081668 0.075285604018 0.772825132866 0.197368798839 0.598430404544
52.5 -0.122420384109 0.037230145991 0.861855142379 0.081519978084 0.770875099228 0.199516909400 0.599415613266
52.6 -0.124095700770 0.036286834516 0.858961612599 0.073616977726 0.767464066948 0.193980939515 0.606589516591
52.7 -0.122783874954 0.035289938676 0.849118997140 0.075243359233 0.766991754307 0.192276627919 0.607529245446
52.8 -0.123363748697 0.035517630979 0.858606799231 0.077731704194 0.767651714878 0.190941061375 0.606803211832
52.9 -0.123963369199 0.034174950004 0.862987988142 0.078081802137 0.768152170222 0.194712330708 0.604923618177
53.0 -0.122817613105 0.032480973244 0.858174911796 0.079002481436 0.766562751369 0.197662647939 0.605862718568
53.1 -0.122406479001 0.029904072862 0.851394201148 0.074892185760 0.764750425187 0.198726898882 0.608321927395
53.2 -0.124062801626 0.030337445214 0.853755736624 0.081031117732 0.766189047982 0.197918721493 0.605983894501
53.3 -0.122057122771 0.032165062922 0.850670589821 0.081390137859 0.769300815945 0.194224516458 0.603182175840
53.4 -0.123128232624 0.032518318168 0.857786892013 0.080608173305 0.762936643460 0.196722725547 0.610516314046
53.5 -0.117968836711 0.030517616989 0.839780342403 0.077679074064 0.769612273765 0.194423819513 0.603209986596
53.6 -0.115553718030 0.028694393661 0.841127560663 0.078704740084 0.767992008229 0.188298548535 0.607072891673
53.7 -0.114088631391 0.027117856164 0.839018853106 0.073027992295 0.771503321865 0.197919627270 0.600231087027
53.8 -0.114570504644 0.026517013885 0.841520489755 0.079502660935 0.772265347789 0.198635415088 0.598188541666
53.9 -0.115517347779 0.028911026870 0.835852547495 0.072481062358 0.764136908943 0.188762496260 0.612543875977
54.0 -0.116234900638 0.031299059094 0.838707715915 0.076517086888 0.764221601842 0.193752933713 0.610385353174
54.1 -0.116018974945 0.032785362751 0.839672952694 0.076820488407 0.764753018506 0.193404014642 0.609792030423
54.2 -0.114529137909 0.034485465988 0.832711768301 0.072475425475 0.768967929561 0.187166623365 0.606963171130
54.3 -0.115286325873 0.034159158898 0.839981366388 0.081392716752 0.767630213169 0.191991755635 0.606018355546
54.4 -0.114533255430 0.031776874005 0.836790759613 0.074604184675 0.767403424423 0.197166218378 0.605517697630
54.5 -0.114307388481 0.030947022116 0.845672312544 0.086978085595 0.764132370319 0.199048911506 0.607384609687
54.6 -0.111776007489 0.028817058491 0.827503305114 0.081161150011 0.762184640689 0.201061529441 0.609968607885
54.7 -0.111807297500 0.028475303185 0.828625243837 0.080234854271 0.762572527351 0.197067831404 0.610908977275
54.8 -0.111432681537 0.028271425555 0.828952792712 0.083642153377 0.766244288902 0.194489861642 0.606669080819
54.9 -0.110227511329 0.027590875345 0.836868971123 0.082564994420 0.767623667988 0.194679943191 0.605009624519
55.0 -0.106479620268 0.025059478560 0.830466733967 0.079095984368 0.761982208454 0.202769804875 0.609927328037
55.1 -0.104750836763 0.024211185066 0.822334641968 0.080443241330 0.766591979627 0.198979499861 0.605204742489
55.2 -0.104747784534 0.025516631396 0.814127522935 0.073716036934 0.765080766900 0.200685342755 0.607406584769
55.3 -0.103740805557 0.025736743018 0.816050439091 0.082033252999 0.770747746027 0.199602239093 0.599480945106
55.4 -0.101047119345 0.025629092593 0.820525147441 0.086860013061 0.770570297419 0.194675608866 0.600648118435
55.5 -0.100864589537 0.024704082087 0.828163121309 0.083733738695 0.769864322593 0.198031375972 0.600900291175
55.6 -0.100167114052 0.023184969650 0.819952834767 0.081947372569 0.762451317102 0.205207800874 0.608146672801
55.7 -0.099968688033 0.022091361811 0.815953863729 0.074901255682 0.766234108250 0.199325924189 0.606254294168
55.8 -0.100299146448 0.020676780760 0.822045617757 0.077715753870 0.765143588400 0.201097357012 0.606692182028
55.9 -0.099083271908 0.019728484636 0.813204495975 0.078724125015 0.769402912325 0.197934509563 0.602198970914
56.0 -0.100277080369 0.018164015331 0.817602875447 0.086728063402 0.767602219801 0.205838231398 0.600745951022
56.1 -0.100059787607 0.018384999930 0.814452151931 0.078773201351 0.766816337303 0.198738417260 0.605219405753
56.2 -0.100872057571 0.017700012861 0.818085296116 0.085285572625 0.765752574617 0.202927317317 0.604292867288
56.3 -0.101956165657 0.017474112747 0.825016620534 0.086452176531 0.764012466816 0.203125247598 0.606259932299
56.4 -0.098631057272 0.016650536631 0.814590866712 0.082948075211 0.765617660137 0.200941519499 0.605451666978
56.5 -0.098638641761 0.016317444127 0.818831638767 0.081536070967 0.763661248531 0.210702597885 0.604795652984
56.6 -0.096619146015 0.015175971230 0.816314591940 0.081125194879 0.766160055068 0.206881660511 0.603007007686
56.7 -0.094819078978 0.014518405196 0.812549740331 0.084373778210 0.764504931721 0.211978985488 0.602891519791
56.8 -0.093515989814 0.012385278364 0.810587204428 0.083402966238 0.762330184687 0.200470932557 0.609678636609
56.9 -0.092571116430 0.011094224945 0.813701367618 0.087140544142 0.764835594305 0.202319389784 0.605392355228
57.0 -0.092832120977 0.009118440511 0.814275264640 0.086948048466 0.766269242064 0.206070758035 0.602334066957
57.1 -0.093797718644 0.008403835496 0.812677011938 0.086622075076 0.762909018513 0.211288710913 0.604833469826
57.2 -0.094595628211 0.008844129259 0.809996906026 0.086357093920 0.762675193922 0.212694407597 0.604673539923
57.3 -0.095979584666 0.009279145854 0.812484344310 0.087565055175 0.759882175430 0.211924315533 0.608275862633
57.4 -0.096021484264 0.010543787176 0.805620146368 0.079178466380 0.758039123933 0.207550888526 0.613212920379
57.5 -0.095996463883 0.011233779710 0.801461302331 0.086013641216 0.757801765215 0.203671247074 0.613886114256
57.6 -0.096363633516 0.013303877967 0.800117967035 0.078465738545 0.763158902035 0.201972471598 0.608801066717
57.7 -0.093868934632 0.012909642918 0.787381311608 0.088353037951 0.767958545131 0.200948372084 0.601708538581
57.8 -0.097910766002 0.015468408580 0.803658250441 0.084689824525 0.762539858712 0.201058354052 0.609045265775
57.9 -0.099371803407 0.016890760851 0.807522361893 0.088759071092 0.761590167865 0.203523711274 0.608835234246
58.0 -0.098025862763 0.015447503046 0.791892701691 0.084848161405 0.753242198602 0.207832812322 0.618249546602
58.1 -0.100347314602 0.015934812715 0.804139006937 0.083907445635 0.755177547920 0.203681161536 0.617398085615
58.2 -0.102733699164 0.013603287665 0.792664256076 0.081119997468 0.753314370610 0.209865402403 0.617975337629
58.3 -0.103238319044 0.013568998817 0.789146491357 0.078871100560 0.756902851912 0.207101139086 0.614806099883
58.4 -0.106771595159 0.013556416716 0.800536510825 0.076053387585 0.747126015961 0.209064741043 0.626346974579
58.5 -0.105872702751 0.012748021786 0.804029820652 0.083224720229 0.759691712374 0.206647400887 0.610932893041
58.6 -0.106589532243 0.012869923505 0.799722779879 0.073043727289 0.755555727695 0.209477256937 0.616376050051
58.7 -0.109888972046 0.012251399628 0.799022210001 0.067737635543 0.749256979738 0.208213395451 0.625038217231
58.8 -0.109186812676 0.012317390702 0.787136096952 0.070655858908 0.744028534537 0.209121022826 0.630632767313
58.9 -0.111204795046 0.012842251291 0.792462106865 0.070450105238 0.753369236741 0.205086792674 0.620814773725
59.0 -0.113404235619 0.012314623771 0.787261135149 0.070062416447 0.747185375726 0.206841015857 0.627711770052
59.1 -0.116848323515 0.013863581590 0.787403522575 0.071921334598 0.743466067734 0.215071683755 0.629149981010
59.2 -0.118102585802 0.014645375908 0.786358516024 0.065506696103 0.746428730454 0.200706456540 0.631086318518
59.3 -0.119438075929 0.014301085241 0.783964075873 0.067026043249 0.741003044085 0.210672077564 0.634065670036
59.4 -0.123038220846 0.014883733869 0.792734235040 0.065026839433 0.745418520755 0.211794528843 0.628701691282
59.5 -0.123363867268 0.015334611466 0.786355306464 0.066729423242 0.746920499307 0.213662635787 0.626103210227
59.6 -0.125797697253 0.015245815375 0.787173046847 0.066298910360 0.739645780674 0.208842667510 0.636327992346
59.7 -0.127198996430 0.014269309838 0.786259358655 0.068543327946 0.741350307103 0.213092275059 0.632687297694
59.8 -0.127064172243 0.014182654232 0.785133678452 0.069977682129 0.738960701154 0.208034650733 0.636994340829
59.9 -0.127368701063 0.015042405173 0.783113756800 0.063781402957 0.732223894327 0.207837751094 0.645432855093
60.0 -0.128451286042 0.016080373293 0.793935498673 0.067206886979 0.741721708776 0.212954789855 0.632441616713
60.1 -0.126501322248 0.016607258578 0.785740973098 0.067350069416 0.739695610387 0.210319583942 0.635672907032
60.2 -0.125388568690 0.018780139660 0.791895399075 0.069548978661 0.739344975108 0.208179340106 0.636547963395
60.3 -0.123430431737 0.018626925903 0.788189695498 0.067978680542 0.742247166727 0.201289020496 0.635555483577
60.4 -0.124075754279 0.018133929022 0.794087666567 0.070459866750 0.737353443506 0.202956368087 0.640432681225
60.5 -0.121008470202 0.017276977501 0.790780628907 0.074146522199 0.743097459007 0.205031102904 0.632669508120
60.6 -0.121206485709 0.017137830637 0.797811266900 0.070947707492 0.740617011525 0.203545255114 0.636413540209
60.7 -0.119420897017 0.016949046912 0.790140625492 0.064920890754 0.735409867484 0.204421311100 0.642782647805
60.8 -0.117162035501 0.016281463871 0.788280198174 0.067748194261 0.740679090557 0.202810267418 0.636924377314
60.9 -0.114623360084 0.015284311844 0.785412003267 0.068502170565 0.739258800984 0.207626914615 0.636941867146
61.0 -0.112391135226 0.013807185494 0.778463458809 0.072016904877 0.739252392036 0.210811183996 0.635514052546
61.1 -0.113849656735 0.014387373562 0.790117941807 0.067490766583 0.734286578281 0.206301976907 0.643201144050
61.2 -0.112512984091 0.014534614281 0.786537819460 0.068672806851 0.734040630461 0.207995627846 0.642811183185
61.3 -0.113704260874 0.015601155522 0.793552807278 0.065953690567 0.735289012436 0.205863261381 0.642355428486
61.4 -0.112641465960 0.018093677490 0.786316019713 0.064983028701 0.738143099739 0.207461779361 0.638656073636
61.5 -0.110670171387 0.018636413936 0.786149268924 0.066398103706 0.743829727667 0.205049253841 0.632663758692
61.6 -0.109727192321 0.018300904353 0.781706964006 0.067946102939 0.738470764519 0.205029526536 0.638754373993
61.7 -0.108701441694 0.018442700415 0.794489211726 0.068785781728 0.743155602083 0.204750408447 0.633297353196
61.8 -0.108780382263 0.018830165426 0.786868632150 0.065042787672 0.729679735853 0.210125413549 0.647444383278
61.9 -0.108042282989 0.019508426730 0.787749610081 0.064745470320 0.738235225115 0.203681824915 0.639789411191
62.0 -0.108476255899 0.019862323618 0.787120402208 0.063298076991 0.739996185986 0.198248811226 0.639606446983
62.1 -0.109184633547 0.019996326031 0.791336489992 0.063855523820 0.738847325045 0.204572952741 0.638887321332
62.2 -0.108845131646 0.019251214527 0.789107408327 0.064720117967 0.738912164263 0.205329545047 0.638482496052
62.3 -0.107502834752 0.018361665658 0.785482851284 0.062380492995 0.734978348811 0.207268789023 0.642615865015
62.4 -0.106069622936 0.017282235593 0.785172890880 0.068972375154 0.736381036711 0.206992980023 0.640421491254
62.5 -0.107073439690 0.017613201865 0.797129107656 0.061151630077 0.739761418345 0.206513219125 0.637468283441
62.6 -0.106989810633 0.017940145818 0.797972777441 0.063835594936 0.739173138148 0.208239944252 0.637325830543
62.7 -0.107045766386 0.019013067558 0.792844017894 0.059397358741 0.740171587029 0.204764259368 0.637722175885
62.8 -0.106532589613 0.019143168798 0.787383047991 0.064970581525 0.736490388220 0.205427381546 0.641217843254
62.9 -0.104703074933 0.019974442192 0.783294749573 0.060282338218 0.742343327002 0.205028337622 0.635024255699
63.0 -0.104713016978 0.020507487014 0.788268380727 0.063316868115 0.738989005065 0.201577792857 0.639728550271
63.1 -0.102122261447 0.022057628656 0.786251942505 0.059448179582 0.745445165220 0.199764663878 0.633144137350
63.2 -0.099818188315 0.021338695746 0.780890658901 0.064585144515 0.740486999352 0.203628207238 0.637215282394
63.3 -0.098902739745 0.023271975844 0.790116980420 0.060028852787 0.740809227436 0.202348391759 0.637693777397
63.4 -0.095459662879 0.022790623466 0.784545817330 0.062928155404 0.747894964568 0.198519563218 0.630304015735
63.5 -0.094796156100 0.023332986867 0.791480012177 0.066635454171 0.746105193663 0.199122312833 0.631852087729
63.6 -0.092794443241 0.023477650221 0.792932577817 0.066316199229 0.737508706916 0.203730894264 0.640450459962
63.7 -0.089579443488 0.024544181300 0.787764399745 0.063462911483 0.744831445531 0.193472296542 0.635426665387
63.8 -0.087981510231 0.025354284218 0.793576517342 0.059526594793 0.742153969737 0.197815893210 0.637599358618
63.9 -0.085681383341 0.025144090787 0.790796447284 0.064968817374 0.741993474778 0.200403152263 0.636445844293
64.0 -0.082275942757 0.025926201567 0.778444068967 0.063838792540 0.745052959961 0.197712952665 0.633821965357
64.1 -0.081733006826 0.027344553387 0.783107023741 0.054766809921 0.747459192725 0.196338095910 0.632263160272
64.2 -0.080295727328 0.027413707226 0.783405386486 0.062572980333 0.748457870856 0.205899281175 0.627296519756
64.3 -0.080080114503 0.028794876728 0.786235514751 0.057929130164 0.747365702781 0.206818916845 0.628740532986
64.4 -0.079358981388 0.029015789089 0.789413913164 0.060851849139 0.748524750601 0.199262228372 0.629525467745
64.5 -0.079791263688 0.030884336873 0.796819005085 0.056175138390 0.747201416773 0.201486044072 0.630823089814
64.6 -0.079597596177 0.031626296850 0.789886702453 0.052891761532 0.747196877191 0.199232097802 0.631827396908
64.7 -0.079652321864 0.031729245891 0.785259730322 0.057482639349 0.750084040126 0.194794677229 0.629384391802
64.8 -0.080769193966 0.033306830906 0.786130705062 0.051516594886 0.745408470255 0.198386611047 0.634314595040
64.9 -0.079682724161 0.033459506593 0.783164907033 0.055042352217 0.754388217484 0.196478412779 0.623911043416
65.0 -0.080391896337 0.033573145514 0.772297158000 0.050006045766 0.745112684307 0.200797166005 0.634024432649
65.1 -0.081205795822 0.034732789328 0.781378433691 0.053988053008 0.745999582538 0.205778003620 0.631050969583
65.2 -0.082486277747 0.035860070277 0.778397185053 0.051660468235 0.743595655604 0.203721627827 0.634739470448
65.3 -0.084680850117 0.036798013267 0.783109584414 0.049102300176 0.737702318466 0.200349254343 0.642840905459
65.4 -0.083585695406 0.035260750087 0.779169555350 0.053703201071 0.749604225962 0.201813712888 0.628076982467
65.5 -0.084624690029 0.034479650355 0.784739296063 0.053348320806 0.745467220527 0.195481254327 0.634995794469
65.6 -0.083357922997 0.032604720087 0.786345029089 0.054152034012 0.746326634474 0.199648455902 0.632617266554
65.7 -0.083445869961 0.032328966784 0.783607739826 0.053266281530 0.744452285067 0.196017237347 0.636027311656
65.8 -0.084518158841 0.031671645579 0.788334883899 0.048583005120 0.739946037181 0.204112980254 0.639106755531
65.9 -0.084257965094 0.029963413171 0.787640066971 0.048958583815 0.742172266179 0.198517593166 0.638258685479
66.0 -0.084104073059 0.026587332516 0.787829326786 0.056499604227 0.741607522801 0.204842321080 0.636290578542
66.1 -0.085144762003 0.025238009497 0.790422449805 0.051165243181 0.742799226601 0.206903014638 0.634683046398
66.2 -0.085256112925 0.023176364084 0.787667455109 0.052736141964 0.743470196889 0.209850709991 0.632798265788
66.3 -0.085027176942 0.021587630112 0.782964530483 0.051334911135 0.739967496024 0.208090104505 0.637582418306
66.4 -0.087531349182 0.021168093592 0.795582558373 0.048465633446 0.737541296246 0.205093313549 0.641576691786
66.5 -0.086227682186 0.019776992490 0.783607256245 0.049914939957 0.737668882475 0.210884796729 0.639437816449
66.6 -0.090386051404 0.020707717482 0.782841556969 0.044226323700 0.733878879676 0.210335084197 0.644379526842
66.7 -0.090395238990 0.021032473938 0.781892481931 0.052482981333 0.740267301224 0.204511612346 0.638298409700
66.8 -0.089084396633 0.020865471048 0.775677409450 0.052419267173 0.744961806556 0.203946776935 0.633000663016
66.9 -0.090937606011 0.021568415974 0.787379547647 0.049137775896 0.738740982431 0.210418813261 0.638413003379
67.0 -0.089551175140 0.022294895992 0.781871214020 0.043198083239 0.729626557327 0.208466000107 0.649862246363
67.1 -0.086467939637 0.022782071392 0.775779653798 0.048871280131 0.739153252993 0.210272914103 0.638004207010
67.2 -0.088342572205 0.027441863660 0.775819585274 0.043544106325 0.735982267716 0.213623130680 0.640936167220
67.3 -0.091167660429 0.028166516807 0.783284414430 0.042481295519 0.736439284455 0.205861997323 0.643018940545
67.4 -0.091851050628 0.028091870119 0.780856239610 0.042030159883 0.737340216154 0.210878733705 0.640385064608
67.5 -0.092238635337 0.028805583200 0.782239362956 0.037835266533 0.736429057151 0.203512526132 0.644067844328
67.6 -0.093011029067 0.027326631216 0.782168141421 0.046719295980 0.737033851073 0.213030170554 0.639700364381
67.7 -0.091861626140 0.027273851019 0.774045536754 0.039152040226 0.736340072612 0.202467078460 0.644420280059
67.8 -0.092280184353 0.027007806397 0.775832868617 0.035102744551 0.731829294608 0.204423475844 0.649156932800
67.9 -0.093790012810 0.027679763859 0.777210945940 0.037226099290 0.733879038294 0.210224484752 0.644857690266
68.0 -0.094720248069 0.028510054740 0.771616796453 0.037831691012 0.732329899525 0.212185208270 0.645940491692
68.1 -0.095618179748 0.030993643226 0.778235699202 0.039889043289 0.736399864880 0.201761025848 0.644528193083
68.2 -0.096431129681 0.032797471826 0.773018515338 0.033434240640 0.730469339738 0.204289080616 0.650816922641
68.3 -0.098886697837 0.034888666016 0.780286926313 0.031934548054 0.729183171426 0.205506773834 0.651950192160
68.4 -0.100860887757 0.037593213127 0.770844892603 0.037134413532 0.734151258697 0.205413391472 0.646102393812
68.5 -0.103187030646 0.039118296337 0.769239848222 0.039737707703 0.728987948931 0.204560295870 0.652037246063
68.6 -0.106838518052 0.045999287934 0.772769795565 0.033344530806 0.728688846031 0.194138209157 0.655904767235
68.7 -0.108137341070 0.048212895593 0.767639365639 0.031303623119 0.725704302792 0.198462598135 0.658016675495
68.8 -0.110668029268 0.048586333345 0.776259724412 0.037753455969 0.727175396647 0.199270955030 0.655806149372
68.9 -0.110728446718 0.048138351520 0.768199161639 0.032292846300 0.719597042730 0.192615704648 0.666360606950
69.0 -0.111535342457 0.047361279794 0.772462851346 0.034370522719 0.729236856046 0.206778266753 0.651363971486
69.1 -0.113690512888 0.047476810775 0.767916976151 0.027764715633 0.721208566357 0.195969922969 0.663839674674
69.2 -0.114635920406 0.046072700091 0.765647039396 0.033584812116 0.715829781162 0.197901340366 0.668801049849
69.3 -0.114633619279 0.045028414878 0.764740028241 0.028426143342 0.719443521398 0.198160032369 0.665075616351
69.4 -0.115104587227 0.044166362048 0.773667808020 0.030711200795 0.719079787825 0.194170829717 0.666542399082
69.5 -0.114239448434 0.042969762744 0.768779523190 0.024656212057 0.718739213074 0.196226885212 0.666559092892
69.6 -0.114295846790 0.041944601725 0.771762153358 0.031408077223 0.721449529222 0.197685254958 0.662906214666
69.7 -0.114216594467 0.040237661948 0.772363881438 0.031942783644 0.717248304945 0.204371045221 0.665407396640
69.8 -0.114235778577 0.038837397737 0.771725251950 0.029831201567 0.727433188093 0.197640071850 0.656421707649
69.9 -0.117611783425 0.037141148533 0.780419369378 0.025655028870 0.711454542615 0.209529670610 0.670277234001
70.0 -0.118905711707 0.033568115819 0.776033212872 0.030772007712 0.705855151960 0.203750242119 0.677722234274
70.1 -0.118434761780 0.030500244434 0.760040825658 0.037064295857 0.721037893142 0.215738131858 0.657409806048
70.2 -0.122980319451 0.029986182881 0.763565625044 0.029106322402 0.709176032931 0.211225636016 0.672016299655
70.3 -0.128166735930 0.030098697926 0.775377411631 0.024079935618 0.705501048574 0.209344854278 0.676655864638
70.4 -0.126985142884 0.027482048711 0.760663684302 0.029262614160 0.712265184430 0.212877044511 0.668210573384
70.5 -0.128070814095 0.026788959976 0.763247128471 0.027955815016 0.709331233325 0.213574626729 0.671158366300
70.6 -0.126922440104 0.025873786425 0.752941008912 0.030931516868 0.712223775199 0.218217196538 0.666454642449
70.7 -0.126395424689 0.026144135031 0.747863070579 0.031647366489 0.712860129670 0.205966662377 0.669631700049
70.8 -0.127140887132 0.026266319849 0.753647861039 0.029783238522 0.712177534720 0.216985931469 0.666958187062
70.9 -0.125412171911 0.027662458938 0.752283378306 0.028182944993 0.713925875096 0.207771535519 0.668091726867
71.0 -0.123882025341 0.028717253522 0.757797971104 0.029943812696 0.700900227131 0.210244573215 0.680910757091
71.1 -0.122691978627 0.029435076745 0.760944394622 0.030389734226 0.707420417963 0.206229311704 0.675353453605
71.2 -0.120201524059 0.032330298883 0.761673012214 0.023567319130 0.709165811009 0.203877556173 0.674508988860
71.3 -0.118623099251 0.031392058364 0.755620140578 0.029058622305 0.709185972681 0.216545209409 0.670312632213
71.4 -0.119354336963 0.031501749600 0.755952670566 0.024170336444 0.707582665096 0.205874439226 0.675542953605
71.5 -0.119994779569 0.031559764752 0.760414162002 0.027948362239 0.706390281364 0.206681722942 0.676398052070
71.6 -0.120098715275 0.029463055638 0.761279972969 0.028133295434 0.697197257742 0.212719670214 0.684013774268
71.7 -0.116449597119 0.030025399276 0.755402028070 0.027463359389 0.700076368281 0.207177189582 0.682800450046
71.8 -0.116400528815 0.030109906840 0.756507188081 0.032818504606 0.703995045089 0.204481451439 0.679338839065
71.9 -0.115440566258 0.030402454524 0.754061495155 0.025814877655 0.697218013945 0.216041865043 0.683042125839
72.0 -0.116090643308 0.030342195184 0.755670008679 0.028821667312 0.696383618157 0.216819478474 0.683526503955
72.1 -0.117927602469 0.030780405960 0.765079231548 0.024268420227 0.696319974744 0.210753100698 0.685662210639
72.2 -0.114918983573 0.030724593672 0.759337410915 0.022861964933 0.704983875014 0.209913476933 0.677060853049
72.3 -0.113579578738 0.030462738037 0.754544017161 0.027741404075 0.694977932313 0.212582844011 0.686326906459
72.4 -0.112839066222 0.030489988279 0.754173521588 0.027948219543 0.705079568626 0.211816154635 0.676177207221
72.5 -0.114429432747 0.029447171623 0.756030740332 0.017191095783 0.688830379974 0.218081878205 0.691127678688
72.6 -0.113200903393 0.029698309312 0.751644740652 0.020420316793 0.695479402075 0.213474391385 0.685798874434
72.7 -0.114366263571 0.030987299605 0.755276223926 0.020683891521 0.699842302099 0.215197585864 0.680795804822
72.8 -0.114224282935 0.030577876832 0.750456006999 0.021065328708 0.693368454700 0.219157589360 0.686124178978
72.9 -0.113750813678 0.031273371401 0.749326458267 0.026945907369 0.700898736215 0.215893774715 0.679267809989
73.0 -0.115842281025 0.031944143229 0.757403735219 0.022682907111 0.691079250231 0.216315305945 0.689276899395
73.1 -0.119366551855 0.029512865686 0.745895652346 0.009629212136 0.684950892238 0.211005854403 0.697299134449
73.2 -0.120669646091 0.028967949503 0.748841169551 0.014502389094 0.681799059442 0.214502879796 0.699234036510
73.3 -0.118869007978 0.029523076565 0.737002918545 0.021689964607 0.680014898330 0.222224125348 0.698373626075
73.4 -0.120303782672 0.030508987993 0.743461721209 0.021548243327 0.685237914981 0.212321864764 0.696350557424
73.5 -0.118941077967 0.030830730430 0.740143366850 0.021304112776 0.686614684902 0.216821019702 0.693610160444
73.6 -0.118859259036 0.031858304621 0.740745561976 0.016187800962 0.681973231151 0.208239944139 0.700918392367
73.7 -0.121605151714 0.032458410188 0.745798459505 0.014114269494 0.676444754452 0.210576211087 0.705606789150
73.8 -0.122413518467 0.031016246516 0.745667344037 0.017575829541 0.666619788160 0.217525797367 0.712735347608
73.9 -0.126608090334 0.030870654843 0.731015164507 0.018766644529 0.667197085776 0.220604800167 0.711216833272
74.0 -0.128921795736 0.033039374959 0.733590366122 0.014018353421 0.669924047709 0.206646881201 0.712953240092
74.1 -0.129974426867 0.032077254227 0.722958792162 0.017818685438 0.669080040226 0.212335755404 0.711988708616
74.2 -0.133817656939 0.031629157777 0.738073847269 0.012303629136 0.664914079667 0.215192514020 0.715143390713
74.3 -0.133396018613 0.030913644244 0.735161814551 0.017890587179 0.668701139582 0.215232892234 0.711472778758
74.4 -0.132019979005 0.029406781240 0.733379801906 0.014292820371 0.669524332882 0.217439818647 0.710107603277
74.5 -0.129936432079 0.028163155895 0.724455880245 0.014171138062 0.664995664226 0.214024616803 0.715383399869
74.6 -0.128367987555 0.027450649741 0.724217736231 0.023006446346 0.664480947231 0.213810252422 0.715696129760
74.7 -0.125287755104 0.027787513812 0.725785651771 0.014787124239 0.678990480281 0.212523773276 0.702557410065
74.8 -0.122323860689 0.027653038673 0.721098573663 0.017364121018 0.667428436489 0.219589289049 0.711349642302
74.9 -0.123874804649 0.029588385695 0.735823916735 0.013794320493 0.671199639271 0.215155684347 0.709231127671
75.0 -0.120259224485 0.030433011726 0.731620334515 0.005845998915 0.675068400839 0.220368529234 0.704049848952
75.1 -0.119002570619 0.029979058384 0.731352449347 0.015801713187 0.670705339274 0.218575890562 0.708610777363
75.2 -0.114296777670 0.030095734471 0.726661541749 0.012337954081 0.679295994600 0.214492113667 0.701710666717
75.3 -0.114142903003 0.028500426175 0.731565244852 0.007565939164 0.674079861352 0.227647122971 0.702663421908
75.4 -0.112037826125 0.028437593435 0.733402893687 0.013814097610 0.679174128558 0.214952468749 0.701660252533
75.5 -0.111159309975 0.027682156516 0.731226997076 0.008183695128 0.684178784256 0.213378092782 0.697353717871
75.6 -0.109446217371 0.024436973854 0.729032140185 0.010696293820 0.676295181828 0.227482273451 0.700544239574
75.7 -0.109579267636 0.025347713489 0.739940815592 0.014436148000 0.677444816138 0.221634470442 0.701240529512
75.8 -0.108960482085 0.025016809140 0.740997938700 0.011411390575 0.672616589542 0.222965157647 0.705509207675
75.9 -0.105243033287 0.024356958221 0.729848027581 0.010441790689 0.671928776867 0.223306076042 0.706071585768
76.0 -0.102928820788 0.025270793980 0.728088464095 0.009405678909 0.684374054267 0.217561418661 0.695852510350
76.1 -0.102070024162 0.025186133151 0.728714056339 0.009971025154 0.677698365819 0.221760122781 0.701033488193
76.2 -0.103306144350 0.026002608583 0.742116803630 0.010824505803 0.680159521397 0.223471840349 0.698087524669
76.3 -0.100720491639 0.026186480249 0.727984059882 0.005580212533 0.673339524937 0.226237875836 0.703845983808
76.4 -0.100507449387 0.027338528228 0.733413867595 0.009122758031 0.679354106029 0.226809958469 0.697819472819
76.5 -0.099077252986 0.028734690447 0.729358207547 0.011251742018 0.674279371947 0.218903912922 0.705196287410
76.6 -0.097360046335 0.029375093706 0.738912685363 0.015702126525 0.679386374768 0.222946531945 0.698915188628
76.7 -0.090166236213 0.031056049913 0.735106622190 0.009746045057 0.683927014642 0.214683437362 0.697179944470
76.8 -0.090423109029 0.030559647884 0.743820268822 0.008321680285 0.680607209614 0.226077796300 0.696845324213
76.9 -0.089108412347 0.029982526199 0.735713400162 0.005460237579 0.679618936238 0.223174979310 0.698771218585
77.0 -0.088855994573 0.029054773628 0.736295068360 0.013355773047 0.677044325342 0.221117947529 0.701811554571
77.1 -0.087890091611 0.028982934112 0.736088515059 0.007653506816 0.682039647488 0.226675903340 0.695256339729
77.2 -0.087050372243 0.028593274210 0.736481434825 0.012897165912 0.679257053008 0.227269427396 0.697704899238
77.3 -0.084295550389 0.029361902769 0.738208208161 0.007681288421 0.685569573707 0.227681877459 0.691445095500
77.4 -0.082179793390 0.030200173985 0.729930201815 0.014012679148 0.681615567923 0.225403536640 0.695986428070
77.5 -0.083295675981 0.031133533228 0.736137460899 0.002246960659 0.676734580995 0.227316605185 0.700251682655
77.6 -0.082413870713 0.031508163044 0.736979706828 0.011187517796 0.678982812900 0.225661682093 0.698522715784
77.7 -0.081389017116 0.032891390082 0.728634546249 0.005618307409 0.683240605958 0.228234640783 0.693584643529
77.8 -0.082847120309 0.034294468580 0.737290726936 0.007508135402 0.677926712891 0.227378173845 0.699040890013
77.9 -0.082045353939 0.035298020339 0.733146350777 0.009996120208 0.682329018672 0.222015421789 0.696445504219
78.0 -0.082713441642 0.035218276803 0.733367893948 0.008306206783 0.676024864638 0.229885518592 0.700052882047
78.1 -0.082441252826 0.036413826375 0.730772589958 0.004602948934 0.683445951727 0.220248814186 0.695967602535
78.2 -0.082969523846 0.036571740172 0.731416056627 0.005907284766 0.682011360162 0.227154123148 0.695145030144
78.3 -0.082940949677 0.035953576183 0.731593249879 0.006514985654 0.683070847719 0.217019597940 0.697333683446
78.4 -0.082524067598 0.033671639965 0.725943295439 0.009227343901 0.679905530063 0.222707480376 0.698601964282
78.5 -0.085248169583 0.031732237007 0.727559491311 0.009726920161 0.681177340725 0.223268045723 0.697175872550
78.6 -0.087825877171 0.031704539821 0.728256415283 0.008449747197 0.673076559835 0.223886496316 0.704820106935
78.7 -0.088611448353 0.030781896288 0.726494340919 0.010188770901 0.673382151762 0.219537345902 0.705872524178
78.8 -0.088835989780 0.030649439162 0.729704595077 0.011149570059 0.677367450115 0.226613068691 0.699782496002
78.9 -0.088978425166 0.030286136841 0.723217018867 0.011759040871 0.678037356444 0.217527536829 0.702003446534
79.0 -0.090101009668 0.029305089133 0.719489914798 0.016103932088 0.672276200908 0.230511464708 0.703313470440
79.1 -0.093940933876 0.028583988991 0.722618897995 0.008324192207 0.668721015000 0.224963501452 0.708614376749
79.2 -0.095643866438 0.027446277836 0.720284932907 0.014634498934 0.665647278736 0.225523219128 0.711223459530
79.3 -0.098771449703 0.026665120873 0.707661758112 0.018061656194 0.663677038767 0.221297854834 0.714306533804
79.4 -0.102925299657 0.030395023732 0.717320626379 0.011632434593 0.665126389858 0.221306673638 0.713088303216
79.5 -0.102773334136 0.029845880892 0.706060136734 0.012469346968 0.663594668248 0.216431593436 0.715991617983
79.6 -0.103251838996 0.029286166709 0.700471415850 0.018763045521 0.662751156445 0.221898454966 0.714961487380
79.7 -0.107438731913 0.032500049666 0.700027544504 0.013012558555 0.663829726024 0.218091440625 0.715260016842
79.8 -0.111748014496 0.032977046491 0.702141972197 0.015688283949 0.659106409072 0.214955382904 0.720504547264
79.9 -0.111824442728 0.033154493282 0.698472289841 0.011719619415 0.657736856543 0.215501413774 0.721667526446
80.0 -0.115398863049 0.035350813843 0.690181221494 0.024694381639 0.658534590702 0.211639811582 0.721755478343
80.1 -0.116789357836 0.037901113667 0.695068952556 0.025564993443 0.647373728955 0.205112454466 0.733609274200
80.2 -0.113787405251 0.039516629112 0.693006787578 0.030378816296 0.654691372561 0.207435819892 0.726241498980
80.3 -0.115289560444 0.040532160079 0.708432472758 0.031778549604 0.651756974578 0.202387052117 0.730234517816
80.4 -0.109586588241 0.036653567695 0.694859399213 0.032084628638 0.657739514826 0.211057583601 0.722360023566
80.5 -0.104192655292 0.032453184472 0.701358867815 0.029881503350 0.655126545489 0.214730476035 0.723745209183
80.6 -0.103037269735 0.031655348507 0.710503392246 0.032058839770 0.660783409601 0.211527401631 0.719439834001
80.7 -0.100591544410 0.030520888356 0.700550094983 0.031914113766 0.659610622821 0.211598077761 0.720500915400
80.8 -0.093063755095 0.028966856564 0.694769558531 0.033572299876 0.658202567082 0.207755017065 0.722827873184
80.9 -0.091618458971 0.027975552095 0.702879281987 0.032525035410 0.654736084813 0.215327847119 0.723807087262
81.0 -0.089740960559 0.028683421629 0.701021883067 0.034911998377 0.657703554037 0.206982849452 0.723439898962
81.1 -0.087063523712 0.026206232813 0.710106582200 0.035600573550 0.659702307288 0.216103190596 0.718905331693
81.2 -0.081650445568 0.024040889792 0.704060165313 0.034658007796 0.665843326534 0.206148432890 0.716208287178
81.3 -0.080724199195 0.023082210511 0.698994128016 0.042294656103 0.663263634833 0.216433911153 0.715156538721
81.4 -0.077881692693 0.025581643853 0.691885327786 0.044863359396 0.661860090377 0.216417523157 0.716304373448
81.5 -0.079297575369 0.025167846193 0.708938392688 0.041032781359 0.658155981961 0.209951100768 0.721850088002
81.6 -0.076143055719 0.024731835095 0.703101827425 0.042326736788 0.667439008988 0.212004506020 0.712592243896
81.7 -0.088630769135 0.016890805753 0.694013104707 0.036630498983 0.653323728391 0.205947674436 0.727606945995
81.8 -0.088382415605 0.014094941637 0.687899315536 0.040226329031 0.651065831500 0.215659646985 0.726626480503
81.9 -0.088167306782 0.012128732285 0.683463664362 0.047073038133 0.650540931608 0.216412078273 0.726461587258
82.0 -0.088856256203 0.012341110862 0.687211443782 0.045729506395 0.651024553962 0.212848412065 0.727166690564
82.1 -0.087549465602 0.012866071347 0.691314069753 0.043176851033 0.653474865278 0.210838315710 0.725709008221
82.2 -0.084822784301 0.012552691452 0.691201322779 0.043778862156 0.657422767461 0.211950051937 0.721772742306
82.3 -0.082424387974 0.011900734881 0.683028880101 0.039610397456 0.658924865479 0.214809992519 0.719795599584
82.4 -0.079893962451 0.009562430475 0.701160507292 0.037533567768 0.657710905822 0.211408883315 0.722020692023
82.5 -0.076372606892 0.007858531758 0.696620109534 0.048103161747 0.657479961157 0.216667836268 0.720042523212
82.6 -0.073396233517 0.007542028710 0.697059304972 0.046388320264 0.659256998171 0.218921522390 0.717845179088
82.7 -0.068814060651 0.003952481873 0.702506089176 0.043045576263 0.664007608242 0.216030566307 0.714543049075
82.8 -0.065652462131 0.002384143343 0.696464927521 0.037379143133 0.666719956752 0.227519492842 0.708746907791
82.9 -0.067431186386 0.001000743154 0.690427022549 0.038662141633 0.662077888496 0.228309857303 0.712764138707
83.0 -0.072152051308 0.002531248575 0.694106693014 0.029196108814 0.659468317077 0.217781886065 0.718902062943
83.1 -0.066179363424 0.006017110864 0.702338200003 0.028161998137 0.666108351383 0.218227369479 0.712659372554
83.2 -0.063927153340 0.006578541128 0.697790186307 0.030127625916 0.663660103477 0.217102579381 0.715202113556
83.3 -0.060937731562 0.005052741715 0.692097911691 0.032686958351 0.662916980465 0.223849298271 0.713697506952
83.4 -0.048375464219 0.002378915119 0.687476303280 0.041866330483 0.673308936626 0.228864103072 0.701800191334
83.5 -0.047650813852 0.003181661047 0.688623565943 0.029263419081 0.668983694180 0.228394202625 0.706711084837
