0.0 -0.043671917113 -0.079560559202 0.601897403375 0.010057132111 0.884192685546 0.321658640320 0.338582143694
0.1 -0.046578772369 -0.074765358195 0.610383647289 0.003271826497 0.889332842577 0.315513274087 0.330949790965
0.2 -0.049225739804 -0.070224211134 0.606179593097 0.017557589456 0.888264748536 0.321583783316 0.327507767645
0.3 -0.053773341084 -0.070716739720 0.620723844869 0.011249351041 0.895275374540 0.313193278646 0.316647163346
0.4 -0.065048690065 -0.073227558580 0.669502207638 -0.036018798559 0.913022679666 0.281917659057 0.292599839503
0.5 -0.064937196422 -0.077411759240 0.613110050191 0.017701860303 0.885143886024 0.319910001917 0.337438195601
0.6 -0.070156401298 -0.077380053632 0.621339110198 0.020804856396 0.887252244031 0.319801753877 0.331779221214
0.7 -0.071336456092 -0.076012357127 0.614416409741 0.014381022247 0.885792543118 0.312406893800 0.342879992799
0.8 -0.073878732221 -0.073070520504 0.618146606565 0.021923572056 0.884978584931 0.315205963151 0.342019680713
0.9 -0.072374660126 -0.071933881588 0.625991572160 0.024345368224 0.887631572401 0.316764201208 0.333433554935
1.0 -0.067303766686 -0.073019920315 0.623120988482 0.023360319947 0.883952860819 0.319689508235 0.340411888197
1.1 -0.065518444691 -0.070650945825 0.623221797835 0.020203795712 0.885877649547 0.315259070346 0.339741541817
1.2 -0.066929394287 -0.070886522186 0.629571789061 0.002188040553 0.887201386782 0.317373426293 0.334877619518
1.3 -0.065855359867 -0.072727818150 0.631304767273 0.009246747848 0.893685275051 0.312686268282 0.321665081162
1.4 -0.060986358454 -0.069854577223 0.639965661194 0.008088066484 0.898082403884 0.311293429586 0.310610656145
1.5 -0.056616477397 -0.066166332418 0.643240081472 -0.003616043729 0.901299753797 0.303502506618 0.309082362017
1.6 -0.053281367755 -0.066116078615 0.639414966992 0.006515046182 0.895530616591 0.318324387372 0.310889133495
1.7 -0.047748714548 -0.063983801739 0.638833408093 0.017294640960 0.894517881035 0.318329924741 0.313376315182
1.8 -0.044590951862 -0.064057266999 0.640352559965 0.016572226359 0.890244390316 0.321212354399 0.322510325736
1.9 -0.040910879501 -0.066091859394 0.638484990754 0.011209562036 0.891184585161 0.326088693168 0.315167487344
2.0 -0.039701561051 -0.067773253571 0.642839418656 0.013735407738 0.890010168933 0.326401138958 0.318049578301
2.1 -0.037717434498 -0.062542820791 0.657900775084 -0.005484635156 0.902587354030 0.316038656508 0.292276503869
2.2 -0.030402905483 -0.050950501285 0.686087567018 -0.060791107100 0.926356428881 0.265441340442 0.260209728398
2.3 -0.029016945616 -0.053539475876 0.665860153448 0.008370628708 0.895535707660 0.319772577179 0.309339987337
2.4 -0.036561902219 -0.057031577504 0.711749935924 -0.047069835417 0.938121074396 0.249306422358 0.235710814641
2.5 -0.044717032072 -0.070766968732 0.737005651778 -0.060348298977 0.930119535722 0.246782875298 0.265205476073
2.6 -0.043784848289 -0.067391522478 0.708400190188 -0.047621401001 0.924948271310 0.223399375486 0.303801936465
2.7 -0.044411134027 -0.089747272789 0.680107166841 -0.004639194868 0.893104194140 0.322637437872 0.313446103762
2.8 -0.038107577925 -0.096921067043 0.704107556479 -0.029504591203 0.917817748591 0.331456127551 0.216510727165
2.9 -0.031794043029 -0.095593374489 0.699719145372 -0.037594413370 0.919045952613 0.285167338598 0.269482441109
3.0 -0.029918544836 -0.095315317971 0.660752360786 0.016698097182 0.883913103693 0.345611673806 0.314597154467
3.1 -0.024454445415 -0.090939457987 0.666411703082 0.011235649765 0.889476845456 0.345541104094 0.298841173458
3.2 -0.017953847133 -0.086968814319 0.694646069248 -0.019721848184 0.914821739972 0.314226199615 0.252931074116
3.3 -0.009228107784 -0.078550664599 0.694684127790 -0.020781537787 0.924548442551 0.299640230488 0.234508075207
3.4 -0.002300067840 -0.078341530712 0.673893356794 0.029208290468 0.893329692911 0.342443042903 0.289554309064
3.5 0.000457144144 -0.079559616457 0.663481187510 0.022285952095 0.892878700009 0.332684631603 0.302641535987
3.6 0.002903905630 -0.085336277857 0.678252213026 0.026106707611 0.891330606989 0.348324541113 0.288995160722
3.7 0.003324175213 -0.087867536809 0.679681416560 0.027438080484 0.889270368384 0.351902857652 0.290877538545
3.8 0.006112083346 -0.085948288715 0.671118626670 0.024898320274 0.889482271233 0.355650926803 0.285856224479
3.9 0.009773304113 -0.087737887651 0.673359762542 0.027445051568 0.891799123973 0.352722403546 0.282007087964
4.0 0.011914675621 -0.089009972778 0.670615254160 0.027634178627 0.890701115863 0.355185031236 0.282367611383
4.1 0.013019214967 -0.086383582455 0.681757653075 0.018403077421 0.898688649472 0.341520073494 0.274561609574
4.2 0.010925443063 -0.079911718801 0.668117855087 0.009201618801 0.900807698952 0.336765506976 0.273952209395
4.3 0.007095469380 -0.075063801890 0.664022148227 0.018915945543 0.895132533329 0.348625663025 0.277200436258
4.4 0.003891968030 -0.070512519740 0.669906919558 0.009150755588 0.900158056994 0.337457337505 0.275234956837
4.5 -0.002491253601 -0.062890944715 0.653120731948 -0.001591286142 0.896624387833 0.338636093325 0.285285420674
4.6 -0.006187310108 -0.062627696809 0.660918333359 0.016975930066 0.892790557680 0.361687593257 0.267990527443
4.7 -0.012905062464 -0.061122648881 0.663067448788 0.016065142766 0.894403488264 0.348502734320 0.279875249959
4.8 -0.017656098257 -0.058714526485 0.667503575551 -0.001225320456 0.909540967267 0.331961997889 0.250069909047
4.9 -0.024693927972 -0.063103296505 0.686795466947 -0.017080576464 0.918829451947 0.316838012784 0.234679282845
5.0 -0.029527640634 -0.066517690897 0.668013343945 0.000767671021 0.904053339584 0.333832399272 0.266913654698
5.1 -0.035575777776 -0.070771239033 0.678825691990 -0.019695823638 0.911826715350 0.322001188270 0.253967223195
5.2 -0.039582117080 -0.075152525316 0.670188276409 -0.002101869149 0.905928238820 0.337379060543 0.255861247090
5.3 -0.042604781365 -0.079896390427 0.679957955766 -0.015953747164 0.911293109745 0.319038946590 0.259816274783
5.4 -0.042247137652 -0.085521929494 0.661061220591 0.007534542472 0.903229252328 0.344062196983 0.256400766412
5.5 -0.040201912599 -0.087008255937 0.650920981198 0.011322310760 0.894777867278 0.360107973625 0.263754849890
5.6 -0.040761761911 -0.089372550394 0.656661538286 0.014530485252 0.899216351149 0.353583416287 0.257250046746
5.7 -0.040065513850 -0.088643405874 0.645421259541 0.014603040183 0.895369681335 0.358070867821 0.264357974309
5.8 -0.039914906167 -0.087208433467 0.650403798215 0.008082687754 0.902913463942 0.349271298395 0.250382720866
5.9 -0.040392374147 -0.086447059132 0.652953549604 0.013339313402 0.897372414301 0.361494976710 0.252717618268
6.0 -0.039603983470 -0.085219637494 0.655248830694 0.016224101829 0.899712386899 0.357749617471 0.249538795741
6.1 -0.038108058746 -0.083883607666 0.655511530872 0.017232223185 0.899943709739 0.353226524680 0.255020375751
6.2 -0.036052901751 -0.080985559250 0.659039377495 0.007519197540 0.904555787737 0.350559809348 0.242549188022
6.3 -0.034844078209 -0.080214238562 0.665516558273 0.011983179522 0.902694823057 0.354469251766 0.243618573568
6.4 -0.033917415314 -0.078016890496 0.655316010058 0.012883335863 0.898532661484 0.363660619942 0.245405846318
6.5 -0.034938630361 -0.076939130152 0.659982703577 0.010577494934 0.904637707940 0.348387454168 0.245244603921
6.6 -0.035936089826 -0.073290938102 0.659408428962 0.006602920127 0.908804423059 0.339239344601 0.242791246031
6.7 -0.038482151682 -0.074055132146 0.662568866819 0.016156165692 0.902384868264 0.354389238231 0.244640135024
6.8 -0.039352660832 -0.074691672386 0.664586460669 0.017747203565 0.903867089246 0.350716714230 0.244350379789
6.9 -0.038001938388 -0.075014032285 0.676048095665 0.006587331822 0.911732437186 0.342926913114 0.226056856356
7.0 -0.035262714645 -0.072591853808 0.668220263847 0.016278339207 0.902327364312 0.353940646224 0.245492081822
7.1 -0.034554836226 -0.071548878135 0.668333866515 0.011455465335 0.906593862428 0.344416347108 0.243585140691
7.2 -0.053937422513 -0.089905273467 0.823621509624 -0.055455737150 0.920311586273 0.281088681465 0.266346388265
7.3 -0.038942101421 -0.090451355620 0.687068503057 -0.001759325263 0.906512636614 0.344999257355 0.243325413508
7.4 -0.043613903454 -0.089754487500 0.674211596654 0.007994549654 0.894023851087 0.358361577519 0.268764619363
7.5 -0.048727809850 -0.087434785872 0.680238906588 0.012124714712 0.894060152854 0.357059805795 0.270217929565
7.6 -0.053043358669 -0.086413656626 0.685283400491 0.013734750037 0.894353675107 0.356530587976 0.269868116498
7.7 -0.053497658269 -0.086469384545 0.682014577679 0.018502464580 0.892761990178 0.357281177898 0.273831787084
7.8 -0.053117120694 -0.085422689924 0.685727916871 0.011670339977 0.899277518724 0.345121709840 0.268430163877
7.9 -0.052495270393 -0.084053320916 0.684773527653 0.017545902942 0.892890750672 0.353453051316 0.278404721889
8.0 -0.052765666363 -0.086880140782 0.692640249654 0.010959958596 0.893381487826 0.356356355716 0.273421916201
8.1 -0.052829358174 -0.090439543625 0.694887265418 0.017069957578 0.894496366597 0.357451021769 0.267980659244
8.2 -0.056114341956 -0.094993923757 0.709954831635 0.017970088048 0.898342902904 0.352378455926 0.261699309392
8.3 -0.058898552166 -0.096901644192 0.700754384147 0.019917702472 0.892687370272 0.352890725089 0.279608083273
8.4 -0.061084510907 -0.097614561391 0.703736267114 0.015901070781 0.889945070298 0.357200910314 0.283112058150
8.5 -0.061185978997 -0.100564402000 0.708930130796 0.022896051636 0.893998410433 0.348829848157 0.280286193020
8.6 -0.063319001455 -0.102514448286 0.718964725353 0.021340554182 0.893802215067 0.352971481488 0.275813912530
8.7 -0.064053642425 -0.099768094058 0.718165452225 0.012208225269 0.896956656810 0.340473996124 0.281775039709
8.8 -0.065535571177 -0.097031248039 0.716780131642 0.016404213502 0.897252370109 0.335423169635 0.286636326003
8.9 -0.063724275757 -0.091983156419 0.731031202869 -0.004645126410 0.916450383481 0.314518101700 0.247336776727
9.0 -0.058029091719 -0.084277848607 0.714787123729 0.000598966056 0.914418770908 0.335747935295 0.226078032094
9.1 -0.050539390162 -0.080336210532 0.709960771643 -0.008034062038 0.920274643913 0.337348532051 0.198055551653
9.2 -0.043766622584 -0.078725594747 0.720294209692 -0.002571883662 0.917157578848 0.339791924317 0.208222979389
9.3 -0.039902098590 -0.080984102673 0.708078020850 0.020219309304 0.898403709371 0.355217539200 0.257453790738
9.4 -0.037466493661 -0.080303192791 0.712407851867 0.010926885031 0.904071011258 0.349442639362 0.245817110027
9.5 -0.033246769606 -0.079381906603 0.708294807422 0.007845848159 0.903124305198 0.354502005174 0.242143057623
9.6 -0.030684079206 -0.080593319144 0.717548664672 0.006691985573 0.901188865395 0.361159734326 0.239535994202
9.7 -0.023345289574 -0.081392712506 0.705258993995 -0.000273748152 0.906287108114 0.355322944557 0.228886888658
9.8 -0.018036785546 -0.083611603040 0.706967001968 0.005296117888 0.905665776244 0.359303710100 0.225038434015
9.9 -0.013285806662 -0.081811204489 0.713326661840 -0.002652230688 0.913278077677 0.350966434576 0.206733355579
10.0 -0.007745551050 -0.080647349066 0.712331153714 -0.001250412859 0.912753936130 0.347217409556 0.215217933846
10.1 -0.003122191740 -0.077452484638 0.715147488754 -0.003536164005 0.913051952789 0.350373245802 0.208715633526
10.2 0.001325534922 -0.077302076874 0.700180714304 -0.000056799532 0.906945154873 0.368913193533 0.203355694446
10.3 0.002865072238 -0.076311153298 0.701970067182 -0.004864909522 0.912960951527 0.348993173697 0.211382114560
10.4 0.003179015183 -0.073796112001 0.704344721526 -0.010750134599 0.914575664400 0.348617675564 0.204698571020
10.5 0.003470067117 -0.070910681958 0.713622494062 -0.012999787715 0.920563062726 0.335848764405 0.198998141980
10.6 0.004793368749 -0.069644971938 0.707119974074 -0.008800381904 0.916893304796 0.353625654667 0.184873246466
10.7 0.003979157263 -0.067643191115 0.737827876460 -0.022258348939 0.931122554292 0.318400422598 0.176455449560
10.8 0.003675431961 -0.063965378000 0.702938467368 -0.021779655317 0.918623474976 0.355044818544 0.172045734220
10.9 0.002595204921 -0.064763460618 0.722084665064 -0.019478293986 0.922621105771 0.345475671367 0.170403790285
11.0 -0.000007511221 -0.068941485299 0.718350629928 -0.030633309729 0.921616204148 0.350040565475 0.164793128221
11.1 -0.004390717346 -0.071461302751 0.728606793767 -0.029696072886 0.926246920649 0.345955945137 0.146626291189
11.2 -0.010061679786 -0.072169018256 0.723398323546 -0.028090738850 0.919253774757 0.359100200976 0.158840969666
11.3 -0.013635773024 -0.070888654467 0.708815237289 -0.024079026528 0.916737951031 0.363307421083 0.164375933171
11.4 -0.013591393267 -0.072337227355 0.705640400319 -0.025283164696 0.913466350047 0.371883605244 0.163225528228
11.5 -0.014380273392 -0.076881135024 0.747526666489 -0.028487588864 0.932053339979 0.330023277693 0.146798041181
11.6 -0.013236879082 -0.077572499438 0.723257203779 -0.019197140417 0.920777220965 0.356969185292 0.156121042475
11.7 -0.011806142264 -0.076347615688 0.723126974616 -0.019060495197 0.922818972092 0.355677937972 0.146748242613
11.8 -0.010366738207 -0.074365736985 0.736450752886 -0.023201818323 0.924820971645 0.349909188886 0.147415757518
11.9 -0.008900592314 -0.071439051401 0.723172720621 -0.028758770541 0.919286325101 0.365355469631 0.143530367553
12.0 -0.010424908841 -0.071867936453 0.737291033086 -0.032600812841 0.922054981062 0.359659193980 0.139273339469
12.1 -0.011363136941 -0.075667742146 0.738540640109 -0.035553262137 0.923779668745 0.358953003098 0.128529493624
12.2 -0.011910531110 -0.077513579995 0.745552995470 -0.035316283850 0.926672833358 0.354138499636 0.120897241853
12.3 -0.015642401838 -0.081031614484 0.736793071006 -0.040925504982 0.923285245080 0.361133033370 0.124307648468
12.4 -0.021626957308 -0.083715053515 0.749990931830 -0.045684721563 0.926836533662 0.355422200056 0.112080354178
12.5 -0.027117778472 -0.088058622558 0.754027697326 -0.047071878013 0.926312751919 0.359521847712 0.102337505102
12.6 -0.028772400215 -0.090072841068 0.735685475507 -0.040206236390 0.923223632288 0.359524879781 0.129550932681
12.7 -0.029295516169 -0.093895587974 0.740391932472 -0.039789170200 0.921051592233 0.366062957782 0.126801803299
12.8 -0.026160421691 -0.094326394593 0.723954869453 -0.043752110990 0.907957496452 0.399711146460 0.118025153321
12.9 -0.024464182279 -0.093212703178 0.740760815762 -0.040357765066 0.918132430324 0.375317010046 0.120587035608
13.0 -0.021338169691 -0.089503963572 0.721648197565 -0.043666034949 0.918174286874 0.372027708863 0.129014108352
13.1 -0.019170472522 -0.089091531271 0.718658274724 -0.048043596744 0.915977483997 0.381009871414 0.116226242768
13.2 -0.021381824780 -0.089862624101 0.732333423497 -0.043494840561 0.919248812338 0.371094574389 0.124010631472
13.3 -0.022414271615 -0.087329433581 0.722311063488 -0.044434619535 0.922194502121 0.364732458024 0.120636225527
13.4 -0.023459544017 -0.088598098244 0.717076399818 -0.047502796432 0.912955791290 0.390380487105 0.108895742659
13.5 -0.025914204580 -0.090850984087 0.726908378151 -0.047365426505 0.915169063379 0.386913763164 0.102566279455
13.6 -0.026665723080 -0.091254009266 0.711585143308 -0.050094182929 0.915836862170 0.385785645992 0.099513064836
13.7 -0.031072070555 -0.093586793630 0.719409363977 -0.060734703313 0.915517312097 0.389853536342 0.078444676466
13.8 -0.035197249140 -0.098708921927 0.741334991800 -0.065525174248 0.918444774719 0.378319604417 0.095078516213
13.9 -0.031531237211 -0.098222518783 0.707138203959 -0.057010397462 0.908545555128 0.399318964982 0.108807872159
14.0 -0.027568558947 -0.095870077511 0.692178834162 -0.056337775471 0.906112735005 0.410008115897 0.087630539287
14.1 -0.029580516248 -0.097767314045 0.725768501547 -0.060114522768 0.914440472349 0.390125073809 0.089371659201
14.2 -0.024836446287 -0.092784965737 0.695636482069 0.048954839173 -0.911183829165 -0.399988088924 -0.085772850646
14.3 -0.024611767294 -0.093140768824 0.693143419382 0.060939686109 -0.909056808891 -0.401787045458 -0.092028489982
14.4 -0.027842039941 -0.099937221676 0.736777643706 -0.063159565162 0.923541368651 0.373154075884 0.061953574304
14.5 -0.025101892366 -0.101667376160 0.710043101313 0.049003763643 -0.911701493168 -0.399856548103 -0.080707864824
14.6 -0.029413555460 -0.107487955455 0.735274642390 -0.067837967706 0.919601798942 0.381202750930 0.066445498001
14.7 -0.028506475810 -0.109781490000 0.715902621336 0.060819821684 -0.908991773992 -0.406803569475 -0.067422251284
14.8 -0.029679058539 -0.112549675126 0.716144446918 -0.062394521878 0.909367358874 0.403733748817 0.078466491703
14.9 -0.027628015114 -0.113144929407 0.705524615978 -0.059006997719 0.901145375203 0.423363162842 0.072241396160
15.0 -0.027583416345 -0.112532699267 0.700335060622 -0.058655077852 0.902564594715 0.418640597949 0.081711590109
15.1 -0.032450197588 -0.114783590980 0.758248663134 -0.066332848664 0.925466202843 0.368341758210 0.058622604362
15.2 -0.031037153751 -0.108900597437 0.746491594951 -0.066836535930 0.923904084460 0.366934380495 0.085400706054
15.3 -0.027652762225 -0.103339374968 0.709092588470 -0.062237835150 0.906442266703 0.411996762019 0.068902373665
15.4 -0.035498343490 -0.114086475220 0.810149134155 -0.081603590498 0.950737970804 0.294202851541 0.053692150580
15.5 -0.037044560750 -0.117346724038 0.748591238784 0.066685922357 -0.915380716621 -0.387213072895 -0.087733503158
15.6 -0.049809065096 -0.116015040488 0.793774868049 -0.076909567355 0.937514842615 0.330199608821 0.078224399393
15.7 -0.053493854936 -0.108267884267 0.759205923764 0.056455688825 -0.926070631179 -0.353742541315 -0.118626117404
15.8 -0.052708584180 -0.103035929883 0.735583181761 -0.050603154528 0.912479307230 0.388490818773 0.117880101617
15.9 -0.054011558889 -0.103031337060 0.739376880840 -0.047124773879 0.917026564612 0.382183662923 0.103813213408
16.0 -0.051277615856 -0.101809014223 0.716414355036 -0.045558047643 0.908914807123 0.392255454631 0.133917870351
16.1 -0.049569569206 -0.101424544477 0.723738083399 -0.048267987359 0.912406449188 0.391983276564 0.107395455075
16.2 -0.046876903875 -0.100592510093 0.721648575882 0.039998482203 -0.906205609443 -0.406115076690 -0.110734183161
16.3 -0.047284830380 -0.101278335531 0.735521249419 -0.040593506600 0.912852412356 0.387470039326 0.122145851764
16.4 -0.046364867981 -0.100773526008 0.725658718621 -0.042874405463 0.902656590471 0.409887361419 0.123956508434
16.5 -0.048031640101 -0.100243834401 0.729290311534 -0.035735850767 0.907411347732 0.400268294725 0.122934483424
16.6 -0.051888398006 -0.102519595720 0.751128190484 -0.052507386041 0.914672405806 0.380372342750 0.126230920694
16.7 -0.051046166402 -0.105633903911 0.742478856229 -0.045935894549 0.915274104425 0.378673297782 0.129498034379
16.8 -0.050971177125 -0.108741857032 0.742919956987 -0.039751917983 0.911437466264 0.385228604302 0.138926068595
16.9 -0.054588441750 -0.112527757095 0.763632001089 -0.037758824793 0.923912018514 0.358610203660 0.127904554361
17.0 -0.055634848967 -0.116591783651 0.755848354122 -0.038427580069 0.914366822723 0.378474327669 0.138613916652
17.1 -0.054676909153 -0.116588932598 0.740237287850 -0.030118400130 0.914030405409 0.375987803412 0.149246345507
17.2 -0.055452093971 -0.118469775731 0.745962853562 -0.026250803713 0.912635875310 0.376679497636 0.156586111974
17.3 -0.053006937745 -0.118572920984 0.737749692637 -0.026490643069 0.907496956372 0.392696943608 0.146753638748
17.4 -0.051965255210 -0.118502956928 0.745443447156 -0.019595746769 0.911634717358 0.382470755896 0.149178650284
17.5 -0.050130298117 -0.117886057897 0.750892865568 -0.028820810058 0.921115959730 0.360968156767 0.142887156314
17.6 -0.046727526828 -0.115611018089 0.785878921765 -0.059507531491 0.933052081694 0.342938116102 0.090918177871
17.7 -0.038895029260 -0.107211964410 0.781453977781 -0.054670845293 0.933835651247 0.342047684258 0.089249408004
17.8 -0.037211829039 -0.099491245668 0.779589249888 -0.042957335325 0.939377557891 0.324707819585 0.101436201496
17.9 -0.035188558259 -0.094158982679 0.788175860588 0.058642315216 -0.938818099366 -0.333429288538 -0.063297430553
18.0 -0.026892298693 -0.089068264129 0.742060506724 -0.052979968129 0.922888436495 0.366152065104 0.106783528604
18.1 -0.023190752669 -0.090440677246 0.747972780144 -0.038126554892 0.921618392722 0.364318995125 0.128209101858
18.2 -0.021967248436 -0.094243327698 0.777372980325 -0.050523121227 0.934766904959 0.334652589850 0.108008757617
18.3 -0.014634779151 -0.096249666214 0.748404060065 -0.053509566187 0.923505542013 0.367242538307 0.096990506008
18.4 -0.007669018770 -0.095915337381 0.738309070587 0.074477532520 -0.921435586673 -0.371229869410 -0.087166167863
18.5 -0.001116343919 -0.103389976741 0.773329613381 -0.070734686604 0.927471562782 0.362533985643 0.057984597915
18.6 0.006316643562 -0.102746555364 0.736636640791 -0.065968628907 0.914786068937 0.390796839540 0.078053944711
18.7 0.008982684470 -0.100898952467 0.742984982496 -0.063773368945 0.918644597729 0.384665583625 0.063698110263
18.8 0.013103259842 -0.095970197837 0.725190324101 -0.062572738272 0.912933948300 0.398975866304 0.058775135677
18.9 0.010507424042 -0.094915191969 0.752030506854 -0.073382090125 0.921227994567 0.375283519779 0.071528530369
19.0 0.002167383855 -0.093694923305 0.783430063034 -0.088370822234 0.931254885048 0.350877328285 0.042895656508
19.1 -0.006248715278 -0.094074257251 0.768172361997 0.095705818432 -0.920323091932 -0.378117193343 -0.029549803288
19.2 -0.010563185028 -0.094812347705 0.714319640829 -0.077612671412 0.901473998829 0.420007614806 0.070103538975
19.3 -0.016636810398 -0.094313411338 0.724992804917 -0.079677739884 0.915274612442 0.386720809184 0.079817650493
19.4 -0.016917369243 -0.092481463772 0.681448721704 0.076818606481 -0.899373237240 -0.425497904564 -0.064639113907
19.5 -0.018060039067 -0.091635095216 0.680003670600 0.076599181818 -0.898893591489 -0.427791162522 -0.055835452829
19.6 -0.017635696064 -0.093517957853 0.676024865635 0.073317622541 -0.892868218793 -0.442136433104 -0.043889003359
19.7 -0.017470402955 -0.096339369258 0.684706574544 0.082191782426 -0.893067850751 -0.441157328297 -0.032473628476
19.8 -0.019074878336 -0.097234813039 0.691499590519 0.082920008307 -0.900467725142 -0.424733150933 -0.043403901895
19.9 -0.018918771676 -0.096772502482 0.682537433001 0.084632608315 -0.894399829881 -0.437962571780 -0.032787980082
20.0 -0.022661746515 -0.104126686431 0.717238526508 0.083815717587 -0.907307029426 -0.412024583785 0.002149929593
20.1 -0.022996606488 -0.107165377177 0.704332415734 0.093404234612 -0.898097381565 -0.429747572562 -0.003710264234
20.2 -0.026497526178 -0.112572559308 0.730409418522 0.094619816995 -0.902583445808 -0.419957660442 0.005077107597
20.3 -0.025000068490 -0.116144710678 0.714663296690 0.096161131425 -0.897111106986 -0.430617015186 0.022664614665
20.4 -0.024904420179 -0.115179930753 0.688284374226 0.097193927341 -0.891154593790 -0.442731657019 -0.019634416939
20.5 -0.026794899914 -0.116950252225 0.702478213813 0.091767474799 -0.894323437191 -0.437118457210 -0.026301608807
20.6 -0.023863391822 -0.111594303313 0.673431296992 0.098289221928 -0.889229353162 -0.446764724869 -0.003415690538
20.7 -0.020564173773 -0.109771280459 0.674845541195 0.102277787602 -0.890124199218 -0.443474275712 0.023425006115
20.8 -0.020900576135 -0.108494506273 0.680610690613 0.102896527692 -0.896656529504 -0.429614131101 0.029173121966
20.9 -0.021678621417 -0.110205161635 0.693863389638 0.110715556644 -0.894532725427 -0.432972627250 0.009379376842
21.0 -0.020225376905 -0.114249438152 0.710737968979 0.111706229542 -0.899932735780 -0.421470798840 0.002270479921
21.1 -0.015403752463 -0.114215528439 0.696539549191 0.110573980674 -0.889691053294 -0.442281877475 0.024697476479
21.2 -0.010173200868 -0.112765611149 0.677853357056 0.115767086922 -0.888369455706 -0.442471150397 0.040211600574
21.3 -0.015327559036 -0.124550548947 0.754941917864 0.119154379048 -0.913478213103 -0.387386713316 0.035934975815
21.4 -0.008279949058 -0.123420258185 0.706186161034 0.125470750171 -0.893660921535 -0.429172358850 0.037925381622
21.5 -0.006755636008 -0.123729728343 0.699716505330 0.124998103864 -0.890213798183 -0.434719894959 0.053976666092
21.6 -0.009063275449 -0.123865183792 0.696589020739 0.126917553393 -0.891591273210 -0.432950071785 0.038873789592
21.7 -0.007103984740 -0.119676738608 0.667308996718 0.125314859818 -0.884103768836 -0.447248020087 0.051243734897
21.8 -0.006895966433 -0.121725523319 0.677996241195 0.133164565066 -0.887142759384 -0.439584963114 0.044832837146
21.9 -0.004787263069 -0.122289533119 0.679202775869 0.143977043896 -0.882632994476 -0.444948338060 0.047440324115
22.0 -0.001484668973 -0.121070587040 0.674483434956 0.139302397409 -0.882444271783 -0.444484699167 0.065729000299
22.1 -0.002591345973 -0.122896257628 0.686510373543 0.139483097290 -0.883966699079 -0.441609293039 0.064253971017
22.2 -0.004999400727 -0.133001394924 0.733662281115 0.155647783820 -0.891572944924 -0.417830037139 0.079306439431
22.3 -0.004483702832 -0.128372769465 0.682541754475 0.151426578648 -0.886846304598 -0.430651213483 0.071506332762
22.4 -0.012325643187 -0.141514364791 0.746673313551 -0.153744113586 0.904060980947 0.387457232145 -0.094410717222
22.5 -0.008435248999 -0.129403988737 0.651556140925 0.148626547372 -0.885621161957 -0.430494060729 0.090885480616
22.6 -0.010304710558 -0.131894426274 0.671015733669 0.153162417850 -0.883720845756 -0.431914049528 0.095021020595
22.7 -0.013295267929 -0.134413738775 0.716608368887 -0.154554010471 0.897246064742 0.403020605929 -0.092935183584
22.8 -0.012724986340 -0.133382088163 0.730802947245 0.167254424343 -0.892971449921 -0.408097794329 0.089911831409
22.9 -0.014788442077 -0.131438142185 0.779853124597 0.176091054969 -0.901916963539 -0.378749375335 0.109939264706
23.0 -0.012225618657 -0.124530089726 0.790017084640 0.170150298048 -0.910730664775 -0.361321863221 0.105190510365
23.1 -0.004373729658 -0.114802618015 0.770445249022 0.171947245681 -0.898596698927 -0.384872261156 0.121784481660
23.2 0.005437820711 -0.099291378638 0.685868499604 0.160294308068 -0.886666488162 -0.424389181949 0.089566153294
23.3 0.006362902151 -0.097295151193 0.691486047421 0.155439936181 -0.891309569919 -0.416030395502 0.091238077735
23.4 0.008866401467 -0.094944938301 0.692467019113 0.161527450994 -0.894093578788 -0.405185779976 0.101636797716
23.5 0.009176671590 -0.091057435908 0.675133591140 0.155610114954 -0.885478941890 -0.424420251437 0.107610342269
23.6 0.006984009101 -0.093347756788 0.730454377928 0.163114114509 -0.901117645686 -0.391110437449 0.091724587761
23.7 0.011633592948 -0.082780193365 0.680995975382 0.152012094021 -0.886691363007 -0.421791116754 0.112973465327
23.8 0.011315952110 -0.082155186022 0.735858297096 0.162713421401 -0.902391657565 -0.385324156033 0.103628826256
23.9 0.012069020721 -0.073359208046 0.677312951285 0.149570338447 -0.895639667876 -0.403624724791 0.112006163767
24.0 0.005284037001 -0.084948097360 0.757345755342 0.155004597707 -0.912582315722 -0.356397229561 0.127075200108
24.1 0.004809639330 -0.084200287390 0.689406953698 0.142797536675 -0.901135823141 -0.396868253534 0.100292976360
24.2 0.000246311239 -0.093412121608 0.740216032262 0.154608286015 -0.907971031355 -0.379887996610 0.085848670038
24.3 0.003097687875 -0.090624176011 0.678175674850 0.138477351221 -0.894632465698 -0.414632070300 0.092395999893
24.4 0.000433347354 -0.090905310828 0.682331763627 0.139391061062 -0.901360977008 -0.399461171089 0.092462392436
24.5 -0.004337482739 -0.091706703152 0.764241389057 0.153140844218 -0.931684641073 -0.324011022731 0.059400913876
24.6 0.001322146724 -0.083568551523 0.693624964855 0.132023198170 -0.904985329754 -0.397651465609 0.073788481309
24.7 0.006362817382 -0.086445394246 0.686991732362 0.129314706981 -0.905096792033 -0.396071515615 0.084881435711
24.8 0.007526139800 -0.085533667048 0.672804447083 0.129177998564 -0.907326064572 -0.394277959361 0.067951070614
24.9 0.005377257854 -0.086026854081 0.694084546310 0.138213720257 -0.909403089585 -0.383980432269 0.080262169296
25.0 0.003966266768 -0.081966464122 0.677905717234 0.127069892905 -0.906703643252 -0.394587993429 0.077730695820
25.1 0.003622776910 -0.082137981758 0.678210529455 0.120556345255 -0.907492251918 -0.390025958241 0.099013798156
25.2 0.004201377169 -0.082360637386 0.677255286115 0.117134443858 -0.906937805993 -0.393285276079 0.095236703757
25.3 0.005544929565 -0.079973654909 0.671402678874 0.125406664683 -0.904218831334 -0.400399847530 0.079633131375
25.4 0.006544808564 -0.079772955055 0.680067431910 0.121318697369 -0.909098645360 -0.388435364377 0.089103279262
25.5 0.006596574403 -0.078715123783 0.674190527498 0.124821251889 -0.905648781211 -0.396439294290 0.083998964946
25.6 0.006522015032 -0.077879945313 0.672262416423 0.114625029606 -0.908684980394 -0.391939274577 0.086811946395
25.7 0.008073256208 -0.075883834626 0.675981885656 0.119880258109 -0.910383241572 -0.385272585469 0.091630301025
25.8 0.007314644207 -0.076146583600 0.726798599674 0.128525470228 -0.918380969444 -0.359968994893 0.102371486172
25.9 0.009838050017 -0.069018792407 0.678384509780 0.120218405841 -0.912320947023 -0.381956370575 0.085599973697
26.0 0.011495220678 -0.068640903561 0.677889829654 0.119711323959 -0.910954691414 -0.387081518751 0.077450932520
26.1 0.010696146350 -0.072574802547 0.703723282527 0.119885067284 -0.916606175093 -0.370377971858 0.090999166958
26.2 0.011658968828 -0.074491430174 0.678140012403 0.117772285297 -0.909100076267 -0.389121044042 0.090838060473
26.3 0.010785271712 -0.074911761170 0.672810769632 0.113091022276 -0.914655154362 -0.380044763704 0.078627901282
26.4 0.008976137454 -0.079795671373 0.689992582126 0.123277851600 -0.913447188349 -0.379106133162 0.081825089072
26.5 0.008913788155 -0.080329614743 0.671728902511 0.113084387925 -0.908474405938 -0.393599587344 0.083459809518
26.6 0.007152003876 -0.081667078695 0.684665190992 0.113672333788 -0.911926764842 -0.384164271470 0.088803089037
26.7 0.006488894160 -0.082834470515 0.675018282138 0.110826655581 -0.912319343270 -0.385146412166 0.083982792902
26.8 0.006709275278 -0.085528318303 0.678366365218 0.117074508208 -0.912351838148 -0.382819359796 0.085773076907
26.9 0.003493063790 -0.096003995322 0.717523935353 0.116538837150 -0.908988574086 -0.387031494065 0.101809106760
27.0 -0.001044359430 -0.109163636139 0.784833407886 0.124883391569 -0.929039466387 -0.339758070793 0.076513147478
27.1 0.003226052678 -0.103648037584 0.689211431579 0.113543849912 -0.913295025766 -0.382933377331 0.079762262907
27.2 0.002986351551 -0.104823695228 0.677607006940 0.109886192099 -0.907141797009 -0.398304274627 0.079827875573
27.3 0.000540590952 -0.114416917375 0.720390087686 0.115748953045 -0.918973693404 -0.367387146476 0.084357662985
27.4 0.001617945766 -0.110803809254 0.666648364577 0.118029212856 -0.904834395591 -0.404134136012 0.063398908334
27.5 -0.002042716653 -0.116417277439 0.693378098262 0.118037099812 -0.908871835122 -0.394117644126 0.068487319844
27.6 -0.000968519761 -0.117835733563 0.674214074366 0.110689745728 -0.904984378982 -0.405182556151 0.067662029093
27.7 -0.000823025307 -0.117417651142 0.667403905572 0.110055954937 -0.907629256170 -0.400575755885 0.060298291226
27.8 -0.002264558852 -0.117412481229 0.673013340518 0.115159347498 -0.906709453695 -0.400659307669 0.063940679094
27.9 -0.003737346979 -0.116917373173 0.675346436908 0.118320045804 -0.907191393283 -0.399206406227 0.060319051234
28.0 -0.004151496666 -0.115063225472 0.661355447795 0.117170256772 -0.903918014956 -0.406754911090 0.061268225612
28.1 -0.009167587198 -0.118087889304 0.685175252284 0.126714265298 -0.909178394455 -0.393659475275 0.048686338453
28.2 -0.011456344467 -0.116379292106 0.671198993390 0.126362199848 -0.902022939796 -0.409405685767 0.052670627423
28.3 -0.011921903745 -0.113023525383 0.676221735241 0.117999138584 -0.915129032360 -0.379116758983 0.069896641430
28.4 -0.012778143826 -0.107500723384 0.669111746117 0.121371384833 -0.908911005107 -0.395979782849 0.048474563583
28.5 -0.012729119616 -0.107392307772 0.667479269770 0.119771827546 -0.909227724535 -0.393350906226 0.065074717328
28.6 -0.018130605784 -0.116822737418 0.695167324790 0.116323517227 -0.913265040015 -0.388608994798 0.037401272551
28.7 -0.021588667512 -0.115405433944 0.698563334000 0.136417705573 -0.912092641805 -0.385062234964 0.034702990874
28.8 -0.019991466016 -0.106703074114 0.670823598012 0.119689787164 -0.914793455544 -0.380564033447 0.063232151548
28.9 -0.020679444793 -0.106891374882 0.691610265811 0.128556902301 -0.911002961457 -0.387814145400 0.056097377085
29.0 -0.020728977977 -0.102873358921 0.682086311279 0.125026935681 -0.911573928832 -0.389881098942 0.037335858309
29.1 -0.015869597644 -0.099320530418 0.662378386550 0.119270106832 -0.909626935142 -0.394837868683 0.049563473801
29.2 -0.012919410307 -0.099948487685 0.665302471261 0.124865404538 -0.911310115660 -0.386227560237 0.068925870020
29.3 -0.016743140010 -0.104267346609 0.673516229147 0.131908223508 -0.905814117846 -0.396448527677 0.070210892208
29.4 -0.020060195163 -0.113409255645 0.717900892292 0.131034925280 -0.917168311562 -0.372818945430 0.051363124445
29.5 -0.009592698899 -0.111780422441 0.688393737403 0.134234277750 -0.912153305338 -0.379208968601 0.078473335415
29.6 -0.008814551419 -0.111165623167 0.654249823693 0.132939056222 -0.905340127360 -0.397978715201 0.065569835820
29.7 -0.007628999362 -0.111193070512 0.656146925486 0.132372155405 -0.910504721815 -0.386440860764 0.064204557143
29.8 -0.011224936382 -0.113070692896 0.689831446641 0.128891625034 -0.912210956651 -0.381590261781 0.075146468154
29.9 -0.007570261869 -0.106153893420 0.666977528915 0.128034321885 -0.910049428727 -0.387661471429 0.071664728168
30.0 -0.008523813072 -0.107085384983 0.694653560924 0.133202508419 -0.917495081929 -0.369459184619 0.062926761301
30.1 -0.005501449041 -0.101032006775 0.671342806946 0.142529753371 -0.909946828751 -0.386524938995 0.047754683383
30.2 -0.008900480864 -0.098290188748 0.677751175122 0.144066099983 -0.914016764772 -0.373034645151 0.068289575114
30.3 -0.014627437510 -0.096131018238 0.812050488845 0.189931533186 -0.964686505338 -0.175545872634 0.049895948952
30.4 -0.003821928201 -0.087430401888 0.669617005265 0.141596240209 -0.913207573340 -0.376036605149 0.067815222053
30.5 -0.003347804610 -0.090793321761 0.679222992427 0.142760048644 -0.913735146947 -0.376771083289 0.052451887880
30.6 -0.005315981557 -0.101761559211 0.736204836023 0.148236467226 -0.926690339451 -0.339017942689 0.065861969964
30.7 -0.004760288465 -0.112443414734 0.778739555954 0.149449730739 -0.943251914607 -0.290473595424 0.059713431761
30.8 0.000000000000 0.000000000000 0.000000000000 0.000000000000 0.000000000000 0.000000000000 0.000000000000
30.9 0.000000000000 0.000000000000 0.000000000000 0.000000000000 0.000000000000 0.000000000000 0.000000000000
31.0 0.004958746811 -0.149907969253 0.710647029043 0.129129645095 -0.912610913940 -0.381396213485 0.070737421876
31.1 0.002277464051 -0.150873781637 0.808028309260 -0.160479179410 0.945188101873 0.281832136985 -0.037901604393
31.2 0.000000000000 0.000000000000 0.000000000000 0.000000000000 0.000000000000 0.000000000000 0.000000000000
31.3 0.001519478548 -0.114008062386 0.672929908363 0.132420314115 -0.907400047244 -0.391685244218 0.075317223354
31.4 -0.010914409585 -0.126965305824 0.754813838780 0.137730522121 -0.928230479700 -0.343559201723 0.037223040490
31.5 -0.012177090035 -0.121104300666 0.690811020413 0.139834261852 -0.916387768894 -0.374095774996 0.027058960882
31.6 -0.013225887193 -0.121510646105 0.677313482332 0.131098688736 -0.909739909515 -0.391752401303 0.041430507133
31.7 -0.006574454309 -0.109632768733 0.708068383035 0.133178431788 -0.922214301072 -0.354338780109 0.078919687760
31.8 -0.014854399584 -0.105886644645 0.695396256169 0.145715230636 -0.922855834465 -0.356510321697 -0.002137961192
31.9 -0.008928745971 -0.103959633615 0.671005242193 0.128449538680 -0.917229269059 -0.373715589704 0.050277649176
32.0 -0.013217046713 -0.104982124673 0.688766884226 0.124673183439 -0.921625983163 -0.364424167044 0.047509693376
32.1 -0.019885396860 -0.090459118717 0.757113135005 0.163035448806 -0.955828425183 -0.234134102198 0.070658943044
32.2 -0.024578106658 -0.085232886075 0.756377324908 0.130413157864 -0.938926264121 -0.315426570549 0.043771650541
32.3 -0.022033521182 -0.074264700347 0.691497678967 0.123919796486 -0.926120484186 -0.352780525087 0.049906251396
32.4 -0.016495598634 -0.069924950217 0.671948489452 0.115654470090 -0.927107310012 -0.352459560372 0.053556862986
32.5 -0.024446266569 -0.075440439974 0.725952934699 0.126552883444 -0.931888080753 -0.337255911411 0.042748366772
32.6 -0.019862107729 -0.074777932103 0.671478775208 0.113173047929 -0.923049603055 -0.366309848369 0.031438614948
32.7 -0.021517528998 -0.073603263606 0.670398872346 0.118629880894 -0.925132908857 -0.358048470606 0.043096925707
32.8 -0.024171384406 -0.076951870059 0.700765211997 0.123773565622 -0.929294839461 -0.343936034808 0.052907558683
32.9 -0.019234124319 -0.077145348230 0.674391085682 0.118478930009 -0.923944545463 -0.361635525380 0.038845422335
33.0 -0.030178550109 -0.083931723951 0.775085320911 -0.153188459076 0.968395201158 0.186776544938 0.062117249146
33.1 -0.022032224016 -0.103315464116 0.790169247998 -0.145653785347 0.941983284076 0.302145296350 -0.012676246658
33.2 -0.012196993515 -0.110351099736 0.777753004172 0.136244565423 -0.940665445564 -0.309283189616 0.030493385117
33.3 0.003338365672 -0.102653351574 0.668785027524 0.122749394489 -0.919160426791 -0.369359505694 0.060417311490
33.4 0.006227371821 -0.103008026649 0.661482367720 0.121196399318 -0.916871774820 -0.376500873296 0.053895025168
33.5 0.007076330529 -0.105830898947 0.688678775749 0.130066768617 -0.921048751374 -0.361670429158 0.062819853277
33.6 0.007282182596 -0.115742099466 0.734023364288 0.135292641863 -0.927852033516 -0.341545587860 0.064289317711
33.7 0.010618452577 -0.125412005989 0.759380653754 0.126834345692 -0.933586484631 -0.329140670627 0.063211892927
33.8 0.010595368633 -0.125400452706 0.726089142116 0.116077796141 -0.930442426097 -0.337505470113 0.083023458171
33.9 0.016762724969 -0.121498000272 0.653020406083 0.126317686554 -0.907008061797 -0.390520971258 0.094199728808
34.0 0.011969224249 -0.140225791610 0.759718679345 0.132862914009 -0.936262307025 -0.319104135169 0.062712753443
34.1 0.011431236042 -0.131728525170 0.663953214935 0.132284483043 -0.909634017896 -0.384892741818 0.083212657265
34.2 0.010650321539 -0.126809064052 0.635945316057 0.135872362919 -0.902173493181 -0.399704603833 0.088644903241
34.3 0.001443619994 -0.141596549137 0.776702244632 0.157811482324 -0.936754963424 -0.310953604640 0.029891977316
34.4 0.002519941547 -0.138275835544 0.878723968434 -0.178953137894 0.959121953170 0.218954084886 -0.010952720951
34.5 0.001590219735 -0.113806307389 0.751401702438 0.143685558505 -0.942960875595 -0.288465916796 0.083466533537
34.6 0.004580650776 -0.101911365674 0.699133631188 0.135384451866 -0.927489914059 -0.336991081544 0.088715953877
34.7 0.004289714887 -0.098561608283 0.737895087896 0.156458833385 -0.933057865771 -0.309060946569 0.096979296160
34.8 0.006124735162 -0.085118297613 0.659067885203 0.145653316406 -0.920631237065 -0.350691785393 0.090766229508
34.9 0.004210803895 -0.081242022079 0.652773047770 0.148514757317 -0.921572827527 -0.345415899540 0.096616493250
35.0 0.001823358058 -0.084917355417 0.737219983089 -0.152654520286 0.933397414272 0.303686974267 -0.115065573162
35.1 0.006293375187 -0.077313544602 0.711899729768 0.160678391125 -0.930947825802 -0.314927376037 0.091320031112
35.2 0.011453281699 -0.066560806034 0.660009733878 0.154281680841 -0.920414595137 -0.341801649806 0.110479718529
35.3 0.015158475748 -0.064216503811 0.645352086619 0.154383672436 -0.921100557255 -0.345363697147 0.091996531473
35.4 0.017206554819 -0.063363248073 0.659943744199 0.167716939857 -0.920913993961 -0.331999934079 0.116466680145
35.5 0.018670577798 -0.061344794067 0.648807813265 0.162952043755 -0.919533966702 -0.335299462222 0.124411358609
35.6 0.016024265590 -0.060847408517 0.647104203571 0.176148870177 -0.913470580366 -0.347917069238 0.116175674192
35.7 0.016811930326 -0.057695978756 0.651442936222 0.171604090076 -0.921652789909 -0.315789719657 0.146236192789
35.8 0.017673330617 -0.057449984597 0.653801130986 0.172535489688 -0.920171719859 -0.320004139569 0.145302654580
35.9 0.017073778557 -0.060291082534 0.655085537136 0.183990550951 -0.914247993078 -0.328224921947 0.150221452948
36.0 0.015985475730 -0.065974532374 0.715168366776 0.192399346914 -0.923504755009 -0.291207571191 0.159121366459
36.1 0.019210632459 -0.065724810327 0.670502188606 0.190367646088 -0.919772003793 -0.305259047503 0.156832822708
36.2 0.019811190186 -0.068486025216 0.664545808211 0.192141376272 -0.914925991609 -0.320571016316 0.152401918953
36.3 0.019077020230 -0.068022975989 0.662601530485 0.199004903751 -0.910334924456 -0.325093664693 0.161249752794
36.4 0.019857184797 -0.064009045833 0.669826708411 0.201030296168 -0.919511463898 -0.286621089481 0.178700416473
36.5 0.021379501218 -0.062589222363 0.675115976789 0.203244720239 -0.906786387672 -0.317098709768 0.189416047605
36.6 0.022651362504 -0.059002583024 0.663972525178 0.214662690989 -0.900483020481 -0.320567391979 0.200715734617
36.7 0.023360559743 -0.057362872602 0.665762795332 0.207522093302 -0.905359266874 -0.314324993097 0.196109605557
36.8 0.022188590899 -0.058678460556 0.674118490307 0.210690373355 -0.903954192824 -0.316068620827 0.196410312308
36.9 0.022421612430 -0.062974299635 0.691376505889 0.232624983634 -0.897548719170 -0.313537049619 0.204905910655
37.0 0.022318012906 -0.066564739202 0.662736966942 0.221969678166 -0.895811989253 -0.316310050327 0.219541098539
37.1 0.023748212817 -0.070497566856 0.659548940920 0.221331071353 -0.893451867196 -0.325440073838 0.216437233854
37.2 0.025075964487 -0.075146115518 0.673096882688 0.234009158560 -0.893076050141 -0.319462391035 0.213538434689
37.3 0.023991517845 -0.084741052636 0.734815751587 0.238557195882 -0.908852440691 -0.283532462898 0.191538632723
37.4 0.031117189187 -0.083349151337 0.651198854197 0.240974177824 -0.879490321313 -0.341521583689 0.227576862209
37.5 0.032369619250 -0.083198798661 0.647845948766 0.242079360554 -0.880683850062 -0.338685639622 0.226021186945
37.6 0.031108705493 -0.086372393902 0.655681870595 0.241307516563 -0.885827327672 -0.332843188247 0.215165145964
37.7 0.031686271221 -0.086992974961 0.645125446981 0.244829828779 -0.879980573922 -0.340124684398 0.223624112125
37.8 0.030022680569 -0.086265149116 0.652577983461 0.250148216877 -0.890540970188 -0.312961999522 0.215447062792
37.9 0.031133654273 -0.086019544531 0.670599307439 0.248499802929 -0.894828529403 -0.303368451839 0.213301039238
38.0 0.032133843515 -0.084753061539 0.649660942615 0.248669657647 -0.879224738136 -0.333286280824 0.232481216942
38.1 0.032241892793 -0.082955995992 0.656965132026 0.252082789664 -0.885374513342 -0.316424829434 0.229001234927
38.2 0.031884837450 -0.082780302068 0.660702939253 0.253254733654 -0.888107672724 -0.308306997478 0.228196399704
38.3 0.031101741676 -0.082753678308 0.662853485293 0.257719001102 -0.884253333718 -0.318803041818 0.223699751470
38.4 0.028621965903 -0.082833852075 0.659518592376 0.256945638962 -0.880889627071 -0.324811759797 0.229150003786
38.5 0.026383488661 -0.082583421020 0.665836947811 0.267427821605 -0.874571572442 -0.330288347790 0.233487756043
38.6 0.024864198601 -0.080233841019 0.670660496293 0.265504184113 -0.884639480156 -0.304772824913 0.232452239314
38.7 0.024406517498 -0.076952893017 0.654170392877 0.273057418785 -0.874961402608 -0.318808007278 0.241337200798
38.8 0.026237261011 -0.073627640099 0.656596860865 0.272359993184 -0.862492217784 -0.348903825311 0.245343288189
38.9 0.029655298983 -0.066598167407 0.648753608026 0.286744164259 -0.855673568244 -0.345529753420 0.257312491677
39.0 0.032653393786 -0.062962032731 0.650465796866 0.278075631294 -0.864316496483 -0.326521670044 0.262706178420
39.1 0.032892455754 -0.061573285399 0.657153758590 0.273842934560 -0.876321952899 -0.305643359322 0.252293517477
39.2 0.036784265016 -0.064004505464 0.664208302545 0.284385038635 -0.858881143089 -0.338757284628 0.258247621399
39.3 0.038667831756 -0.063641553192 0.653605569424 0.282521259432 -0.864001760437 -0.331837375369 0.252124279352
39.4 0.044033500044 -0.065256533193 0.693391844486 0.284501309841 -0.862348093894 -0.332885758191 0.254168923453
39.5 0.047861136810 -0.069758960629 0.713243747217 0.290650700896 -0.855275657766 -0.351425676703 0.246019741190
39.6 0.055337818134 -0.071839611496 0.711985733599 0.291004259920 -0.856783499866 -0.338193604168 0.258580047887
39.7 0.060349433178 -0.082358797979 0.710178838214 0.292618998366 -0.852987358207 -0.350667745485 0.252623872211
39.8 0.069333148661 -0.082355772680 0.701246850505 0.279315178838 -0.848230844280 -0.361981723314 0.267313856114
39.9 0.072782808839 -0.084008950260 0.686568494184 0.274221115974 -0.856294700018 -0.345277947917 0.268970825476
40.0 0.073919266751 -0.084704582149 0.668559981256 0.267011538839 -0.858644234840 -0.352811263008 0.258764620453
40.1 0.074235666000 -0.082972057965 0.660421313664 0.269037729003 -0.857184503320 -0.350362432571 0.264763278201
40.2 0.071921479559 -0.086881763677 0.679800305267 0.274496666620 -0.850677083353 -0.355949866599 0.272579845808
40.3 0.070669287563 -0.082810656156 0.677152211720 0.275445869923 -0.858989528690 -0.336908141477 0.269739627326
40.4 0.067696816751 -0.081446053333 0.666776398755 0.267777724863 -0.856011470113 -0.348308031677 0.272435255008
40.5 0.068691544072 -0.079619398209 0.672067088873 0.273205733132 -0.853852203215 -0.352694083382 0.268145344908
40.6 0.064481173431 -0.078440602750 0.666813555161 0.277054818136 -0.844688969620 -0.367775163014 0.272915008417
40.7 0.061955912237 -0.080604717292 0.674348493873 0.262776397590 -0.859866628353 -0.351658527150 0.260603581319
40.8 0.060679935611 -0.081588541938 0.663973619666 0.269309110340 -0.858091221958 -0.351064735058 0.260587048192
40.9 0.061695531174 -0.085236427990 0.671748709134 0.266250645789 -0.853653224851 -0.363730834800 0.260934177780
41.0 0.063136973055 -0.083779481580 0.656351658795 0.265214404245 -0.850503536675 -0.374945787659 0.256360508271
41.1 0.064538349721 -0.083993263131 0.684271973602 0.267359100245 -0.851157084291 -0.363665964462 0.267951106864
41.2 0.061742666720 -0.082153205840 0.723238953410 0.279162151021 -0.853778577477 -0.353186108228 0.261515213770
41.3 0.054563826834 -0.075805064930 0.710106357350 0.279896239707 -0.844724774683 -0.365343214201 0.273171165887
41.4 0.052219645669 -0.069722674067 0.697305825872 0.260440035747 -0.855270281945 -0.357353302009 0.270152457225
41.5 0.000000000000 0.000000000000 0.000000000000 0.000000000000 0.000000000000 0.000000000000 0.000000000000
41.6 0.038716009338 -0.058962543935 0.739756148530 0.273844957088 -0.856654245690 -0.364440569986 0.241527459653
41.7 0.035501646101 -0.054619190666 0.678650417190 0.252362281652 -0.863282046735 -0.364614113557 0.241068319736
41.8 0.035655174670 -0.052991424423 0.676121849600 0.241737225549 -0.864338793130 -0.362780568788 0.250742544024
41.9 0.038613395368 -0.056227191358 0.685642338844 0.236228866396 -0.861858763278 -0.372536639232 0.250223594555
42.0 0.042769215579 -0.061153199444 0.698534899886 0.240033044267 -0.858834334608 -0.380953355653 0.244258601024
42.1 0.048748580454 -0.061323417422 0.670408705761 0.235068486274 -0.858113040095 -0.378936076493 0.254543251947
42.2 0.051303357603 -0.064359101927 0.687587931642 0.232396457795 -0.862151138062 -0.371037324063 0.254987461839
42.3 0.053277150734 -0.067574331818 0.683863023011 0.242775584571 -0.852232889232 -0.391239460440 0.248376332694
42.4 0.056423698719 -0.067031680355 0.677738650480 0.228140958506 -0.855079535265 -0.389941518760 0.254433298468
42.5 0.060842629260 -0.071777540530 0.715488189311 0.241998962970 -0.857656590384 -0.377288074271 0.252022586102
42.6 0.061531493724 -0.077538900172 0.713278398272 0.233122840324 -0.849644651098 -0.388104178617 0.270430868652
42.7 0.053985438980 -0.087511051064 0.721940534456 0.253719199489 -0.844029590219 -0.398376617505 0.254040723647
42.8 0.049106546608 -0.097905347693 0.731976334496 0.254585117953 -0.845281660321 -0.398199910175 0.249243182413
42.9 0.043606952243 -0.103226198522 0.703604258461 0.226725646767 -0.852623501519 -0.413550693022 0.224954373276
43.0 0.039079770181 -0.105297673683 0.699633694671 0.224723068348 -0.854376186692 -0.414739926044 0.218017586244
43.1 0.037915960083 -0.106714133505 0.704149923621 0.224939238505 -0.854656211258 -0.412681730537 0.220587598971
43.2 0.035594464460 -0.104925611457 0.694120643401 0.220785637555 -0.854215395576 -0.421649513178 0.209240168817
43.3 0.035391162612 -0.109687157274 0.716990535870 0.213126462893 -0.853463512882 -0.428691853783 0.205913665146
43.4 0.036642331680 -0.108724873490 0.708173387613 0.208841273357 -0.861662865880 -0.416529947480 0.201060266979
43.5 0.037232195513 -0.105894480244 0.710959737972 0.204362336846 -0.861439538203 -0.422856162091 0.193263093943
43.6 0.037662403291 -0.103074611516 0.728815523013 0.205459734504 -0.868541837175 -0.408282702422 0.191641878192
43.7 0.037938187106 -0.096278425593 0.697159550961 0.202643068691 -0.858609913262 -0.438748229403 0.170952609678
43.8 0.038971911914 -0.093882369869 0.700894304902 0.189970366931 -0.870717642529 -0.417060201977 0.178389558560
43.9 0.038441872734 -0.090614856398 0.703601977626 0.186210378503 -0.870260001830 -0.429695175274 0.152758896627
44.0 0.036529747226 -0.088110659008 0.728810334075 0.185858543317 -0.877190145331 -0.421008431679 0.136915854691
44.1 0.038872006542 -0.080155018460 0.679565695582 0.179075828943 -0.866552945054 -0.457488759435 0.087874204963
44.2 0.042741240386 -0.079395817738 0.686840423293 0.159309204997 -0.875309742852 -0.439301494115 0.124368921116
44.3 0.044116601125 -0.078447674381 0.689698410457 0.153863772259 -0.881309745475 -0.436657932460 0.094598742785
44.4 0.040302769804 -0.080010445959 0.699176976742 0.160606483114 -0.883099843097 -0.435874178167 0.065984282303
44.5 0.037429569360 -0.080016554180 0.678970239200 0.152460806993 -0.884824528625 -0.437274246123 0.051307792311
44.6 0.038114921353 -0.082041473699 0.682146045667 0.147629343615 -0.883473653830 -0.442322002242 0.045068017765
44.7 0.039090219981 -0.082986014641 0.691595326684 0.143469366422 -0.891376082676 -0.427567971608 0.045286309037
44.8 0.038403579108 -0.079460493956 0.673082740732 0.135410742103 -0.885785670585 -0.441925591834 0.041826403045
44.9 0.041120130194 -0.079914951241 0.676441163590 0.129774797186 -0.887488721121 -0.440470541874 0.038832636271
45.0 0.040314268619 -0.081883600867 0.686662589569 0.124543374709 -0.891982565566 -0.433967038053 0.022992616758
45.1 0.041587104699 -0.079708446758 0.661036617595 0.127820459820 -0.879346925238 -0.458608366981 0.009448855033
45.2 0.040035724848 -0.080400596612 0.660473383602 0.120490772956 -0.886718099783 -0.446191535318 -0.011229379356
45.3 0.038285078404 -0.080663045462 0.677608822030 0.112272773005 -0.895013105341 -0.431489997213 0.012757272978
45.4 0.040493732193 -0.083213419604 0.684567570045 0.121863630221 -0.891243053704 -0.436154673026 -0.024579992914
45.5 0.044580933441 -0.085102333785 0.683959841879 -0.095698057178 0.908850753533 0.405769713603 0.013532522964
45.6 0.043753445586 -0.084730825749 0.685398699776 -0.097538044031 0.908959868762 0.404155366826 0.030605986542
45.7 0.041832666176 -0.082193249410 0.677278934320 -0.088262157342 0.902634395127 0.419484573039 0.038647552271
45.8 0.038079401496 -0.084188726812 0.698463981106 -0.082761964968 0.915890485174 0.388988053909 0.054620236523
45.9 0.035832839086 -0.080701624559 0.674117242569 -0.069307393636 0.906741099409 0.413797740136 0.042290591021
46.0 0.030312363643 -0.080516748396 0.734825589330 0.078384175571 -0.934439275532 -0.343447585266 -0.052181582367
46.1 0.020162334198 -0.079178349398 0.770283334870 0.093311844805 -0.932346515414 -0.348621461649 -0.022044302939
46.2 0.008682811629 -0.076570935620 0.745030534186 -0.079900920253 0.928702465239 0.352055573883 0.084761116676
46.3 0.003776986707 -0.074394229161 0.692156720902 -0.064241961231 0.914982497087 0.386708659701 0.095584585330
46.4 0.000621140177 -0.077272593798 0.719769894841 -0.048386499335 0.925438033592 0.363419615374 0.095652369679
46.5 0.000791501619 -0.075169071705 0.711360302633 -0.049346627262 0.923177838114 0.366626709675 0.104366878589
46.6 0.002431824693 -0.075155514611 0.714248452032 -0.038103011200 0.925214680853 0.363659444172 0.101379305265
46.7 0.001284276454 -0.072903947291 0.712025006157 -0.045269932123 0.927218057831 0.351959527787 0.119757243110
46.8 -0.001600594685 -0.071044496381 0.709130586816 -0.048431216833 0.922100253921 0.360795213545 0.131195856789
46.9 -0.003046095262 -0.070521145994 0.706771276958 -0.033653852295 0.926283767684 0.358077142316 0.112456925538
47.0 -0.005896004594 -0.068741474371 0.736124261760 -0.045552424321 0.935376574573 0.331312928634 0.115010363442
47.1 -0.004257597950 -0.065899617734 0.726802195869 -0.044218924558 0.930242766399 0.347002992141 0.110824210890
47.2 -0.002312170403 -0.062995611553 0.713412906398 -0.036810417052 0.929069855993 0.349829536142 0.114426795479
47.3 -0.004793389506 -0.058896808675 0.730453883540 -0.043551296904 0.936097090137 0.327665680677 0.120252750832
47.4 -0.006728172166 -0.054543760755 0.731679258930 -0.043074013972 0.933340815691 0.336789415064 0.116586624393
47.5 -0.006640137902 -0.054260187854 0.711405762347 -0.042520081397 0.925069146025 0.357824386300 0.120003442950
47.6 -0.010918830244 -0.055278517492 0.712283746553 -0.039084799759 0.927445782899 0.353641029533 0.115129146792
47.7 -0.012770034865 -0.058114112212 0.726852318849 -0.039254616192 0.931734084628 0.342333460033 0.114623177373
47.8 -0.012939526180 -0.062083713900 0.708373530983 -0.029515010723 0.927478830630 0.355035182780 0.113410325208
47.9 -0.024023262114 -0.060077366377 0.771982847704 -0.049147626143 0.950853510803 0.293682598088 0.084927283127
48.0 -0.022156856328 -0.057031153057 0.722333728955 -0.031121889685 0.932977234705 0.341994178760 0.107818779434
48.1 -0.021073993996 -0.053996590939 0.703664635957 -0.038083888587 0.926572876321 0.357677770891 0.109904206049
48.2 -0.023227692036 -0.050490196405 0.703480849804 -0.040041994183 0.929070579748 0.343783636731 0.130527038062
48.3 -0.027407644505 -0.048349149941 0.728919318045 -0.048003510062 0.935409697829 0.327856705725 0.123346425728
48.4 -0.030591490300 -0.043805810343 0.719123796976 -0.042564504094 0.930564239705 0.343385121498 0.119687581258
48.5 -0.039362312824 -0.044617958859 0.775207839062 -0.060561659212 0.941313769151 0.323813810298 0.073520675331
48.6 -0.044898130196 -0.049281476070 0.792154898816 0.063710312732 -0.948359336330 -0.307922140150 -0.041707563492
48.7 -0.040299110612 -0.055413507271 0.704008751684 -0.039982946698 0.923550920991 0.368909006934 0.096753319903
48.8 -0.041132680144 -0.053674948395 0.699837717303 0.037556384351 -0.924566136937 -0.363725683397 -0.107100904108
48.9 -0.039496257483 -0.050894020815 0.691777821850 0.038112248886 -0.924932471301 -0.366514979849 -0.093349609341
49.0 -0.040078988229 -0.049528387916 0.686866788242 0.035167053460 -0.924033710255 -0.366558326119 -0.102761735177
49.1 -0.041330889139 -0.050493949585 0.693195175991 0.037698805656 -0.923494140927 -0.370182516613 -0.093285991015
49.2 -0.048325787549 -0.054242076766 0.743487433643 -0.055164464203 0.938921871735 0.327499686926 0.090147411109
49.3 -0.042424449894 -0.057842737805 0.702219333269 -0.039886969725 0.924326621543 0.366710109200 0.097739562942
49.4 -0.039654379655 -0.058685965379 0.688632178173 -0.046312550780 0.916644543695 0.384212026088 0.099995235704
49.5 -0.039407445777 -0.056742201818 0.695677554169 -0.046335208429 0.925402160541 0.363174068441 0.097920813608
49.6 -0.045548494616 -0.056755899303 0.718273520885 -0.057457401439 0.924805267396 0.362390062511 0.100535103372
49.7 -0.056766270261 -0.053361221866 0.760307024570 -0.055656605557 0.939041873226 0.318604794124 0.116591971193
49.8 -0.054188816384 -0.050950888276 0.728046837952 0.037758923183 -0.929680423684 -0.349641147899 -0.109634124410
49.9 -0.065821421774 -0.058191854456 0.800336924101 -0.042223297621 0.952336075531 0.293499060694 0.071634445284
50.0 -0.068575228482 -0.064352953396 0.748000391339 -0.038473916683 0.929698717171 0.345514526742 0.121654284086
50.1 -0.078781154456 -0.072254410565 0.805780301329 -0.028506710438 0.948242979529 0.296378237254 0.110374633481
50.2 -0.077661756798 -0.076713023696 0.763714854104 -0.005433937134 0.930069433746 0.330651038407 0.160035032224
50.3 -0.076595527536 -0.079338116108 0.763540072945 0.001921518097 0.929372791365 0.325345199854 0.174393300821
50.4 -0.071997985136 -0.081103786094 0.758921679573 0.001799514376 0.925107266131 0.329908503796 0.187972569870
50.5 -0.065838958946 -0.083630554227 0.768440749804 0.008772250808 0.930701765671 0.316628698131 0.182930419865
50.6 -0.052335081887 -0.084022783208 0.735312021003 0.000691878520 0.931627413633 0.335482008612 0.139720096508
50.7 -0.047652814685 -0.091481000498 0.762736714053 0.014280369975 0.927523921334 0.316697000752 0.197985999761
50.8 -0.042718868501 -0.092787280477 0.745142160632 0.028601529144 0.926183170140 0.320320709982 0.196878974594
50.9 -0.044681003097 -0.095156720141 0.749859145710 0.027606761447 0.926864711951 0.315497672870 0.201546249969
51.0 -0.049577220290 -0.094001801289 0.735668125944 0.024033327640 0.918761291922 0.325365236278 0.222345565844
51.1 -0.056996534031 -0.091382019387 0.732162832697 0.016468559572 0.924783367023 0.319098340878 0.206593222232
51.2 -0.060895100806 -0.091955544587 0.732856680140 0.037549563858 0.917532133350 0.321223827600 0.231387266517
51.3 -0.052300414032 -0.089573278908 0.743007757263 0.012709877259 0.927611853801 0.330457322681 0.173702808253
51.4 -0.043819677850 -0.085911548724 0.723866859893 0.026893288530 0.923491345865 0.335040280772 0.184901312606
51.5 -0.037933282724 -0.088502776089 0.727378930832 0.025732112245 0.918814603325 0.326868445510 0.219714820726
51.6 -0.029273967105 -0.091516484888 0.724506598336 0.041600638744 0.916158396907 0.331809487205 0.220965252548
51.7 -0.022871019645 -0.093072281398 0.727792226012 0.036136879004 0.919797758120 0.339040466503 0.194210638758
51.8 -0.016033503282 -0.094206156696 0.723429485665 0.041655922448 0.917904134926 0.335540106763 0.207676719843
51.9 -0.008035882187 -0.094961231156 0.742793762079 0.034980007849 0.920151845415 0.345213156316 0.181452079447
52.0 0.002521532989 -0.094988754305 0.728883329249 0.045425107944 0.919269826381 0.333838639290 0.203546822109
52.1 0.008488176919 -0.098809399563 0.733122954597 0.042832908076 0.912941575400 0.331695958821 0.233839288388
52.2 0.014257326950 -0.097270185051 0.763469865597 0.014003022997 0.934964059701 0.290556289606 0.203034886129
52.3 0.014948568245 -0.092223984314 0.726231890294 0.032850527574 0.910779483923 0.336210071449 0.237411799116
52.4 0.011550195126 -0.090772739111 0.731966559771 0.031364088326 0.912873168127 0.333574749909 0.233252565046
52.5 0.006873124687 -0.094319051374 0.739935711017 0.031961672408 0.916242708625 0.325694652460 0.231086009416
52.6 0.004178716366 -0.097063126887 0.738817455747 0.030401563581 0.916393073430 0.325707538472 0.230681770593
52.7 -0.001418048567 -0.088064056098 0.718283138636 0.006100612735 0.924263167410 0.277710731399 0.261872353561
52.8 -0.003422217962 -0.085893343757 0.734027011065 0.023107031159 0.918258521421 0.315135431830 0.238656683449
52.9 0.000916835354 -0.083236572016 0.742204553401 0.019163924941 0.928665327662 0.314276823433 0.196070220666
53.0 0.001121858887 -0.076716646768 0.721984817277 0.015039368564 0.914080799599 0.316129092606 0.253559669516
53.1 -0.002239726075 -0.072503399949 0.722333535280 0.019055877514 0.920595318455 0.306712196736 0.240974607675
53.2 -0.002383932601 -0.071749856843 0.722098399280 0.020333833081 0.922714562615 0.305881179888 0.233711520814
53.3 -0.002908298915 -0.071448117351 0.714788154723 0.017225823921 0.922163953848 0.309188711549 0.231774144080
53.4 -0.004485689206 -0.067868541881 0.707269083906 0.011189449786 0.918942644260 0.313710439737 0.238757141828
53.5 -0.009030322250 -0.061815521190 0.690201045667 0.001162681152 0.924676728054 0.291928609077 0.244436666582
53.6 -0.010702351291 -0.059856712760 0.704702233368 0.009992801327 0.925431171410 0.304471346103 0.225331955804
53.7 -0.011072752556 -0.059936924208 0.695758034443 0.011954030747 0.925987204969 0.298102126258 0.231386947997
53.8 -0.013305569581 -0.056821273594 0.695800873543 0.015083582317 0.926070906537 0.297899613686 0.231129794219
53.9 -0.016354618156 -0.056098992920 0.697107068521 0.013739860167 0.927238590878 0.291627983652 0.234505716305
54.0 -0.018951759255 -0.059208408021 0.702269081834 0.006354386941 0.933173872099 0.284422485932 0.219658816566
54.1 -0.024520288602 -0.063352948977 0.702798950771 0.003316094309 0.934394267120 0.285004384035 0.213702733189
54.2 -0.037972306489 -0.075568001763 0.771643899981 -0.016482212916 0.964318554651 0.224025861471 0.140108797743
54.3 -0.050184219898 -0.094621256528 0.777934118148 -0.034756519344 0.932780476034 0.241066071182 0.265706072977
54.4 -0.050253178535 -0.103805489586 0.718431970776 -0.008552282381 0.938676966287 0.256222233963 0.230570115695
54.5 -0.052996859032 -0.112884104452 0.700690227311 0.002148768544 0.929149659794 0.249728150534 0.272602537276
54.6 -0.048875809139 -0.124376645882 0.693850556793 0.011662382938 0.927260311149 0.285713328765 0.241702705731
54.7 -0.048784289370 -0.123688268967 0.664235854129 0.031466647191 0.912387288083 0.313656844386 0.261110456758
54.8 -0.049207711096 -0.118685529160 0.660595956686 0.029613693134 0.911529901079 0.318396736111 0.258572595321
54.9 -0.054649049092 -0.118458885669 0.676092823469 0.031496593327 0.912053699036 0.302259302488 0.275327675222
55.0 -0.058252590090 -0.105080843407 0.674360494945 0.006064392158 0.926483053236 0.207180842059 0.314115383096
55.1 -0.060917836383 -0.100335485227 0.692308520567 0.024368233846 0.923840785736 0.238143198378 0.298684128898
55.2 -0.058373926088 -0.095143184764 0.671115711825 0.042307211645 0.908929141406 0.295030040626 0.291573645711
55.3 -0.057435610295 -0.091589106274 0.665430153836 0.039386207350 0.906933762519 0.287027397484 0.305835168297
55.4 -0.056151521800 -0.088899730800 0.662894875217 0.051637040935 0.906896024126 0.291865601078 0.299479028205
55.5 -0.059782684960 -0.085050398961 0.658953697690 0.054081339134 0.904055947607 0.277388887087 0.320645376818
55.6 -0.061871845167 -0.081195754839 0.670409568916 0.053629145492 0.903472959139 0.281135997441 0.319097285795
55.7 -0.061431266490 -0.079185210886 0.662287454081 0.060800545377 0.904396450152 0.281695428654 0.314671320762
55.8 -0.061598779772 -0.079789179360 0.662259827782 0.059727486349 0.902472225521 0.283248394723 0.318977830615
55.9 -0.061578167840 -0.078386641760 0.659940698483 0.062828961767 0.901087156694 0.276836333013 0.327804976057
56.0 -0.061028269533 -0.076836478028 0.654235316124 0.063833293438 0.898799446233 0.277855970253 0.332987876498
56.1 -0.062626053460 -0.073974026374 0.659268458276 0.053158229491 0.902590078913 0.262250080456 0.337239154586
56.2 -0.066453101556 -0.064793276918 0.655753441411 0.053136489071 0.900060410190 0.229157184758 0.366817060960
56.3 -0.063732841972 -0.058610646454 0.648583100698 0.066545941654 0.899302927933 0.265681477784 0.340938753772
56.4 -0.064802908749 -0.056637799565 0.639938674694 0.068178443956 0.893491003741 0.271900554755 0.350849845857
56.5 -0.066983673836 -0.060088361039 0.656390967849 0.063719453774 0.907538548311 0.245313093136 0.334865795323
56.6 -0.070101729427 -0.067679466897 0.657621004909 0.065960945920 0.904851338694 0.259284987276 0.331156313318
56.7 -0.072402125578 -0.069773196055 0.637694820141 0.069705551589 0.891116345188 0.269545070047 0.358327016327
56.8 -0.074521719961 -0.071178803984 0.638541971459 0.069651436869 0.889386111880 0.274121346429 0.359163623949
56.9 -0.076027945959 -0.072951164547 0.642887078176 0.065374963724 0.895348614533 0.267669043619 0.349900351042
57.0 -0.079528567757 -0.078206140606 0.661733411340 0.044306612757 0.906874111764 0.237222568277 0.345458713276
57.1 -0.082291932193 -0.086664545534 0.663402473935 0.044988761385 0.901397377660 0.240157486732 0.357467705482
57.2 -0.084745080220 -0.092726640385 0.687996749286 0.018295332670 0.934053748402 0.121488574537 0.335334761329
57.3 -0.000000000000 -0.000000000000 0.000000000000 0.013892865382 -0.987228565617 -0.050420715322 0.150480892431
57.4 -0.085488682059 -0.122050031597 0.634002527770 0.070532419851 0.887412725066 0.274095371862 0.363862007175
57.5 -0.086162098313 -0.124581461811 0.624862884350 0.089141036499 0.876242956014 0.301386652528 0.365264620962
57.6 -0.087032924428 -0.120724524568 0.635448245064 0.099173151969 0.886221354326 0.274910312258 0.359445012873
57.7 -0.084979250309 -0.117928243724 0.630858444643 0.117912375629 0.868273087505 0.322676451755 0.357880461426
57.8 -0.073846677050 -0.115179498660 0.641709622095 0.088375148772 0.888925135635 0.293787546833 0.340133523254
57.9 -0.066065975991 -0.111846335310 0.702655290461 0.056375521645 0.929380796008 0.204030424359 0.302398284562
58.0 -0.055318394189 -0.107031619868 0.621329800697 0.117272722181 0.867591914195 0.320527000314 0.361654283987
58.1 -0.052892380868 -0.111586254052 0.641429072944 0.105557785892 0.878743727339 0.291491872380 0.362904262631
58.2 -0.052814376673 -0.115493103752 0.628304756541 0.121976350855 0.863586132257 0.318349762016 0.371475693727
58.3 -0.051925491199 -0.114657891372 0.684304709470 0.097395578903 0.914696235722 0.271951227389 0.282643640451
58.4 -0.032372059124 -0.106618770558 0.647780553527 0.109870564275 0.922527917686 0.314891494157 0.194201048151
58.5 -0.031526443729 -0.105839680088 0.629641915420 0.163289725194 0.870818811278 0.337245463506 0.318239785249
58.6 -0.021167288821 -0.111237992460 0.663610416795 0.156473718751 0.871264597439 0.360286974275 0.294291136049
58.7 -0.006537567127 -0.108952228902 0.624085947216 0.157902734878 0.875559578174 0.348288370686 0.295224257524
58.8 -0.000250864975 -0.106457225990 0.623489647938 0.150279933835 0.879662443762 0.335398502479 0.301857203088
58.9 0.007100111431 -0.106163297439 0.624792702509 0.158638925278 0.877130138057 0.347847637880 0.290651738547
59.0 0.023492471575 -0.100695336843 0.698421734540 0.042830710798 0.941861634463 0.199004436446 0.267318959323
59.1 0.000000000000 0.000000000000 0.000000000000 0.000000000000 0.000000000000 0.000000000000 0.000000000000
59.2 0.053144392322 -0.073690305338 0.721274996972 0.046725664551 0.955757336126 0.148111936495 0.249814893433
59.3 0.000000000000 0.000000000000 0.000000000000 0.000000000000 0.000000000000 0.000000000000 0.000000000000
59.4 0.000000000000 0.000000000000 0.000000000000 0.000000000000 0.000000000000 0.000000000000 0.000000000000
59.5 0.038886394480 -0.023353676638 0.657366377605 0.134239802044 0.913311526170 0.249050689343 0.292942803036
59.6 0.028085467470 -0.007421292907 0.664953564887 0.127590287505 0.907585921364 0.280178530921 0.285496943395
59.7 0.019863204078 0.001047866861 0.636375140070 0.147561905714 0.896676443798 0.289278383714 0.300856869351
59.8 0.011582740405 0.007047577772 0.633587693986 0.126653767372 0.902587848334 0.260344827038 0.318613512401
59.9 0.003142730646 0.013331668994 0.634269633803 0.118937493532 0.902903092636 0.268255859531 0.314099779955
60.0 -0.005534002306 0.017446045432 0.631420478854 0.124246454797 0.905627422390 0.288421672423 0.284981980416
60.1 -0.015775933871 0.020066943080 0.637932065646 0.114564950281 0.901880427820 0.280603406794 0.307812108562
60.2 -0.025925724680 0.023068907852 0.645427749438 0.118366701127 0.905886310187 0.274735279703 0.299799671726
60.3 -0.035335230019 0.024893900096 0.641629581979 0.103445852939 0.903973279943 0.272647785091 0.312721041733
60.4 -0.044110410430 0.026468775058 0.649233104200 0.098184168380 0.904535178845 0.272882663108 0.312587638091
60.5 -0.051284337202 0.025014476464 0.644478018112 0.094891707275 0.898230389515 0.273320473581 0.330868024995
60.6 -0.055096523037 0.022787594359 0.634032578954 0.082345082894 0.898963277572 0.265630845679 0.338414785026
60.7 -0.059039647925 0.021158303141 0.627586874222 0.072429749562 0.890124244831 0.261696118142 0.365988936843
60.8 -0.063297108566 0.017051827170 0.632856677967 0.071854442259 0.893685687927 0.251158511782 0.364804375360
60.9 -0.067742284221 0.014515859254 0.643475381302 0.066008235188 0.896140165846 0.281504870181 0.336646289314
61.0 -0.069351698686 0.010027479005 0.621527435123 0.069664466597 0.884314222457 0.278709952410 0.368043449176
61.1 -0.073346143366 0.010225698274 0.627679158497 0.069677702922 0.886322367006 0.269859129448 0.369802284625
61.2 -0.076240167298 0.007677368325 0.635066206427 0.058453444297 0.889249989648 0.272089875234 0.363021694332
61.3 -0.082189134711 0.008628646831 0.673850657668 -0.004610187298 0.928340187004 0.149064931511 0.340503875984
61.4 -0.080684646814 -0.006384982911 0.635924601759 0.044720642640 0.886998138378 0.279706178119 0.364690033533
61.5 -0.080624899492 -0.011160581803 0.631011212066 0.064413615613 0.882254035975 0.281362079052 0.371906013129
61.6 -0.081311285644 -0.014727105790 0.630868354562 0.063093502920 0.882179169738 0.285044533403 0.369497951749
61.7 -0.089412926894 -0.011577336574 0.688705028176 0.013085515951 0.921318739194 0.174719161802 0.347093308178
61.8 -0.087609525890 -0.024739939506 0.660926083163 0.031588861140 0.912130155597 0.230641866609 0.337379685917
61.9 -0.090574382132 -0.034174203226 0.676281274343 0.026864083255 0.920689334742 0.191609366746 0.338962122514
62.0 -0.090476613877 -0.047766662984 0.661073618447 0.044911244474 0.902354435942 0.239702845262 0.355361784706
62.1 -0.086659117542 -0.053283185951 0.629324443909 0.072693958538 0.877119320109 0.310527142447 0.359096338727
62.2 -0.086444318945 -0.051471923487 0.623232312927 0.073770684248 0.876219852268 0.317893353414 0.354599030586
62.3 -0.088465260606 -0.052811241676 0.623812711594 0.068656816715 0.880968523856 0.301377547171 0.358262858185
62.4 -0.088469920918 -0.064298449042 0.634340955191 0.075060268610 0.878056542543 0.321029563320 0.346875602555
62.5 -0.083226045313 -0.061695740166 0.633878416088 0.065927817971 0.887053222721 0.308774773440 0.336820786421
62.6 -0.087708327875 -0.051620152248 0.638229354410 0.046584248333 0.901878372139 0.298353388840 0.308918379257
62.7 -0.080223127632 -0.046810949553 0.629182814670 0.065994510938 0.887791560416 0.305687135357 0.337677723661
62.8 -0.085276674917 -0.047266064889 0.632904690412 0.067288621150 0.884004268204 0.304570749373 0.348203035437
62.9 -0.086663040361 -0.049265703481 0.628451932804 0.062396075371 0.882077129601 0.310304161523 0.348938382175
63.0 -0.087822692926 -0.050887833638 0.633768394696 0.060904215519 0.887886459763 0.301075495089 0.342493587325
63.1 -0.086346079946 -0.052489839225 0.635664291203 0.066905004425 0.886965295796 0.311979461744 0.333893845235
63.2 -0.086792649259 -0.054459070630 0.637139730464 0.063902614091 0.880793747123 0.303945291643 0.357401861536
63.3 -0.081424246531 -0.052863770133 0.650806674006 0.072251052543 0.892446936820 0.320506692749 0.309182325288
63.4 -0.074065658962 -0.065606772870 0.635993879420 0.097367762455 0.875561416072 0.379115652956 0.283166112385
63.5 -0.060829418709 -0.070797520362 0.639292132814 0.092117453241 0.881290317331 0.353361690362 0.299962109559
63.6 -0.049980590311 -0.073176482058 0.692086692534 0.016778756778 0.929376526876 0.271512797739 0.249516623249
63.7 -0.039159174338 -0.070171729691 0.637873250807 0.051860035646 0.895976122287 0.321589648411 0.301856626612
63.8 -0.034952580444 -0.068787587208 0.631397668905 0.058737314132 0.899884176967 0.324417945264 0.285502001329
63.9 -0.028456992372 -0.066941999339 0.646865230840 0.033635549597 0.914250988645 0.308396136228 0.260587034837
64.0 -0.027923473009 -0.052156894845 0.703151507661 -0.052756162654 0.949425013407 0.188513307515 0.245502880041
64.1 -0.026878116454 -0.046959455711 0.659325243652 -0.019562399847 0.921358120467 0.261650551017 0.286802223691
64.2 -0.026480312950 -0.044153272039 0.629738897661 0.007415369255 0.902870808323 0.318061486323 0.289147378848
64.3 -0.030587343259 -0.036436103507 0.646387228118 -0.025143620415 0.910768340434 0.297418140590 0.285326616464
64.4 -0.031353253734 -0.031618821498 0.643977970088 -0.021371215586 0.913295625184 0.298859142193 0.275894155958
64.5 -0.021787121142 -0.025917299365 0.655335753658 -0.029626464171 0.934411385428 0.289430606680 0.205493453229
64.6 -0.017205806636 -0.034601593095 0.631283484749 -0.017856171786 0.910397327028 0.327775972999 0.251834818073
64.7 -0.010364804058 -0.039262467903 0.669355376164 -0.050857637417 0.935822898371 0.249821319441 0.243389219056
64.8 -0.008306678525 -0.046566071041 0.625704660775 -0.015363415815 0.905412696955 0.346216879709 0.245205395234
64.9 -0.009704561653 -0.047295902229 0.641391359587 -0.027007241343 0.907890504910 0.351659541260 0.226585540248
65.0 0.004920193201 -0.049739109489 0.664436590931 -0.045899961032 0.923040546229 0.329249923932 0.193607415108
65.1 0.009300691402 -0.055161939813 0.649601053561 -0.030211270247 0.925570450321 0.302183891852 0.226034325152
65.2 0.000000000000 0.000000000000 0.000000000000 0.000000000000 0.000000000000 0.000000000000 0.000000000000
65.3 0.001757841584 -0.068887164758 0.662145682558 -0.056709586248 0.911381407998 0.337929591269 0.227972681099
65.4 -0.004300501884 -0.062131899942 0.632852081884 -0.035655507640 0.903069326280 0.367836048553 0.218840394105
65.5 -0.016153154322 -0.058530272742 0.640508721150 -0.041798769956 0.892439217596 0.381932495357 0.236500897922
65.6 -0.028397451045 -0.054583888365 0.700987317848 -0.089428187297 0.904220256953 0.412993294781 0.061845490530
65.7 0.000000000000 0.000000000000 0.000000000000 0.000000000000 0.000000000000 0.000000000000 0.000000000000
65.8 0.000000000000 0.000000000000 0.000000000000 0.000000000000 0.000000000000 0.000000000000 0.000000000000
65.9 0.000000000000 0.000000000000 0.000000000000 0.000000000000 0.000000000000 0.000000000000 0.000000000000
66.0 -0.058235614838 -0.120730529538 0.648279743026 -0.056026303020 0.873408531771 0.411747619851 0.253934022033
66.1 -0.056471273149 -0.122655529661 0.724437513356 -0.098924545649 0.901487122125 0.390858657730 0.157367126772
66.2 -0.042471260672 -0.113868464739 0.699331046087 -0.080754896131 0.895319817526 0.396207373041 0.186817527668
66.3 -0.037549531103 -0.105355663168 0.678008926253 -0.068254294301 0.903885849271 0.349556954529 0.236942310148
66.4 -0.035028520397 -0.100961756619 0.666963659145 -0.061975645779 0.886317403873 0.398498539258 0.227594800318
66.5 -0.029795095820 -0.099546300721 0.661048252321 -0.052204777901 0.885294833793 0.401695364914 0.228404361235
66.6 -0.027210723898 -0.100445510924 0.646266428798 -0.049982831719 0.877133431204 0.418442554964 0.230313891446
66.7 -0.035877932008 -0.116138664145 0.737654565676 -0.088188698020 0.918730925345 0.325106529440 0.206063060426
66.8 -0.029520438777 -0.119308542800 0.657671032206 -0.044997425809 0.874083747093 0.426214036258 0.228679754320
66.9 -0.027852475221 -0.116863631477 0.693274325100 -0.086989378862 0.894613905132 0.394355987007 0.191264644463
67.0 -0.023543234873 -0.113426450930 0.713352055743 -0.082626305677 0.915458505771 0.337443819240 0.203077046162
67.1 -0.019937976622 -0.103171399761 0.701571461467 -0.077392712201 0.904817699314 0.362154904587 0.210140724730
67.2 -0.015717341126 -0.098702678800 0.659604262572 -0.061038858766 0.879328872525 0.421431557218 0.213191074498
67.3 -0.013845035095 -0.103033720667 0.679546396725 -0.077244448529 0.896112384015 0.395144285353 0.186753538493
67.4 -0.009105114526 -0.098552447844 0.663895491202 -0.058354076216 0.882090398807 0.421407753128 0.202303820344
67.5 -0.011291121306 -0.098468636421 0.664203140923 -0.051096760041 0.884316946836 0.422007135850 0.193087120089
67.6 -0.016595893970 -0.096591384820 0.677411555326 -0.055769863032 0.885043870963 0.408306834650 0.216500802830
67.7 -0.017405565591 -0.090440621462 0.717040212819 -0.072680154158 0.929919967414 0.308831986626 0.185981863183
67.8 -0.013791051320 -0.082180030438 0.692162060590 -0.047051869560 0.900140605051 0.368239066040 0.227888136925
67.9 -0.018750320061 -0.075509407450 0.693395568086 -0.035489797677 0.881596454847 0.403809999258 0.241796711228
68.0 -0.030921407338 -0.081601070856 0.744310461790 -0.068736864611 0.902636423825 0.388250541630 0.172581130928
68.1 -0.048233121963 -0.086564948573 0.735816282069 -0.056664690450 0.902398851962 0.385447449341 0.184107817952
68.2 -0.058210286435 -0.080913815048 0.653479390782 -0.019764000452 0.837580167101 0.490307316759 0.240140756845
68.3 -0.068235918268 -0.076174005134 0.686674498110 -0.010840815875 0.866166265849 0.403982955857 0.294000421758
68.4 -0.069534244944 -0.072661512559 0.715170143709 -0.021961304416 0.873986343874 0.396558495515 0.280012377343
68.5 -0.061274417640 -0.073383174770 0.691098134681 -0.004195828234 0.855822069265 0.432583813620 0.283588125595
68.6 -0.051474383347 -0.077961255137 0.676778251252 0.005224018293 0.853139384047 0.433385737910 0.290349277936
68.7 -0.048192318039 -0.082981835616 0.674256692311 0.014231573561 0.848472578686 0.442783919991 0.289541267750
68.8 -0.044525090232 -0.085000169178 0.684118550126 0.005379858210 0.855576300469 0.436849503255 0.277709853458
68.9 -0.039455029264 -0.083592863647 0.678888717022 0.008112546801 0.856837976874 0.435675840059 0.275589242098
69.0 -0.035883464170 -0.084652208526 0.667948784873 0.011185173596 0.852301476591 0.438505385734 0.284903688242
69.1 -0.033854113222 -0.087300356246 0.671974050669 0.008751932303 0.851948259622 0.441968244811 0.280662853236
69.2 -0.030680779757 -0.093838171999 0.667262305252 0.007117592231 0.846273760121 0.462828752067 0.263741557347
69.3 -0.021810514564 -0.094788764617 0.650237204052 -0.007490440966 0.841618142502 0.473789223487 0.259126546716
69.4 -0.013016196168 -0.098945540324 0.662397651663 0.022586387630 0.843418329934 0.474508266721 0.250952745829
69.5 -0.008927448007 -0.106160232892 0.745197793650 -0.028981906631 0.909647715509 0.352578885560 0.217690634191
69.6 -0.006010469478 -0.113461077575 0.689558420684 0.025715093632 0.856804598837 0.452575318289 0.245764510551
69.7 -0.014828701039 -0.105533992654 0.665964393099 -0.005619735401 0.856874302997 0.456478055634 0.239504973147
69.8 -0.021946477497 -0.095992699193 0.684499912023 -0.013041420179 0.892299886304 0.376631865797 0.248554364132
69.9 -0.024194728749 -0.087028595096 0.660864310369 0.007544876690 0.856931338974 0.438740033414 0.270405137155
70.0 -0.026832484744 -0.083335224590 0.649904448986 0.015133943041 0.846714464434 0.453798887333 0.277330397436
70.1 -0.030949991466 -0.076428349253 0.667078611689 -0.010447876701 0.867804034718 0.422464606597 0.261401330089
70.2 -0.034268027008 -0.070700733526 0.654654508143 0.014938360034 0.853618478750 0.447981929180 0.265376203274
70.3 -0.036588018008 -0.069005280094 0.633862016037 0.028486281722 0.841122519427 0.478763017542 0.249974822932
70.4 -0.044109522904 -0.064419232769 0.658234521507 0.009103437954 0.850456723667 0.450964769433 0.270686655226
70.5 -0.050292419877 -0.060780540619 0.655908989377 0.024294173458 0.843987944095 0.469784146233 0.257676151995
70.6 -0.054032453041 -0.055538414836 0.636498112574 0.035487453901 0.841822604638 0.464401104458 0.272776386652
70.7 -0.056458468470 -0.052846749470 0.645177732441 0.031392830071 0.844348111318 0.458360575851 0.275674336200
70.8 -0.057139989843 -0.049794113950 0.627564362685 0.039017857005 0.842243531865 0.466669810118 0.267063153935
70.9 0.000000000000 0.000000000000 0.000000000000 0.000000000000 0.000000000000 0.000000000000 0.000000000000
71.0 0.000000000000 0.000000000000 0.000000000000 0.000000000000 0.000000000000 0.000000000000 0.000000000000
71.1 0.000000000000 0.000000000000 0.000000000000 0.000000000000 0.000000000000 0.000000000000 0.000000000000
71.2 -0.085267142815 -0.089777846990 0.723824382783 -0.072275900173 0.843189395369 0.478401265686 0.234392975111
71.3 -0.082982264952 -0.101920771038 0.647009765834 0.012118749221 0.836908275980 0.476404056439 0.269215245709
71.4 -0.088064742804 -0.104784150321 0.656637412588 0.016924216725 0.842617490314 0.467256029855 0.267172488235
71.5 -0.087308583846 -0.104464392390 0.637834757151 0.041626225119 0.828203180888 0.491728855996 0.265611522210
71.6 -0.090532735829 -0.103762539473 0.665255986947 0.025235028942 0.840480540294 0.468917688039 0.270318065518
71.7 -0.084004862876 -0.098556876640 0.632215444830 0.034101598989 0.833203431977 0.485310453804 0.262836232886
71.8 -0.086237228537 -0.106700364779 0.669503163467 0.023981289600 0.843939079588 0.472839846420 0.252218570552
71.9 -0.092214559513 -0.115064131370 0.731290001931 -0.013386247211 0.907286671003 0.355856602716 0.223646558904
72.0 -0.076133683548 -0.112389250176 0.633219573938 0.027267320505 0.830592838088 0.492364534065 0.258745427293
72.1 -0.083164059507 -0.110745891343 0.751357633443 -0.092454947328 0.898691408839 0.350819992440 0.246436943857
72.2 -0.071880097139 -0.098027112142 0.705705470229 -0.063091006937 0.892710178747 0.381496118447 0.231406078606
72.3 -0.057406905609 -0.090942195119 0.619290154336 0.021223558527 0.835555579279 0.486679885639 0.254045514452
72.4 -0.053342792593 -0.089290939953 0.626933675636 0.023727218881 0.842504172359 0.472817985952 0.257034804652
72.5 -0.052424744015 -0.089627089477 0.635636429332 0.001067917804 0.853532544351 0.465767592241 0.233541442367
72.6 0.000000000000 0.000000000000 0.000000000000 0.000000000000 0.000000000000 0.000000000000 0.000000000000
72.7 -0.062622165117 -0.066061545216 0.701429642041 -0.018688525266 0.905524610130 0.306897882600 0.292386061789
72.8 0.000000000000 0.000000000000 0.000000000000 0.000000000000 0.000000000000 0.000000000000 0.000000000000
72.9 -0.061874162425 -0.063428889741 0.600707042176 0.031492448212 0.857521064343 0.449616182244 0.248014391878
73.0 -0.058428540477 -0.056997007191 0.700152211651 -0.080496077961 0.911912766979 0.340006829821 0.215246004677
73.1 -0.042289405127 -0.050085973569 0.610039722491 0.011445427969 0.866136645117 0.417988979038 0.273791029010
73.2 -0.060350636053 -0.043343703565 0.721953540209 -0.100484715458 0.920806723431 0.310350714234 0.213776131075
73.3 -0.058315187031 -0.051652864985 0.602481494905 0.015152157329 0.870112580902 0.399257471064 0.288561917937
73.4 -0.071553037265 -0.038312062346 0.709753751692 -0.051401072649 0.929476473625 0.251153998839 0.265241557030
73.5 -0.062119157329 -0.036074507974 0.588791961625 0.009820855686 0.866946717292 0.420241451707 0.267776142397
73.6 -0.074384448101 -0.031591888301 0.671125081267 -0.084103108501 0.915989012953 0.298598446523 0.254420445372
73.7 0.000000000000 0.000000000000 0.000000000000 0.000000000000 0.000000000000 0.000000000000 0.000000000000
73.8 0.000000000000 0.000000000000 0.000000000000 0.000000000000 0.000000000000 0.000000000000 0.000000000000
73.9 -0.188563541066 -0.058429083116 0.586355382076 -0.265805775416 0.048208500916 0.006430328197 0.962798982693
74.0 -0.103236490861 -0.071569969495 0.603296379127 -0.012605812730 0.860657417248 0.403291678279 0.310589320248
74.1 -0.105922852737 -0.071738979258 0.612027528577 -0.006199887640 0.870873506083 0.379079425733 0.312793361154
74.2 -0.118416652709 -0.075488544027 0.665609295761 -0.049284110744 0.898325790373 0.324514715229 0.292013784570
74.3 -0.122222608354 -0.078336441422 0.655079751677 -0.045961696107 0.900851552661 0.289553587491 0.320176080511
74.4 -0.000000000000 -0.000000000000 0.000000000000 0.065715436160 -0.986423637321 -0.077437008767 0.129048048643
74.5 -0.108096057818 -0.093391861837 0.600288956863 -0.010538693000 0.868733236109 0.394159744989 0.299715858539
74.6 -0.106401061044 -0.093898834688 0.576380372907 0.033133139643 -0.869437958904 -0.363008907531 -0.333473182919
74.7 -0.117589941363 -0.110438034170 0.650439814561 -0.036315553642 0.882877427819 0.347546771073 0.313719412736
74.8 -0.104048908390 -0.109225398130 0.599173283103 -0.020494412889 0.871061516858 0.380822104135 0.309525989040
74.9 -0.105506743449 -0.113784786598 0.610088474631 -0.018118275242 0.875359185839 0.369902529418 0.310789547122
75.0 -0.108254141528 -0.120281703389 0.627361861524 -0.037905369912 0.878497249469 0.360433768977 0.311276828223
75.1 -0.113648274755 -0.127099612560 0.671908016809 -0.084108830792 0.873183846576 0.346928220808 0.331838039213
75.2 -0.102433015106 -0.129557120051 0.615973449674 0.000845072560 0.873133489331 0.390012630202 0.292450583763
