0.000000 0.0000000 0.0000000 0.0000000 0.0000000 0.0000000 0.0000000 1.0000000
2.300000 0.0094084 0.0010603 -0.0048163 0.0112876 0.0039541 -0.0136234 0.9998357
2.400000 0.0089861 0.0003398 -0.0064762 0.0136869 0.0041026 -0.0125138 0.9998196
2.900000 0.0125115 -0.0020506 -0.0127366 0.0243241 -0.0031458 -0.0135820 0.9996069
3.200000 0.0115524 -0.0038685 -0.0143168 0.0294219 -0.0061593 -0.0131505 0.9994616
6.700000 0.0358088 0.0230416 -0.0239886 0.0461903 -0.0274376 -0.0098417 0.9985073
11.500000 0.0503975 0.0469523 -0.0563027 0.0594460 -0.0441693 -0.0161150 0.9971237
12.400000 0.0608956 0.0550645 -0.0621801 0.0618762 -0.0590291 -0.0205194 0.9961254
14.400000 0.0800014 0.0721734 -0.0664649 0.0540406 -0.0579545 -0.0055634 0.9968400
17.600000 0.0940313 0.0912266 -0.0749352 0.0539970 -0.0835609 -0.0121955 0.9949639
22.100000 0.1270630 0.1136432 -0.0900510 0.0532818 -0.1017424 -0.0161528 0.9932516
29.800000 0.1265133 0.0420371 -0.1535136 0.0078475 -0.0524863 0.0046568 0.9985799
38.300000 0.0661983 -0.0520648 -0.2505242 -0.0010071 -0.0108793 0.0173143 0.9997904
46.100000 0.0056434 -0.1175374 -0.3199072 -0.0276357 -0.0018854 0.0226518 0.9993596
51.500000 -0.0402751 -0.1445108 -0.3089374 -0.0550949 0.0217177 0.0245807 0.9979422
57.800000 -0.0761207 -0.1646896 -0.3415194 -0.0639850 0.0486608 0.0376434 0.9960527
64.600000 -0.1145674 -0.1900442 -0.2971619 -0.0886454 0.0591956 0.0511406 0.9929867
68.000000 -0.1744687 -0.2003585 -0.2849522 -0.0916476 0.0960633 0.0775504 0.9881085
74.100000 -0.2635296 -0.1994614 -0.3288054 -0.0792678 0.1334252 0.0988845 0.9829223
78.600000 -0.3395132 -0.2022865 -0.3454264 -0.0689716 0.1629849 0.1017388 0.9789423
82.300000 -0.3798286 -0.2111018 -0.3472371 -0.0637029 0.1756762 0.0960866 0.9776744
89.400000 -0.4332216 -0.2250317 -0.3258474 -0.0726866 0.1911186 0.0924513 0.9744964
93.900000 -0.4685282 -0.2316545 -0.3065622 -0.0712465 0.2171714 0.1022667 0.9681436
99.900000 -0.5140743 -0.2429970 -0.2727542 -0.0741640 0.2325410 0.1106721 0.9634190
106.000000 -0.5616995 -0.2559556 -0.2340106 -0.0751065 0.2429076 0.1039911 0.9615304
110.000000 -0.5835004 -0.2652495 -0.2100952 -0.0704166 0.2473790 0.0987473 0.9612981
122.800000 -0.6178054 -0.2636983 -0.1463460 -0.0717071 0.2777210 0.1179690 0.9506905
128.300000 -0.6339126 -0.2734812 -0.0873865 -0.0773226 0.3053617 0.1247114 0.9408627
132.900000 -0.6539469 -0.2871674 -0.0395897 -0.0775908 0.3115429 0.1255139 0.9387050
138.500000 -0.6808832 -0.2962547 0.0047771 -0.0720785 0.3384806 0.1339855 0.9285921
140.800000 -0.6911179 -0.2954119 0.0330652 -0.0762460 0.3541632 0.1357816 0.9221271
143.900000 -0.7243448 -0.2825102 0.0632113 -0.0752723 0.3662032 0.1310760 0.9181767
148.900000 -0.7458833 -0.2660937 0.1047108 -0.0575657 0.3947893 0.1537178 0.9039903
152.800000 -0.7626848 -0.2660045 0.1388167 -0.0546528 0.4094087 0.1590537 0.8967159
157.100000 -0.7659500 -0.2623814 0.1673079 -0.0551725 0.4238079 0.1656178 0.8887709
159.500000 -0.7727877 -0.2607766 0.1921212 -0.0554755 0.4287730 0.1647527 0.8865285
169.600000 -0.6944630 -0.2487110 0.2441197 -0.0713073 0.4332442 0.1867311 0.8788323
176.100000 -0.6282995 -0.2353263 0.2805341 -0.0719892 0.4162635 0.1925019 0.8857117
181.800000 -0.5663437 -0.2231495 0.2966346 -0.0679317 0.3943178 0.1720479 0.9001657
188.800000 -0.5460399 -0.2052002 0.3627225 -0.0672455 0.3682342 0.1674909 0.9120463
192.100000 -0.5549326 -0.1998585 0.4039889 -0.0694238 0.3613102 0.1603501 0.9159275
193.900000 -0.5577047 -0.1948543 0.4280958 -0.0724419 0.3658148 0.1598213 0.9139961
196.200000 -0.5726182 -0.1885368 0.4626595 -0.0783517 0.3842589 0.1671038 0.9045897
198.500000 -0.5862336 -0.1902297 0.4802125 -0.0659056 0.4117906 0.1738729 0.8921061
202.200000 -0.6037364 -0.2004124 0.4959731 -0.0461182 0.4571555 0.1876584 0.8681396
209.100000 -0.6287965 -0.2009100 0.5078005 -0.0303145 0.5211002 0.2261792 0.8224224
212.400000 -0.6530157 -0.1939900 0.5310939 -0.0182080 0.5348091 0.2229947 0.8148136
215.100000 -0.6772480 -0.1819955 0.5493858 -0.0105343 0.5466812 0.2062445 0.8114751
