0.000000 0.0000000 0.0000000 0.0000000 0.0000000 0.0000000 0.0000000 1.0000000
2.400000 0.0498539 -0.0125404 0.0441980 0.0009545 -0.0492099 -0.0486194 0.9976040
2.500000 0.0511990 -0.0159189 0.0454644 0.0002474 -0.0524706 -0.0521597 0.9972593
4.800000 0.0881667 0.0270779 0.0088362 0.0246369 -0.0916169 -0.0732057 0.9927942
9.400000 0.1777299 0.0124931 0.0589826 0.0277948 -0.1461711 -0.1223976 0.9812647
10.100000 0.1928032 -0.0022860 0.0904679 0.0220225 -0.1560402 -0.1324651 0.9785803
10.400000 0.2111389 -0.0074240 0.1086961 0.0201471 -0.1720262 -0.1467719 0.9738886
10.600000 0.2195824 -0.0151288 0.1103504 0.0192395 -0.1750306 -0.1483532 0.9731318
15.500000 0.4484468 -0.0386559 0.2003601 0.0534653 -0.3264243 -0.2721266 0.9036237
17.800000 0.4689758 -0.0443033 0.2075748 0.0743860 -0.3478959 -0.3273022 0.8753905
18.700000 0.4904948 -0.0804397 0.2308316 0.0758154 -0.3554774 -0.3557105 0.8610215
20.200000 0.4957918 -0.1224165 0.2529763 0.0817465 -0.3769006 -0.3881204 0.8370340
22.900000 0.4697833 -0.1681660 0.2662572 0.0476639 -0.3635250 -0.4189742 0.8306855
23.400000 0.4429364 -0.1903750 0.3055880 0.0305511 -0.3760283 -0.4475889 0.8107611
24.200000 0.4370918 -0.2165526 0.3210227 0.0229784 -0.3775036 -0.4801387 0.7914732
24.900000 0.4393196 -0.2473884 0.3263956 0.0018434 -0.3759828 -0.4955576 0.7829791
26.700000 0.4482552 -0.3057564 0.3042451 0.0116818 -0.3973055 -0.5309045 0.7484332
30.000000 0.5118092 -0.3949097 0.3309379 0.0315322 -0.4202072 -0.5939888 0.6852801
31.300000 0.4959495 -0.4165924 0.3718196 0.0257148 -0.4633625 -0.6248897 0.6278111
32.000000 0.4687062 -0.4329597 0.3831930 0.0334509 -0.4732258 -0.6669003 0.5746149
32.500000 0.4544769 -0.4442191 0.3762341 0.0353946 -0.4738379 -0.6636255 0.5777767
33.600000 0.4308383 -0.4552540 0.3714343 0.0342104 -0.4755295 -0.6552806 0.5859255
34.100000 0.4263189 -0.4608088 0.3697182 0.0387854 -0.4722304 -0.6476134 0.5967337
34.600000 0.4090711 -0.4692402 0.3410143 0.0140324 -0.4738744 -0.6688946 0.5725610
35.100000 0.3903385 -0.4649140 0.3664835 -0.0254598 0.4744872 0.7510408 -0.4584228
35.600000 0.3577942 -0.4742671 0.3880897 -0.0139955 0.4563192 0.7839897 -0.4206389
36.400000 0.3309881 -0.4826502 0.3920727 -0.0088770 0.4131895 0.7901701 -0.4525779
36.900000 0.3121251 -0.4989408 0.3697430 -0.0214560 0.4091835 0.7664831 -0.4945828
37.400000 0.2974427 -0.5072057 0.3379657 0.0229395 -0.4107813 -0.7560980 0.5089678
37.900000 0.2856572 -0.5049106 0.3103334 -0.0299967 0.4157134 0.7726539 -0.4788408
38.400000 0.2903818 -0.5056822 0.2826301 -0.0162300 0.4430139 0.7832836 -0.4358235
38.900000 0.3257283 -0.5066116 0.2880191 -0.0108716 0.4603066 0.7860848 -0.4123959
39.400000 0.3594689 -0.5154697 0.3006921 -0.0018150 0.4697035 0.7836253 -0.4065793
39.900000 0.4089824 -0.5280214 0.3315936 -0.0045376 0.4635651 0.7705748 -0.4373799
40.700000 0.4642574 -0.5235212 0.3529324 -0.0257088 -0.4611737 -0.6692892 0.5819879
41.800000 0.5116937 -0.4549845 0.3014905 -0.0258958 -0.4429059 -0.5677424 0.6934208
42.500000 0.5010747 -0.4060912 0.2730972 -0.0372145 -0.4161859 -0.4975949 0.7601340
43.100000 0.5081059 -0.3610619 0.2716701 -0.0252224 -0.3980103 -0.4237980 0.8132324
43.400000 0.4997703 -0.3557816 0.2323316 -0.0385401 -0.3745361 -0.3970012 0.8370349
44.400000 0.5314316 -0.3197078 0.2427433 -0.0265771 -0.3989971 -0.4089613 0.8202717
45.100000 0.5489994 -0.2700229 0.2515991 -0.0166687 -0.4170095 -0.3884357 0.8215491
46.000000 0.5375301 -0.2113235 0.2507141 0.0023034 -0.4219930 -0.3351884 0.8423570
46.600000 0.5416739 -0.1679582 0.2608562 0.0168832 -0.4075772 -0.3208298 0.8547888
48.200000 0.4779564 -0.0604500 0.1837930 0.0643332 -0.3041334 -0.1903465 0.9311994
50.400000 0.4649977 0.0342453 0.1788415 0.0955587 -0.2899386 -0.1614249 0.9384807
51.000000 0.4667090 0.0484213 0.1901243 0.0953269 -0.2677675 -0.1368927 0.9489329
54.000000 0.3539985 0.0748176 0.1451400 0.0759318 -0.2348574 -0.0541011 0.9675481
55.300000 0.2770263 0.0905720 0.0989561 0.0486586 -0.1884239 0.0211233 0.9806542
55.900000 0.2350914 0.1030047 0.0687650 0.0565094 -0.1744045 0.0368700 0.9823596
56.500000 0.1940198 0.1263906 0.0567640 0.0651283 -0.1387121 0.0550877 0.9866522
57.100000 0.1440232 0.1414057 0.0583654 0.0763803 -0.1116346 0.0516617 0.9894619
61.100000 -0.0494116 0.1661859 -0.0325460 0.1023899 0.0119265 0.2054933 0.9732146
61.800000 -0.1080535 0.1551093 -0.0297493 0.0890520 0.0303854 0.2333647 0.9678261
62.400000 -0.1377177 0.1492917 -0.0292913 0.0832030 0.0416613 0.2252486 0.9698477
63.100000 -0.1766134 0.1379078 -0.0343549 0.1035998 0.0480696 0.2158768 0.9697183
64.900000 -0.2174188 0.1314480 -0.0085061 0.1100367 0.0892135 0.2376595 0.9609635
66.200000 -0.2407236 0.0741550 0.0479153 0.1140282 0.0976431 0.2259225 0.9625084
67.100000 -0.2517557 0.0568609 0.0686479 0.0990896 0.1271065 0.2769562 0.9472700
69.000000 -0.2409514 -0.0207447 0.1193178 0.0480973 0.1289762 0.2672166 0.9537542
75.200000 -0.1948750 -0.1224631 -0.1009227 0.0153568 0.0914809 0.2988662 0.9497760
77.300000 -0.2577807 -0.0786438 -0.0950171 0.0175238 0.1441670 0.3389984 0.9295100
78.400000 -0.2814168 -0.0332064 -0.0525159 0.0417730 0.1358383 0.3391697 0.9299284
79.200000 -0.2505652 -0.0645012 -0.0205435 0.0281993 0.1070097 0.3067431 0.9453372
80.300000 -0.2903984 -0.0347644 0.0032636 0.0465976 0.2003059 0.3585892 0.9105603
81.800000 -0.3172524 0.0267363 0.0632897 0.0561704 0.2100180 0.3331372 0.9174731
82.600000 -0.3105922 0.0475800 0.0854214 0.0470767 0.1819331 0.3066705 0.9330795
83.300000 -0.3037957 0.0600463 0.0955724 0.0701886 0.1507282 0.2873561 0.9432821
84.900000 -0.2587895 0.0666906 0.0939388 0.0977410 0.1048205 0.2260891 0.9635056
86.400000 -0.1957731 0.0601311 0.0642516 0.0527692 0.0685305 0.1708480 0.9814938
91.900000 -0.0042639 0.1175660 -0.1102518 0.0979090 -0.0456204 0.0583967 0.9924326
92.700000 0.0380407 0.0911493 -0.0688862 0.0607961 -0.0699827 -0.0090666 0.9956526
93.500000 0.0642458 0.0484570 -0.0378684 0.0363728 -0.0730512 -0.0653561 0.9945195
95.400000 0.0976387 0.0396215 -0.0632109 0.0256553 -0.1099899 -0.0764519 0.9906559
97.600000 0.1284697 0.0334409 -0.0749977 0.0096506 -0.1252161 -0.0459472 0.9910180
98.800000 0.1123419 -0.0039891 -0.0892055 0.0049174 -0.0811501 -0.0360507 0.9960375
