0.000000 0.000000000 0.000000000 0.000000000 0.000000000 0.000000000 0.000000000 1.000000000
0.100000 -0.000543856 0.000853056 -0.000141526 0.000804222 0.000034534 -0.000628647 0.999999464
0.200000 -0.001996380 0.001726171 -0.000827169 0.003511477 -0.000559447 -0.001771810 0.999992132
0.300000 -0.003521280 0.002428415 -0.003388314 0.004712343 -0.002304086 -0.000934531 0.999985814
0.400000 -0.003662291 0.001525702 -0.005087305 0.004913494 -0.003568455 -0.001891085 0.999979794
0.500000 -0.002849353 0.001866655 -0.008047505 0.008126216 -0.004436309 0.000268951 0.999957085
0.600000 -0.000664401 0.002110637 -0.012482408 0.009644046 -0.005632481 0.001163810 0.999936938
0.700000 0.001311166 0.002578924 -0.015261274 0.010660306 -0.003777203 0.001377105 0.999935091
0.800000 0.003187122 0.003705612 -0.017173631 0.011042531 -0.002892368 0.002191644 0.999932468
0.900000 0.005827123 0.006427632 -0.019253340 0.011740212 -0.003820698 0.003681298 0.999917030
1.000000 0.007313735 0.008913370 -0.018750837 0.012229147 -0.003309116 0.006215259 0.999900460
1.100000 0.008403582 0.010498343 -0.019760760 0.012059572 -0.004455044 0.011437227 0.999851942
1.200000 0.009235597 0.009595728 -0.020122916 0.009618878 -0.004916917 0.012307866 0.999865890
1.300000 0.010356247 0.009679240 -0.020957895 0.009579958 -0.005904022 0.009887237 0.999887824
1.400000 0.011598130 0.008681123 -0.021885240 0.009938912 -0.006519928 0.007532703 0.999900997
1.500000 0.012933087 0.008213092 -0.022892548 0.010207505 -0.005702026 0.005194416 0.999918163
1.600000 0.014102479 0.009530633 -0.024070494 0.011426635 -0.005541585 0.005876902 0.999902070
1.700000 0.015265422 0.009922273 -0.024449965 0.011317970 -0.006080385 0.006586422 0.999895751
1.800000 0.015841840 0.009665581 -0.023724835 0.011072351 -0.007390023 0.008409082 0.999876022
1.900000 0.017025458 0.006944207 -0.021904012 0.008994989 -0.009305651 0.007773603 0.999886036
2.000000 0.018727845 0.004365997 -0.019801762 0.010338528 -0.010397987 0.006753162 0.999869704
2.100000 0.019737009 0.004317630 -0.019299505 0.012314741 -0.013007627 0.006256544 0.999819994
2.200000 0.023642203 0.002530173 -0.017678846 0.011380647 -0.015932681 0.005303337 0.999794245
2.300000 0.029113533 0.002413268 -0.016692145 0.010514058 -0.018282620 0.006811008 0.999754369
2.400000 0.035847396 0.002251297 -0.014964353 0.009391155 -0.020434119 0.005017603 0.999734521
2.500000 0.041959662 0.001527856 -0.011478840 0.006719523 -0.022632059 0.003651842 0.999714613
2.600000 0.046720285 0.001993585 -0.006689285 0.004803665 -0.025055043 -0.000710081 0.999674261
2.700000 0.050598409 0.002069141 -0.003720921 0.003682582 -0.028477492 -0.002475441 0.999584556
2.800000 0.057096690 0.001257339 -0.001971606 0.002946946 -0.035048295 -0.005335456 0.999367058
2.900000 0.062198136 -0.000015597 -0.000023246 0.002808519 -0.040017113 -0.010791597 0.999136746
3.000000 0.067036696 -0.000465754 0.001413782 0.003257626 -0.045228951 -0.015551926 0.998850286
3.100000 0.072113968 -0.001523097 0.003379917 0.002852097 -0.051881377 -0.021238284 0.998423338
3.200000 0.077733777 -0.001561376 0.005267110 0.002930475 -0.057955142 -0.027115719 0.997946560
3.300000 0.082381785 -0.002277834 0.007130889 0.002286028 -0.062669851 -0.029165704 0.997605443
3.400000 0.087624721 -0.002280567 0.007652591 0.003566259 -0.067596413 -0.032483708 0.997177422
3.500000 0.090736561 -0.003503444 0.008490712 0.003117400 -0.070585750 -0.036614209 0.996828616
3.600000 0.093427338 -0.004682983 0.010003082 0.002279580 -0.074832834 -0.039381605 0.996415555
3.700000 0.097563602 -0.006332906 0.009678973 0.002652071 -0.080497585 -0.043129113 0.995817780
3.800000 0.101232633 -0.006836762 0.010509932 0.004336452 -0.084337533 -0.048663028 0.995238781
3.900000 0.103788123 -0.008217604 0.012573674 0.005162393 -0.087190986 -0.052976012 0.994768620
4.000000 0.108443759 -0.008742106 0.012882911 0.006506774 -0.091976352 -0.056267757 0.994148850
4.100000 0.114114076 -0.009963691 0.012406768 0.005961120 -0.096326157 -0.059824675 0.993532479
4.200000 0.120101050 -0.009910526 0.012921673 0.005541176 -0.100030608 -0.060166571 0.993148088
4.300000 0.125082418 -0.010568441 0.013030480 0.005642439 -0.103820287 -0.058498837 0.992858171
4.400000 0.129880026 -0.010823719 0.011225892 0.006349910 -0.108557180 -0.057846915 0.992385387
4.500000 0.134148374 -0.010305045 0.009818688 0.009647794 -0.114754327 -0.055150021 0.991814911
4.600000 0.137086630 -0.011008844 0.007765947 0.009610588 -0.124481164 -0.053756282 0.990718067
4.700000 0.136638254 -0.011530301 0.003961448 0.007271454 -0.131060928 -0.057791810 0.989661694
4.800000 0.141591147 -0.010239940 0.003779382 0.007668875 -0.137604535 -0.061517555 0.988545299
4.900000 0.145840809 -0.011826572 0.005830731 0.008103662 -0.140328899 -0.061939515 0.988132417
5.000000 0.149979949 -0.012922874 0.007767167 0.007934047 -0.142852321 -0.059705488 0.987909675
5.100000 0.151575208 -0.014540744 0.010295760 0.006459986 -0.144294500 -0.060290560 0.987675250
5.200000 0.152066469 -0.015076786 0.010791477 0.006928538 -0.146482557 -0.059356466 0.987406492
5.300000 0.154241055 -0.015551634 0.010935977 0.007231745 -0.149039760 -0.063392051 0.986770570
5.400000 0.156730846 -0.017177563 0.010903936 0.008314618 -0.148824796 -0.066056542 0.986619771
5.500000 0.160900339 -0.017132362 0.011744466 0.009310325 -0.147796452 -0.066866957 0.986710846
5.600000 0.165873319 -0.015832955 0.013393879 0.008905370 -0.148079053 -0.068339489 0.986571372
5.700000 0.168189496 -0.015232151 0.017563846 0.008327662 -0.147461683 -0.073896490 0.986268222
5.800000 0.171063870 -0.015547919 0.020255843 0.008691276 -0.149450839 -0.082237549 0.985304952
5.900000 0.172524720 -0.015301714 0.021429129 0.008593493 -0.152417928 -0.090567604 0.984120131
6.000000 0.172613427 -0.017004630 0.021841768 0.006114621 -0.156438753 -0.094589442 0.983128846
6.100000 0.172833905 -0.016319029 0.025849920 0.003968081 -0.163028136 -0.098508723 0.981683254
6.200000 0.173320055 -0.013862495 0.023116343 0.006636472 -0.167662486 -0.103745654 0.980347931
6.300000 0.174420029 -0.016015083 0.023784511 0.007618892 -0.170436248 -0.107946768 0.979408443
6.400000 0.176170990 -0.017360590 0.022927850 0.009572829 -0.171753183 -0.108467378 0.979103684
6.500000 0.176042944 -0.017752191 0.023580231 0.010997013 -0.172825262 -0.107927844 0.978959680
6.600000 0.177033439 -0.018144924 0.023468602 0.011969757 -0.174240872 -0.109356672 0.978538692
6.700000 0.178672060 -0.018179433 0.022895072 0.012265114 -0.175042912 -0.109527558 0.978372753
6.800000 0.178780422 -0.019073218 0.024352446 0.010581651 -0.174775943 -0.109810844 0.978408396
6.900000 0.179147959 -0.018293349 0.024850965 0.009928169 -0.174240112 -0.109378800 0.978559136
7.000000 0.179359317 -0.017607512 0.026299335 0.008851626 -0.174956441 -0.109035872 0.978479981
7.100000 0.180423215 -0.017502835 0.026068579 0.008263314 -0.175753668 -0.109788284 0.978258073
7.200000 0.181804329 -0.017507767 0.025861576 0.007523771 -0.176494494 -0.110878423 0.978007734
7.300000 0.183472574 -0.016373487 0.025278378 0.007663706 -0.176857144 -0.110713184 0.977959812
7.400000 0.186015323 -0.013719731 0.024960846 0.008976803 -0.177388325 -0.112110853 0.977693141
7.500000 0.187831700 -0.012038187 0.025242995 0.009345652 -0.177128226 -0.111822098 0.977769971
7.600000 0.189222649 -0.010263522 0.025691893 0.009580591 -0.176857233 -0.112408943 0.977749407
7.700000 0.191436127 -0.007511525 0.025788318 0.010954261 -0.177013919 -0.112994045 0.977639198
7.800000 0.194089130 -0.005962287 0.025745839 0.012439215 -0.177743837 -0.113084167 0.977478564
7.900000 0.197238997 -0.002500596 0.025468647 0.014434809 -0.177244157 -0.113793164 0.977459610
8.000000 0.199004054 0.000224757 0.027984623 0.015737230 -0.177045003 -0.113379881 0.977523625
8.100000 0.202201992 0.003471293 0.028987523 0.016649267 -0.176371425 -0.113419235 0.977625728
8.200000 0.203983754 0.004284725 0.030986544 0.017357180 -0.175881550 -0.113864765 0.977649868
8.300000 0.206865877 0.005549681 0.033061557 0.020452652 -0.176315799 -0.115243837 0.977350175
8.400000 0.211088374 0.008698526 0.033964399 0.025185043 -0.178725377 -0.112344295 0.977139592
8.500000 0.212927639 0.008440183 0.036410410 0.026775412 -0.180152193 -0.112502195 0.976817012
8.600000 0.215907976 0.012247174 0.037752762 0.030473899 -0.182481915 -0.108908221 0.976683557
8.700000 0.217984155 0.012718114 0.039558172 0.032284915 -0.184933931 -0.107704058 0.976297557
8.800000 0.220204785 0.015449606 0.041084848 0.037767734 -0.187145486 -0.107234523 0.975730956
8.900000 0.222787455 0.018511361 0.042206939 0.042055346 -0.189143628 -0.106653705 0.975233853
9.000000 0.224165902 0.020007465 0.043281935 0.044634856 -0.191018969 -0.104719885 0.974963188
9.100000 0.224885985 0.021264378 0.044590566 0.046781223 -0.193336040 -0.103917800 0.974491537
9.200000 0.226109400 0.023176892 0.046041854 0.051145904 -0.197506428 -0.104503967 0.973372579
9.300000 0.225829452 0.026695713 0.047197647 0.054851227 -0.199913919 -0.104763038 0.972651243
9.400000 0.227408990 0.030911837 0.050409768 0.055480149 -0.201721281 -0.105331354 0.972180963
9.500000 0.231529325 0.035028376 0.051907938 0.054706704 -0.200501755 -0.106350526 0.972366095
9.600000 0.230677456 0.035446633 0.057817042 0.050166316 -0.195988327 -0.106801815 0.973481059
9.700000 0.233410656 0.039196618 0.060070600 0.050067253 -0.195100933 -0.105665714 0.973788321
9.800000 0.233514279 0.040000025 0.063255586 0.047052480 -0.191555381 -0.106367476 0.974565864
9.900000 0.235450044 0.042931922 0.069459707 0.046664525 -0.191030115 -0.105014995 0.974834204
10.000000 0.235851198 0.045734290 0.072891444 0.046166837 -0.190416500 -0.104707889 0.975010991
10.100000 0.234598473 0.045859829 0.075782329 0.045471169 -0.188595355 -0.105912313 0.975267529
10.200000 0.235068917 0.045433417 0.082515523 0.048673149 -0.191943467 -0.106273338 0.974420130
10.300000 0.233573049 0.046578679 0.082645074 0.058369670 -0.197523370 -0.107575051 0.972627938
10.400000 0.231744781 0.047458131 0.080665156 0.063156538 -0.199264437 -0.107091255 0.972026944
10.500000 0.232836634 0.049285699 0.083271742 0.064368248 -0.200775027 -0.108818069 0.971444666
10.600000 0.230058610 0.048664339 0.087358400 0.067782924 -0.202501208 -0.111607239 0.970537245
10.700000 0.233452722 0.049642086 0.088997737 0.080791429 -0.205340520 -0.116674535 0.968346536
10.800000 0.231094137 0.052359849 0.086983547 0.085265189 -0.206705138 -0.116053984 0.967747033
10.900000 0.229501754 0.053552855 0.089534216 0.085339174 -0.209806874 -0.114720479 0.967231870
11.000000 0.230145827 0.056377873 0.089906469 0.087305292 -0.213873446 -0.114084847 0.966240466
11.100000 0.230276421 0.059844710 0.090104915 0.088015869 -0.215110630 -0.115156397 0.965774119
11.200000 0.229389176 0.060471542 0.092410356 0.086001471 -0.215883836 -0.114787228 0.965826988
11.300000 0.229507372 0.062949069 0.092288770 0.087510854 -0.218277246 -0.115764834 0.965036452
11.400000 0.229760170 0.065333202 0.094057806 0.087521404 -0.219042525 -0.119916148 0.964354932
11.500000 0.228556216 0.066997066 0.096044332 0.087056473 -0.219363824 -0.124790378 0.963705361
11.600000 0.228420988 0.069434099 0.096476398 0.091628961 -0.222676873 -0.126294568 0.962324679
11.700000 0.229593307 0.070505552 0.096836068 0.092388153 -0.222362772 -0.127686813 0.962140977
11.800000 0.230378985 0.072154887 0.099318311 0.094247788 -0.221124873 -0.127771854 0.962234616
11.900000 0.231417254 0.073092058 0.099403620 0.097091779 -0.223064527 -0.124972031 0.961871803
12.000000 0.234493896 0.075594783 0.099041283 0.098102450 -0.223684475 -0.122067966 0.961998224
12.100000 0.235877320 0.076247796 0.101010561 0.097777493 -0.223079950 -0.122481614 0.962119102
12.200000 0.237790883 0.077580653 0.102124423 0.097536206 -0.222683772 -0.120837264 0.962443233
12.300000 0.239967927 0.079164065 0.102403387 0.097111665 -0.223954856 -0.122192822 0.962019980
12.400000 0.240426078 0.079674572 0.103162512 0.097123325 -0.224312872 -0.124272063 0.961669028
12.500000 0.242074490 0.081716768 0.102628097 0.098613098 -0.226235732 -0.123024374 0.961227298
12.600000 0.243188411 0.083110541 0.103800863 0.100583293 -0.227758363 -0.124960877 0.960413396
12.700000 0.245378524 0.086147383 0.105346620 0.102271579 -0.229053974 -0.123792671 0.960078239
12.800000 0.249000341 0.091107093 0.106345810 0.103765368 -0.229668930 -0.122934043 0.959881306
12.900000 0.247224152 0.091931477 0.112686031 0.102903485 -0.229016960 -0.122753292 0.960152984
13.000000 0.248420194 0.093257897 0.115916595 0.106870957 -0.231512398 -0.123386420 0.959039330
13.100000 0.250923991 0.095150515 0.116926916 0.111136541 -0.233412236 -0.125487193 0.957820654
13.200000 0.254678190 0.099045590 0.116980389 0.113373540 -0.232946932 -0.125489339 0.957671463
13.300000 0.253581047 0.099215001 0.121338055 0.113654777 -0.231009632 -0.126041710 0.958034754
13.400000 0.255517900 0.100363001 0.122913994 0.113463603 -0.232328415 -0.124393053 0.957954049
13.500000 0.256861091 0.101482444 0.124307744 0.122161947 -0.235098034 -0.128970534 0.955600321
13.600000 0.260439038 0.103534453 0.123251945 0.126043215 -0.236269757 -0.126873404 0.955087900
13.700000 0.261131674 0.104179777 0.125272766 0.125517219 -0.236792773 -0.124562249 0.955331802
13.800000 0.262213141 0.104675375 0.130401075 0.127113357 -0.238883540 -0.125640765 0.954458594
13.900000 0.262452394 0.104394332 0.131589457 0.128992215 -0.239688113 -0.127007455 0.953823745
14.000000 0.263798714 0.104529403 0.133516401 0.132690728 -0.241303533 -0.127731055 0.952811897
14.100000 0.266856223 0.106720217 0.134234324 0.134457022 -0.241321340 -0.127390593 0.952605367
14.200000 0.267597139 0.109136477 0.135257587 0.130653456 -0.237173811 -0.125886679 0.954374552
14.300000 0.268732101 0.110495970 0.140026703 0.128582269 -0.235907763 -0.126300722 0.954914808
14.400000 0.270523250 0.113215774 0.143797159 0.126708940 -0.233941495 -0.127178162 0.955532253
14.500000 0.272416204 0.110229045 0.148930997 0.124228813 -0.234030381 -0.128485531 0.955661237
14.600000 0.271853864 0.109160259 0.151200339 0.123570234 -0.232932940 -0.128255099 0.956045628
14.700000 0.271214992 0.108363405 0.152730942 0.124396369 -0.234386221 -0.127789363 0.955645621
14.800000 0.270798147 0.107918322 0.152919576 0.125174254 -0.236407951 -0.130640522 0.954659998
14.900000 0.270415664 0.106668137 0.153950915 0.125167638 -0.239694715 -0.132295892 0.953612745
15.000000 0.270640135 0.107346363 0.153382450 0.126468673 -0.242584795 -0.133995026 0.952472389
15.100000 0.270703167 0.106411055 0.154366717 0.126555637 -0.245373622 -0.136114568 0.951445401
15.200000 0.272234440 0.107106753 0.154181212 0.128329992 -0.247866839 -0.137883976 0.950305998
15.300000 0.273041666 0.106483892 0.155490696 0.127362713 -0.249265000 -0.138299480 0.950010002
15.400000 0.273568243 0.105273321 0.156968266 0.126742601 -0.251037538 -0.137408465 0.949755430
15.500000 0.273338974 0.103959516 0.158593640 0.125451699 -0.253142416 -0.137221172 0.949395120
15.600000 0.272409976 0.099640131 0.161092252 0.121894613 -0.258020490 -0.138748765 0.948322654
15.700000 0.270168781 0.100064263 0.161589429 0.123044886 -0.259281576 -0.140238628 0.947610736
15.800000 0.269583017 0.093484454 0.165811807 0.119892336 -0.266478449 -0.141076669 0.945892453
15.900000 0.269327849 0.092905879 0.165692061 0.122540742 -0.268953234 -0.145286202 0.944213867
16.000000 0.269760638 0.090866536 0.167254224 0.124568164 -0.269386530 -0.148922905 0.943257987
16.100000 0.270178169 0.087801404 0.168756649 0.124644943 -0.268346339 -0.148898602 0.943548143
16.200000 0.270592988 0.088673003 0.169350952 0.126581118 -0.264126986 -0.150139406 0.944284022
16.300000 0.270184427 0.082169399 0.171813026 0.122143514 -0.260594189 -0.146859735 0.946363509
16.400000 0.269131541 0.078127474 0.171171904 0.122013241 -0.257460982 -0.144479185 0.947603524
16.500000 0.269131452 0.076668896 0.171223953 0.120776974 -0.254659951 -0.141168550 0.949016690
16.600000 0.267505139 0.074629612 0.172036529 0.116544224 -0.252040863 -0.139656574 0.950467706
16.700000 0.265884787 0.073038362 0.173607320 0.113457114 -0.252267182 -0.139692277 0.950775921
16.800000 0.265215307 0.072830655 0.172578081 0.107601397 -0.251627773 -0.138753951 0.951762974
16.900000 0.262636036 0.067786306 0.173117563 0.093766116 -0.250470430 -0.144298792 0.952706873
17.000000 0.260030657 0.064600319 0.175403967 0.088833295 -0.249743983 -0.148138151 0.952781022
17.100000 0.259582967 0.062989637 0.176006272 0.086447313 -0.250660121 -0.151280031 0.952266097
17.200000 0.257533133 0.056610074 0.177723318 0.075924285 -0.253627568 -0.155875683 0.951636136
17.300000 0.255937636 0.052673217 0.178890988 0.072343327 -0.253979653 -0.162929118 0.950639188
17.400000 0.254030854 0.047227718 0.179973632 0.070302166 -0.252849340 -0.168007255 0.950209618
17.500000 0.253266186 0.042971130 0.180205464 0.069097333 -0.251803398 -0.172012419 0.949859142
17.600000 0.253804654 0.037858143 0.180573851 0.064975247 -0.250445306 -0.174978077 0.949967384
17.700000 0.256056845 0.037484404 0.180474073 0.062010076 -0.249336079 -0.175565884 0.950348854
17.800000 0.254028469 0.031666256 0.179387763 0.050747097 -0.245943829 -0.175619811 0.951889694
17.900000 0.253230095 0.030112108 0.179481164 0.040881794 -0.247184083 -0.182142451 0.950816929
18.000000 0.251916200 0.026547357 0.178476810 0.033852015 -0.246408761 -0.186159015 0.950516462
18.100000 0.249830306 0.021455780 0.177656218 0.030343080 -0.243422657 -0.189355820 0.950772882
18.200000 0.248980999 0.015745020 0.175792247 0.029929183 -0.242006421 -0.191584542 0.950701058
18.300000 0.249496549 0.011296797 0.172166526 0.031652711 -0.240690574 -0.192014873 0.950892448
18.400000 0.249415278 0.008334571 0.169606864 0.031776443 -0.238268942 -0.193593428 0.951178074
18.500000 0.250417680 0.006289021 0.166379273 0.031690732 -0.235752001 -0.195523635 0.951413274
18.600000 0.251717508 0.003166727 0.161328793 0.028905680 -0.234134272 -0.195147768 0.951978445
18.700000 0.249759063 -0.002291012 0.156417638 0.024295246 -0.231678113 -0.195714191 0.952591658
18.800000 0.249065265 -0.008500018 0.150726080 0.021568986 -0.232376143 -0.199847385 0.951628685
18.900000 0.248060256 -0.013059023 0.145446688 0.019229537 -0.231383175 -0.202424809 0.951375961
19.000000 0.248572826 -0.016429191 0.140735805 0.014735396 -0.231184646 -0.202226922 0.951546550
19.100000 0.247100130 -0.023515739 0.137127504 0.008524333 -0.229133874 -0.205378547 0.951443493
19.200000 0.247313082 -0.028861666 0.133222476 0.005367233 -0.227347583 -0.206953108 0.951553822
19.300000 0.248937666 -0.032857921 0.129173756 -0.000200926 -0.227013573 -0.206504896 0.951745987
19.400000 0.247882232 -0.037662093 0.128215969 -0.006462372 -0.224768087 -0.210010469 0.951489925
19.500000 0.247694150 -0.043620992 0.126887485 -0.009963018 -0.221547768 -0.209030747 0.952430248
19.600000 0.247914314 -0.049036961 0.124773435 -0.011766103 -0.220364928 -0.209589586 0.952561319
19.700000 0.247450352 -0.055837728 0.122855768 -0.016130120 -0.220252395 -0.207120121 0.953063488
19.800000 0.247895941 -0.061514147 0.121711589 -0.019107606 -0.217340484 -0.206345201 0.953844666
19.900000 0.249268785 -0.067256056 0.119677216 -0.021044958 -0.215938240 -0.205072016 0.954396784
20.000000 0.248851717 -0.071139701 0.119373426 -0.023717176 -0.213910356 -0.200689897 0.955721378
20.100000 0.247758895 -0.075761914 0.119242139 -0.025447672 -0.212505549 -0.197530493 0.956648052
20.200000 0.249045447 -0.083385795 0.116638415 -0.028416023 -0.213197082 -0.194413096 0.957049191
20.300000 0.252116472 -0.085356347 0.113044910 -0.031461906 -0.213905916 -0.190029860 0.957675874
20.400000 0.251534879 -0.089288034 0.112175748 -0.038551714 -0.210030958 -0.190270752 0.958226383
20.500000 0.250005722 -0.092277192 0.111561075 -0.048212618 -0.211226240 -0.189325616 0.957713306
20.600000 0.249417365 -0.097199947 0.109683007 -0.058452703 -0.214300945 -0.187424153 0.956833601
20.700000 0.247443840 -0.101645313 0.107468009 -0.062142115 -0.217305914 -0.191053554 0.955204189
20.800000 0.245037764 -0.107420363 0.102159835 -0.061471950 -0.216028467 -0.194818199 0.954776824
20.900000 0.245395690 -0.111880466 0.099619485 -0.062431917 -0.216546565 -0.197717637 0.954000831
21.000000 0.243873820 -0.115207642 0.097607918 -0.063482665 -0.216070294 -0.199766621 0.953612566
21.100000 0.243946269 -0.119998001 0.095691197 -0.063589729 -0.215593249 -0.201381505 0.953373671
21.200000 0.243331179 -0.121092267 0.094141424 -0.063545659 -0.213687688 -0.198919639 0.954322040
21.300000 0.244015142 -0.124013260 0.093214259 -0.065376431 -0.213650048 -0.199259758 0.954135776
21.400000 0.241619810 -0.126370594 0.093576699 -0.068254665 -0.211209893 -0.197808102 0.954779327
21.500000 0.238667831 -0.130137444 0.092385225 -0.069892794 -0.209487811 -0.193035915 0.956016243
21.600000 0.237430751 -0.133107647 0.089596078 -0.070089042 -0.206554964 -0.191361070 0.956976235
21.700000 0.235882103 -0.135444447 0.084980965 -0.070412658 -0.199512675 -0.183081880 0.960061312
21.800000 0.234598637 -0.139809757 0.083765179 -0.076102875 -0.191340595 -0.166878372 0.964234769
21.900000 0.231626526 -0.143024534 0.081582546 -0.082410082 -0.183832556 -0.152315155 0.967581630
22.000000 0.228443086 -0.144669935 0.076217502 -0.090188593 -0.176615581 -0.138244584 0.970340848
22.100000 0.226122141 -0.143497139 0.077120110 -0.094641738 -0.173074052 -0.128223583 0.971929550
22.200000 0.220259055 -0.142969698 0.073930293 -0.096787386 -0.168171063 -0.119729795 0.973660886
22.300000 0.216269299 -0.138102189 0.070820779 -0.095312551 -0.165922552 -0.104794033 0.975911558
22.400000 0.212985516 -0.139246896 0.063724056 -0.099219196 -0.163116500 -0.091934152 0.977290452
22.500000 0.209463492 -0.140654981 0.056479495 -0.104236282 -0.158489645 -0.073292509 0.979103684
22.600000 0.198490724 -0.146269709 0.050610259 -0.115671225 -0.147693813 -0.057147242 0.980581880
22.700000 0.191262975 -0.144633517 0.045905236 -0.121264786 -0.139974311 -0.037557647 0.981983423
22.800000 0.181906030 -0.147383630 0.041462742 -0.131507814 -0.129702404 -0.019772533 0.982594550
22.900000 0.175973818 -0.140859425 0.037945092 -0.133494005 -0.124794491 -0.007376745 0.983133376
23.000000 0.165395245 -0.136636212 0.033184983 -0.134352580 -0.117277734 0.002589525 0.983965755
23.100000 0.156404197 -0.136376098 0.028930157 -0.138599500 -0.111616500 0.009059451 0.983996868
23.200000 0.148131564 -0.134732008 0.024916273 -0.138922602 -0.106500566 0.013392895 0.984468818
23.300000 0.141958505 -0.132788792 0.019551102 -0.137975067 -0.101905555 0.014264221 0.985076010
23.400000 0.135956556 -0.132704347 0.016890191 -0.138382569 -0.097356804 0.013557583 0.985488772
23.500000 0.131186903 -0.130596146 0.014808625 -0.135764301 -0.093335614 0.012432989 0.986256540
23.600000 0.126589015 -0.130887195 0.013367422 -0.133029670 -0.089521810 0.012084919 0.986986816
23.700000 0.122800462 -0.131734103 0.011259075 -0.129600435 -0.086651802 0.012884240 0.987688780
23.800000 0.119364731 -0.132897168 0.009020075 -0.125241280 -0.083336689 0.016858827 0.988476336
23.900000 0.116614155 -0.132414594 0.006313063 -0.122313790 -0.080168389 0.021426441 0.989016294
24.000000 0.113012366 -0.132855505 0.005440339 -0.122721560 -0.075856097 0.027956635 0.989142895
24.100000 0.108009093 -0.128905877 0.002745133 -0.121127099 -0.071829230 0.038122419 0.989300489
24.200000 0.100791194 -0.128570050 0.002564117 -0.122571550 -0.067316003 0.037792247 0.989452660
24.300000 0.094334781 -0.127401799 0.001216095 -0.121083453 -0.062313098 0.040968500 0.989837110
24.400000 0.088361844 -0.127010524 -0.000819895 -0.117806271 -0.057000145 0.047241755 0.990273118
24.500000 0.080174625 -0.126796871 -0.001604401 -0.112463221 -0.048621338 0.052231956 0.991090238
24.600000 0.073833682 -0.129933745 -0.004878640 -0.110044025 -0.043564133 0.057613824 0.991298735
24.700000 0.067042120 -0.125419229 -0.008192886 -0.106043838 -0.039532300 0.059684064 0.991781056
24.800000 0.059633978 -0.124227658 -0.011195229 -0.103906654 -0.035637233 0.064771943 0.991835654
24.900000 0.052919317 -0.123167939 -0.014988134 -0.100615270 -0.031247884 0.067219384 0.992160082
25.000000 0.047524903 -0.120242752 -0.018506356 -0.098096967 -0.029112231 0.070641667 0.992239535
25.100000 0.042212598 -0.119049393 -0.020153342 -0.097061560 -0.024882635 0.073686190 0.992234945
25.200000 0.037493363 -0.118640482 -0.022260658 -0.094250172 -0.020321617 0.076536261 0.992394149
25.300000 0.033391356 -0.116415508 -0.026123935 -0.090930931 -0.016599795 0.082223944 0.992318094
25.400000 0.029582221 -0.116017476 -0.026105462 -0.089459166 -0.013209979 0.088478088 0.991964817
25.500000 0.023433417 -0.113610826 -0.027059466 -0.086495996 -0.007456831 0.095612831 0.991625428
25.600000 0.019789901 -0.111810103 -0.027056426 -0.082610853 -0.003671917 0.099702545 0.991575181
25.700000 0.015172867 -0.106215507 -0.027538389 -0.074851774 0.001308118 0.103961438 0.991759837
25.800000 0.009369512 -0.100820757 -0.025452385 -0.067840338 0.004744228 0.101376057 0.992521107
25.900000 0.006616793 -0.087390959 -0.026258627 -0.047786791 0.005266120 0.095315240 0.994285524
26.000000 0.003421293 -0.091249920 -0.025833445 -0.041878611 0.007336652 0.100577392 0.994020402
26.100000 -0.000006336 -0.091007479 -0.025672229 -0.030170837 0.008987353 0.103342421 0.994147539
26.200000 -0.002617134 -0.078741618 -0.028554719 -0.003888485 0.012623247 0.107606240 0.994105875
26.300000 -0.000646299 -0.074040703 -0.031769272 0.004420473 0.014819572 0.126946718 0.991788983
26.400000 -0.002850241 -0.076134622 -0.029624145 -0.003378324 0.020239955 0.128692970 0.991472185
26.500000 -0.002423831 -0.071026199 -0.026805256 -0.010445627 0.021925583 0.126677021 0.991646647
26.600000 -0.000462481 -0.071453512 -0.022825100 -0.021000970 0.021822114 0.124422960 0.991766930
26.700000 -0.002053697 -0.059445471 -0.022675484 -0.017495057 0.022324849 0.121441610 0.992193222
26.800000 -0.003017060 -0.058800105 -0.020564895 -0.018545687 0.022728203 0.118684240 0.992498636
26.900000 -0.003298900 -0.057508916 -0.020436246 -0.017881501 0.021194583 0.117698647 0.992662132
27.000000 -0.003828648 -0.057666492 -0.020976279 -0.016398869 0.020773867 0.117538854 0.992715538
27.100000 -0.004190760 -0.055654589 -0.021172026 -0.014686226 0.020802470 0.118473344 0.992630661
27.200000 -0.005483932 -0.051278420 -0.019005917 -0.011548763 0.023128025 0.116831429 0.992815316
27.300000 -0.006267051 -0.047885671 -0.016683757 -0.009257917 0.022375546 0.116879337 0.992850900
27.400000 -0.008263000 -0.045443494 -0.014702294 -0.006324261 0.022417523 0.112848140 0.993339241
27.500000 -0.009093972 -0.045865592 -0.015478079 -0.003483246 0.019483700 0.113493226 0.993341625
27.600000 -0.008433233 -0.043509178 -0.016638121 -0.000409685 0.016282896 0.115586996 0.993163824
27.700000 -0.006770914 -0.041680343 -0.016497562 0.000776080 0.016867556 0.112453625 0.993513525
27.800000 -0.006327603 -0.036734454 -0.015621003 0.006626124 0.019186860 0.115616009 0.993086576
27.900000 -0.005708440 -0.031341117 -0.016735911 0.015264088 0.021307645 0.120172061 0.992407024
28.000000 -0.006930790 -0.022686861 -0.017652350 0.021036102 0.022830082 0.122718096 0.991955936
28.100000 -0.010707265 -0.018921383 -0.012231253 0.026082153 0.023514608 0.120161787 0.992133021
28.200000 -0.012738969 -0.012151388 -0.014553579 0.042582680 0.018342588 0.118603081 0.991858661
28.300000 -0.016488107 -0.012405433 -0.022505235 0.053657312 0.016959248 0.120303042 0.991141021
28.400000 -0.018314596 -0.010375133 -0.024059599 0.067536466 0.015604725 0.121674351 0.990146816
28.500000 -0.018403212 -0.009180879 -0.028591650 0.074403182 0.013855930 0.126553163 0.989068449
28.600000 -0.012782535 0.000560949 -0.036340982 0.068476021 0.015202260 0.130335972 0.988985598
28.700000 -0.005677012 0.017258611 -0.038206149 0.067902729 0.016375193 0.130262524 0.989016056
28.800000 -0.005620612 0.017680632 -0.033408202 0.058552992 0.024341816 0.123886541 0.990268230
28.900000 -0.002702356 0.023224836 -0.034345075 0.056625661 0.028642830 0.126898721 0.989883780
29.000000 0.001456725 0.027162671 -0.038173590 0.055248599 0.029058918 0.131085798 0.989403725
29.100000 0.002486764 0.030810315 -0.038272053 0.054803506 0.031301316 0.132483304 0.989173889
29.200000 0.004334653 0.036556855 -0.042010754 0.054059010 0.031450558 0.130563393 0.989465356
29.300000 0.007446315 0.041538846 -0.044903997 0.053850625 0.031405389 0.127434000 0.989886045
29.400000 0.009166380 0.044561420 -0.044263754 0.055327825 0.030731406 0.124420151 0.990209103
29.500000 0.010378836 0.046617471 -0.044506848 0.055250548 0.030426217 0.123599119 0.990325630
29.600000 0.010843860 0.051049959 -0.045918182 0.056794807 0.029162291 0.121521555 0.990533412
29.700000 0.011833476 0.054460857 -0.046965025 0.058006197 0.026845707 0.119736686 0.990746081
29.800000 0.013567267 0.059606526 -0.050444715 0.060879085 0.022652319 0.117430352 0.990954459
29.900000 0.011957500 0.063701212 -0.050439958 0.061321367 0.017822521 0.117289461 0.991042495
30.000000 0.006421119 0.065726027 -0.053876836 0.062929958 0.013116200 0.117480420 0.990992486
30.100000 0.002899456 0.065392792 -0.054418840 0.064089224 0.008477362 0.115127794 0.991244793
30.200000 0.002476043 0.063753814 -0.057284568 0.065359138 0.005582597 0.110718533 0.991684616
30.300000 0.001116196 0.065169849 -0.056915067 0.067288093 0.008597516 0.108844191 0.991741598
30.400000 0.003920721 0.069243960 -0.063794173 0.066783346 0.011392007 0.106769457 0.991973042
30.500000 0.000997091 0.071804613 -0.056057397 0.065532640 0.022154996 0.108547017 0.991681516
30.600000 -0.000880676 0.074732989 -0.053167041 0.064484596 0.031146595 0.113561325 0.990946770
30.700000 -0.007861925 0.073888347 -0.048203766 0.063059233 0.041758612 0.115641087 0.990407407
30.800000 -0.014167910 0.074411131 -0.046046589 0.065436184 0.049889822 0.120353393 0.989314973
30.900000 -0.021781839 0.074657381 -0.044073239 0.068309724 0.054887399 0.126163229 0.988131583
31.000000 -0.028158844 0.077202946 -0.046047665 0.070808895 0.056680020 0.124907084 0.988014042
31.100000 -0.033893704 0.080372609 -0.045424081 0.072388813 0.060942631 0.125436813 0.987578571
31.200000 -0.040186774 0.083298221 -0.043824270 0.073638968 0.066763610 0.126520589 0.986971378
31.300000 -0.047215682 0.083857037 -0.039588008 0.072977781 0.070658758 0.129399300 0.986375928
31.400000 -0.056215383 0.084180705 -0.035498556 0.075751722 0.073695846 0.131541327 0.985660970
31.500000 -0.067052677 0.102774382 -0.031087654 0.101437733 0.081481695 0.136756182 0.982022822
31.600000 -0.069143236 0.088316306 -0.031554095 0.101505689 0.084426515 0.146197185 0.980405629
31.700000 -0.073069066 0.082586914 -0.030862721 0.098068722 0.085380919 0.145730391 0.980742216
31.800000 -0.076493464 0.085710600 -0.029689563 0.097304404 0.086398154 0.146498725 0.980614781
31.900000 -0.079860941 0.088187471 -0.028471932 0.095483527 0.087569468 0.145008057 0.980911374
32.000000 -0.082755104 0.091332041 -0.024700211 0.094579048 0.088529706 0.144578218 0.980976284
32.100000 -0.086526416 0.091957517 -0.020525970 0.091394410 0.089825027 0.144746095 0.981135607
32.200000 -0.090327367 0.091760568 -0.016470656 0.089736767 0.091173977 0.142834306 0.981444299
32.300000 -0.091678627 0.091176532 -0.014761623 0.090937406 0.090444222 0.141625956 0.981576443
32.400000 -0.092579439 0.090518139 -0.015364692 0.093281120 0.090898991 0.141352594 0.981353879
32.500000 -0.094948113 0.090972632 -0.014614951 0.094447330 0.091554031 0.142410934 0.981028378
32.600000 -0.098745614 0.090080708 -0.013565369 0.095162146 0.092503734 0.144973353 0.980494738
32.700000 -0.102448843 0.090667248 -0.012169700 0.095646769 0.091856942 0.146446005 0.980289519
32.800000 -0.107024997 0.091829501 -0.009857178 0.095304482 0.091378257 0.147683620 0.980181932
32.900000 -0.111777775 0.093721636 -0.008397747 0.093146704 0.091176525 0.154229820 0.979399681
33.000000 -0.117145769 0.091937572 -0.004053872 0.091209851 0.094081871 0.156055540 0.979017913
33.100000 -0.119942196 0.093207881 -0.002802070 0.092292413 0.095797069 0.157698244 0.978486717
33.200000 -0.121842004 0.093218267 -0.001176983 0.091191761 0.098292135 0.159644663 0.978026748
33.300000 -0.122258954 0.094158381 -0.001439698 0.090461552 0.100421712 0.159587681 0.977887511
33.400000 -0.123816013 0.092436366 -0.001636356 0.090756610 0.102685921 0.161829919 0.977256298
33.500000 -0.124361254 0.093190730 -0.006089345 0.091621883 0.100701712 0.162083358 0.977340043
33.600000 -0.126481280 0.093780182 -0.008735511 0.094760291 0.099542916 0.157482132 0.977911592
33.700000 -0.125937715 0.092767201 -0.012835406 0.099426545 0.099502146 0.150183812 0.978600264
33.800000 -0.125341341 0.095052987 -0.014621820 0.102293000 0.101433575 0.150380269 0.978076279
33.900000 -0.124905139 0.097421721 -0.013475332 0.103860371 0.102453254 0.152950227 0.977406085
34.000000 -0.125968948 0.097529247 -0.011667170 0.105860539 0.101864740 0.149867207 0.977730513
34.100000 -0.125860691 0.098574273 -0.011763569 0.110606983 0.100287065 0.147556514 0.977719665
34.200000 -0.126216322 0.097803831 -0.011905670 0.116977088 0.097816847 0.146357507 0.977408648
34.300000 -0.126609132 0.097228028 -0.012788080 0.124264404 0.098452359 0.142093599 0.977074623
34.400000 -0.127013654 0.097953781 -0.014139183 0.133932978 0.099628948 0.135997027 0.976545334
34.500000 -0.127233952 0.100395612 -0.015504040 0.134468451 0.102568783 0.136724830 0.976065695
34.600000 -0.126761287 0.105666369 -0.014164213 0.133727506 0.103242479 0.138475657 0.975849569
34.700000 -0.128004521 0.110171787 -0.009717047 0.126733378 0.106227495 0.138657451 0.976436615
34.800000 -0.127663553 0.112436481 -0.004009958 0.120113954 0.108899385 0.140608236 0.976700008
34.900000 -0.127662852 0.114860624 0.003662493 0.115979508 0.111070536 0.140146956 0.977021456
35.000000 -0.129948825 0.113943107 0.006471086 0.112161122 0.114393644 0.143370748 0.976615965
35.100000 -0.130936384 0.114594527 0.011592355 0.109843388 0.117619477 0.146688551 0.976003349
35.200000 -0.131310746 0.115615301 0.017306972 0.108859517 0.121185362 0.152173802 0.974836826
35.300000 -0.132032230 0.115473956 0.022904709 0.107482471 0.123966172 0.154194102 0.974322379
35.400000 -0.133107513 0.114509076 0.028487418 0.108683579 0.125466064 0.156577900 0.973616719
35.500000 -0.135192707 0.113426007 0.032019254 0.112726949 0.124549977 0.158897758 0.972898483
35.600000 -0.138713598 0.114113659 0.036360458 0.116227888 0.124772429 0.164043859 0.971603096
35.700000 -0.143553197 0.114820115 0.040050719 0.114046916 0.124741241 0.166879311 0.971382678
35.800000 -0.148266524 0.116020471 0.044386089 0.110165656 0.126624331 0.166286677 0.971688509
35.900000 -0.151486069 0.118355006 0.047600534 0.107130006 0.129756674 0.166585699 0.971563458
36.000000 -0.155921206 0.118789487 0.052350134 0.103685245 0.136260450 0.167291015 0.970925450
36.100000 -0.157766223 0.118868828 0.054750878 0.100298651 0.138284102 0.169115737 0.970678926
36.200000 -0.160491154 0.120521493 0.057088051 0.098677188 0.139426768 0.170085967 0.970512092
36.300000 -0.162771299 0.121549584 0.058503132 0.096962184 0.137895033 0.171788186 0.970604002
36.400000 -0.168559283 0.121108815 0.060673770 0.094893314 0.140124053 0.172670379 0.970332682
36.500000 -0.172449231 0.120161779 0.062461611 0.093241803 0.142289683 0.173493132 0.970030785
36.600000 -0.174925476 0.118952289 0.062675722 0.092969760 0.145010516 0.173601806 0.969634473
36.700000 -0.178115085 0.118927091 0.062201113 0.093587458 0.148008883 0.174891949 0.968889892
36.800000 -0.181929663 0.122016266 0.062171455 0.094886750 0.151799276 0.177109167 0.967773616
36.900000 -0.182852715 0.123729654 0.062349997 0.093837187 0.155672014 0.179652750 0.966791451
37.000000 -0.187994197 0.123188324 0.063370541 0.092418805 0.158396259 0.179998592 0.966421187
37.100000 -0.193598241 0.123347312 0.064891644 0.094260164 0.160327062 0.182761580 0.965405822
37.200000 -0.197992101 0.124162890 0.066619769 0.097104564 0.159538269 0.183255017 0.965161026
37.300000 -0.203150958 0.124120809 0.067449063 0.095873684 0.159013450 0.182263657 0.965558350
37.400000 -0.205807120 0.122131832 0.069946833 0.093211226 0.158856750 0.184480801 0.965423763
37.500000 -0.206853762 0.118039519 0.070290476 0.091451950 0.159926295 0.188277617 0.964682162
37.600000 -0.209122747 0.118948057 0.070984878 0.097950339 0.162471727 0.190743908 0.963133156
37.700000 -0.211986363 0.118592761 0.070499837 0.102819905 0.165547609 0.189694598 0.962308705
37.800000 -0.213831082 0.117085151 0.070502788 0.105820395 0.165755183 0.191468075 0.961596191
37.900000 -0.213821724 0.116831124 0.068185776 0.108556770 0.163842767 0.192202583 0.961472392
38.000000 -0.215370163 0.113727264 0.065998934 0.109622367 0.164000243 0.193726659 0.961018682
38.100000 -0.216777742 0.111794472 0.063290700 0.112603173 0.164042979 0.196284711 0.960147262
38.200000 -0.219325006 0.111880638 0.061476737 0.114454590 0.164897665 0.198537707 0.959318340
38.300000 -0.221392930 0.113386028 0.061448652 0.115133613 0.165788203 0.202512771 0.958252132
38.400000 -0.226038978 0.114143252 0.062950492 0.112294510 0.169500187 0.203920424 0.957640886
38.500000 -0.228107587 0.112265341 0.060417224 0.105892375 0.171503320 0.203824341 0.958033979
38.600000 -0.230518550 0.114422709 0.060032308 0.097914718 0.177703634 0.200123385 0.958532631
38.700000 -0.236465454 0.109619088 0.063914865 0.092724778 0.182930484 0.197873101 0.958532631
38.800000 -0.242253125 0.108833991 0.064206228 0.104501732 0.181831211 0.199625567 0.957165837
38.900000 -0.245224372 0.109818928 0.063338339 0.106604204 0.180488348 0.198697045 0.957381308
39.000000 -0.248512805 0.109774753 0.063034594 0.110916719 0.182578787 0.199135929 0.956403375
39.100000 -0.250451624 0.110669434 0.060423352 0.115399294 0.181171790 0.201457322 0.955654085
39.200000 -0.250134349 0.110225469 0.055262011 0.111792535 0.177839473 0.200298920 0.956951380
39.300000 -0.251318544 0.109186940 0.050874878 0.102448724 0.176518798 0.199790329 0.958347142
39.400000 -0.253272444 0.114069700 0.052345622 0.098830491 0.180635750 0.198129207 0.958304822
39.500000 -0.256371677 0.112030335 0.055505801 0.096891843 0.186606362 0.196540117 0.957685769
39.600000 -0.258528918 0.111713856 0.058394406 0.104276985 0.190984756 0.198311836 0.955679655
39.700000 -0.262683034 0.107453123 0.060672611 0.114616588 0.192131445 0.201006621 0.953700662
39.800000 -0.262562126 0.104440734 0.061539117 0.114605233 0.187996060 0.201114148 0.954503119
39.900000 -0.264978290 0.104251988 0.061682712 0.113394566 0.187473610 0.199519113 0.955085039
40.000000 -0.263562322 0.109515123 0.060070097 0.113268480 0.184041917 0.196735457 0.956344068
40.100000 -0.264741957 0.106972434 0.063974939 0.110825405 0.187462643 0.196728066 0.955967307
40.200000 -0.265500277 0.107858554 0.063285857 0.112173535 0.191787973 0.198804915 0.954521358
40.300000 -0.267144322 0.106427222 0.065355852 0.113624655 0.197296590 0.202650413 0.952416003
40.400000 -0.269318908 0.106943421 0.066091008 0.123505183 0.198676899 0.207635224 0.949821889
40.500000 -0.270446867 0.102544993 0.064460978 0.124997661 0.198710158 0.214518562 0.948088408
40.600000 -0.270565152 0.101284534 0.063917756 0.127184913 0.198516652 0.211458519 0.948525429
40.700000 -0.271278828 0.101911902 0.064461343 0.130452096 0.200839221 0.205633104 0.948873460
40.800000 -0.271209598 0.100530021 0.063167840 0.129578531 0.200044945 0.196899608 0.951011002
40.900000 -0.270327866 0.104163833 0.060453579 0.128290981 0.198573843 0.193086788 0.952274799
41.000000 -0.271151602 0.103962988 0.064038351 0.129268259 0.200973898 0.200015515 0.950206816
41.100000 -0.272154689 0.100630663 0.065483972 0.130692929 0.204664454 0.206904843 0.947745860
41.200000 -0.272770405 0.100686684 0.066262498 0.132132024 0.206324086 0.209558502 0.946602762
41.300000 -0.276154697 0.098583199 0.069990821 0.133048981 0.209427863 0.214656502 0.944648385
41.400000 -0.280486047 0.095668301 0.071684763 0.132424116 0.211515233 0.220430881 0.942939758
41.500000 -0.283408165 0.093663365 0.073819049 0.131315351 0.212054595 0.227849767 0.941208601
41.600000 -0.288272828 0.091152728 0.076490812 0.129801795 0.213717148 0.236957461 0.938790500
41.700000 -0.292991668 0.088032663 0.078255072 0.126940578 0.214668438 0.241594300 0.937782347
41.800000 -0.298663288 0.084306985 0.081985250 0.122961096 0.220710665 0.250094682 0.934676468
41.900000 -0.300570220 0.082331553 0.085865609 0.123034865 0.223730221 0.253269970 0.933092475
42.000000 -0.301472574 0.080783010 0.083677337 0.122691371 0.224455416 0.257553697 0.931790054
42.100000 -0.302445203 0.076231278 0.085056171 0.118290842 0.224062443 0.265267819 0.930288255
42.200000 -0.309528708 0.073977269 0.094956346 0.123432457 0.236962721 0.270389080 0.924933970
42.300000 -0.307939738 0.073814236 0.092946656 0.124367170 0.236964360 0.262533575 0.927068949
42.400000 -0.306678414 0.072542116 0.091756456 0.120466992 0.238213912 0.267540008 0.925831616
42.500000 -0.306630522 0.068215236 0.090637349 0.109907493 0.243857577 0.279165983 0.922236502
42.600000 -0.306085646 0.077001289 0.094374448 0.105931744 0.237341002 0.284466624 0.922781885
42.700000 -0.309282631 0.079060636 0.101641111 0.104445361 0.237078980 0.283784091 0.923228681
42.800000 -0.309929132 0.074092746 0.100444153 0.100217186 0.232690886 0.283020079 0.925046563
42.900000 -0.310096502 0.075151525 0.098491907 0.102873713 0.231367722 0.282605261 0.925213635
43.000000 -0.316611588 0.072918542 0.106817842 0.108775534 0.243501797 0.287477165 0.919908464
43.100000 -0.316304445 0.074122831 0.103767306 0.117257975 0.246268049 0.288342416 0.917856872
43.200000 -0.314413905 0.068523735 0.100252286 0.122936957 0.255390137 0.286481678 0.915199757
43.300000 -0.312931657 0.075352952 0.089818977 0.125685871 0.258065075 0.282556742 0.915296197
43.400000 -0.310506672 0.078383580 0.087288812 0.108732358 0.272987753 0.277911872 0.914559960
43.500000 -0.320026994 0.075798690 0.099304430 0.104171157 0.296371222 0.286854506 0.905001044
43.600000 -0.317590117 0.091621347 0.089640297 0.105643608 0.298947990 0.288765788 0.903373539
43.700000 -0.328516364 0.097454496 0.097895764 0.102175117 0.314886570 0.298912913 0.895018280
43.800000 -0.329284370 0.093142673 0.100128025 0.100574367 0.312025189 0.306629062 0.893590331
43.900000 -0.330222607 0.083376944 0.100334115 0.093555845 0.309131503 0.302250177 0.896844387
44.000000 -0.332103908 0.086715966 0.102107897 0.098132446 0.302635580 0.299517065 0.899483919
44.100000 -0.337137550 0.085312396 0.105015546 0.099493891 0.301064104 0.299619734 0.899827421
44.200000 -0.333208144 0.089129828 0.098215677 0.104380839 0.290714055 0.297132790 0.903494418
44.300000 -0.334480137 0.084664658 0.095501736 0.102909423 0.291121125 0.297371507 0.903453529
44.400000 -0.336393535 0.084603094 0.094203085 0.107344106 0.290323615 0.300274223 0.902233243
44.500000 -0.338856816 0.085781708 0.090274639 0.109360896 0.284991264 0.305428326 0.901961029
44.600000 -0.340855479 0.082969099 0.088335589 0.104239792 0.283093363 0.308602214 0.902084768
44.700000 -0.343620509 0.082314096 0.087037995 0.101175450 0.284332156 0.311794668 0.900945544
44.800000 -0.344359010 0.075849324 0.088499360 0.095177516 0.289449334 0.316271603 0.898405612
44.900000 -0.344128281 0.080136754 0.087092012 0.096946537 0.293752164 0.319622815 0.895629525
45.000000 -0.348796844 0.080685019 0.088374898 0.099056013 0.299029440 0.323893160 0.892111301
45.100000 -0.351549804 0.073737226 0.091362581 0.095953114 0.301351219 0.328364491 0.890032172
45.200000 -0.352078944 0.069371864 0.088696636 0.096373595 0.298102647 0.331843317 0.889790416
45.300000 -0.353641808 0.067703947 0.089394487 0.100472867 0.294802278 0.334865332 0.889304221
45.400000 -0.357967138 0.066521913 0.090690970 0.104473464 0.291553766 0.334899962 0.889900923
45.500000 -0.358937174 0.065012217 0.089090437 0.105338268 0.285605729 0.335481107 0.891507506
45.600000 -0.360274732 0.064945132 0.087167479 0.104844958 0.279089898 0.334292233 0.894072175
45.700000 -0.364184201 0.059020616 0.090199739 0.101854213 0.276971251 0.336129785 0.894387722
45.800000 -0.364803344 0.060655545 0.089840211 0.104064494 0.274107337 0.339585841 0.893709838
45.900000 -0.365612894 0.058131933 0.089550555 0.102161847 0.271492869 0.342768550 0.893512368
46.000000 -0.366825908 0.056899365 0.088907085 0.099472731 0.270188093 0.345089555 0.893317878
46.100000 -0.368195146 0.055483606 0.092335500 0.097419955 0.271379620 0.348099887 0.892013967
46.200000 -0.369513661 0.054347359 0.092697158 0.095555671 0.271635950 0.351778269 0.890693605
46.300000 -0.371197701 0.051916193 0.093691923 0.094342232 0.272542119 0.353896022 0.889706671
46.400000 -0.369575620 0.051748395 0.092149526 0.093065560 0.272372395 0.355518878 0.889245987
46.500000 -0.366835266 0.048190020 0.093623273 0.091289915 0.274760753 0.360600531 0.886645317
46.600000 -0.370435178 0.046902262 0.095767282 0.093212001 0.279188693 0.362892359 0.884123504
46.700000 -0.374189466 0.046189561 0.097746372 0.093339197 0.280980915 0.365545005 0.882447958
46.800000 -0.376822412 0.047569897 0.100087643 0.095237643 0.276943624 0.370216131 0.881573617
46.900000 -0.380478203 0.042421624 0.102583282 0.092348553 0.274673253 0.371409893 0.882089019
47.000000 -0.383258522 0.041115593 0.102045082 0.090379104 0.274130940 0.370991945 0.882637441
47.100000 -0.384839267 0.036861397 0.103782624 0.087066755 0.274053752 0.374372393 0.881566346
47.200000 -0.387587905 0.029702934 0.106628820 0.085272953 0.271727592 0.375899106 0.881812036
47.300000 -0.388166904 0.026355587 0.107752845 0.085483722 0.268501282 0.375532657 0.882935345
47.400000 -0.391995102 0.024280310 0.108842067 0.086395301 0.267479211 0.375452667 0.883190811
47.500000 -0.386519760 0.019161718 0.106813163 0.084903590 0.260531157 0.379991382 0.883471251
47.600000 -0.386314422 0.019568147 0.108027048 0.088035338 0.258875877 0.376224071 0.885261834
47.700000 -0.384793967 0.014448315 0.109421432 0.087261744 0.259499043 0.377104521 0.884781241
47.800000 -0.386056602 0.011779742 0.109841675 0.088656120 0.260000288 0.378447503 0.883921623
47.900000 -0.385285258 0.008392256 0.108025745 0.088751428 0.258045316 0.380497187 0.883604944
48.000000 -0.383747429 0.006882561 0.107184358 0.087306909 0.255538434 0.381494939 0.884047031
48.100000 -0.385214329 0.001642276 0.105174921 0.083730683 0.256309479 0.383358181 0.883363545
48.200000 -0.383754462 -0.001146042 0.105098799 0.081540406 0.255557358 0.386577487 0.882382810
48.300000 -0.381446123 -0.002853045 0.103700384 0.079986826 0.254635900 0.387620091 0.882333994
48.400000 -0.383222282 -0.007320263 0.103578143 0.078509733 0.257652342 0.392043471 0.879632533
48.500000 -0.382744193 -0.010411033 0.101818763 0.077715419 0.255972475 0.396512449 0.878189206
48.600000 -0.384001672 -0.014193348 0.100356042 0.077395886 0.254753649 0.399358839 0.877281547
48.700000 -0.383215219 -0.016732041 0.095905378 0.077621505 0.251170069 0.400991052 0.877550364
48.800000 -0.383259356 -0.020797789 0.092735812 0.077780925 0.248799115 0.404723883 0.876497388
48.900000 -0.381545037 -0.021858267 0.089109667 0.078526326 0.245826408 0.405461699 0.876928627
49.000000 -0.379394829 -0.025665816 0.084613040 0.076540574 0.244849369 0.409472108 0.875512958
49.100000 -0.377041668 -0.028273113 0.080205619 0.076864675 0.244331077 0.412440270 0.874235153
49.200000 -0.375526786 -0.028813496 0.076663293 0.077371642 0.245106876 0.413931221 0.873268127
49.300000 -0.377906144 -0.031526480 0.074131221 0.077398114 0.247127503 0.418865263 0.870338678
49.400000 -0.376957357 -0.034866780 0.072735362 0.074314222 0.245295703 0.420551449 0.870312512
49.500000 -0.377809376 -0.037001353 0.071201459 0.072213255 0.244775429 0.423368424 0.869269431
49.600000 -0.379360110 -0.037362173 0.069978148 0.072091706 0.242876932 0.424252629 0.869381011
49.700000 -0.381621480 -0.038140394 0.070421539 0.070144013 0.241567507 0.424619853 0.869725764
49.800000 -0.383840919 -0.037685961 0.071921095 0.070077732 0.239487037 0.427480280 0.868904889
49.900000 -0.385686755 -0.041032873 0.072210163 0.068112865 0.237712249 0.425605834 0.870467186
50.000000 -0.385639280 -0.043267168 0.073165260 0.067787252 0.236065760 0.427463382 0.870030403
50.100000 -0.386097133 -0.045949832 0.073185675 0.067043804 0.234143078 0.428125352 0.870282054
50.200000 -0.386657029 -0.047814723 0.076760165 0.068523780 0.233785823 0.428498089 0.870079339
50.300000 -0.388003886 -0.049695972 0.077295721 0.068288274 0.232688442 0.425453752 0.871884108
50.400000 -0.387823999 -0.050463058 0.077356674 0.066387482 0.232534960 0.425165385 0.872212470
50.500000 -0.389337182 -0.049093556 0.075942650 0.066993490 0.232351437 0.424739242 0.872422636
50.600000 -0.391337037 -0.048788749 0.075699829 0.065832160 0.233539179 0.427106500 0.871037066
50.700000 -0.391135216 -0.049452860 0.073988527 0.066030294 0.231919512 0.427820683 0.871104360
50.800000 -0.395155042 -0.049806558 0.068579674 0.062573679 0.231630668 0.431946009 0.869398832
50.900000 -0.393970847 -0.050818965 0.075897433 0.065449201 0.232650429 0.438378930 0.865687072
51.000000 -0.395748615 -0.053538561 0.070941366 0.066137560 0.230751991 0.440374166 0.865130007
51.100000 -0.397250831 -0.054074913 0.070955105 0.066856958 0.227693051 0.442105860 0.865001976
51.200000 -0.399409264 -0.054541249 0.071589902 0.064904071 0.226558432 0.440522909 0.866255343
51.300000 -0.398200840 -0.057757821 0.071259178 0.061228197 0.225774959 0.441218525 0.866373420
51.400000 -0.398618430 -0.061510220 0.074194856 0.062833451 0.225965545 0.442573190 0.865517437
51.500000 -0.396039128 -0.063724741 0.073205344 0.063971676 0.222981349 0.438494653 0.868279517
51.600000 -0.395180285 -0.064670451 0.075434417 0.068305433 0.219780236 0.437208951 0.869413197
51.700000 -0.394881368 -0.067176566 0.075229347 0.067809924 0.215591908 0.432395667 0.872900844
51.800000 -0.396137863 -0.067716837 0.077878907 0.068783246 0.213933751 0.430774033 0.874033689
51.900000 -0.395144105 -0.070505768 0.080421835 0.066602767 0.209029183 0.427810073 0.876840591
52.000000 -0.393367320 -0.074751556 0.084184162 0.063049838 0.206097618 0.425341278 0.878995657
52.100000 -0.387638867 -0.078060582 0.087327845 0.057900246 0.201546654 0.421656847 0.882174611
52.200000 -0.385632426 -0.081346303 0.092893168 0.058752101 0.205998451 0.419518828 0.882109284
52.300000 -0.378035188 -0.085236438 0.099721946 0.060449414 0.210652411 0.415257722 0.882911384
52.400000 -0.365036100 -0.092283994 0.101135209 0.057503499 0.212389633 0.407517105 0.886292160
52.500000 -0.352687567 -0.092241012 0.100986823 0.061059348 0.215848133 0.407337487 0.885300815
52.600000 -0.347411245 -0.090917207 0.099424325 0.066851787 0.221611500 0.404464692 0.884775400
52.700000 -0.346105754 -0.092161678 0.106488958 0.072171949 0.229053527 0.399901897 0.884536147
52.800000 -0.346776396 -0.089828372 0.100609504 0.078405850 0.228597596 0.399782836 0.884177208
52.900000 -0.346461058 -0.090497501 0.100685991 0.080173708 0.228557050 0.397209406 0.885188401
53.000000 -0.342470020 -0.093273774 0.097543739 0.079506032 0.229847476 0.391664445 0.887382567
53.100000 -0.337246090 -0.093161203 0.097424604 0.080035277 0.233126402 0.388955235 0.887671232
53.200000 -0.333219916 -0.091879897 0.098778710 0.079574808 0.237726331 0.386762470 0.887450755
53.300000 -0.326997608 -0.087905802 0.098246098 0.080616370 0.238976166 0.384403348 0.888045847
53.400000 -0.322856158 -0.086565718 0.100629300 0.081282318 0.243752480 0.381702721 0.887851834
53.500000 -0.318072796 -0.086820662 0.100493766 0.079693697 0.247628421 0.378219604 0.888413727
53.600000 -0.314134240 -0.084309079 0.100775249 0.078685947 0.248913646 0.377368957 0.888506114
53.700000 -0.313922346 -0.081342056 0.098816775 0.076409094 0.250980824 0.373164833 0.889897883
53.800000 -0.312862039 -0.075754136 0.100240618 0.072331034 0.250171781 0.367430449 0.892847776
53.900000 -0.311587036 -0.073728442 0.102454819 0.066928506 0.251001745 0.364614785 0.894189417
54.000000 -0.312833011 -0.068711407 0.104244038 0.065523863 0.252121747 0.362563044 0.894812405
54.100000 -0.311470419 -0.067276083 0.105412275 0.061367489 0.254036546 0.362592757 0.894553423
54.200000 -0.310285360 -0.065085441 0.106067806 0.059750818 0.253077865 0.361931443 0.895202219
54.300000 -0.310582072 -0.063026443 0.106013864 0.058065157 0.252937824 0.360549122 0.895910263
54.400000 -0.309604108 -0.062364906 0.107889429 0.054742943 0.253063917 0.360215425 0.896218002
54.500000 -0.308470935 -0.060749467 0.107601538 0.053730361 0.252347887 0.358078182 0.897336960
54.600000 -0.304335594 -0.059739981 0.109264664 0.052695468 0.252415746 0.356786847 0.897893429
54.700000 -0.300724506 -0.057728983 0.108276173 0.052609049 0.252977520 0.354073554 0.898813963
54.800000 -0.296701103 -0.056101445 0.108045436 0.051489159 0.256069154 0.353555471 0.898207068
54.900000 -0.292484164 -0.052310441 0.106252432 0.053426549 0.255085230 0.350551784 0.899550200
55.000000 -0.290073544 -0.051153496 0.105878860 0.052833654 0.255020052 0.351515144 0.899227679
55.100000 -0.288015515 -0.050956152 0.107390210 0.052206486 0.253224641 0.352385163 0.899431169
55.200000 -0.285463870 -0.055227667 0.108660378 0.049997624 0.251150548 0.351277024 0.900570989
55.300000 -0.283097714 -0.056799017 0.108804509 0.047425508 0.248231202 0.348512679 0.902591288
55.400000 -0.280486763 -0.058728572 0.110113531 0.041947260 0.245963037 0.346720546 0.904172301
55.500000 -0.278361022 -0.060075205 0.112012312 0.039355446 0.244538680 0.346717834 0.904676020
55.600000 -0.277140051 -0.060504127 0.110706404 0.038932633 0.237760127 0.346981853 0.906398356
55.700000 -0.276796937 -0.060582586 0.110109061 0.037271947 0.233103395 0.343282431 0.909082413
55.800000 -0.274687022 -0.063337229 0.110129401 0.033989090 0.231135398 0.339703113 0.911055982
55.900000 -0.272778302 -0.065423101 0.111743219 0.029514791 0.230862603 0.335165232 0.912959814
56.000000 -0.271822602 -0.063920386 0.112384513 0.029783169 0.231296360 0.331705153 0.914104283
56.100000 -0.269716620 -0.061907008 0.110321738 0.029702943 0.230390668 0.330924511 0.914618433
56.200000 -0.266900182 -0.061804861 0.109300271 0.028096303 0.227888629 0.328774840 0.916070104
56.300000 -0.266705483 -0.061479427 0.109265886 0.028155619 0.223173857 0.328201413 0.917433679
56.400000 -0.267317802 -0.061385404 0.110011950 0.027367653 0.221855417 0.325472653 0.918748498
56.500000 -0.267104626 -0.063597687 0.107731096 0.027471960 0.215381831 0.323684216 0.920915008
56.600000 -0.265096337 -0.066532813 0.108370245 0.027327875 0.212167636 0.323175937 0.921843469
56.700000 -0.263073117 -0.068636492 0.108021110 0.028789960 0.213690594 0.320552468 0.922363043
56.800000 -0.259287834 -0.072012566 0.107512221 0.028898189 0.215740770 0.320370048 0.921945691
56.900000 -0.253787875 -0.072221808 0.104139723 0.028268784 0.217618957 0.317054838 0.922669590
57.000000 -0.249987110 -0.071415968 0.106315434 0.029426865 0.216619313 0.316799432 0.922956228
57.100000 -0.249443293 -0.072826207 0.105697773 0.027466526 0.216951311 0.312651634 0.924352050
57.200000 -0.247233436 -0.074492604 0.105098657 0.019022541 0.214471474 0.311251968 0.925614595
57.300000 -0.245592117 -0.076559074 0.106878750 0.005965628 0.215976268 0.300930679 0.928848386
57.400000 -0.244395211 -0.075551659 0.108822890 -0.003069655 0.220977783 0.291658610 0.930642068
57.500000 -0.247804984 -0.073800378 0.109923296 -0.004302377 0.220394120 0.284875751 0.932873905
57.600000 -0.248603523 -0.077086784 0.109409451 -0.004508673 0.216781065 0.286046296 0.933361232
57.700000 -0.249206692 -0.083303526 0.109581068 -0.008224564 0.210917205 0.288613796 0.933888853
57.800000 -0.245411694 -0.087232463 0.104071774 -0.014837460 0.202187389 0.288750768 0.935693920
57.900000 -0.245076969 -0.094038777 0.109073579 -0.029500667 0.204248607 0.285190135 0.935990810
58.000000 -0.246334001 -0.091867156 0.106079914 -0.030970355 0.204545557 0.283271551 0.936460972
58.100000 -0.250165582 -0.090659112 0.104476035 -0.030877564 0.201536968 0.270993352 0.940740168
58.200000 -0.253113389 -0.089408301 0.101030707 -0.032245412 0.194877282 0.264340997 0.943984568
58.300000 -0.255082905 -0.085730098 0.098809503 -0.030177673 0.189560756 0.255446285 0.947577536
58.400000 -0.256712407 -0.085352667 0.097203471 -0.033481948 0.186997592 0.251359493 0.949067593
58.500000 -0.255494624 -0.087023094 0.098449580 -0.038550992 0.186252922 0.252192438 0.948800623
58.600000 -0.254631639 -0.089067027 0.095860146 -0.039925098 0.185434103 0.254523784 0.948281467
58.700000 -0.252130479 -0.088759385 0.098300688 -0.044141412 0.191547453 0.256280005 0.946404636
58.800000 -0.248331785 -0.092101924 0.102515243 -0.050720081 0.194982231 0.259326279 0.944541872
58.900000 -0.245431572 -0.096483909 0.104556918 -0.055170707 0.200147018 0.264679998 0.941722810
59.000000 -0.247092977 -0.095932521 0.105762094 -0.056162208 0.203204975 0.266130477 0.940599859
59.100000 -0.245475635 -0.102543198 0.112370215 -0.064209536 0.205728024 0.269285738 0.938636422
59.200000 -0.245196193 -0.105662815 0.113190867 -0.063634761 0.209753498 0.272066087 0.936981380
59.300000 -0.243617326 -0.114246167 0.117651388 -0.070091352 0.216520518 0.270949930 0.935303271
59.400000 -0.242111221 -0.114238456 0.121679671 -0.068634577 0.226973757 0.276077658 0.931425452
59.500000 -0.239462644 -0.118494287 0.130207315 -0.072302759 0.236094907 0.279228151 0.927934885
59.600000 -0.235679299 -0.120732494 0.136418298 -0.075171478 0.243450537 0.283888012 0.924385548
59.700000 -0.231068879 -0.124174997 0.140556663 -0.080542907 0.248536184 0.284532279 0.922379553
59.800000 -0.229273438 -0.122590616 0.138367712 -0.078804173 0.248537049 0.289872885 0.920865357
59.900000 -0.228394523 -0.128256947 0.141196683 -0.082976498 0.252487063 0.295670778 0.917575061
60.000000 -0.225916043 -0.134660125 0.142891124 -0.087224811 0.259235501 0.302432746 0.913084447
60.100000 -0.223196924 -0.141587287 0.143127650 -0.088661343 0.263181508 0.307776183 0.910026610
60.200000 -0.221551985 -0.145371586 0.144094214 -0.093712278 0.267078906 0.311081171 0.907257080
60.300000 -0.223287776 -0.144230306 0.153677732 -0.095370188 0.279677182 0.312977433 0.902624130
60.400000 -0.221190661 -0.145033240 0.154447064 -0.096775487 0.283737302 0.316502690 0.899974287
60.500000 -0.222665265 -0.147671461 0.159253597 -0.098577291 0.288673311 0.319461644 0.897159159
60.600000 -0.224540621 -0.154636741 0.162434623 -0.103607655 0.289762586 0.326866359 0.893566728
60.700000 -0.227887169 -0.158828959 0.166214988 -0.107746758 0.293183774 0.332517862 0.889868438
60.800000 -0.233046219 -0.163715556 0.168573678 -0.110424809 0.299207568 0.333190382 0.887279749
60.900000 -0.243643925 -0.160539776 0.163425893 -0.098056756 0.301788896 0.338830680 0.885721207
61.000000 -0.255020857 -0.165210471 0.158100456 -0.093059473 0.299335688 0.337610215 0.887556970
61.100000 -0.265419245 -0.171179757 0.153757125 -0.091169670 0.299629301 0.335252494 0.888547182
61.200000 -0.279980242 -0.174473926 0.146450028 -0.085093901 0.295954108 0.337568074 0.889504373
61.300000 -0.291568279 -0.181579307 0.137064546 -0.084331706 0.287315637 0.336060315 0.892973304
61.400000 -0.305856913 -0.184129059 0.132238910 -0.079383887 0.285866439 0.332559437 0.895199895
61.500000 -0.313395649 -0.188590884 0.131174117 -0.077846721 0.287746161 0.329985529 0.895684958
61.600000 -0.321587801 -0.193806365 0.129128084 -0.072049677 0.291754782 0.329464138 0.895065010
61.700000 -0.325865656 -0.197369769 0.132245719 -0.068064913 0.296009541 0.327544183 0.894684494
61.800000 -0.329661548 -0.200492039 0.131078303 -0.065808661 0.299972832 0.325885475 0.894138813
61.900000 -0.333527863 -0.200707734 0.122850209 -0.062274046 0.299189210 0.329259008 0.893418312
62.000000 -0.340570629 -0.199080110 0.116963319 -0.058946434 0.296681613 0.332806528 0.893165827
62.100000 -0.345169276 -0.199809194 0.119723395 -0.060970061 0.295758456 0.333657414 0.893018663
62.200000 -0.349404305 -0.200744092 0.122077107 -0.061074495 0.297546268 0.331714630 0.893141389
62.300000 -0.352278411 -0.203547671 0.121162273 -0.058982838 0.298950762 0.331567556 0.892867506
62.400000 -0.352441102 -0.209807500 0.118986994 -0.060267288 0.301961809 0.328633755 0.892853141
62.500000 -0.356259108 -0.208361447 0.116165176 -0.055285085 0.305334717 0.329837918 0.891583562
62.600000 -0.359057963 -0.212034270 0.113394722 -0.054232419 0.307612568 0.329668075 0.890927792
62.700000 -0.361521035 -0.217066899 0.109333664 -0.052253138 0.306988865 0.332223505 0.890311718
62.800000 -0.362596273 -0.220733643 0.103958473 -0.050918091 0.304803431 0.334151417 0.890418470
62.900000 -0.365376890 -0.224608168 0.098308101 -0.047702976 0.304299235 0.339627296 0.888695538
63.000000 -0.367110103 -0.230064422 0.095061153 -0.045734279 0.303767711 0.340289742 0.888727427
63.100000 -0.368174702 -0.233505428 0.092437848 -0.043119520 0.303111613 0.341246963 0.888715148
63.200000 -0.367711127 -0.238768414 0.090698346 -0.043686349 0.304908663 0.342470318 0.887601435
63.300000 -0.367725492 -0.240753457 0.093500599 -0.042281780 0.311246753 0.345906824 0.884130180
63.400000 -0.369261920 -0.241154060 0.093930140 -0.038137313 0.313086122 0.348434091 0.882675648
63.500000 -0.366236448 -0.249868482 0.094830006 -0.042484790 0.311737090 0.349056572 0.882708669
63.600000 -0.367168009 -0.253181756 0.095083505 -0.040013947 0.313942045 0.356202930 0.879180729
63.700000 -0.367579758 -0.258683324 0.094389275 -0.040427446 0.312701076 0.357942909 0.878897369
63.800000 -0.368788958 -0.260087252 0.095131472 -0.040182006 0.311915219 0.357252330 0.879468620
63.900000 -0.370950103 -0.260961860 0.095523253 -0.036227461 0.313247889 0.359262347 0.878347218
64.000000 -0.371408105 -0.263916582 0.099196836 -0.036382277 0.313823044 0.353607982 0.880427659
64.100000 -0.375876039 -0.262484163 0.101522684 -0.032791361 0.317823887 0.348775864 0.881060779
64.200000 -0.377674043 -0.264072806 0.102482170 -0.036970373 0.316423446 0.346024662 0.882483065
64.300000 -0.381571084 -0.263607383 0.106316403 -0.039135378 0.318599582 0.347869009 0.880880177
64.400000 -0.383477032 -0.264010817 0.104450271 -0.040626884 0.318052381 0.354943871 0.878183901
64.500000 -0.383867234 -0.264882028 0.107047245 -0.044179566 0.321489871 0.357648164 0.875659883
64.600000 -0.384033620 -0.266487867 0.110506356 -0.048314121 0.325962901 0.358459353 0.873453379
64.700000 -0.382769167 -0.266258538 0.109837085 -0.050392125 0.330649406 0.361194402 0.870442569
64.800000 -0.383973718 -0.264501989 0.109184310 -0.049310349 0.337346524 0.364655137 0.866482794
64.900000 -0.385051191 -0.265124530 0.108149827 -0.048663102 0.342332572 0.367739737 0.863254189
65.000000 -0.385930419 -0.263374686 0.105305910 -0.048744202 0.343748540 0.369442612 0.861958861
65.100000 -0.382699192 -0.264080018 0.104501784 -0.051547099 0.345538318 0.369549960 0.861033678
65.200000 -0.383111596 -0.261825770 0.104874253 -0.051659193 0.351575255 0.373200417 0.856999218
65.300000 -0.384993434 -0.261221647 0.100824654 -0.053778544 0.357450336 0.372481048 0.854748487
65.400000 -0.387822956 -0.258024663 0.101507783 -0.048974123 0.361762702 0.369709492 0.854426205
65.500000 -0.388329327 -0.259321392 0.103730366 -0.045113333 0.367633730 0.368842840 0.852505267
65.600000 -0.388675451 -0.260807008 0.105046213 -0.044592544 0.374824673 0.371734202 0.848134220
65.700000 -0.385874152 -0.261535317 0.105817527 -0.048547719 0.380840242 0.374450088 0.844032586
65.800000 -0.387805492 -0.257381797 0.107024312 -0.049172450 0.391556889 0.375154614 0.838763595
65.900000 -0.387757361 -0.254065812 0.108874246 -0.053098056 0.395665348 0.378836066 0.834932745
66.000000 -0.386769474 -0.253171891 0.107312232 -0.055418167 0.396408558 0.380487412 0.833677649
66.100000 -0.386763632 -0.252279222 0.111861110 -0.056403633 0.398139536 0.381100535 0.832505763
66.200000 -0.386182606 -0.252918363 0.111959517 -0.056830905 0.398044378 0.381614268 0.832286894
66.300000 -0.386065066 -0.252956033 0.110645294 -0.055909164 0.399428636 0.383942902 0.830613494
66.400000 -0.389617682 -0.249204129 0.101433143 -0.054842360 0.397132605 0.388222694 0.829795837
66.500000 -0.388992786 -0.247422740 0.103566140 -0.059023175 0.396963596 0.388069391 0.829661608
66.600000 -0.385634124 -0.248517454 0.109101623 -0.062356021 0.399363577 0.389014006 0.827821553
66.700000 -0.383965194 -0.247452110 0.108502552 -0.065349072 0.398106784 0.385937721 0.829634011
66.800000 -0.379929304 -0.248422816 0.108159974 -0.070584409 0.394680977 0.379509389 0.833796978
66.900000 -0.380317658 -0.244031340 0.108841702 -0.066750117 0.394429982 0.379970700 0.834021389
67.000000 -0.378202796 -0.242235169 0.106248364 -0.067121118 0.390371472 0.376011044 0.837687612
67.100000 -0.376614898 -0.241333261 0.101239830 -0.067046054 0.384872705 0.372037679 0.842001021
67.200000 -0.374097228 -0.240479559 0.099934265 -0.069999352 0.379435003 0.367050827 0.846405864
67.300000 -0.372026503 -0.240180641 0.103465945 -0.070311785 0.380751312 0.365950018 0.846265495
67.400000 -0.376435012 -0.233486503 0.099027812 -0.060266189 0.375756621 0.369412005 0.847767472
67.500000 -0.379554451 -0.224303260 0.095306352 -0.046131484 0.366053373 0.368635058 0.853220403
67.600000 -0.372982383 -0.234547377 0.094166517 -0.056055762 0.356155306 0.351751238 0.863876283
67.700000 -0.365421355 -0.237086415 0.095536277 -0.058403887 0.350812286 0.343039781 0.869392514
67.800000 -0.365057111 -0.232771009 0.094338611 -0.052357730 0.346982211 0.341265291 0.872009158
67.900000 -0.359775305 -0.233315051 0.090818137 -0.051575053 0.339144766 0.336194456 0.877094150
68.000000 -0.356912374 -0.231534392 0.089157417 -0.048420101 0.334854305 0.332242280 0.880422115
68.100000 -0.356148094 -0.224307954 0.082471624 -0.039596975 0.325916022 0.325590551 0.886680067
68.200000 -0.353822857 -0.225273475 0.078088731 -0.038211469 0.316745400 0.318092376 0.892765045
68.300000 -0.350328594 -0.227618203 0.080687255 -0.038351107 0.311637074 0.312715501 0.896448851
68.400000 -0.347256333 -0.227113575 0.072396904 -0.035712834 0.306054205 0.309082747 0.899735093
68.500000 -0.343688130 -0.228606701 0.069827810 -0.034510069 0.303526878 0.310060918 0.900301456
68.600000 -0.341023445 -0.227674216 0.066698745 -0.034858886 0.302100122 0.310887963 0.900482714
68.700000 -0.336703360 -0.227071345 0.066403493 -0.036428399 0.300788254 0.310782254 0.900896132
68.800000 -0.332801700 -0.223287493 0.065232426 -0.033996340 0.298935682 0.307016790 0.902896643
68.900000 -0.328268528 -0.221504837 0.061968252 -0.030868972 0.294336468 0.304216087 0.905464351
69.000000 -0.323134840 -0.218863249 0.058544531 -0.028190870 0.289067745 0.298869550 0.909022629
69.100000 -0.318403006 -0.216443077 0.052996516 -0.026926760 0.282996833 0.296588987 0.911714137
69.200000 -0.315055072 -0.211922362 0.049384326 -0.026571589 0.280150503 0.294721872 0.913207889
69.300000 -0.311030328 -0.206370234 0.044121936 -0.025637088 0.278198957 0.294259191 0.913980067
69.400000 -0.304688036 -0.202463895 0.035426661 -0.023898372 0.273996115 0.295251161 0.914976358
69.500000 -0.300958782 -0.199192643 0.029039994 -0.020484122 0.270270437 0.296201557 0.915859640
69.600000 -0.296472102 -0.197272882 0.024140939 -0.018146258 0.266523629 0.296626449 0.916868925
69.700000 -0.289515674 -0.194364920 0.015816912 -0.017976122 0.259876549 0.294949234 0.919318199
69.800000 -0.281319052 -0.189765796 0.007867455 -0.016934378 0.256812036 0.294339836 0.920393825
69.900000 -0.275300413 -0.185245559 0.005414054 -0.014581289 0.258282602 0.294161230 0.920079708
70.000000 -0.268340200 -0.180148676 0.000228241 -0.012825558 0.256467462 0.295795858 0.920089483
70.100000 -0.263823897 -0.171823621 -0.005256653 -0.012185469 0.253057033 0.297188401 0.920593679
70.200000 -0.255255878 -0.168610096 -0.009494409 -0.022072740 0.248530790 0.294531137 0.922494829
70.300000 -0.251732439 -0.164425686 -0.011805005 -0.032770559 0.246209607 0.293567687 0.923106134
70.400000 -0.246152624 -0.155621052 -0.017346688 -0.038536545 0.240833998 0.291516244 0.924949825
70.500000 -0.249164075 -0.144306570 -0.021937110 -0.037028424 0.237760529 0.293087542 0.925309956
70.600000 -0.247099876 -0.135686487 -0.027551427 -0.037452735 0.229889646 0.291041911 0.927923858
70.700000 -0.245520949 -0.135956287 -0.027226299 -0.041186437 0.224174798 0.288512230 0.929951608
70.800000 -0.240837902 -0.136099532 -0.025312014 -0.045972236 0.222813174 0.287036717 0.930511057
70.900000 -0.236625627 -0.132421196 -0.026613094 -0.045838006 0.222267404 0.288323134 0.930250406
71.000000 -0.232872277 -0.133778423 -0.025943317 -0.046459753 0.222478256 0.289835334 0.929699123
71.100000 -0.232402146 -0.132053435 -0.027825527 -0.043119151 0.221394569 0.289031476 0.930368781
71.200000 -0.231470555 -0.131893337 -0.030405454 -0.040730387 0.218476847 0.290015757 0.930859685
71.300000 -0.227779895 -0.129611135 -0.032365642 -0.040855769 0.213269874 0.286802053 0.933054864
71.400000 -0.223080695 -0.126867220 -0.038442127 -0.042625450 0.205914989 0.284857213 0.935221076
71.500000 -0.223366871 -0.118957944 -0.042772919 -0.038251374 0.200269029 0.282379597 0.937385142
71.600000 -0.222535640 -0.115551934 -0.042783819 -0.034156259 0.192724034 0.275253862 0.941236496
71.700000 -0.220067114 -0.115934163 -0.049399450 -0.033132691 0.182068244 0.269180208 0.945143044
71.800000 -0.221106187 -0.115043133 -0.049149185 -0.033289831 0.177676022 0.264411539 0.947317004
71.900000 -0.216558725 -0.113318361 -0.057111040 -0.032043293 0.169608161 0.261836946 0.949551284
72.000000 -0.214453697 -0.107800893 -0.060555913 -0.031089997 0.166373849 0.257052690 0.951460540
72.100000 -0.210444778 -0.101245522 -0.062593453 -0.028483413 0.164070442 0.253951013 0.952774107
72.200000 -0.206826732 -0.097953603 -0.067633636 -0.027187480 0.160818055 0.252330869 0.953796387
72.300000 -0.204577267 -0.089563839 -0.072683237 -0.025543731 0.158103496 0.248508781 0.955297947
72.400000 -0.203082889 -0.082936153 -0.076444164 -0.023584714 0.157206148 0.246183455 0.956098139
72.500000 -0.202252463 -0.076485112 -0.083258659 -0.022642566 0.157998189 0.241735861 0.957124710
72.600000 -0.198633164 -0.066742532 -0.090593077 -0.016480215 0.157690912 0.241291970 0.957413256
72.700000 -0.195157632 -0.057790294 -0.098295629 -0.009780670 0.154519171 0.241011739 0.958092630
72.800000 -0.193583563 -0.046023466 -0.107352495 -0.000163553 0.149239734 0.234518781 0.960587561
72.900000 -0.192046940 -0.041996304 -0.115638644 0.003092756 0.144923493 0.230906188 0.962117434
73.000000 -0.185533300 -0.035520978 -0.127259985 0.006977410 0.141472429 0.226448849 0.963668883
73.100000 -0.180033788 -0.029921954 -0.136752293 0.008117610 0.141254172 0.225080699 0.964012444
73.200000 -0.173530251 -0.023383643 -0.142267779 0.008178152 0.141796246 0.227032125 0.963474631
73.300000 -0.167837724 -0.015593959 -0.148448884 0.010577611 0.140046567 0.226072624 0.963932693
73.400000 -0.161324993 -0.008396985 -0.155866623 0.016081803 0.135330215 0.223579228 0.965111077
73.500000 -0.154804528 -0.000125134 -0.161388651 0.021445438 0.130902246 0.220431849 0.966340780
73.600000 -0.148182720 0.006201489 -0.170526415 0.026354188 0.125950500 0.220506757 0.966860235
73.700000 -0.144572079 0.012539349 -0.178133577 0.030714102 0.119986802 0.212608203 0.969256222
73.800000 -0.138788253 0.023489490 -0.183620349 0.032191470 0.116148099 0.207410991 0.970800698
73.900000 -0.133280426 0.031002242 -0.188091293 0.030903198 0.115251370 0.205094427 0.971441388
74.000000 -0.126560822 0.040460013 -0.191271722 0.034031354 0.113423266 0.199669763 0.972681344
74.100000 -0.125858516 0.046149101 -0.195860296 0.037010141 0.113333121 0.199082822 0.972703397
74.200000 -0.128473610 0.064232580 -0.201978505 0.053191945 0.110911250 0.197585121 0.972537637
74.300000 -0.122937940 0.044884738 -0.206581578 0.046966556 0.106620677 0.190067425 0.974833608
74.400000 -0.116411835 0.051334336 -0.209047362 0.051255945 0.097794868 0.186287910 0.976271391
74.500000 -0.110637948 0.056349613 -0.204890803 0.051245514 0.090374984 0.181076601 0.977966011
74.600000 -0.106065683 0.059919789 -0.202650294 0.053160869 0.085743524 0.180624709 0.978364289
74.700000 -0.102637053 0.059915923 -0.202687725 0.052950006 0.078170694 0.181678817 0.978814840
74.800000 -0.094914511 0.064191610 -0.204679787 0.054272991 0.071275719 0.176170081 0.980274618
74.900000 -0.087412484 0.069667429 -0.202165797 0.051875133 0.065630011 0.173092663 0.981346309
75.000000 -0.080743201 0.068257451 -0.203395724 0.048515819 0.062568836 0.165252656 0.983068109
75.100000 -0.074463800 0.076150946 -0.202092186 0.050838094 0.061095662 0.161149755 0.983724356
75.200000 -0.067687258 0.075790063 -0.201937377 0.050204925 0.056653026 0.157786161 0.984567642
75.300000 -0.059960287 0.076622099 -0.200270161 0.049387429 0.051233593 0.149682671 0.986169934
75.400000 -0.053478494 0.082585260 -0.195934027 0.051933408 0.046890307 0.136262462 0.988198757
75.500000 -0.041887797 0.084885314 -0.189272881 0.051545437 0.040359467 0.129588544 0.989404380
75.600000 -0.032101363 0.087836869 -0.181551933 0.052426051 0.033547066 0.120905913 0.990710795
75.700000 -0.023242343 0.087241329 -0.174574390 0.052683696 0.028325975 0.109737486 0.992159128
75.800000 -0.014857120 0.088027790 -0.167234272 0.055681735 0.023842402 0.102670580 0.992869496
75.900000 -0.004757321 0.088976741 -0.161672652 0.059515316 0.015325177 0.093273051 0.993741989
76.000000 0.003133657 0.087594420 -0.156274706 0.062385794 0.007744773 0.084828645 0.994410455
76.100000 0.014856787 0.086988792 -0.153225541 0.063421860 -0.000953899 0.075494297 0.995126784
76.200000 0.029033031 0.087058961 -0.144282490 0.061389234 -0.013053321 0.069726236 0.995589852
76.300000 0.033549987 0.089408137 -0.135832965 0.063330740 -0.018195184 0.059076820 0.996076345
76.400000 0.041382413 0.089275584 -0.130796015 0.064486891 -0.026232492 0.052991558 0.996165216
76.500000 0.049659297 0.092444688 -0.125775605 0.065255798 -0.034265760 0.043932669 0.996311963
76.600000 0.059462793 0.097704448 -0.120188192 0.066364609 -0.041197680 0.034290548 0.996354699
76.700000 0.063117951 0.096990958 -0.106674209 0.068201333 -0.046695374 0.025591349 0.996249557
76.800000 0.075896323 0.099789962 -0.107747570 0.070041068 -0.058538869 0.019907633 0.995625973
76.900000 0.076233856 0.099175364 -0.102809355 0.069547988 -0.061290585 0.016658599 0.995554686
77.000000 0.081186697 0.098584481 -0.097416922 0.070827112 -0.068484753 0.010728561 0.995077014
77.100000 0.088154703 0.099275529 -0.089563206 0.076858953 -0.076144546 0.002290093 0.994127512
77.200000 0.089347877 0.096151821 -0.089884505 0.080731496 -0.078129545 -0.004450839 0.993659079
77.300000 0.091785550 0.095586389 -0.084916323 0.082483016 -0.080463469 -0.007921608 0.993307292
77.400000 0.093772955 0.094573095 -0.083041742 0.083303854 -0.085236780 -0.012247840 0.992796600
77.500000 0.094959758 0.094964534 -0.079613775 0.085721903 -0.092121057 -0.018007739 0.991887689
77.600000 0.100014955 0.098635808 -0.078588866 0.089633778 -0.099494956 -0.026484951 0.990638733
77.700000 0.101646572 0.097599693 -0.075419679 0.090368815 -0.102415577 -0.028922364 0.990206003
77.800000 0.107887559 0.098973081 -0.072433934 0.095291741 -0.108987071 -0.037607346 0.988750219
77.900000 0.112774365 0.101386666 -0.070721783 0.097283117 -0.112361431 -0.041698441 0.988014221
78.000000 0.114482850 0.102379687 -0.067088008 0.098631889 -0.114166528 -0.043571666 0.987592638
78.100000 0.117854334 0.103412159 -0.065197073 0.099814653 -0.120347224 -0.044517815 0.986697376
78.200000 0.120356664 0.104666159 -0.062379953 0.102142043 -0.124333948 -0.047943920 0.985803962
78.300000 0.122766048 0.106059760 -0.059442520 0.103702247 -0.128958017 -0.048884436 0.985000491
78.400000 0.123374104 0.108269602 -0.058097582 0.106107093 -0.132387578 -0.049080387 0.984279394
78.500000 0.125666350 0.110096335 -0.056469765 0.106274307 -0.134089485 -0.051753860 0.983893931
78.600000 0.126860753 0.110732593 -0.052942272 0.107538693 -0.134504572 -0.053376265 0.983613193
78.700000 0.127387539 0.110357352 -0.050703399 0.110700317 -0.134576619 -0.054292347 0.983202398
78.800000 0.128721610 0.110488892 -0.045346409 0.114303850 -0.136738956 -0.057486113 0.982309759
78.900000 0.132350475 0.114131130 -0.044415593 0.118438050 -0.138520747 -0.066193819 0.981021345
79.000000 0.133890450 0.113344938 -0.041256242 0.120362513 -0.141700149 -0.067003399 0.980277777
79.100000 0.131551757 0.113739982 -0.038525239 0.125314519 -0.145726278 -0.065770730 0.979149818
79.200000 0.135131449 0.112076350 -0.037403442 0.128180951 -0.149886921 -0.064251453 0.978251159
79.300000 0.139412820 0.112611219 -0.036876198 0.130806953 -0.152066603 -0.062623911 0.977672517
79.400000 0.140293837 0.111229926 -0.034790225 0.131120548 -0.152269632 -0.057466161 0.977915645
79.500000 0.142506182 0.111151733 -0.035209477 0.131371394 -0.155103847 -0.055929404 0.977525592
79.600000 0.142254904 0.114143997 -0.036752917 0.130131751 -0.154043764 -0.056847870 0.977805972
79.700000 0.143064648 0.118296050 -0.035072304 0.126407102 -0.152085245 -0.057372656 0.978570223
79.800000 0.142496705 0.116803505 -0.035917304 0.121930137 -0.151334733 -0.057146747 0.979267657
79.900000 0.143002614 0.118680112 -0.037769336 0.120593719 -0.150338486 -0.056118052 0.979645967
80.000000 0.141768515 0.120938770 -0.036550976 0.120721795 -0.143342167 -0.054403149 0.980774999
80.100000 0.137993604 0.132013679 -0.044480704 0.124446250 -0.131338298 -0.053087793 0.982061625
80.200000 0.146331936 0.124126494 -0.037893817 0.117363110 -0.131895080 -0.050541688 0.982992947
80.300000 0.145691216 0.130437270 -0.042324733 0.115830295 -0.126199380 -0.046277538 0.984131813
80.400000 0.140078649 0.124549925 -0.033319756 0.108838946 -0.122162022 -0.043419659 0.985568523
80.500000 0.137036547 0.124936804 -0.034759887 0.110826634 -0.117623970 -0.045498680 0.985805213
80.600000 0.133693606 0.125572667 -0.033403330 0.110511243 -0.114639111 -0.041966438 0.986348808
80.700000 0.127985731 0.123403020 -0.031711899 0.108506449 -0.112234406 -0.040713459 0.986900270
80.800000 0.124108225 0.126246452 -0.031946644 0.109760851 -0.110733062 -0.040348079 0.986946166
80.900000 0.122937076 0.125861108 -0.030984677 0.106786884 -0.109848805 -0.039815128 0.987392783
81.000000 0.120784476 0.126363799 -0.030391451 0.104981303 -0.107690938 -0.038679861 0.987869143
81.100000 0.117216021 0.125294745 -0.027612828 0.105119847 -0.101464964 -0.036076047 0.988611758
81.200000 0.117799848 0.124753855 -0.028517354 0.104795657 -0.099039309 -0.030457538 0.989081085
81.300000 0.114374839 0.124340318 -0.027182125 0.103269488 -0.092645749 -0.026603123 0.989971936
81.400000 0.110674538 0.130138010 -0.025943264 0.104586683 -0.090931930 -0.028683595 0.989934504
81.500000 0.104553729 0.129892975 -0.023119465 0.102215409 -0.088347428 -0.027295018 0.990455329
81.600000 0.095704906 0.128569424 -0.017429482 0.104815096 -0.088470891 -0.019656010 0.990353644
81.700000 0.091442347 0.131284088 -0.025337253 0.110701092 -0.093432933 -0.017007723 0.989305973
81.800000 0.086845063 0.133211255 -0.025535606 0.111424372 -0.096004851 -0.013910813 0.989026845
81.900000 0.085127600 0.137039334 -0.031933289 0.111215219 -0.096317321 -0.013342508 0.989027858
82.000000 0.083009258 0.136371866 -0.028402839 0.109740488 -0.093176752 -0.015472207 0.989462376
82.100000 0.080664203 0.135507628 -0.029422894 0.113295726 -0.090058118 -0.018809758 0.989292562
82.200000 0.079889476 0.131268740 -0.031365521 0.114885755 -0.088061243 -0.016720343 0.989326477
82.300000 0.080566905 0.130107716 -0.030935947 0.115600042 -0.085880905 -0.016906369 0.989431798
82.400000 0.080965064 0.129324377 -0.029198080 0.115776636 -0.085683405 -0.017683228 0.989414692
82.500000 0.082472280 0.128548950 -0.028851051 0.116659380 -0.085689180 -0.019469563 0.989276946
82.600000 0.085849166 0.129493058 -0.024827741 0.116879076 -0.085918494 -0.022997499 0.989155412
82.700000 0.087513685 0.128567040 -0.020401973 0.114247739 -0.085900031 -0.027060850 0.989361584
82.800000 0.089003257 0.126138330 -0.015512947 0.112611048 -0.086984046 -0.031463131 0.989324272
82.900000 0.088857457 0.123009287 -0.013493042 0.110856920 -0.088360474 -0.035698283 0.989256680
83.000000 0.088419735 0.119537294 -0.008243363 0.108580157 -0.089947656 -0.038564596 0.989258587
83.100000 0.088232279 0.116924554 -0.006549839 0.107599415 -0.093541443 -0.041583702 0.988910079
83.200000 0.089071259 0.115856998 -0.005872741 0.107320994 -0.094679214 -0.043811146 0.988735855
83.300000 0.087916508 0.113443077 -0.003092784 0.102005616 -0.095443048 -0.048787117 0.988992035
83.400000 0.085836105 0.112079255 0.000678673 0.098336540 -0.099246830 -0.048593197 0.988998830
83.500000 0.083630852 0.119639307 -0.005379345 0.099168032 -0.101245277 -0.057503819 0.988234997
83.600000 0.079374269 0.120374762 -0.003257822 0.095978834 -0.097787440 -0.058517750 0.988838375
83.700000 0.077254720 0.123963237 -0.010586958 0.094400883 -0.093796119 -0.059941728 0.989291549
83.800000 0.073821507 0.123856366 -0.007036850 0.091588542 -0.090049021 -0.062366299 0.989754081
83.900000 0.071829304 0.124517955 -0.008149330 0.091454513 -0.088589855 -0.060365915 0.990022182
84.000000 0.070201248 0.122913137 -0.006693766 0.092418328 -0.089587227 -0.068149619 0.989337444
84.100000 0.069329396 0.118066974 -0.007131964 0.095886029 -0.089824744 -0.073681630 0.988589108
84.200000 0.069614902 0.113291174 -0.005535621 0.099332094 -0.090606265 -0.073565766 0.988186061
84.300000 0.073468029 0.108760506 -0.002836786 0.101413831 -0.096511900 -0.079025693 0.986993194
84.400000 0.076031066 0.102994472 0.002053551 0.104273029 -0.100334503 -0.083540440 0.985941708
84.500000 0.083392166 0.099030636 0.005271543 0.104483284 -0.103656411 -0.084593229 0.985485971
84.600000 0.089664899 0.095381692 0.012495531 0.104653493 -0.106605910 -0.086206868 0.985013306
84.700000 0.099849895 0.094225414 0.017504867 0.106219418 -0.115134768 -0.097243033 0.982855678
84.800000 0.107266665 0.095696867 0.023641696 0.107017010 -0.120545968 -0.107529834 0.981047034
84.900000 0.114441670 0.092519462 0.025673548 0.104622446 -0.122753777 -0.113355853 0.980375528
85.000000 0.121989243 0.085734285 0.029763665 0.103279993 -0.127234951 -0.116082564 0.979627132
85.100000 0.128843114 0.078526855 0.027187921 0.095993131 -0.134349719 -0.118001372 0.979189038
85.200000 0.131416872 0.065589085 0.028079923 0.080394909 -0.141397014 -0.129797235 0.978108466
85.300000 0.140624657 0.074376620 0.024549242 0.081656493 -0.152372524 -0.142179966 0.974627972
85.400000 0.149051204 0.069945261 0.023551427 0.077827677 -0.162066013 -0.143681735 0.973156214
85.500000 0.155433655 0.065419480 0.019916203 0.074582793 -0.168645859 -0.146944866 0.971804082
85.600000 0.160050988 0.061650760 0.017466448 0.073207527 -0.172631964 -0.149681732 0.970790505
85.700000 0.165541083 0.058174260 0.016760021 0.073165178 -0.175663486 -0.146085799 0.970797658
85.800000 0.172275856 0.053255789 0.016719278 0.071371108 -0.181927353 -0.149921954 0.969191432
85.900000 0.178285331 0.047243427 0.014754027 0.068242729 -0.183977410 -0.151919514 0.968718588
86.000000 0.183102474 0.042014409 0.016853206 0.066510536 -0.183653086 -0.148830593 0.969379902
86.100000 0.186347991 0.037389647 0.019336682 0.062576711 -0.187874928 -0.151174262 0.968469679
86.200000 0.189561129 0.034397949 0.020986114 0.059704427 -0.191201508 -0.154223636 0.967518687
86.300000 0.193170160 0.031057140 0.022192266 0.058222085 -0.195484832 -0.156754494 0.966345668
86.400000 0.196082443 0.028075052 0.023616862 0.059009492 -0.196253210 -0.162216485 0.965240061
86.500000 0.197633222 0.024718260 0.027402584 0.063260488 -0.198880643 -0.166011721 0.963786662
86.600000 0.198697582 0.019309167 0.022308145 0.064846568 -0.199144349 -0.164453611 0.963893890
86.700000 0.200081676 0.017664971 0.021647476 0.065343991 -0.200627178 -0.165915623 0.963302076
86.800000 0.199059457 0.018151553 0.021375418 0.063861452 -0.201194569 -0.166097730 0.963251770
86.900000 0.197781622 0.019333504 0.021830618 0.061827451 -0.202909008 -0.168492496 0.962608755
87.000000 0.197325349 0.020638749 0.021601103 0.058651961 -0.202294841 -0.170389399 0.962602794
87.100000 0.195889473 0.022050206 0.023036305 0.052777804 -0.200138375 -0.172196716 0.963071883
87.200000 0.193730354 0.027192635 0.020103440 0.048046645 -0.196514681 -0.171923026 0.964114070
87.300000 0.195861831 0.024431029 0.025791548 0.042318277 -0.198611200 -0.175921082 0.963231266
87.400000 0.196351781 0.027256617 0.022666033 0.043410249 -0.195804372 -0.178740039 0.963238418
87.500000 0.197310105 0.024185095 0.024919480 0.041074093 -0.193757460 -0.180934533 0.963345051
87.600000 0.197309643 0.020959081 0.024833977 0.040547978 -0.189206064 -0.182346746 0.964005470
87.700000 0.200414807 0.019384997 0.023958523 0.040763795 -0.186929956 -0.182660386 0.964380980
87.800000 0.201104254 0.017073771 0.019672912 0.037959546 -0.181749567 -0.183625698 0.965301871
87.900000 0.204653785 0.014606940 0.018744290 0.033735055 -0.181075722 -0.183557317 0.965598345
88.000000 0.205938250 0.018797679 0.015154518 0.032242678 -0.177179158 -0.184043691 0.966279387
88.100000 0.205479518 0.015043604 0.021217611 0.026845526 -0.178050488 -0.185194150 0.966064394
88.200000 0.206517324 0.015301489 0.019944455 0.026317954 -0.178320199 -0.186898634 0.965700865
88.300000 0.207432747 0.016789267 0.021569468 0.027609935 -0.178071871 -0.188220516 0.965453863
88.400000 0.207509443 0.019254576 0.021589994 0.026807738 -0.177022710 -0.187871531 0.965737343
88.500000 0.208037958 0.018123401 0.021455627 0.023821805 -0.175169870 -0.189766228 0.965783000
88.600000 0.204650149 0.018020062 0.024153050 0.022840422 -0.173740953 -0.188585535 0.966295958
88.700000 0.203364789 0.018839030 0.025465701 0.021933908 -0.174605444 -0.187097371 0.966450453
88.800000 0.201026022 0.017623311 0.028099265 0.019949486 -0.176183298 -0.186647981 0.966293931
