0.000000 0.000000000 0.000000000 0.000000000 0.000000000 0.000000000 0.000000000 1.000000000
0.100000 -0.000973501 -0.000281151 0.000428220 0.000690024 0.001788969 -0.001236635 0.999997377
0.200000 -0.002415318 0.002258723 -0.000257609 0.003087168 0.002167617 -0.001578006 0.999991655
0.300000 -0.003565232 0.000948553 -0.000157525 0.000959315 0.001453596 -0.002422813 0.999995530
0.400000 -0.002533649 0.003637061 0.000018697 0.001643681 -0.000521520 -0.002552374 0.999995232
0.500000 -0.000516918 -0.001553157 0.001322437 -0.001590579 -0.000942458 -0.003928895 0.999990582
0.600000 -0.001143596 -0.004376369 0.000936403 0.000419142 0.001117002 -0.003711181 0.999992371
0.700000 0.000584302 -0.002291749 -0.000816570 0.005800030 0.002071853 -0.000349305 0.999980986
0.800000 0.002743629 -0.003708836 -0.001884382 0.006220335 0.001736514 0.001114207 0.999978542
0.900000 0.005555444 -0.004480619 -0.002451105 0.007186423 0.001436041 0.001310542 0.999972284
1.000000 0.005778079 -0.003229654 -0.002117455 0.008369840 0.003275249 0.002097822 0.999957383
1.100000 0.006276514 0.000148325 -0.001218398 0.009131778 0.004500086 0.002874599 0.999944031
1.200000 0.006747541 -0.001937694 -0.000535756 0.006721344 0.004623360 0.002730766 0.999962986
1.300000 0.005590706 -0.006931111 0.000448018 0.004751372 0.005511859 0.002195558 0.999971092
1.400000 0.006931996 -0.008409888 -0.000437480 0.005842044 0.003853921 0.002168461 0.999973178
1.500000 0.008838153 -0.005250867 -0.001203386 0.008441029 0.002797758 0.003142099 0.999955535
1.600000 0.007736980 -0.005677694 -0.000379798 0.007159177 0.002956317 0.002741329 0.999966264
1.700000 0.009136847 -0.008436406 -0.000850077 0.006664574 0.001258786 0.000857284 0.999976635
1.800000 0.010139639 -0.009982986 -0.001072602 0.007318185 0.000168481 -0.000047721 0.999973238
1.900000 0.010109921 -0.010035317 -0.001032318 0.009463687 -0.000095133 -0.001148726 0.999954581
2.000000 0.008354469 -0.014137509 -0.000941702 0.008626498 -0.000284945 -0.001500836 0.999961615
2.100000 0.013358003 -0.013601287 -0.002502643 0.011142796 -0.004792168 -0.000314503 0.999926388
2.200000 0.015655288 -0.015250939 -0.002234481 0.011194826 -0.005393615 -0.000254241 0.999922752
2.300000 0.019260665 -0.016109163 -0.001968880 0.010760644 -0.006168449 -0.001126696 0.999922454
2.400000 0.021827782 -0.015602317 -0.001540343 0.011694757 -0.005700763 -0.000673411 0.999915123
2.500000 0.023510415 -0.018647749 0.000354069 0.009703108 -0.005003692 -0.000044492 0.999940395
2.600000 0.024310602 -0.019627366 0.002071244 0.009700682 -0.003869001 0.000810110 0.999945104
2.700000 0.024308162 -0.022403520 0.002667706 0.008415392 -0.002653086 0.000819797 0.999960721
2.800000 0.024944426 -0.026134009 0.001116349 0.007345665 -0.002751677 0.001355588 0.999968290
2.900000 0.028341809 -0.024902184 -0.001088623 0.008162556 -0.004613571 0.000367012 0.999955952
3.000000 0.032071263 -0.025369912 -0.002069668 0.006195343 -0.004109730 0.001785361 0.999970794
3.100000 0.037621737 -0.025414679 -0.005269445 0.004428767 -0.004566146 0.002322039 0.999977052
3.200000 0.038901873 -0.025636358 -0.007312315 0.002617693 -0.002432268 0.004672945 0.999982715
3.300000 0.036830675 -0.025175838 -0.008518671 0.002438990 0.001466959 0.006312356 0.999976039
3.400000 0.033864703 -0.029360132 -0.011051361 -0.000804865 0.002432330 0.007274595 0.999970257
3.500000 0.031117408 -0.032003008 -0.013126565 -0.001222478 0.003305648 0.007202866 0.999967813
3.600000 0.032343183 -0.031486735 -0.014527776 0.000480450 0.000741155 0.007450284 0.999971867
3.700000 0.032555897 -0.033857763 -0.014889433 -0.000393839 -0.000367868 0.006642890 0.999977827
3.800000 0.031645834 -0.036023699 -0.014952593 -0.001110106 -0.000103832 0.006735935 0.999976695
3.900000 0.030949403 -0.036637068 -0.015153747 -0.001149939 -0.000656605 0.007774505 0.999968886
4.000000 0.028043170 -0.038802914 -0.014905996 -0.001540848 -0.001047377 0.007444235 0.999970555
4.100000 0.027274787 -0.038425881 -0.013737703 -0.001260107 -0.004022664 0.007193215 0.999965250
4.200000 0.030874826 -0.037518851 -0.014473432 -0.002048856 -0.010348401 0.003718238 0.999937475
4.300000 0.037624426 -0.043170612 -0.015306499 -0.006637245 -0.014000398 0.001141557 0.999879301
4.400000 0.040412731 -0.042244613 -0.015169110 -0.007185722 -0.014418514 0.002209619 0.999867797
4.500000 0.042320911 -0.046489585 -0.013989398 -0.010037578 -0.014170784 -0.000868025 0.999848843
4.600000 0.040916421 -0.050544746 -0.014613993 -0.010443970 -0.013697232 -0.001514218 0.999850512
4.700000 0.044111088 -0.052775919 -0.017660089 -0.010061630 -0.018477667 -0.003130264 0.999773741
4.800000 0.046124399 -0.052926980 -0.020279162 -0.008597154 -0.022007087 -0.002193670 0.999718428
4.900000 0.051889695 -0.049640909 -0.022799229 -0.006921002 -0.026883408 -0.003039750 0.999610007
5.000000 0.056546487 -0.055835936 -0.021506969 -0.013831483 -0.028987451 -0.003498751 0.999477983
5.100000 0.051572055 -0.061238591 -0.020539096 -0.016730977 -0.026363675 -0.004621670 0.999501705
5.200000 0.051386762 -0.063187353 -0.023072463 -0.014941114 -0.029419633 -0.005403187 0.999440849
5.300000 0.055850722 -0.069668859 -0.025932193 -0.015667036 -0.033426259 -0.006576790 0.999296725
5.400000 0.058179144 -0.074533366 -0.027787579 -0.016955938 -0.035763562 -0.008433010 0.999180853
5.500000 0.063289993 -0.071685985 -0.030936932 -0.015230327 -0.041861769 -0.007431047 0.998979688
5.600000 0.066641212 -0.071277864 -0.032797031 -0.018214941 -0.048025422 -0.008933118 0.998640060
5.700000 0.069642536 -0.081685983 -0.030350445 -0.025559036 -0.051127423 -0.014655049 0.998257458
5.800000 0.071275525 -0.085720785 -0.029032961 -0.028482564 -0.052276947 -0.017774655 0.998068094
5.900000 0.076556623 -0.085531332 -0.028342929 -0.027280372 -0.055291977 -0.019100606 0.997914732
6.000000 0.077119052 -0.087945066 -0.027194692 -0.028302824 -0.056043424 -0.018037705 0.997864068
6.100000 0.080934450 -0.090914778 -0.026462670 -0.030390767 -0.057598338 -0.019474868 0.997687101
6.200000 0.084252782 -0.090081364 -0.026099097 -0.030673753 -0.058466569 -0.023221998 0.997547746
6.300000 0.083826080 -0.090051837 -0.026181612 -0.032784268 -0.058634702 -0.022136614 0.997495413
6.400000 0.087188669 -0.089762479 -0.027542111 -0.035567049 -0.063151784 -0.025664585 0.997039735
6.500000 0.090378389 -0.094593212 -0.027507961 -0.042695224 -0.068657055 -0.029667269 0.996284723
6.600000 0.092998728 -0.094110698 -0.027783865 -0.044619597 -0.072437003 -0.034604952 0.995773315
6.700000 0.092163041 -0.091329515 -0.028885420 -0.045525067 -0.073860936 -0.038892765 0.995469451
6.800000 0.099147417 -0.103822008 -0.026239004 -0.052182533 -0.084455676 -0.047855798 0.993908465
6.900000 0.096076898 -0.107686371 -0.027580623 -0.052120086 -0.081702389 -0.050406724 0.994015813
7.000000 0.103738360 -0.105362818 -0.028132631 -0.049555853 -0.084695138 -0.051273327 0.993852079
7.100000 0.106043056 -0.107326813 -0.026732460 -0.050764944 -0.084901094 -0.051364791 0.993768752
7.200000 0.109948277 -0.109846473 -0.024732687 -0.052392736 -0.086373001 -0.053364553 0.993452013
7.300000 0.110972576 -0.108991854 -0.022914730 -0.052878484 -0.085147478 -0.055434097 0.993418753
7.400000 0.110219985 -0.112643421 -0.021232463 -0.056211982 -0.084448151 -0.057190131 0.993195832
7.500000 0.108537458 -0.111938030 -0.021627519 -0.055473752 -0.084730789 -0.058353707 0.993145645
7.600000 0.109700024 -0.112490639 -0.020967329 -0.056684010 -0.087989613 -0.061445821 0.992607236
7.700000 0.108050101 -0.118347146 -0.018045157 -0.060412042 -0.088797197 -0.063819572 0.992165565
7.800000 0.109210096 -0.119048171 -0.018490653 -0.059275936 -0.092623115 -0.065679073 0.991762877
7.900000 0.110357180 -0.120483793 -0.018186495 -0.059214454 -0.096745662 -0.070747867 0.991024017
8.000000 0.113930844 -0.124364056 -0.017849240 -0.059669316 -0.101948678 -0.076612547 0.990038633
8.100000 0.116121590 -0.125639051 -0.017246485 -0.058241807 -0.104547650 -0.081412449 0.989469409
8.200000 0.122079551 -0.124166586 -0.015420847 -0.056738477 -0.108691245 -0.083818339 0.988909245
8.300000 0.123392850 -0.130178034 -0.012028500 -0.059600729 -0.108993165 -0.088382825 0.988310039
8.400000 0.123780437 -0.135138452 -0.009634778 -0.059853643 -0.108231552 -0.092478342 0.988003671
8.500000 0.129007518 -0.137435421 -0.007469609 -0.058413625 -0.111026086 -0.094343521 0.987603366
8.600000 0.131725848 -0.138296545 -0.004877005 -0.057320490 -0.111626543 -0.096246243 0.987416089
8.700000 0.132511452 -0.139562309 -0.001452696 -0.057932619 -0.112983890 -0.097422667 0.987110555
8.800000 0.131523594 -0.143758953 0.002589464 -0.060112003 -0.113578521 -0.100087479 0.986645341
8.900000 0.132927597 -0.143552855 0.004325517 -0.058598585 -0.116280861 -0.101905189 0.986235440
9.000000 0.138016045 -0.144425347 0.006869659 -0.058893360 -0.122062378 -0.103362873 0.985367179
9.100000 0.136680752 -0.146030128 0.009853955 -0.061220024 -0.123180695 -0.104524851 0.984963536
9.200000 0.135934621 -0.149703726 0.012846809 -0.063853666 -0.125795513 -0.108113617 0.984078050
9.300000 0.140421271 -0.152241245 0.016075645 -0.064988747 -0.130888745 -0.111054271 0.983011425
9.400000 0.140230045 -0.157455280 0.019841969 -0.068278894 -0.132179275 -0.115368344 0.982118487
9.500000 0.141148806 -0.158106357 0.022681169 -0.067567103 -0.132758915 -0.120049976 0.981528282
9.600000 0.148842931 -0.157837451 0.025636476 -0.066147104 -0.137852356 -0.122231871 0.980653167
9.700000 0.151655421 -0.158629924 0.028231703 -0.066296846 -0.139103010 -0.125308260 0.980078042
9.800000 0.148875907 -0.160945386 0.030312922 -0.066357754 -0.138742432 -0.128314435 0.979735970
9.900000 0.149954990 -0.164995581 0.031849686 -0.066753782 -0.141493931 -0.131423101 0.978903174
10.000000 0.152283967 -0.165303081 0.032181516 -0.065246895 -0.145381883 -0.133460864 0.978159070
10.100000 0.158798590 -0.163301259 0.032481197 -0.063367344 -0.151030898 -0.135552958 0.977138519
10.200000 0.161296755 -0.162589446 0.034273222 -0.064072520 -0.153756350 -0.139034197 0.976177871
10.300000 0.167104051 -0.164530993 0.036178097 -0.066035368 -0.157644451 -0.142802447 0.974882066
10.400000 0.170956358 -0.163587511 0.037291002 -0.065898284 -0.160197183 -0.144440889 0.974233568
10.500000 0.172279745 -0.166045651 0.039554644 -0.067891054 -0.160802126 -0.147491753 0.973539770
10.600000 0.175342947 -0.164751023 0.039834652 -0.066033825 -0.161783189 -0.146648750 0.973632336
10.700000 0.176462188 -0.167439878 0.041058406 -0.066944867 -0.163199857 -0.149313778 0.972928345
10.800000 0.175893188 -0.170720264 0.040969815 -0.066827826 -0.164488062 -0.150599048 0.972521245
10.900000 0.180514216 -0.166744292 0.039866935 -0.062398557 -0.168470412 -0.151094854 0.972056806
11.000000 0.182681695 -0.167203248 0.040398091 -0.062605642 -0.172632888 -0.153983504 0.970859110
11.100000 0.184880584 -0.169484600 0.042043217 -0.062885985 -0.176365614 -0.158019409 0.969520688
11.200000 0.189240396 -0.166619048 0.043219555 -0.060698662 -0.180505618 -0.159459516 0.968662024
11.300000 0.193504825 -0.166724935 0.046000101 -0.061723288 -0.183349371 -0.162577406 0.967544258
11.400000 0.197648749 -0.169765726 0.047555547 -0.064335033 -0.185929045 -0.166544735 0.966206074
11.500000 0.202227324 -0.170707792 0.049058694 -0.063586734 -0.185500816 -0.168134600 0.966062605
11.600000 0.209612682 -0.164949849 0.048377909 -0.061021615 -0.186200872 -0.167175964 0.966259658
11.700000 0.211410522 -0.166775227 0.051188979 -0.065381452 -0.185014069 -0.171644703 0.965418637
11.800000 0.205620840 -0.165540740 0.051620383 -0.067016095 -0.180617779 -0.175476104 0.965450227
11.900000 0.203530341 -0.168692932 0.052088600 -0.069740012 -0.181331545 -0.177998722 0.964661419
12.000000 0.207873195 -0.166900784 0.053110380 -0.068026647 -0.185567752 -0.181333929 0.963356078
12.100000 0.207497954 -0.167801052 0.053231783 -0.069223903 -0.185379311 -0.183510393 0.962894857
12.200000 0.208009988 -0.168857545 0.053056374 -0.068770654 -0.186766580 -0.184839115 0.962404966
12.300000 0.207866475 -0.169321418 0.052412320 -0.067920305 -0.187262714 -0.187724590 0.961810231
12.400000 0.207069442 -0.169637606 0.052664135 -0.067622706 -0.187901229 -0.190873951 0.961086571
12.500000 0.209324628 -0.168192253 0.053492744 -0.066575773 -0.189192533 -0.193067878 0.960467935
12.600000 0.209141225 -0.169349343 0.054250527 -0.067676365 -0.190333024 -0.196006283 0.959570110
12.700000 0.210363835 -0.167324752 0.055409107 -0.067824945 -0.191374138 -0.200128108 0.958501160
12.800000 0.207947105 -0.172602564 0.057506472 -0.071609721 -0.192377493 -0.204156950 0.957174420
12.900000 0.211675227 -0.171426862 0.058402658 -0.068830848 -0.194901258 -0.203356296 0.957038164
13.000000 0.214498654 -0.173480034 0.060707159 -0.068865471 -0.195757061 -0.206060812 0.956282198
13.100000 0.214166716 -0.172971115 0.062592462 -0.068735272 -0.192598432 -0.208677575 0.956365466
13.200000 0.215413764 -0.176879585 0.064731553 -0.069289520 -0.192578807 -0.212883621 0.955401957
13.300000 0.214354217 -0.175988019 0.066227093 -0.067937858 -0.191036791 -0.213286415 0.955718756
13.400000 0.216271788 -0.175533980 0.067428306 -0.066937111 -0.192406356 -0.215840042 0.954940975
13.500000 0.223641604 -0.175515383 0.070924804 -0.066014923 -0.197328880 -0.220814839 0.952861071
13.600000 0.230241850 -0.167638600 0.072264060 -0.061144695 -0.199900731 -0.220505238 0.952721596
13.700000 0.231510237 -0.163676247 0.073857039 -0.064412393 -0.199865893 -0.223256081 0.951872587
13.800000 0.224544108 -0.170036569 0.077268556 -0.071880430 -0.196082085 -0.228734970 0.950823486
13.900000 0.228580236 -0.164965108 0.078083336 -0.069609635 -0.196100459 -0.227775156 0.951219022
14.000000 0.229505435 -0.167198196 0.079890057 -0.072547816 -0.196962655 -0.229397014 0.950431228
14.100000 0.226054192 -0.164962828 0.079106748 -0.070338771 -0.195439145 -0.230025709 0.950759768
14.200000 0.221168071 -0.164790243 0.078038424 -0.069995031 -0.195309922 -0.231739014 0.950395584
14.300000 0.216700956 -0.166535318 0.078481771 -0.071215279 -0.192318261 -0.232927084 0.950624585
14.400000 0.226835057 -0.159651786 0.077325419 -0.065972768 -0.197543845 -0.232836783 0.949953198
14.500000 0.232013643 -0.147957683 0.075773492 -0.063324474 -0.196693093 -0.238426104 0.948922932
14.600000 0.220959678 -0.147199497 0.074412122 -0.068915278 -0.190768316 -0.242037863 0.948828697
14.700000 0.212166518 -0.149176970 0.070646361 -0.070673540 -0.188901857 -0.241152421 0.949298084
14.800000 0.219231725 -0.143781900 0.065865740 -0.064054295 -0.193786323 -0.236091137 0.950055182
14.900000 0.217974395 -0.144134641 0.060862880 -0.063002855 -0.192999393 -0.233593360 0.950902760
15.000000 0.222751468 -0.140358254 0.055189922 -0.058018025 -0.194721729 -0.229800120 0.951792657
15.100000 0.223970056 -0.139174208 0.049232174 -0.055329613 -0.192922026 -0.227451965 0.952882648
15.200000 0.230263963 -0.134504512 0.043917090 -0.050335106 -0.193113297 -0.222274259 0.954341531
15.300000 0.234301835 -0.130228013 0.038047396 -0.046845518 -0.193647951 -0.219665229 0.955014765
15.400000 0.233081639 -0.127693415 0.034284674 -0.045278218 -0.191426560 -0.217480451 0.956037641
15.500000 0.234917447 -0.123794824 0.030311547 -0.041490104 -0.193065643 -0.216738462 0.956048489
15.600000 0.236461267 -0.118675545 0.026736379 -0.036984392 -0.195751116 -0.216395661 0.955764890
15.700000 0.233562320 -0.118487187 0.021873929 -0.035696100 -0.196190119 -0.217621937 0.955445409
15.800000 0.242251545 -0.114095695 0.016120262 -0.029243261 -0.203326523 -0.215381250 0.954680085
15.900000 0.246309340 -0.109344564 0.011216938 -0.024506444 -0.204520687 -0.212968916 0.955099463
16.000000 0.253336191 -0.105792329 0.008935109 -0.020627383 -0.208582938 -0.210080072 0.954952359
16.100000 0.255545318 -0.104457721 0.008188657 -0.019549284 -0.209440276 -0.209898219 0.954827368
16.200000 0.265346110 -0.102305956 0.012362495 -0.018288709 -0.213068575 -0.209203407 0.954201877
16.300000 0.260967523 -0.106119528 0.013358235 -0.019923082 -0.210034281 -0.205662444 0.955610633
16.400000 0.262958527 -0.112486824 0.016399905 -0.020461030 -0.213671431 -0.206046775 0.954709709
16.500000 0.267785072 -0.119195379 0.021843053 -0.019454721 -0.217228293 -0.206843004 0.953755379
16.600000 0.271807581 -0.125408471 0.027341291 -0.018725082 -0.221236050 -0.209038392 0.952369094
16.700000 0.274723619 -0.141464114 0.035656311 -0.021812294 -0.222352847 -0.217508644 0.950143933
16.800000 0.284249246 -0.151446983 0.039924249 -0.021867074 -0.228719234 -0.216730937 0.948808193
16.900000 0.286566556 -0.160012603 0.044218697 -0.021213423 -0.233763725 -0.219525516 0.946949303
17.000000 0.300184578 -0.161859170 0.050395265 -0.016493697 -0.244963616 -0.223960638 0.943166196
17.100000 0.306602448 -0.163877159 0.057516642 -0.017345564 -0.251119256 -0.229030564 0.940310180
17.200000 0.311764926 -0.168812215 0.065070748 -0.021560533 -0.254442483 -0.238045827 0.937085032
17.300000 0.321347654 -0.166933820 0.072949663 -0.021090392 -0.260823309 -0.245046511 0.933530152
17.400000 0.319862127 -0.174252540 0.079542287 -0.027734227 -0.263448060 -0.254374981 0.930117905
17.500000 0.322582901 -0.175726265 0.085621111 -0.028948380 -0.267915010 -0.260960132 0.926975369
17.600000 0.325973332 -0.175815359 0.091710187 -0.029386148 -0.275345623 -0.266548663 0.923186362
17.700000 0.326177806 -0.182553262 0.099313527 -0.031927045 -0.283517689 -0.273921520 0.918458164
17.800000 0.323825181 -0.187915415 0.102619179 -0.030302031 -0.292572439 -0.281615973 0.913332164
17.900000 0.315374196 -0.189791784 0.104303122 -0.027569739 -0.294857740 -0.291086942 0.909707189
18.000000 0.325992912 -0.195545971 0.112358160 -0.024491256 -0.308619767 -0.297238648 0.903218269
18.100000 0.334095418 -0.196771055 0.118402392 -0.021340324 -0.316472441 -0.301316202 0.899221003
18.200000 0.340504587 -0.197247267 0.125354722 -0.021310912 -0.318680495 -0.306760043 0.896597385
18.300000 0.346150041 -0.203964174 0.131120875 -0.025197776 -0.318866432 -0.305532187 0.896849692
18.400000 0.347038746 -0.203648910 0.133059368 -0.026692549 -0.315862030 -0.300560504 0.899545491
18.500000 0.348834306 -0.206607372 0.131579965 -0.028945200 -0.316277772 -0.298335195 0.900070369
18.600000 0.351300687 -0.206704900 0.128276795 -0.025955560 -0.318895489 -0.297521323 0.899507105
18.700000 0.348997056 -0.203768626 0.120323494 -0.021389900 -0.320399135 -0.295209676 0.899854481
18.800000 0.348659128 -0.204140469 0.118353248 -0.022934649 -0.328337729 -0.289450496 0.898825169
18.900000 0.347645015 -0.200238749 0.113963887 -0.021395842 -0.333675593 -0.285507798 0.898158133
19.000000 0.355540574 -0.202628911 0.111150876 -0.021655062 -0.339615822 -0.286958307 0.895459175
19.100000 0.360796422 -0.200598583 0.108962819 -0.020907899 -0.338781744 -0.288936883 0.895156562
19.200000 0.367690384 -0.193612143 0.110998556 -0.018436374 -0.335539669 -0.287561268 0.896873295
19.300000 0.360250145 -0.198703140 0.111425176 -0.026725490 -0.328875661 -0.286908031 0.899338841
19.400000 0.359013110 -0.196701452 0.110291302 -0.027605543 -0.325718611 -0.285358906 0.900952637
19.500000 0.362394035 -0.195440009 0.107618555 -0.027983401 -0.323511839 -0.285862625 0.901576161
19.600000 0.370125800 -0.185044065 0.110072315 -0.022138070 -0.321180999 -0.286330372 0.902423203
19.700000 0.365551412 -0.191710711 0.114285916 -0.032159138 -0.315972745 -0.281580359 0.905449927
19.800000 0.361197710 -0.194828615 0.108917527 -0.037872385 -0.308441401 -0.282055736 0.907675147
19.900000 0.364107966 -0.193357974 0.110290922 -0.039422739 -0.307983875 -0.280740023 0.908172250
20.000000 0.369856536 -0.191712484 0.109777123 -0.040010706 -0.308028400 -0.279779851 0.908427715
20.100000 0.366535544 -0.194496661 0.109300770 -0.045054831 -0.303562343 -0.280307829 0.909531534
20.200000 0.363533378 -0.201425716 0.111096978 -0.050164562 -0.301055789 -0.281162977 0.909833133
20.300000 0.363486767 -0.201064885 0.113510646 -0.050572772 -0.299377829 -0.279892892 0.910755336
20.400000 0.365583301 -0.203627944 0.118365392 -0.051387303 -0.301054955 -0.280085474 0.910097420
20.500000 0.366764218 -0.204948887 0.120895319 -0.051378649 -0.301876336 -0.281584442 0.909363031
20.600000 0.373601854 -0.199366063 0.123441316 -0.046018749 -0.302512586 -0.283804685 0.908748209
20.700000 0.374031633 -0.204345942 0.128071025 -0.051424816 -0.298219591 -0.290304244 0.907823801
20.800000 0.370519668 -0.211081296 0.128480464 -0.054215848 -0.292942107 -0.291838706 0.908887088
20.900000 0.371910363 -0.213534042 0.126099914 -0.052155472 -0.296879858 -0.289385915 0.908514202
21.000000 0.382131249 -0.213734895 0.126306772 -0.048033468 -0.307125866 -0.290113717 0.905097008
21.100000 0.381904900 -0.219794869 0.129196554 -0.050072156 -0.308310717 -0.294109285 0.903292358
21.200000 0.384164423 -0.222316265 0.129963040 -0.046935946 -0.309704185 -0.293310970 0.903243661
21.300000 0.389620543 -0.220899254 0.128895313 -0.040147893 -0.313742727 -0.292468339 0.902449965
21.400000 0.394806713 -0.220190540 0.129175484 -0.037109032 -0.318029732 -0.292027891 0.901221275
21.500000 0.399358213 -0.220171571 0.129936919 -0.035973009 -0.320752263 -0.293206424 0.899918854
21.600000 0.406247705 -0.218185589 0.130765885 -0.033023290 -0.324363977 -0.293592751 0.898610473
21.700000 0.407950699 -0.215235651 0.129944995 -0.032111995 -0.325630248 -0.295978785 0.897401989
21.800000 0.408424795 -0.216279492 0.128964856 -0.031836063 -0.331082225 -0.299371958 0.894285977
21.900000 0.396205306 -0.227669865 0.120526180 -0.042104676 -0.329239130 -0.301891267 0.893694878
22.000000 0.412644953 -0.218959898 0.130361095 -0.030874835 -0.345919877 -0.306262761 0.886334836
22.100000 0.407157242 -0.216360494 0.129069254 -0.029521652 -0.345580846 -0.311986774 0.884514928
22.200000 0.418526888 -0.212684721 0.135342017 -0.023302507 -0.357442707 -0.313569546 0.879412174
22.300000 0.431133449 -0.211078614 0.137321874 -0.021390347 -0.362981379 -0.319146067 0.875175834
22.400000 0.422541916 -0.213841766 0.143546715 -0.027640620 -0.360813528 -0.317016393 0.876669943
22.500000 0.419495612 -0.215549573 0.142408341 -0.030258138 -0.364531904 -0.315329880 0.875652850
22.600000 0.423976064 -0.216252536 0.146898374 -0.027128974 -0.374704719 -0.316337228 0.871086180
22.700000 0.430119991 -0.212718934 0.149975449 -0.021452690 -0.379991055 -0.316030860 0.869063318
22.800000 0.429566145 -0.216236576 0.153158128 -0.021345617 -0.381555259 -0.316247702 0.868301451
22.900000 0.435805172 -0.215405256 0.155087784 -0.017307987 -0.385377258 -0.311873496 0.868285537
23.000000 0.439469576 -0.216548577 0.158515126 -0.015822489 -0.391093791 -0.310885668 0.866109312
23.100000 0.432864517 -0.215800852 0.155576676 -0.012172316 -0.388029605 -0.313386261 0.866645217
23.200000 0.446869969 -0.212707788 0.157584652 -0.003771249 -0.394838959 -0.302763373 0.867422760
23.300000 0.456569433 -0.204554588 0.154898345 0.003257804 -0.398867458 -0.294905812 0.868288338
23.400000 0.462380588 -0.198829740 0.153672189 0.004434125 -0.399911791 -0.295989066 0.867433727
23.500000 0.468209624 -0.185554847 0.144729018 0.008250304 -0.397698522 -0.297633916 0.867860496
23.600000 0.460201919 -0.189485341 0.132503122 0.000365640 -0.394973099 -0.301796496 0.867706776
23.700000 0.474008292 -0.187826946 0.139061645 0.003252483 -0.407935679 -0.301263601 0.861869037
23.800000 0.472756147 -0.180963472 0.123155192 0.005799237 -0.404686451 -0.299890548 0.863863945
23.900000 0.475972831 -0.185866416 0.123867646 0.000023158 -0.412505448 -0.300030440 0.860128462
24.000000 0.480390668 -0.166077569 0.117709309 0.012519839 -0.413407713 -0.303387284 0.858425021
24.100000 0.496963292 -0.168224424 0.138999745 0.011483982 -0.428513616 -0.304933488 0.850446761
24.200000 0.502673268 -0.154090613 0.138085201 0.020812964 -0.423369348 -0.307975560 0.851748884
24.300000 0.502525091 -0.165460914 0.137040377 0.011828378 -0.417682707 -0.305299550 0.855683029
24.400000 0.515793800 -0.161015093 0.140813798 0.016034078 -0.418154359 -0.303496659 0.856025457
24.500000 0.514473438 -0.161496907 0.133384809 0.012692893 -0.407462269 -0.302097619 0.861713648
24.600000 0.523387909 -0.163088262 0.142206192 0.012009683 -0.408362806 -0.298103124 0.862687707
24.700000 0.518743038 -0.160183832 0.130363673 0.014046382 -0.396237075 -0.295928091 0.869037032
24.800000 0.521037102 -0.163913816 0.126973197 0.015681718 -0.396981716 -0.293476999 0.869500339
24.900000 0.523371816 -0.158463776 0.124563143 0.019911706 -0.394613713 -0.291775703 0.871062875
25.000000 0.528538823 -0.149252042 0.123986945 0.025526466 -0.396625936 -0.286207646 0.871849418
25.100000 0.524781942 -0.158227712 0.122886971 0.020373480 -0.396394879 -0.288107216 0.871464431
25.200000 0.521088004 -0.154268563 0.117098510 0.024981799 -0.396087229 -0.286873579 0.871891260
25.300000 0.524045467 -0.155211791 0.124704883 0.027326979 -0.404831886 -0.288703591 0.867187738
25.400000 0.521345735 -0.157973647 0.127114862 0.026130248 -0.405037403 -0.291941851 0.866043806
25.500000 0.524802089 -0.161546692 0.139016017 0.027215865 -0.413798958 -0.293348640 0.861380458
25.600000 0.523981333 -0.171251535 0.150337741 0.026619002 -0.419954628 -0.301249176 0.855674267
25.700000 0.523656487 -0.179831073 0.160936221 0.024685232 -0.426241815 -0.303466529 0.851831317
25.800000 0.522977114 -0.184287995 0.175239056 0.027493605 -0.436909705 -0.304583430 0.845921278
25.900000 0.519829512 -0.183128923 0.186031774 0.034889013 -0.442576081 -0.311182648 0.840282381
26.000000 0.529592395 -0.170258954 0.199574530 0.041807607 -0.452513576 -0.313099027 0.833938003
26.100000 0.521926999 -0.176346332 0.220671669 0.033258393 -0.455705613 -0.322823673 0.828861356
26.200000 0.521752119 -0.181501195 0.239256203 0.027582603 -0.458517075 -0.326035023 0.826258123
26.300000 0.512688398 -0.188158035 0.247251272 0.020100635 -0.455626726 -0.329594195 0.826660693
26.400000 0.509071171 -0.197061181 0.254564166 0.013772769 -0.455649465 -0.333874226 0.825058699
26.500000 0.503502011 -0.206056550 0.262594879 0.009544332 -0.457170099 -0.337407947 0.822836697
26.600000 0.497241616 -0.213853717 0.273326337 0.007210414 -0.459966451 -0.342336595 0.819258511
26.700000 0.492986143 -0.215144783 0.278951794 0.009479433 -0.459605515 -0.345693290 0.818027556
26.800000 0.491747558 -0.224901825 0.292098135 0.004496354 -0.465393513 -0.350722343 0.812639177
26.900000 0.485615849 -0.226712853 0.298881412 0.004770496 -0.465432823 -0.354831398 0.810829341
27.000000 0.481106102 -0.227243483 0.303457618 0.006064506 -0.464980781 -0.360864341 0.808413863
27.100000 0.474443018 -0.237096548 0.305391431 0.000208320 -0.465312958 -0.370386869 0.803926229
27.200000 0.468372554 -0.240855128 0.308700413 -0.001931262 -0.468365341 -0.378433138 0.798384964
27.300000 0.461446911 -0.245939761 0.310893774 -0.001535115 -0.472370535 -0.387271434 0.791760385
27.400000 0.454931796 -0.249069765 0.310613632 -0.000675092 -0.475603461 -0.394378930 0.786298990
27.500000 0.450817078 -0.248040825 0.312540144 0.002510261 -0.481133580 -0.401433915 0.779329836
27.600000 0.440499961 -0.254718870 0.311136186 -0.001425899 -0.483021677 -0.411362499 0.772961140
27.700000 0.435963243 -0.255126268 0.315100223 0.000924246 -0.487337857 -0.417571574 0.766899586
27.800000 0.436960042 -0.258090168 0.322133183 0.001835263 -0.494117588 -0.419672430 0.761393130
27.900000 0.435074478 -0.257886291 0.324056506 0.002981818 -0.495220602 -0.423431486 0.758586466
28.000000 0.432521820 -0.260052443 0.325736105 0.001361117 -0.496072143 -0.426855773 0.756111622
28.100000 0.432686299 -0.260141402 0.328672647 0.002304328 -0.497395337 -0.429440916 0.753772557
28.200000 0.432957947 -0.260881275 0.329517186 0.002314807 -0.497749656 -0.432658553 0.751695752
28.300000 0.434175938 -0.260402381 0.332524359 0.001965507 -0.497486711 -0.436091781 0.749884725
28.400000 0.436101556 -0.260155410 0.336777627 0.002569354 -0.499097139 -0.439459860 0.746840358
28.500000 0.436428934 -0.263534427 0.339892864 0.000354891 -0.499461234 -0.442710280 0.744678378
28.600000 0.437934875 -0.265191436 0.344877124 -0.000715301 -0.499082953 -0.446351886 0.742755473
28.700000 0.439355612 -0.269974560 0.351127803 -0.001931862 -0.501098633 -0.449307114 0.739607692
28.800000 0.441711903 -0.269915491 0.353468180 -0.000830766 -0.499334097 -0.452618390 0.738783717
28.900000 0.441989928 -0.274359167 0.359427273 -0.003986096 -0.499351531 -0.456403971 0.736428916
29.000000 0.439980954 -0.278550804 0.362249017 -0.006509243 -0.498891294 -0.458768249 0.735252917
29.100000 0.442637801 -0.277415991 0.363049179 -0.002587016 -0.499714226 -0.462083012 0.732637942
29.200000 0.441180795 -0.281555653 0.367858589 -0.003007978 -0.501918614 -0.467670619 0.727566361
29.300000 0.436086208 -0.285289407 0.365269721 -0.003749153 -0.499852329 -0.472314745 0.725983739
29.400000 0.438210636 -0.282218754 0.366282165 0.000216916 -0.501475155 -0.472102374 0.725011706
29.500000 0.435379803 -0.284450918 0.367051184 -0.001315138 -0.500525177 -0.476642489 0.722692668
29.600000 0.436976582 -0.284503996 0.371718705 0.000452605 -0.501968741 -0.478830457 0.720242023
29.700000 0.433352113 -0.289461553 0.372795284 -0.002398598 -0.499524713 -0.483863175 0.718571961
29.800000 0.437331766 -0.286049187 0.374044418 0.001033194 -0.499680519 -0.483251303 0.718878627
29.900000 0.427103817 -0.292502940 0.370317578 -0.007726854 -0.495833606 -0.492722839 0.715061903
30.000000 0.426248133 -0.294205189 0.369988978 -0.006353356 -0.496529490 -0.493774861 0.713865876
30.100000 0.425444424 -0.297062933 0.371409476 -0.005746306 -0.496232450 -0.497611016 0.711409569
30.200000 0.429791272 -0.292241544 0.370677054 -0.000203148 -0.495067686 -0.498870701 0.711362064
30.300000 0.425807595 -0.296267331 0.370974153 -0.003465784 -0.494796544 -0.510160446 0.703491807
30.400000 0.422406048 -0.297575325 0.369252205 -0.005701708 -0.496420175 -0.507797420 0.704042792
30.500000 0.427214563 -0.295419753 0.368353754 -0.003918121 -0.504244685 -0.504315138 0.700990856
30.600000 0.423285961 -0.300928593 0.374665588 -0.009667824 -0.511576533 -0.508021712 0.692899644
30.700000 0.426094890 -0.302014977 0.380101591 -0.007437725 -0.514690638 -0.508374989 0.690357208
30.800000 0.431065857 -0.302008212 0.386121958 -0.006245017 -0.516855240 -0.508912325 0.688353062
30.900000 0.426381350 -0.304704726 0.384889364 -0.010203818 -0.511674166 -0.512439132 0.689559042
31.000000 0.427185178 -0.305005133 0.385007203 -0.008346722 -0.509965301 -0.513967216 0.689712644
31.100000 0.426275432 -0.305673122 0.385488540 -0.007351507 -0.508355558 -0.517619729 0.688179076
31.200000 0.425550580 -0.307857990 0.387905121 -0.007332033 -0.508872032 -0.519439995 0.686423779
31.300000 0.423277050 -0.309849679 0.388601661 -0.008346477 -0.506869078 -0.522110641 0.685867727
31.400000 0.421471655 -0.310697079 0.389461517 -0.007666134 -0.505667210 -0.525074661 0.684498727
31.500000 0.417020321 -0.315142006 0.392092586 -0.009209935 -0.506691813 -0.527761698 0.681649625
31.600000 0.417227864 -0.315068483 0.391256034 -0.004569955 -0.506473601 -0.531041741 0.679307222
31.700000 0.414316505 -0.318184614 0.392631292 -0.003094989 -0.507546008 -0.534908712 0.675470293
31.800000 0.414888978 -0.318524390 0.393193543 0.001181731 -0.506996810 -0.538428843 0.673087835
31.900000 0.403535396 -0.327143848 0.391733944 -0.004852957 -0.502546430 -0.544402361 0.671602249
32.000000 0.403604627 -0.331662595 0.391168177 0.000093607 -0.501824439 -0.544090092 0.672412157
32.100000 0.407727212 -0.328843713 0.389194965 0.008404244 -0.498230815 -0.541851342 0.676825345
32.200000 0.406598657 -0.330784142 0.388763309 0.007371283 -0.495945275 -0.540433645 0.679643571
32.300000 0.404252946 -0.334168196 0.387295425 0.008784146 -0.494068384 -0.538555861 0.682478487
32.400000 0.407176793 -0.333897173 0.385002911 0.013121683 -0.493838698 -0.533938110 0.686193347
32.500000 0.404208958 -0.341475964 0.383779526 0.010103583 -0.496997774 -0.533751488 0.684105635
32.600000 0.404394031 -0.340852678 0.377404392 0.012684344 -0.495395839 -0.532091796 0.686513245
32.700000 0.404111624 -0.340611070 0.376480222 0.010258351 -0.497774571 -0.526919246 0.688818812
32.800000 0.404025376 -0.340446055 0.375356793 0.008314642 -0.498058558 -0.523920536 0.690923870
32.900000 0.404380858 -0.340651244 0.371974587 0.004779464 -0.496979564 -0.520035923 0.694659054
33.000000 0.406293482 -0.340052783 0.371595174 -0.002633024 -0.498484671 -0.509360075 0.701468706
33.100000 0.406629384 -0.340876549 0.371922433 -0.006017352 -0.498037308 -0.507330120 0.703234553
33.200000 0.406003416 -0.340643764 0.370720059 -0.010818311 -0.495645314 -0.501772344 0.708832324
33.300000 0.407831639 -0.341097325 0.370430768 -0.010960213 -0.495339066 -0.498064071 0.711653948
33.400000 0.412877679 -0.338622540 0.371575713 -0.010503341 -0.495211244 -0.493753821 0.714746594
33.500000 0.418520153 -0.337337136 0.368922293 -0.010692064 -0.493133187 -0.493525535 0.716336429
33.600000 0.419331074 -0.336036593 0.362035841 -0.024133079 -0.486929446 -0.480090231 0.729267240
33.700000 0.422839940 -0.338964045 0.366481841 -0.026716800 -0.489670038 -0.478060246 0.728675425
33.800000 0.426187724 -0.339642018 0.363515645 -0.029164955 -0.487611502 -0.476585329 0.730924666
33.900000 0.431470692 -0.338855654 0.361874580 -0.030995538 -0.486781269 -0.472007006 0.734365463
34.000000 0.437457502 -0.337134480 0.357830942 -0.030707007 -0.485259682 -0.467561334 0.738218486
34.100000 0.445143163 -0.333851457 0.355018824 -0.029103389 -0.485241324 -0.462731451 0.741332233
34.200000 0.450097263 -0.331832498 0.349270463 -0.030117447 -0.481916010 -0.462248504 0.743758142
34.300000 0.455651283 -0.327557445 0.345501542 -0.030608203 -0.478949428 -0.459596783 0.747289360
34.400000 0.457684398 -0.327314913 0.341965199 -0.034599751 -0.476465225 -0.456061333 0.750860691
34.500000 0.459019899 -0.325908124 0.336565673 -0.037635710 -0.473787367 -0.449665278 0.756247461
34.600000 0.460888088 -0.326974690 0.333774656 -0.038786951 -0.473371059 -0.446809143 0.758140504
34.700000 0.463535935 -0.323461622 0.328109503 -0.039204851 -0.469605118 -0.436381787 0.766488731
34.800000 0.465479612 -0.321125209 0.322591215 -0.039605156 -0.466226906 -0.426753134 0.773915768
34.900000 0.466272175 -0.319370031 0.317491978 -0.041279767 -0.462050557 -0.415703803 0.782301486
35.000000 0.469114631 -0.312020391 0.311467588 -0.041096520 -0.456606030 -0.401997119 0.792603493
35.100000 0.467341542 -0.311292440 0.304240525 -0.051416889 -0.448296815 -0.387576163 0.803847611
35.200000 0.468801975 -0.307143658 0.300068617 -0.055341020 -0.443890214 -0.374516338 0.812180042
35.300000 0.469492435 -0.304604828 0.295177639 -0.057702351 -0.441189498 -0.369870931 0.815608799
35.400000 0.467747778 -0.302201152 0.290457308 -0.060189299 -0.437466443 -0.369698822 0.817510307
35.500000 0.465227604 -0.302934200 0.288444877 -0.063810579 -0.434573799 -0.363727480 0.821447611
35.600000 0.466866940 -0.300629139 0.285553098 -0.063274130 -0.431912571 -0.356121570 0.826211452
35.700000 0.467237353 -0.297307700 0.279746294 -0.061721992 -0.427306980 -0.353457689 0.829859495
35.800000 0.464244604 -0.298661679 0.276428759 -0.065363444 -0.424381584 -0.350926995 0.832152724
35.900000 0.462211192 -0.296686202 0.268202424 -0.066011287 -0.420549184 -0.346054703 0.836078405
36.000000 0.463671952 -0.292531669 0.262480348 -0.065173589 -0.419506758 -0.340961128 0.838756204
36.100000 0.464658082 -0.287804097 0.258035898 -0.064472638 -0.418985367 -0.336732090 0.840777040
36.200000 0.463948071 -0.284114838 0.252287269 -0.065720566 -0.415551156 -0.333198905 0.843787014
36.300000 0.461278319 -0.280274361 0.245447487 -0.066985019 -0.411575079 -0.329933494 0.846913695
36.400000 0.463103354 -0.273751915 0.238393456 -0.066363879 -0.409138441 -0.324371070 0.850285232
36.500000 0.463667810 -0.267407149 0.232947201 -0.064652443 -0.405322194 -0.318489790 0.854457855
36.600000 0.465583146 -0.261641711 0.227394789 -0.064649031 -0.401775539 -0.311371952 0.858745813
36.700000 0.463366717 -0.259429157 0.219304755 -0.067481801 -0.395057797 -0.305546910 0.863722563
36.800000 0.458825171 -0.260109276 0.210963115 -0.071657784 -0.389014632 -0.299464941 0.868247390
36.900000 0.459187418 -0.252480268 0.202076912 -0.069484964 -0.384049237 -0.290199369 0.873763323
37.000000 0.460635841 -0.245800734 0.194953069 -0.067520157 -0.381881863 -0.284370661 0.876778483
37.100000 0.461845696 -0.242377892 0.192235738 -0.066574514 -0.382335573 -0.284738868 0.876533568
37.200000 0.464642823 -0.240176916 0.186721131 -0.065163277 -0.380480856 -0.283931315 0.877707839
37.300000 0.462795019 -0.235952467 0.177740604 -0.065109581 -0.374257267 -0.278741151 0.882040560
37.400000 0.465338171 -0.230412841 0.175158605 -0.063872263 -0.372956574 -0.274404407 0.884039581
37.500000 0.464022756 -0.227535650 0.168417364 -0.063350089 -0.370423317 -0.270684808 0.886286080
37.600000 0.464601338 -0.221938699 0.162512213 -0.061609909 -0.366935581 -0.263795912 0.889929354
37.700000 0.466045082 -0.216010869 0.156097353 -0.056682218 -0.364674777 -0.262369722 0.891606152
37.800000 0.465943664 -0.203451842 0.143239796 -0.052863088 -0.357526839 -0.261640280 0.894943833
37.900000 0.452473074 -0.210721046 0.132393628 -0.060423456 -0.349259138 -0.269659132 0.895349681
38.000000 0.452671170 -0.200427055 0.122085929 -0.049118426 -0.350010127 -0.281930923 0.891961455
38.100000 0.449831158 -0.199892312 0.115669906 -0.046704974 -0.351066232 -0.290806830 0.888820827
38.200000 0.445880294 -0.194592223 0.106632277 -0.042270083 -0.347745508 -0.296744168 0.888385773
38.300000 0.443575799 -0.189505339 0.098781332 -0.038647491 -0.345750570 -0.302729726 0.887309194
38.400000 0.440904379 -0.189075679 0.092624485 -0.037798133 -0.344922543 -0.307864249 0.885900319
38.500000 0.436982334 -0.186785698 0.084877923 -0.033642557 -0.342910469 -0.311311454 0.885644257
38.600000 0.438945174 -0.184890836 0.079366237 -0.030910579 -0.344065338 -0.312029034 0.885043204
38.700000 0.435302526 -0.178493261 0.070225671 -0.027224638 -0.341475129 -0.311010540 0.886524677
38.800000 0.435809970 -0.171510190 0.064071149 -0.023860302 -0.342115790 -0.307544202 0.887583196
38.900000 0.435518146 -0.166930020 0.058979392 -0.023961470 -0.343074858 -0.304093778 0.888398826
39.000000 0.435989171 -0.163103878 0.056388095 -0.023956917 -0.342129529 -0.299532324 0.890311122
39.100000 0.433709860 -0.155267522 0.053121984 -0.023959244 -0.337549686 -0.292941660 0.894243419
39.200000 0.431291223 -0.146974683 0.054515660 -0.025164535 -0.334789336 -0.290555924 0.896024585
39.300000 0.419148594 -0.152251020 0.055188522 -0.032892674 -0.330811769 -0.291637510 0.896899760
39.400000 0.408883929 -0.149987042 0.057585582 -0.033716321 -0.327722132 -0.288262814 0.899091780
39.500000 0.391897500 -0.146016195 0.059417531 -0.034845486 -0.324311852 -0.283232450 0.901879728
39.600000 0.384563774 -0.140553296 0.066590354 -0.033058897 -0.324525416 -0.279694527 0.902973592
39.700000 0.374425203 -0.137654513 0.073928073 -0.033312909 -0.322536409 -0.278872609 0.903930664
39.800000 0.363038242 -0.135960504 0.079542294 -0.037664667 -0.320671648 -0.274334967 0.905809820
39.900000 0.357511640 -0.137142122 0.089622542 -0.042914845 -0.320740461 -0.266923755 0.907764077
40.000000 0.340468705 -0.145359740 0.092418663 -0.050126422 -0.312886655 -0.265582740 0.910524607
40.100000 0.335040540 -0.147827402 0.097486116 -0.049953446 -0.312077790 -0.264312834 0.911181033
40.200000 0.333714545 -0.148309216 0.102366485 -0.047738045 -0.308796078 -0.258938640 0.913956702
40.300000 0.331123710 -0.148670062 0.107025757 -0.048455335 -0.305880010 -0.255502224 0.915864706
40.400000 0.321327150 -0.146685362 0.110080257 -0.049791589 -0.297751039 -0.252897620 0.919188738
40.500000 0.311979294 -0.151871547 0.112736635 -0.055560157 -0.295272708 -0.247437805 0.921141505
40.600000 0.310562789 -0.151937455 0.117091693 -0.054744281 -0.296290517 -0.244599894 0.921621323
40.700000 0.306714892 -0.149449602 0.120160796 -0.054788809 -0.291866511 -0.242205411 0.923660457
40.800000 0.294621587 -0.149444640 0.122410446 -0.058282506 -0.284532458 -0.240865931 0.926082134
40.900000 0.289629906 -0.148783505 0.128566295 -0.059867423 -0.283270150 -0.239287481 0.926776886
41.000000 0.278857529 -0.148033008 0.131571263 -0.062255405 -0.276637077 -0.237914115 0.928974211
41.100000 0.266691297 -0.155900881 0.136010855 -0.067563564 -0.270468950 -0.235437825 0.931048214
41.200000 0.263205916 -0.157636702 0.142053246 -0.064864673 -0.266376823 -0.230877385 0.933558583
41.300000 0.257847220 -0.154919073 0.145520210 -0.062254298 -0.259992272 -0.227173850 0.936440289
41.400000 0.250942767 -0.153713286 0.145187184 -0.061259586 -0.251032770 -0.217717394 0.941184878
41.500000 0.252736747 -0.148544535 0.144956976 -0.055895090 -0.249913037 -0.211132333 0.943314612
41.600000 0.250501961 -0.145151138 0.143221706 -0.054673847 -0.245456606 -0.206115112 0.945662975
41.700000 0.242657602 -0.142245144 0.139750361 -0.052017231 -0.239883065 -0.200017825 0.948547959
41.800000 0.232603952 -0.141158119 0.137865037 -0.050097600 -0.236045346 -0.196636245 0.950319409
41.900000 0.227078855 -0.137118131 0.131621510 -0.041984614 -0.234591052 -0.186928943 0.953027725
42.000000 0.218062013 -0.135214955 0.125537843 -0.038702350 -0.227110952 -0.175451458 0.957151771
42.100000 0.210121274 -0.129124403 0.117512904 -0.031075275 -0.219971791 -0.161818728 0.961489201
42.200000 0.205168098 -0.120448880 0.109986149 -0.023984639 -0.212404430 -0.145501480 0.965990901
42.300000 0.200414285 -0.109235197 0.104176670 -0.017217193 -0.203595042 -0.135662392 0.969457746
42.400000 0.190304175 -0.107248835 0.099370226 -0.018546406 -0.189205661 -0.125689104 0.973683476
42.500000 0.188595623 -0.103051826 0.098725140 -0.018205922 -0.181211144 -0.115269601 0.976495743
42.600000 0.178584397 -0.104211189 0.094409592 -0.020173149 -0.166237414 -0.100148775 0.980779469
42.700000 0.176549226 -0.100635968 0.093203753 -0.018498003 -0.161162555 -0.088970430 0.982735336
42.800000 0.175061926 -0.094367102 0.091528952 -0.016545705 -0.153632984 -0.079977624 0.984747052
42.900000 0.165715188 -0.093744650 0.087750927 -0.018449552 -0.141528681 -0.069032729 0.987351894
43.000000 0.163153470 -0.090158388 0.086591288 -0.017481549 -0.137399718 -0.059753731 0.988557160
43.100000 0.157836914 -0.089914314 0.085424796 -0.016491616 -0.132802591 -0.052431617 0.989617348
43.200000 0.152465984 -0.085994840 0.083395630 -0.007900013 -0.126195893 -0.039640050 0.991181552
43.300000 0.154208928 -0.083587408 0.082291991 -0.000408562 -0.120189667 -0.019585120 0.992557645
43.400000 0.152505279 -0.082471974 0.076613687 0.002536580 -0.111994401 -0.010677508 0.993648231
43.500000 0.149513856 -0.079034038 0.075003013 0.003334717 -0.101697601 -0.002719038 0.994806051
43.600000 0.146428555 -0.073215105 0.073734328 0.005952540 -0.094071083 0.002412924 0.995544732
43.700000 0.143556863 -0.072743781 0.071098991 0.006623205 -0.089647710 0.002086736 0.995949328
43.800000 0.139571086 -0.070466645 0.068053246 0.007803472 -0.082599655 0.003876670 0.996544719
43.900000 0.135250464 -0.066086613 0.067482367 0.008245637 -0.076766498 0.003911047 0.997007310
44.000000 0.135282800 -0.062296227 0.067537375 0.007390935 -0.074553721 0.003837002 0.997182250
44.100000 0.131915435 -0.063700028 0.068311363 0.004208124 -0.070881791 0.006118218 0.997457087
44.200000 0.127845109 -0.064594664 0.069849364 0.002655621 -0.064891219 0.009923114 0.997839451
44.300000 0.127433509 -0.065009028 0.069907136 0.001740955 -0.061786357 0.014687047 0.997979820
44.400000 0.118142381 -0.063455500 0.069763809 0.002965824 -0.052441347 0.022072768 0.998375654
44.500000 0.109436944 -0.058455039 0.070092164 0.001882273 -0.048679233 0.021172566 0.998588264
44.600000 0.108226374 -0.051180035 0.070479877 0.001372577 -0.048858672 0.020713381 0.998589933
44.700000 0.101566151 -0.051334698 0.072979063 -0.002736086 -0.044244856 0.022286138 0.998768389
44.800000 0.097187929 -0.051128164 0.075394750 -0.005394128 -0.040918436 0.023293039 0.998876393
44.900000 0.091787249 -0.051554643 0.078770056 -0.006501454 -0.036382444 0.024258547 0.999022305
45.000000 0.084825285 -0.051351391 0.081510447 -0.007625710 -0.031513251 0.027545322 0.999094605
45.100000 0.071902700 -0.051785517 0.085041612 -0.009600122 -0.026000857 0.031029066 0.999134123
45.200000 0.064922497 -0.046352968 0.087071285 -0.008037359 -0.024578827 0.034289189 0.999077320
45.300000 0.063622445 -0.044412185 0.086318411 -0.010024481 -0.025847832 0.039072886 0.998851717
45.400000 0.058107492 -0.046856955 0.085873105 -0.014371029 -0.024425806 0.042697050 0.998686075
45.500000 0.050931375 -0.046035491 0.084130630 -0.015906788 -0.021340763 0.043562163 0.998696089
45.600000 0.044169553 -0.042512029 0.083081365 -0.015147045 -0.018649573 0.041321840 0.998856962
45.700000 0.038865589 -0.036985777 0.082297325 -0.012846079 -0.016274054 0.039221168 0.999015450
45.800000 0.033172384 -0.034490146 0.081452951 -0.013409646 -0.012899158 0.032253049 0.999306500
45.900000 0.023352509 -0.035620626 0.082341671 -0.013249832 -0.007127600 0.030105194 0.999433517
46.000000 0.015535224 -0.027617883 0.081661649 -0.006778704 -0.001991340 0.030418828 0.999512255
46.100000 0.013319721 -0.009072416 0.078939535 0.002316163 -0.001962045 0.036263648 0.999337673
46.200000 0.004185882 -0.012629365 0.084331118 -0.009119489 0.005823126 0.034741409 0.999337733
46.300000 -0.003059482 -0.002411946 0.086814336 -0.010101145 0.015126045 0.039886191 0.999038637
46.400000 -0.014969794 -0.014311237 0.090349384 -0.024173681 0.020736238 0.042466130 0.998590171
46.500000 -0.022679713 -0.013552320 0.089669518 -0.023942290 0.021031257 0.039018001 0.998730242
46.600000 -0.024812678 -0.004601271 0.087378696 -0.017470956 0.016438425 0.037108228 0.999023318
46.700000 -0.026849909 -0.008668642 0.088199645 -0.022385342 0.016198540 0.032029070 0.999104917
46.800000 -0.028793387 -0.007432649 0.086376548 -0.020843916 0.014009647 0.032197542 0.999165952
46.900000 -0.032688215 -0.016843207 0.084784657 -0.026589630 0.014593802 0.032333106 0.999016821
47.000000 -0.040200472 -0.023825636 0.082460374 -0.026224945 0.016180340 0.033898532 0.998950124
47.100000 -0.042149536 -0.022918334 0.078206770 -0.020516209 0.012914577 0.036609393 0.999035537
47.200000 -0.040137123 -0.022381140 0.074710555 -0.018681683 0.009218122 0.038645420 0.999035835
47.300000 -0.043785557 -0.019891623 0.074121736 -0.019474098 0.011686216 0.044003103 0.998773217
47.400000 -0.046983421 -0.025329459 0.075139165 -0.027457006 0.014050233 0.045955464 0.998467267
47.500000 -0.061765399 -0.019109972 0.075612023 -0.023851318 0.020487053 0.051417124 0.998182178
47.600000 -0.059983160 -0.023377724 0.074774086 -0.031437114 0.015589168 0.054175276 0.997914672
47.700000 -0.066165201 -0.026890444 0.076549828 -0.036308445 0.017378798 0.058855709 0.997454584
47.800000 -0.077621229 -0.035830524 0.078343302 -0.043418769 0.022966180 0.061105754 0.996922016
47.900000 -0.079504728 -0.043729298 0.077052183 -0.046131708 0.018551832 0.061010119 0.996897936
48.000000 -0.086571284 -0.051258579 0.077423573 -0.048082273 0.019177647 0.064412624 0.996579826
48.100000 -0.087004974 -0.055734243 0.072818823 -0.045700837 0.012575317 0.064680964 0.996779621
48.200000 -0.082078025 -0.051562384 0.068957463 -0.037127808 0.003800087 0.058186010 0.997607887
48.300000 -0.071654215 -0.064582884 0.065238014 -0.041408751 -0.001102148 0.051643811 0.997806132
48.400000 -0.067896098 -0.072141655 0.065703496 -0.040433276 0.004046598 0.048203032 0.998010635
48.500000 -0.077051163 -0.064444415 0.065893784 -0.026208047 0.015582157 0.048501298 0.998357654
48.600000 -0.071635991 -0.071200803 0.063937247 -0.024224265 0.015216705 0.049281042 0.998375177
48.700000 -0.071230769 -0.070069000 0.060410742 -0.015648846 0.020201208 0.052367914 0.998300850
48.800000 -0.064698651 -0.078756846 0.057491839 -0.017232560 0.022281554 0.053275544 0.998182476
48.900000 -0.064440802 -0.082198463 0.057291448 -0.017338408 0.027126886 0.054727443 0.997982144
49.000000 -0.058743641 -0.083185986 0.057463296 -0.017637717 0.026563294 0.059960708 0.997691393
49.100000 -0.058887638 -0.085414022 0.057421669 -0.017909661 0.026927326 0.060988318 0.997614443
49.200000 -0.058269285 -0.087223105 0.055739909 -0.019208064 0.026317561 0.062009729 0.997543633
49.300000 -0.058711104 -0.091922194 0.055174816 -0.020768100 0.027728200 0.064933732 0.997288048
49.400000 -0.057805125 -0.096083172 0.053190883 -0.020047694 0.028039964 0.067115635 0.997149646
49.500000 -0.057029527 -0.097782724 0.053093787 -0.018834185 0.031775005 0.068919376 0.996938169
49.600000 -0.051839042 -0.100027435 0.053878434 -0.018680504 0.036518890 0.069358282 0.996748149
49.700000 -0.054621324 -0.103344157 0.055021394 -0.018371616 0.042664800 0.072568975 0.996281028
49.800000 -0.053697269 -0.106963038 0.054993540 -0.018938288 0.043805737 0.074116305 0.996106982
49.900000 -0.057871703 -0.106294915 0.055423323 -0.016833726 0.046266045 0.075584345 0.995923221
50.000000 -0.061176661 -0.109762758 0.056651823 -0.018392792 0.046837665 0.075964950 0.995840013
50.100000 -0.061027996 -0.109724045 0.054970667 -0.017912889 0.045764145 0.075415179 0.995940447
50.200000 -0.060155291 -0.111503392 0.054026403 -0.017585147 0.045297526 0.073634394 0.996100843
50.300000 -0.060994212 -0.115516260 0.052324153 -0.017126026 0.047708329 0.070377067 0.996231735
50.400000 -0.059083659 -0.116218381 0.049909398 -0.016235320 0.049451269 0.070142426 0.996178210
50.500000 -0.063594759 -0.118054830 0.047797218 -0.015015224 0.053016081 0.071633585 0.995907903
50.600000 -0.067876533 -0.120236151 0.045205317 -0.014149251 0.054831579 0.072763860 0.995740294
50.700000 -0.067360647 -0.118928537 0.041243054 -0.014533862 0.057337657 0.072108530 0.995641291
50.800000 -0.067438632 -0.114673600 0.040540595 -0.019018685 0.068808176 0.079434954 0.994280577
50.900000 -0.069542632 -0.117671169 0.041907109 -0.025389127 0.075916983 0.083135836 0.993317902
51.000000 -0.076124929 -0.118279174 0.040028844 -0.027774565 0.078653626 0.087822273 0.992637575
51.100000 -0.073148884 -0.116617352 0.035085902 -0.035966989 0.073709734 0.091096014 0.992458940
51.200000 -0.079322934 -0.113688223 0.033874363 -0.041105047 0.075493984 0.094647393 0.991792738
51.300000 -0.083097868 -0.113106236 0.031241342 -0.046317510 0.073100902 0.093373127 0.991863072
51.400000 -0.087781318 -0.110483654 0.028180908 -0.049463004 0.070208587 0.097452529 0.991527677
51.500000 -0.094779685 -0.119561695 0.026818432 -0.057164777 0.067746639 0.096782371 0.991350472
51.600000 -0.093940817 -0.122028850 0.020234441 -0.056866575 0.063731283 0.099839821 0.991330683
51.700000 -0.099414557 -0.124762982 0.020538792 -0.057508931 0.067540169 0.103577450 0.990657747
51.800000 -0.097148813 -0.124046050 0.016841475 -0.056041732 0.065773949 0.104398020 0.990774512
51.900000 -0.100252934 -0.126033351 0.017544288 -0.057390139 0.069663465 0.105303146 0.990335584
52.000000 -0.100987047 -0.127785325 0.018104296 -0.058667637 0.071721174 0.103299379 0.990324914
52.100000 -0.103479952 -0.133217096 0.020397566 -0.060524493 0.074508145 0.103658371 0.989969850
52.200000 -0.099929929 -0.133318573 0.017165633 -0.056676641 0.073252767 0.105634667 0.990082383
52.300000 -0.099799871 -0.137206301 0.016966935 -0.055467058 0.074863963 0.106125087 0.989977896
52.400000 -0.102889396 -0.136737198 0.017076146 -0.051456299 0.078426190 0.111097619 0.989372969
52.500000 -0.102473825 -0.140473887 0.016610760 -0.052565716 0.076685518 0.112200975 0.989326596
52.600000 -0.104579620 -0.142152920 0.014835291 -0.051736668 0.075973697 0.113337249 0.989295721
52.700000 -0.103455000 -0.144359499 0.013459891 -0.051739801 0.075091079 0.113989845 0.989287913
52.800000 -0.107028916 -0.145689517 0.013078295 -0.051507916 0.076146923 0.115740314 0.989016056
52.900000 -0.106231943 -0.146784648 0.013704821 -0.053887144 0.074558899 0.114765808 0.989123821
53.000000 -0.107027091 -0.145835176 0.013845148 -0.053164482 0.074451156 0.116758518 0.988937855
53.100000 -0.107119389 -0.151484445 0.015830023 -0.055885479 0.074991792 0.118803427 0.988503337
53.200000 -0.105842717 -0.151994362 0.014775999 -0.055435535 0.073509783 0.121175908 0.988352001
53.300000 -0.108259149 -0.153520495 0.016488029 -0.055778909 0.075566404 0.122201703 0.988051176
53.400000 -0.105184324 -0.152082533 0.016793221 -0.056349371 0.076185651 0.122351050 0.987952828
53.500000 -0.108894646 -0.158138752 0.021257004 -0.058980208 0.080758855 0.121837884 0.987499297
53.600000 -0.106845066 -0.158808693 0.021592114 -0.056832705 0.081906974 0.123871401 0.987277627
53.700000 -0.106087163 -0.163767457 0.025146978 -0.056902260 0.084521815 0.126965910 0.986659944
53.800000 -0.104772523 -0.163481712 0.024122365 -0.053916778 0.085485727 0.131494299 0.986151338
53.900000 -0.103113875 -0.165728614 0.025060438 -0.055171534 0.085979834 0.133714020 0.985740423
54.000000 -0.101724207 -0.169314057 0.025214147 -0.056156579 0.088083498 0.136444971 0.985124588
54.100000 -0.105362624 -0.166046098 0.026232865 -0.052624814 0.092951991 0.138954803 0.984521270
54.200000 -0.107180923 -0.172235191 0.028611127 -0.055656571 0.096363090 0.139195204 0.983992457
54.300000 -0.113171346 -0.167210534 0.028545948 -0.051363721 0.098808095 0.140092850 0.983856022
54.400000 -0.114489302 -0.170685008 0.026759356 -0.053515084 0.098084569 0.140410393 0.983768523
54.500000 -0.114287019 -0.171752110 0.025662029 -0.054118078 0.099393882 0.142233327 0.983342111
54.600000 -0.112494819 -0.173375726 0.025379319 -0.054671571 0.100826696 0.146864831 0.982484460
54.700000 -0.110198699 -0.172923625 0.025501920 -0.054237206 0.101966202 0.151772022 0.981644809
54.800000 -0.116310231 -0.171943635 0.027854726 -0.054560356 0.107090250 0.156335101 0.980364323
54.900000 -0.116889067 -0.171611860 0.027961673 -0.056714434 0.108283073 0.158399403 0.979779541
55.000000 -0.119196966 -0.173976958 0.030538263 -0.060724303 0.111804366 0.161354631 0.978660822
55.100000 -0.121953443 -0.178402200 0.032024190 -0.063441299 0.114129283 0.165916234 0.977456629
55.200000 -0.121175237 -0.178313732 0.030161530 -0.064077429 0.111930043 0.169252783 0.977097332
55.300000 -0.123055741 -0.177645400 0.030892694 -0.066086918 0.111611724 0.172280937 0.976470470
55.400000 -0.127260908 -0.183204517 0.035028156 -0.073109500 0.113431528 0.174067736 0.975442827
55.500000 -0.132042691 -0.185022026 0.037547741 -0.075018905 0.114858203 0.175946102 0.974793673
55.600000 -0.129895270 -0.186330438 0.037235338 -0.077775180 0.110690013 0.176304907 0.974995077
55.700000 -0.132627741 -0.187653020 0.041058041 -0.079581961 0.112607479 0.175550312 0.974765778
55.800000 -0.135716334 -0.190300524 0.045464125 -0.082499772 0.114422113 0.174987569 0.974413037
55.900000 -0.138592929 -0.192739964 0.048675515 -0.084827438 0.115103371 0.174888104 0.974150717
56.000000 -0.142565921 -0.192929283 0.052448153 -0.084952965 0.116896540 0.174767420 0.973947942
56.100000 -0.139043346 -0.198163763 0.055613376 -0.088941947 0.114959382 0.174435988 0.973881781
56.200000 -0.139701992 -0.200300530 0.060190756 -0.089081854 0.115828007 0.174187124 0.973810613
56.300000 -0.140048102 -0.204219058 0.065812536 -0.090734497 0.116829775 0.174999565 0.973392606
56.400000 -0.140630141 -0.205423266 0.070445053 -0.091542855 0.118243344 0.178131580 0.972577810
56.500000 -0.145837128 -0.210307285 0.076798894 -0.094904132 0.122186899 0.180878118 0.971260369
56.600000 -0.148305967 -0.215032116 0.081364080 -0.097048782 0.122674800 0.183944434 0.970410645
56.700000 -0.150000483 -0.218427554 0.086229391 -0.097925089 0.121794738 0.186652049 0.969916344
56.800000 -0.153230458 -0.220725670 0.090657696 -0.098103553 0.125013933 0.192049012 0.968433976
56.900000 -0.149021387 -0.224650159 0.093552403 -0.101777785 0.123736516 0.197044358 0.967214584
57.000000 -0.156182915 -0.226182833 0.102178052 -0.103556514 0.130233482 0.199125439 0.965745509
57.100000 -0.156703308 -0.230295509 0.107410610 -0.108388171 0.129571125 0.198113680 0.965512455
57.200000 -0.157602504 -0.232971236 0.112760462 -0.109712943 0.130754784 0.200917840 0.964623392
57.300000 -0.159171075 -0.234211892 0.115983233 -0.108648300 0.132075220 0.202022001 0.964333355
57.400000 -0.165305898 -0.237088427 0.119064674 -0.108651862 0.134058073 0.200106174 0.964458823
57.500000 -0.172158346 -0.236469254 0.121224418 -0.107904017 0.134693965 0.200328618 0.964407980
57.600000 -0.172186285 -0.238201231 0.123359069 -0.111087389 0.132757440 0.199592054 0.964467764
57.700000 -0.172328308 -0.241535574 0.123846233 -0.114018738 0.131926134 0.200517282 0.964047730
57.800000 -0.171536490 -0.247009575 0.123244300 -0.115069531 0.131383210 0.202647746 0.963551462
57.900000 -0.172657177 -0.249261916 0.121898822 -0.113815926 0.132396713 0.203820884 0.963314116
58.000000 -0.172543764 -0.249262169 0.118652910 -0.111830533 0.131062388 0.204158559 0.963657558
58.100000 -0.176494479 -0.248266652 0.116895109 -0.110326797 0.131368637 0.205813468 0.963437080
58.200000 -0.177338362 -0.248220757 0.116082057 -0.112540677 0.130856872 0.205302924 0.963359654
58.300000 -0.175919205 -0.253834456 0.116761744 -0.115891248 0.130700290 0.206809148 0.962661207
58.400000 -0.174686253 -0.252185524 0.115310475 -0.114563219 0.131023586 0.205600426 0.963035047
58.500000 -0.172944337 -0.253990233 0.116147548 -0.114367351 0.133658588 0.206529856 0.962497234
58.600000 -0.172457948 -0.256736606 0.116092652 -0.112319954 0.138146147 0.207286909 0.961941779
58.700000 -0.167330936 -0.259615302 0.115642190 -0.112209469 0.137813330 0.206942484 0.962076604
58.800000 -0.165074825 -0.258431107 0.114874519 -0.108173206 0.140017182 0.207266003 0.962150991
58.900000 -0.162737682 -0.258808345 0.113412172 -0.106954008 0.140362471 0.208174944 0.962040722
59.000000 -0.155981630 -0.260283738 0.112161681 -0.107226096 0.139314309 0.209703356 0.961830854
59.100000 -0.153758332 -0.260560423 0.112393558 -0.106928438 0.142107710 0.211680129 0.961021960
59.200000 -0.148798198 -0.262789369 0.112462386 -0.106829189 0.144589797 0.213423699 0.960276902
59.300000 -0.146829545 -0.264420539 0.113311835 -0.105831720 0.146861896 0.214824781 0.959729910
59.400000 -0.147108212 -0.263037533 0.111860558 -0.102956615 0.148487180 0.216085821 0.959509432
59.500000 -0.143547714 -0.265748829 0.111207306 -0.104375690 0.146837816 0.217474118 0.959296286
59.600000 -0.143957004 -0.263474822 0.109846212 -0.102126911 0.147285938 0.220097929 0.958871126
59.700000 -0.141915798 -0.263345867 0.112315752 -0.104268603 0.148185372 0.220402658 0.958431959
59.800000 -0.138820708 -0.267044842 0.115498312 -0.108533069 0.149334162 0.220735252 0.957703412
59.900000 -0.137585282 -0.264705777 0.116031982 -0.108656734 0.149795279 0.221785203 0.957374752
60.000000 -0.135775760 -0.267758757 0.120605603 -0.112892263 0.150731817 0.220888481 0.956944942
60.100000 -0.133749694 -0.267177105 0.124747485 -0.115142606 0.151942238 0.219428048 0.956821322
60.200000 -0.129379705 -0.263394028 0.125562221 -0.115161754 0.149130225 0.218024790 0.957581937
60.300000 -0.130533591 -0.268638402 0.135080591 -0.122736283 0.153093576 0.215558335 0.956573486
60.400000 -0.126237810 -0.270937890 0.139483467 -0.127975404 0.151539072 0.211901635 0.956951380
60.500000 -0.126315773 -0.272725254 0.144649833 -0.130544826 0.151696905 0.209490225 0.957110167
60.600000 -0.123656236 -0.272534966 0.147944376 -0.133513451 0.148858309 0.207566366 0.957565427
60.700000 -0.119853437 -0.277177662 0.152231172 -0.139794320 0.142797634 0.204237804 0.958307505
60.800000 -0.112669572 -0.279914588 0.154395372 -0.144171402 0.137596652 0.198473319 0.959630191
60.900000 -0.110713825 -0.279128343 0.154360458 -0.142993957 0.135618687 0.196826175 0.960426867
61.000000 -0.109746747 -0.282674760 0.157412007 -0.145619586 0.135800764 0.195735574 0.960229516
61.100000 -0.109772034 -0.282409459 0.158630967 -0.145398632 0.135548055 0.194710597 0.960507035
61.200000 -0.108049393 -0.281599879 0.158501536 -0.148217529 0.132827595 0.190582901 0.961283803
61.300000 -0.104104586 -0.279379964 0.156669408 -0.151546061 0.129405022 0.186442569 0.962043285
61.400000 -0.093925357 -0.284575731 0.158114344 -0.161941841 0.124702282 0.178252682 0.962522805
61.500000 -0.094088763 -0.285943151 0.157090798 -0.159781128 0.127132282 0.178986102 0.962429941
61.600000 -0.092819892 -0.288132310 0.155970797 -0.158816144 0.125460610 0.177185148 0.963141978
61.700000 -0.091563359 -0.290220231 0.156712234 -0.159670293 0.125404730 0.174997479 0.963407993
61.800000 -0.091141544 -0.290889889 0.156461418 -0.161237836 0.122382514 0.174045831 0.963707924
61.900000 -0.085425809 -0.288883090 0.150302827 -0.161422953 0.114462577 0.172519490 0.964923799
62.000000 -0.080044486 -0.298495948 0.155716449 -0.173347935 0.113586836 0.170592353 0.963299930
62.100000 -0.073629424 -0.303184032 0.156472862 -0.175197914 0.111339636 0.170631215 0.963220716
62.200000 -0.075718999 -0.302303523 0.157706410 -0.175019950 0.113419935 0.166977972 0.963650525
62.300000 -0.072769478 -0.305819511 0.159348428 -0.179843456 0.110662527 0.164481416 0.963512301
62.400000 -0.073799752 -0.311207801 0.162851408 -0.184234336 0.110003561 0.161189407 0.963314533
62.500000 -0.070509575 -0.314166993 0.159836650 -0.184549496 0.103297196 0.160398006 0.964128435
62.600000 -0.059225220 -0.315872401 0.159600288 -0.186338261 0.095570438 0.156186014 0.965272129
62.700000 -0.059247587 -0.318676561 0.163180649 -0.188010335 0.098284736 0.155506864 0.964784861
62.800000 -0.056416396 -0.317402929 0.164780408 -0.189813659 0.098025449 0.151349440 0.965119243
62.900000 -0.058330148 -0.317888051 0.168800265 -0.192623511 0.101281203 0.148695678 0.964638710
63.000000 -0.059077758 -0.317897856 0.169172138 -0.192566186 0.100128323 0.142549053 0.965697885
63.100000 -0.059392512 -0.318979800 0.171970665 -0.192721695 0.099758081 0.136438116 0.966587424
63.200000 -0.057647511 -0.320466459 0.171339631 -0.192141235 0.098432668 0.136746913 0.966795206
63.300000 -0.051625710 -0.319509834 0.170660034 -0.191976503 0.093870752 0.135849580 0.967408001
63.400000 -0.052351177 -0.319072813 0.171789914 -0.193277195 0.094532244 0.132997528 0.967480838
63.500000 -0.050977707 -0.317766190 0.171064228 -0.195759058 0.093259968 0.132143244 0.967222393
63.600000 -0.049990755 -0.317892820 0.170005366 -0.199005470 0.088955991 0.130124554 0.967238963
63.700000 -0.049931951 -0.321052730 0.170542628 -0.201686218 0.087479331 0.128394604 0.967049599
63.800000 -0.048660539 -0.322907686 0.171148807 -0.201873943 0.085532583 0.128072128 0.967227280
63.900000 -0.049937595 -0.321352452 0.170344099 -0.199938968 0.084683873 0.126324788 0.967933416
64.000000 -0.049811926 -0.317869544 0.169291049 -0.198946223 0.081917614 0.122325115 0.968889296
64.100000 -0.049259793 -0.316823870 0.169358164 -0.199285135 0.078804776 0.119622603 0.969415128
64.200000 -0.052839324 -0.313582331 0.168705702 -0.197477475 0.076628655 0.116789073 0.970304608
64.300000 -0.051515803 -0.313538849 0.166636407 -0.199686199 0.067236744 0.110458069 0.971289694
64.400000 -0.045108821 -0.318637460 0.163968623 -0.206938252 0.054008108 0.101895891 0.971533298
64.500000 -0.047601897 -0.315560192 0.167607278 -0.207702488 0.050946038 0.092305638 0.972493649
64.600000 -0.048145670 -0.315183938 0.168383911 -0.206509694 0.046892218 0.080124356 0.974030256
64.700000 -0.046306193 -0.316052109 0.167915210 -0.205438405 0.042063817 0.072879329 0.975045800
64.800000 -0.042509995 -0.319640249 0.168636143 -0.206717983 0.038396068 0.069149971 0.975198269
64.900000 -0.037817013 -0.319808215 0.169629171 -0.206155881 0.038132042 0.069698103 0.975288630
65.000000 -0.037772536 -0.319426656 0.172293350 -0.205610663 0.039859429 0.067884542 0.975462496
65.100000 -0.036677878 -0.320404381 0.174866393 -0.206618175 0.038126886 0.061481815 0.975743413
65.200000 -0.037673991 -0.316316813 0.173918039 -0.202715874 0.035188179 0.054973662 0.977059841
65.300000 -0.034311887 -0.315953940 0.172729075 -0.203048706 0.026440158 0.041734889 0.977921426
65.400000 -0.031524159 -0.316895217 0.173797131 -0.206064045 0.021747546 0.033554308 0.977721214
65.500000 -0.030660247 -0.316816956 0.175020665 -0.206576943 0.022448704 0.031406708 0.977668464
65.600000 -0.029128425 -0.317203820 0.175867036 -0.208505630 0.020061079 0.027196974 0.977437079
65.700000 -0.026787195 -0.319449276 0.177955300 -0.210612923 0.014687956 0.017320590 0.977305710
65.800000 -0.028560620 -0.316547900 0.179508209 -0.207786992 0.012572264 0.003876076 0.978085637
65.900000 -0.022857338 -0.317619830 0.180137217 -0.206060261 0.006887239 -0.009856367 0.978465438
66.000000 -0.022149753 -0.317473620 0.181092620 -0.204109535 0.008681508 -0.021557994 0.978672147
66.100000 -0.017180482 -0.316902101 0.179659858 -0.201109260 0.005424017 -0.028002508 0.979153454
66.200000 -0.016554648 -0.315804988 0.179479674 -0.200073957 0.004233011 -0.032416139 0.979235232
66.300000 -0.016483715 -0.311508238 0.175469458 -0.198880434 -0.001883243 -0.037253965 0.979313612
66.400000 -0.014416235 -0.314250737 0.171851367 -0.202106878 -0.011926681 -0.045733113 0.978222370
66.500000 -0.015563610 -0.315069348 0.170919359 -0.203431860 -0.018099733 -0.055784125 0.977331042
66.600000 -0.017341096 -0.310326904 0.170928717 -0.201168135 -0.023227230 -0.064411320 0.977160692
66.700000 -0.016627567 -0.313828796 0.170135885 -0.204334959 -0.033350684 -0.078473166 0.975180447
66.800000 -0.018720152 -0.312044591 0.170317113 -0.206589684 -0.038564656 -0.089666508 0.973546803
66.900000 -0.021551572 -0.309542507 0.170852870 -0.206342727 -0.042542741 -0.101952501 0.972223461
67.000000 -0.023344621 -0.306880951 0.172164708 -0.206214219 -0.046583515 -0.113949455 0.970732331
67.100000 -0.021710308 -0.306375146 0.173422754 -0.207127586 -0.050573211 -0.122608952 0.969281971
67.200000 -0.019557038 -0.306985915 0.172149405 -0.206414223 -0.056418814 -0.132783264 0.967769980
67.300000 -0.017672528 -0.305675298 0.170326203 -0.206669167 -0.059963554 -0.137456924 0.966849446
67.400000 -0.017236983 -0.305699974 0.169230312 -0.209129408 -0.063906647 -0.145405650 0.964903116
67.500000 -0.015574011 -0.303754926 0.169591531 -0.209844813 -0.066964500 -0.152243063 0.963484824
67.600000 -0.015911749 -0.305489838 0.167919546 -0.210292801 -0.067993611 -0.156367078 0.962654233
67.700000 -0.015907189 -0.308221579 0.168999776 -0.213606492 -0.069625743 -0.164362714 0.960473537
67.800000 -0.014633724 -0.303822190 0.167424217 -0.210181519 -0.073541917 -0.168360427 0.960244834
67.900000 -0.014642671 -0.303181499 0.164501086 -0.209512517 -0.077933177 -0.174894392 0.958875835
68.000000 -0.014792414 -0.305592805 0.166773483 -0.211490110 -0.080504566 -0.180919901 0.957109690
68.100000 -0.013871290 -0.307298362 0.167539179 -0.214546978 -0.079866290 -0.184585989 0.955781877
68.200000 -0.011250930 -0.305446357 0.170014113 -0.215015903 -0.080333568 -0.185693726 0.955422699
68.300000 -0.009198161 -0.305389524 0.170614019 -0.214587227 -0.082300723 -0.189013451 0.954700410
68.400000 -0.007178535 -0.305287182 0.171513274 -0.214595214 -0.082518540 -0.191951782 0.954093337
68.500000 -0.008148909 -0.304206580 0.171991959 -0.212485194 -0.079926118 -0.195126131 0.954142392
68.600000 -0.007160888 -0.304088086 0.171597928 -0.209442690 -0.082553960 -0.196326494 0.954345107
68.700000 -0.006844001 -0.304304481 0.170490593 -0.207915112 -0.085386902 -0.199706644 0.953728318
68.800000 -0.004944307 -0.303683966 0.169408962 -0.208286896 -0.090688452 -0.202877894 0.952487648
68.900000 -0.006987479 -0.303518325 0.169415429 -0.212964669 -0.092553876 -0.207677171 0.950236797
69.000000 -0.009318176 -0.302870274 0.170692757 -0.214843795 -0.093315020 -0.215963274 0.947889388
69.100000 -0.008781370 -0.303548962 0.167240977 -0.217715994 -0.096351705 -0.221472546 0.945656419
69.200000 -0.009920501 -0.307289839 0.166195601 -0.225837409 -0.097182646 -0.226416096 0.942490697
69.300000 -0.006769257 -0.301718384 0.164930701 -0.222604051 -0.094288968 -0.232491016 0.942074835
69.400000 0.001855021 -0.302223116 0.165308043 -0.221976623 -0.095923141 -0.231294155 0.942352474
69.500000 0.009386159 -0.303239524 0.159263670 -0.220078230 -0.100365303 -0.229901746 0.942675769
69.600000 0.010770784 -0.300844222 0.151284963 -0.223343387 -0.102723792 -0.230979964 0.941389322
69.700000 0.005025714 -0.311847329 0.149344221 -0.238772407 -0.101760954 -0.247241184 0.933543921
69.800000 0.011609405 -0.293457389 0.145145401 -0.226884693 -0.106743060 -0.250447869 0.935096323
69.900000 0.013338979 -0.292845696 0.140982375 -0.223716199 -0.110321499 -0.258670330 0.933204114
70.000000 0.018934423 -0.292860568 0.138104022 -0.219659343 -0.115403116 -0.264397740 0.931947231
70.100000 0.023548588 -0.294585705 0.136884436 -0.219514832 -0.119554058 -0.268990219 0.930142105
70.200000 0.027060611 -0.292764336 0.135964021 -0.217334956 -0.122372538 -0.274720430 0.928611398
70.300000 0.028250322 -0.290996313 0.135587573 -0.216829106 -0.123328000 -0.280106813 0.926992714
70.400000 0.028960504 -0.290123969 0.137737095 -0.219033822 -0.124408543 -0.286593467 0.924343467
70.500000 0.029395755 -0.291242898 0.141134366 -0.218501702 -0.127026230 -0.292977035 0.922109425
70.600000 0.031825699 -0.293241501 0.140859455 -0.214635670 -0.129753038 -0.297818452 0.921086252
70.700000 0.032304667 -0.295979559 0.142305225 -0.214394704 -0.133126393 -0.300871372 0.919667721
70.800000 0.030869663 -0.297539890 0.142483130 -0.211310714 -0.134744972 -0.304479778 0.918957889
70.900000 0.028706022 -0.302508831 0.143216550 -0.211543858 -0.137462258 -0.309766680 0.916732192
71.000000 0.028688373 -0.303603858 0.144014850 -0.210079998 -0.138623133 -0.311060935 0.916455746
71.100000 0.027453903 -0.305566311 0.141807929 -0.209396243 -0.139720455 -0.312279791 0.916030943
71.200000 0.028879419 -0.306485832 0.139385208 -0.210075542 -0.144020885 -0.315711528 0.914030850
71.300000 0.027683672 -0.307620764 0.139274120 -0.212773755 -0.145813718 -0.320274681 0.911531568
71.400000 0.027324360 -0.307920545 0.139418200 -0.212807819 -0.145814404 -0.322931081 0.910585821
71.500000 0.023927754 -0.305502027 0.138052806 -0.211354405 -0.142082125 -0.324767888 0.910861015
71.600000 0.028850567 -0.306008369 0.138022065 -0.211425200 -0.142971829 -0.321875662 0.911731541
71.700000 0.029063853 -0.305998892 0.138543844 -0.212245911 -0.142304286 -0.322135359 0.911553562
