0.000000 0.000000000 0.000000000 0.000000000 0.000000000 0.000000000 0.000000000 1.000000000
0.100000 0.002043697 0.002255003 0.001113290 -0.000338385 -0.000910763 0.001287461 0.999998689
0.200000 -0.000256334 -0.000855767 0.004815209 -0.004485110 0.000109127 0.000401046 0.999989867
0.300000 -0.002794175 -0.000073661 0.007962401 -0.004331491 -0.000280099 0.000951529 0.999990106
0.400000 -0.002356644 0.000653826 0.009168460 -0.004698073 -0.003813732 0.000601556 0.999981523
0.500000 -0.002265031 -0.000985537 0.012094511 -0.007908639 -0.006628186 0.001134057 0.999946117
0.600000 -0.002067870 -0.002122274 0.015657494 -0.010349484 -0.009134263 0.000101054 0.999904692
0.700000 0.000587389 -0.003678510 0.018965209 -0.012146190 -0.011796369 -0.000321212 0.999856591
0.800000 0.006157814 -0.003276484 0.022314886 -0.014801766 -0.013454332 0.000101015 0.999799907
0.900000 0.008676248 -0.010574263 0.027773723 -0.020623228 -0.010502870 0.000394108 0.999732077
1.000000 0.011333576 -0.007274413 0.030161625 -0.017572960 -0.009817539 0.004818252 0.999785781
1.100000 0.013635713 -0.006743459 0.033436913 -0.019104570 -0.008947070 0.005572929 0.999761939
1.200000 0.014943300 -0.007593940 0.036651686 -0.019918565 -0.008533069 0.008976872 0.999724865
1.300000 0.016045945 -0.008315785 0.038359199 -0.020454479 -0.010339355 0.011043109 0.999676347
1.400000 0.017789973 -0.008414505 0.041867800 -0.020928886 -0.012535318 0.009209042 0.999659956
1.500000 0.020490585 -0.012938355 0.044812743 -0.023619011 -0.015045437 0.010384887 0.999553859
1.600000 0.022483809 -0.010549972 0.047883492 -0.023191178 -0.015831716 0.009745241 0.999558151
1.700000 0.020822398 -0.011600879 0.051792186 -0.024291523 -0.014908687 0.008995061 0.999553263
1.800000 0.019448934 -0.011708498 0.054652911 -0.024217615 -0.015162620 0.008291381 0.999557316
1.900000 0.019424481 -0.011819675 0.055078417 -0.023323895 -0.017296599 0.008414095 0.999542892
2.000000 0.021584896 -0.013372663 0.057386585 -0.025059624 -0.019890007 0.006906202 0.999464214
2.100000 0.023217436 -0.016224021 0.058523968 -0.025094314 -0.019799866 0.004887883 0.999477029
2.200000 0.022614438 -0.015281899 0.057153050 -0.022214541 -0.019919699 0.006611814 0.999532878
2.300000 0.024330772 -0.013150276 0.055966210 -0.020851996 -0.020478902 0.006022306 0.999554694
2.400000 0.024557477 -0.008484557 0.058402140 -0.021319531 -0.019200644 0.004738650 0.999577105
2.500000 0.019626968 -0.010462069 0.060975637 -0.023826260 -0.017253948 0.005729404 0.999550760
2.600000 0.017119406 -0.012362976 0.061530553 -0.021973537 -0.019267295 0.005625616 0.999557018
2.700000 0.017952019 -0.010468785 0.059985753 -0.018623356 -0.023564842 0.004737198 0.999537587
2.800000 0.018926622 -0.010332976 0.059303474 -0.018154124 -0.026171170 0.005908767 0.999475181
2.900000 0.024391329 -0.011348302 0.060807429 -0.015683908 -0.026345387 0.005886628 0.999512553
3.000000 0.016521856 -0.003916943 0.061509095 -0.010967461 -0.021218812 0.010618412 0.999658287
3.100000 0.020146994 -0.010214427 0.059246168 -0.015478908 -0.026694946 0.008647782 0.999486387
3.200000 0.020052278 -0.009797038 0.059275426 -0.014932220 -0.027824773 0.011864387 0.999430835
3.300000 0.019764559 -0.007853076 0.059787557 -0.014725985 -0.027718127 0.012495403 0.999429226
3.400000 0.021867726 -0.010618935 0.060272180 -0.015102343 -0.029533925 0.010749682 0.999391854
3.500000 0.015478957 -0.007838691 0.059000790 -0.013465347 -0.024794366 0.014586102 0.999495447
3.600000 0.015081974 -0.008089866 0.058019347 -0.011290692 -0.024270253 0.018397035 0.999472380
3.700000 0.013807599 -0.006403686 0.057539608 -0.008082386 -0.024365041 0.020033907 0.999469697
3.800000 0.011838874 -0.003125889 0.055815458 -0.008259039 -0.022431906 0.023218410 0.999444604
3.900000 0.011555972 -0.002734852 0.056166358 -0.008974448 -0.018691046 0.024921872 0.999474347
4.000000 0.009669430 -0.001161180 0.056167740 -0.008739496 -0.013149126 0.024993278 0.999562919
4.100000 0.007419321 0.008123207 0.054010570 -0.006275721 -0.009294948 0.029854661 0.999491334
4.200000 0.003017644 0.011286044 0.053704806 -0.008425868 -0.006052183 0.035144933 0.999328375
4.300000 0.000521931 0.009740260 0.052540742 -0.011837658 -0.004148811 0.040355749 0.999106646
4.400000 -0.001203001 0.013667090 0.050604466 -0.010733912 -0.001959581 0.046370778 0.998864710
4.500000 -0.006277455 0.015406249 0.048921622 -0.010661133 0.000206822 0.053840019 0.998492658
4.600000 -0.009588172 0.018203881 0.046385664 -0.007048734 -0.000309814 0.061095171 0.998107016
4.700000 -0.012608591 0.025126575 0.043283533 -0.001942175 0.001025524 0.065954119 0.997820258
4.800000 -0.014937758 0.029504888 0.039993003 0.000855665 0.001453794 0.072202168 0.997388601
4.900000 -0.017638126 0.033905178 0.036573105 0.004135314 0.002274326 0.077816173 0.996956527
5.000000 -0.022929879 0.037821051 0.034559518 0.008123103 0.004027823 0.082154214 0.996578395
5.100000 -0.025590414 0.039624494 0.029676240 0.012073683 0.003827118 0.085303187 0.996274531
5.200000 -0.025282536 0.040012702 0.025354093 0.015858606 0.001219462 0.091328539 0.995693803
5.300000 -0.029359384 0.054097928 0.022002473 0.026836662 0.001011217 0.098439962 0.994780540
5.400000 -0.029995754 0.055449408 0.019770443 0.026060484 0.000264078 0.103044368 0.994335294
5.500000 -0.033761263 0.061594542 0.016646812 0.029513735 0.001144949 0.109077513 0.993594348
5.600000 -0.035665989 0.066461541 0.014334809 0.031679545 0.000137395 0.112162538 0.993184745
5.700000 -0.040358599 0.070251122 0.013423430 0.034728546 0.002119826 0.116496392 0.992581487
5.800000 -0.044764739 0.075628959 0.011128508 0.038757212 0.002921195 0.121517248 0.991828084
5.900000 -0.052368961 0.083300255 0.009865883 0.043108042 0.004628825 0.123396456 0.991409898
6.000000 -0.052803136 0.089505352 0.007402794 0.045438956 0.001173454 0.125278488 0.991079867
6.100000 -0.053683769 0.091967799 0.007414650 0.044964563 -0.000170669 0.127492771 0.990819752
6.200000 -0.055060193 0.093039922 0.008125264 0.045009866 -0.000743146 0.130031779 0.990487397
6.300000 -0.056760635 0.093904294 0.010584174 0.046578988 -0.002311157 0.131779656 0.990181386
6.400000 -0.055137355 0.089632794 0.014886221 0.045108687 -0.003595152 0.132783324 0.990111589
6.500000 -0.060166746 0.088649370 0.018985271 0.048880484 -0.000241518 0.134452820 0.989713669
6.600000 -0.063603744 0.089597233 0.024137195 0.051232096 0.000820923 0.133457318 0.989729106
6.700000 -0.063039698 0.084273934 0.027046870 0.049098659 -0.001236078 0.133982927 0.989765823
6.800000 -0.064966820 0.081894733 0.029046059 0.050964467 -0.000343450 0.137430355 0.989199400
6.900000 -0.064425848 0.081811748 0.033251449 0.051385395 -0.001376891 0.140623450 0.988727808
7.000000 -0.065484911 0.075629324 0.037760682 0.045916423 -0.001956628 0.142067507 0.988789499
7.100000 -0.063336268 0.069944896 0.039476123 0.043859687 -0.004760946 0.146249563 0.988263488
7.200000 -0.063930042 0.064100049 0.041725226 0.043300617 -0.005005635 0.150269762 0.987683654
7.300000 -0.065246634 0.061991967 0.042704064 0.045629416 -0.004981716 0.154402539 0.986941218
7.400000 -0.070640862 0.060327739 0.044946715 0.047088530 -0.003264346 0.158784300 0.986184359
7.500000 -0.073178299 0.060942024 0.046094954 0.048077378 -0.003946049 0.159951881 0.985945463
7.600000 -0.087441914 0.062705673 0.048625086 0.046178047 0.001808156 0.158843011 0.986221671
7.700000 -0.082940467 0.056444697 0.052305210 0.038168646 -0.003072957 0.151863217 0.987659514
7.800000 -0.086427964 0.050757684 0.058567386 0.036466960 0.002129196 0.142636955 0.989100754
7.900000 -0.090762615 0.042583626 0.061270382 0.039572213 0.012650562 0.143713176 0.988746941
8.000000 -0.093521893 0.037821710 0.060213044 0.043540355 0.016159236 0.150347248 0.987541795
8.100000 -0.099454559 0.031460367 0.059278414 0.044125076 0.018295079 0.151868507 0.987245739
8.200000 -0.101547480 0.027013704 0.057653375 0.048281431 0.015786918 0.152620614 0.986978531
8.300000 -0.101108097 0.029716566 0.058777262 0.053035788 0.010816364 0.150139928 0.987181962
8.400000 -0.104586303 0.033860549 0.061007731 0.055044297 0.013637476 0.150953159 0.986913025
8.500000 -0.105397299 0.030638758 0.063117981 0.052491438 0.017409403 0.152919114 0.986690104
8.600000 -0.106645696 0.027713120 0.063731246 0.051760774 0.021242471 0.158007041 0.985851586
8.700000 -0.109537318 0.023829702 0.065247446 0.050267246 0.027982397 0.159475818 0.985524058
8.800000 -0.109884351 0.024567101 0.062296845 0.049897939 0.032478753 0.164008752 0.984660566
8.900000 -0.115282290 0.025809001 0.063935004 0.046408582 0.037885211 0.169581994 0.983693480
9.000000 -0.116457321 0.020580700 0.068555459 0.039387152 0.041964564 0.177747384 0.982391715
9.100000 -0.115505695 0.018919636 0.068847269 0.037337448 0.042883087 0.186356485 0.980835497
9.200000 -0.115549788 0.015758220 0.071296014 0.033837270 0.045959268 0.191023633 0.979924858
9.300000 -0.116248593 0.012891874 0.074116714 0.032192942 0.048757184 0.193763763 0.979306877
9.400000 -0.119513460 0.013229370 0.075449973 0.033638731 0.051193599 0.196468323 0.978594840
9.500000 -0.118903682 0.012609982 0.076084457 0.034386311 0.050718073 0.196156263 0.978656232
9.600000 -0.119502075 0.016305069 0.077287875 0.038305610 0.051013023 0.195514336 0.978623807
9.700000 -0.122502238 0.016914763 0.079258956 0.039077699 0.051830515 0.194079965 0.978835762
9.800000 -0.119943917 0.017733973 0.081458643 0.040108819 0.048860680 0.192134500 0.979330480
9.900000 -0.117559880 0.015005114 0.084334515 0.040603586 0.047778018 0.190566629 0.979669809
10.000000 -0.117354289 0.020618552 0.083617277 0.048265502 0.045814231 0.190617472 0.979406178
10.100000 -0.114427269 0.020595592 0.085618943 0.050277218 0.043621454 0.189364657 0.979648113
10.200000 -0.109275408 0.020407015 0.087136656 0.052721936 0.041106645 0.188375771 0.979818940
10.300000 -0.104877368 0.023205336 0.087216772 0.055952389 0.040522300 0.187414736 0.979848444
10.400000 -0.101525590 0.020165296 0.089086235 0.055583928 0.040756732 0.187005430 0.979937911
10.500000 -0.097987391 0.018182706 0.089551017 0.056285236 0.040613819 0.186840877 0.979935169
10.600000 -0.092170022 0.018250730 0.091975085 0.057688553 0.039438050 0.187960386 0.979687452
10.700000 -0.086370386 0.018566113 0.093140244 0.058403045 0.041712660 0.188732669 0.979402423
10.800000 -0.085407920 0.019286461 0.092850491 0.060204390 0.044096407 0.189265624 0.979086041
10.900000 -0.087709017 0.023807209 0.091356337 0.062184356 0.046990421 0.188258186 0.979021907
11.000000 -0.084110245 0.028541785 0.090975642 0.061660059 0.045992590 0.187208563 0.979303658
11.100000 -0.079610124 0.031349506 0.089287303 0.058465719 0.045714770 0.188036233 0.979354024
11.200000 -0.081738070 0.038981345 0.091887102 0.059992462 0.050681137 0.189699724 0.978696227
11.300000 -0.078499734 0.038539294 0.089588709 0.055884577 0.053492509 0.188946635 0.978935480
11.400000 -0.080207683 0.041157797 0.089493960 0.055291858 0.058188152 0.189532071 0.978588045
11.500000 -0.086970761 0.048303038 0.088527367 0.057466805 0.064946674 0.191912249 0.977573097
11.600000 -0.093697332 0.051399995 0.086745881 0.053833485 0.069752820 0.193495363 0.977136672
11.700000 -0.097412631 0.056377191 0.085263759 0.049935691 0.071668319 0.194258317 0.977053642
11.800000 -0.101275153 0.060140733 0.086003043 0.046391558 0.074322812 0.194841117 0.976913929
11.900000 -0.106412567 0.060434904 0.085810848 0.044016961 0.078026503 0.195537701 0.976595819
12.000000 -0.108538195 0.067822017 0.085272498 0.046196934 0.077584490 0.197160393 0.976204038
12.100000 -0.111073993 0.069685921 0.084766880 0.044247892 0.079652697 0.197159186 0.976127982
12.200000 -0.113842234 0.070855863 0.085718110 0.043388784 0.082451276 0.197784886 0.975807548
12.300000 -0.117310517 0.066817537 0.084155753 0.040939301 0.085837848 0.197619155 0.975654900
12.400000 -0.125011593 0.073466390 0.087757096 0.046200030 0.089212969 0.197788432 0.975082755
12.500000 -0.131784588 0.074290276 0.088181801 0.046991203 0.090652473 0.198375061 0.974792957
12.600000 -0.137589559 0.075425051 0.088545918 0.045356959 0.090229295 0.193852931 0.975818872
12.700000 -0.142369732 0.078520931 0.088945031 0.043988977 0.089003973 0.194417149 0.975881815
12.800000 -0.146882027 0.081682600 0.091483235 0.041698132 0.088487342 0.191896915 0.976527929
12.900000 -0.150493592 0.082893610 0.092531234 0.040591985 0.088491246 0.190340281 0.976878762
13.000000 -0.155457884 0.083301641 0.093358316 0.040382091 0.090199500 0.189184234 0.976955831
13.100000 -0.158483684 0.082450181 0.092384353 0.041063424 0.090452656 0.188884228 0.976962090
13.200000 -0.165317684 0.086004332 0.091592818 0.044951722 0.092070736 0.190184638 0.976387322
13.300000 -0.177117512 0.089977130 0.091899931 0.048541486 0.094301149 0.191292152 0.975785971
13.400000 -0.180151954 0.090880409 0.091717839 0.048662387 0.090281285 0.189967528 0.976418734
13.500000 -0.180846810 0.091022775 0.090365872 0.049300522 0.084899232 0.189376533 0.976984203
13.600000 -0.182353094 0.091306716 0.089566872 0.051157512 0.081333756 0.188483819 0.977364600
13.700000 -0.186351165 0.093172513 0.090345338 0.054140482 0.080055155 0.187304869 0.977536142
13.800000 -0.188176140 0.092844881 0.088922396 0.056964889 0.076941028 0.187161937 0.977653027
13.900000 -0.187861323 0.090321206 0.086578444 0.058768414 0.074211344 0.185981587 0.977982521
14.000000 -0.189817354 0.092835061 0.087045640 0.062033106 0.074000813 0.183724746 0.978223383
14.100000 -0.191570237 0.092961289 0.085943781 0.065607466 0.073338695 0.183529541 0.978076696
14.200000 -0.193384171 0.094324201 0.086837992 0.068680637 0.073307894 0.180356517 0.978458226
14.300000 -0.195437372 0.096009746 0.086359665 0.070729740 0.073551118 0.179551795 0.978441954
14.400000 -0.197082818 0.096566781 0.088153705 0.071704455 0.073567718 0.179868147 0.978311658
14.500000 -0.197443172 0.097396508 0.089470536 0.072246157 0.073196895 0.179537445 0.978360355
14.600000 -0.199510679 0.096767977 0.091389753 0.072392650 0.075319760 0.179164529 0.978256762
14.700000 -0.200685486 0.096653156 0.094147399 0.073412418 0.075546704 0.177997828 0.978376269
14.800000 -0.205472201 0.096998811 0.096375510 0.076538421 0.075583495 0.180782229 0.977623045
14.900000 -0.211001739 0.099270590 0.099439643 0.079495996 0.074075341 0.182290405 0.977222323
15.000000 -0.213813499 0.095462374 0.100854173 0.078658916 0.071760431 0.182044432 0.977508545
15.100000 -0.214089662 0.096251033 0.101986855 0.082125381 0.069160089 0.179251388 0.977927029
15.200000 -0.215430260 0.097732082 0.102953106 0.086568534 0.069148734 0.177069440 0.977942109
15.300000 -0.216635108 0.093951792 0.102344200 0.086545654 0.070661455 0.176721558 0.977898896
15.400000 -0.217599735 0.091727294 0.101443373 0.089095227 0.071069866 0.177107379 0.977570534
15.500000 -0.218615800 0.090658486 0.101896152 0.092341490 0.072403662 0.174086377 0.977714002
15.600000 -0.218826145 0.089658283 0.100692779 0.095810838 0.072881587 0.174214795 0.977321684
15.700000 -0.218337059 0.088833332 0.100702569 0.100180753 0.073158234 0.174551308 0.976802707
15.800000 -0.216389298 0.084466204 0.100035682 0.101712719 0.073868021 0.174834237 0.976540327
15.900000 -0.216545716 0.084401287 0.098783553 0.106377296 0.076093800 0.175100073 0.975824535
16.000000 -0.215827346 0.084629603 0.098611563 0.109343305 0.078764439 0.176181942 0.975089788
16.100000 -0.217449039 0.084570535 0.097892925 0.110055767 0.083617195 0.176455557 0.974555969
16.200000 -0.218644142 0.083989523 0.100165561 0.110801928 0.088962801 0.179395363 0.973460793
16.300000 -0.219199732 0.083382614 0.099305227 0.110283278 0.092958763 0.182729140 0.972525716
16.400000 -0.219749942 0.082419276 0.100394316 0.109598480 0.097100541 0.187345445 0.971319377
16.500000 -0.220143273 0.082197517 0.100307591 0.109505922 0.100432873 0.189167589 0.970637560
16.600000 -0.223128721 0.082317330 0.102576986 0.109359927 0.105781406 0.190136880 0.969896197
16.700000 -0.225882918 0.083324529 0.103564791 0.107130066 0.109281719 0.192826733 0.969225705
16.800000 -0.226534247 0.082183868 0.107208617 0.104084693 0.112869143 0.195749104 0.968560398
16.900000 -0.229177073 0.079191789 0.109384455 0.102290370 0.117313519 0.199502364 0.967456996
17.000000 -0.228267863 0.078163259 0.111192428 0.102012761 0.118851334 0.202587023 0.966657281
17.100000 -0.229368493 0.079201534 0.112666696 0.101403661 0.121583499 0.203433484 0.966203690
17.200000 -0.229997411 0.078252561 0.116871953 0.098137014 0.124405213 0.202683106 0.966339469
17.300000 -0.233626440 0.079188898 0.119528815 0.097781241 0.128113985 0.207529351 0.964861214
17.400000 -0.235640645 0.076978154 0.121579029 0.095802575 0.127790555 0.211607665 0.964216590
17.500000 -0.240352914 0.077940874 0.122077674 0.095979527 0.128782779 0.210565865 0.964295030
17.600000 -0.243224517 0.078133732 0.123027846 0.094574556 0.130339295 0.211092308 0.964109600
17.700000 -0.243967995 0.077941678 0.125180081 0.093585379 0.131307885 0.209788606 0.964359224
17.800000 -0.247441888 0.076127686 0.126632690 0.093602188 0.133715704 0.209720686 0.964041471
17.900000 -0.251372308 0.075694442 0.127456814 0.094549917 0.135701790 0.209915876 0.963628888
18.000000 -0.255254835 0.076502405 0.128225163 0.094806708 0.136326104 0.210410014 0.963407755
18.100000 -0.258025020 0.076650843 0.128425673 0.093649440 0.136038169 0.210693792 0.963499606
18.200000 -0.260243982 0.076338589 0.128902957 0.091532618 0.134736195 0.212516069 0.963485777
18.300000 -0.262839228 0.077301897 0.129515052 0.091989167 0.133173615 0.215508148 0.962994814
18.400000 -0.266170889 0.077729546 0.128773257 0.090976737 0.131691203 0.215349138 0.963330388
18.500000 -0.269560516 0.077833861 0.129858047 0.090071030 0.131035596 0.214781150 0.963631630
18.600000 -0.270513743 0.073803931 0.128075004 0.088286914 0.129846662 0.215536729 0.963788986
18.700000 -0.272791654 0.071278542 0.127232745 0.090238564 0.130279422 0.216844469 0.963256299
18.800000 -0.274232358 0.068024233 0.126038373 0.091050602 0.131947428 0.218663126 0.962541461
18.900000 -0.277107388 0.066172577 0.126775280 0.093471915 0.135806680 0.220966399 0.961245775
19.000000 -0.280733526 0.064531140 0.128197521 0.095119365 0.139926866 0.223918498 0.959809005
19.100000 -0.279846638 0.059548926 0.126874015 0.093125150 0.138825148 0.226128325 0.959646404
19.200000 -0.280126214 0.056342408 0.125549212 0.093757138 0.138096809 0.227699056 0.959318519
19.300000 -0.281868488 0.052924328 0.122194752 0.094263688 0.138412639 0.229736149 0.958737493
19.400000 -0.281657368 0.050817184 0.119797118 0.095300764 0.135826886 0.233029380 0.958209872
19.500000 -0.279037654 0.049182616 0.117867358 0.095702343 0.132807121 0.235841617 0.957904994
19.600000 -0.276648909 0.045514766 0.115228601 0.094858125 0.131843612 0.239543185 0.957203329
19.700000 -0.274480939 0.042937893 0.114302523 0.095515408 0.132348195 0.243490130 0.956071794
19.800000 -0.273514062 0.041704208 0.113623887 0.095290527 0.134633228 0.246755078 0.954937458
19.900000 -0.274285614 0.040158130 0.115484104 0.094361477 0.137797073 0.250186980 0.953684628
20.000000 -0.273815900 0.039172914 0.117359832 0.093930349 0.141076863 0.253782570 0.952296615
20.100000 -0.275530100 0.037989803 0.118727453 0.093752719 0.145783469 0.257435888 0.950623155
20.200000 -0.278407335 0.036188588 0.120391063 0.091969520 0.148706228 0.259881437 0.949678719
20.300000 -0.280173212 0.035658561 0.121456742 0.090465896 0.149820298 0.260944128 0.949356616
20.400000 -0.281804383 0.035305392 0.123445846 0.089251593 0.150841624 0.260532290 0.949422896
20.500000 -0.283314854 0.035697948 0.123797804 0.088488176 0.150933653 0.260069788 0.949606538
20.600000 -0.285008699 0.034079328 0.124647543 0.087448336 0.151742935 0.259319007 0.949779153
20.700000 -0.286287129 0.035041180 0.124738105 0.088343136 0.152040750 0.257111520 0.950248778
20.800000 -0.287800044 0.035369035 0.125077009 0.088504486 0.152665973 0.254577279 0.950815678
20.900000 -0.289990425 0.037516143 0.124939159 0.089825355 0.153745010 0.253663152 0.950762272
21.000000 -0.293131530 0.036787439 0.126176387 0.088841021 0.154711723 0.253687769 0.950691342
21.100000 -0.291726261 0.033830997 0.125025898 0.087068126 0.153262168 0.252004683 0.951537430
21.200000 -0.291130006 0.032782570 0.125155196 0.088998176 0.155329794 0.251568079 0.951139033
21.300000 -0.292952359 0.036055058 0.124225318 0.092090435 0.157337978 0.252684623 0.950218201
21.400000 -0.295543045 0.036408473 0.125725001 0.091591872 0.159052044 0.254454583 0.949508429
21.500000 -0.295186967 0.033061009 0.128049269 0.089475974 0.159394339 0.253658682 0.949865639
21.600000 -0.297513962 0.032367606 0.128975451 0.092388846 0.160988346 0.254266948 0.949155092
21.700000 -0.300756961 0.034448981 0.129787073 0.094494678 0.162610605 0.253876626 0.948775649
21.800000 -0.303388655 0.033103999 0.130989194 0.094285421 0.163697794 0.253744334 0.948644876
21.900000 -0.304476619 0.033306919 0.131894544 0.094622515 0.163603365 0.252314955 0.949008822
22.000000 -0.306383133 0.033089373 0.132660702 0.094398968 0.166339770 0.252572536 0.948486686
22.100000 -0.307728916 0.033984497 0.134118453 0.094712004 0.168448463 0.253022730 0.947963178
22.200000 -0.310494810 0.034968935 0.135521814 0.094865926 0.170701131 0.255177319 0.946966827
22.300000 -0.309939533 0.034252238 0.136498764 0.093469396 0.170507684 0.256860375 0.946685433
22.400000 -0.310303301 0.032918207 0.138249174 0.092676289 0.172806874 0.258019418 0.946031094
22.500000 -0.312580258 0.030692704 0.139759392 0.093825571 0.175357386 0.263306290 0.943989575
22.600000 -0.315116137 0.034329601 0.141847789 0.095685504 0.176194191 0.266932845 0.942627549
22.700000 -0.319140375 0.033682797 0.144723669 0.092421181 0.178990275 0.268809825 0.941892803
22.800000 -0.321501225 0.032644723 0.148055717 0.089024343 0.181901813 0.270454437 0.941191137
22.900000 -0.324549586 0.031609632 0.150249541 0.088745818 0.183258787 0.271804869 0.940564990
23.000000 -0.329185605 0.031614404 0.151611507 0.088827021 0.184400588 0.271321326 0.940473735
23.100000 -0.332550675 0.031202849 0.151772678 0.087837018 0.184665546 0.268813193 0.941234708
23.200000 -0.335712433 0.031855710 0.152486160 0.087397784 0.185472578 0.265944362 0.941931605
23.300000 -0.338403195 0.033050794 0.152934909 0.087076955 0.184950039 0.265522927 0.942182899
23.400000 -0.340591729 0.032129779 0.152988642 0.085778758 0.183830813 0.265935987 0.942404509
23.500000 -0.343261391 0.031228125 0.154367030 0.085830428 0.182221964 0.267129272 0.942374766
23.600000 -0.348797381 0.030393373 0.154968187 0.086147465 0.182955608 0.268304139 0.941869795
23.700000 -0.352300733 0.029418470 0.155841127 0.085618444 0.180890307 0.270387799 0.941721082
23.800000 -0.352852166 0.028882664 0.156734660 0.083527759 0.177875534 0.268097490 0.943136871
23.900000 -0.353633523 0.024153633 0.156593159 0.081107423 0.175922647 0.268804044 0.943513215
24.000000 -0.357877433 0.023936464 0.154513419 0.083364733 0.173779860 0.269680351 0.943463504
24.100000 -0.360316038 0.016163228 0.151630238 0.080344632 0.171831042 0.274577320 0.942669690
24.200000 -0.361046255 0.010708026 0.149123758 0.081648484 0.168683112 0.277905583 0.942150772
24.300000 -0.361200660 0.011710824 0.146867022 0.085475020 0.164012715 0.278512269 0.942456782
24.400000 -0.359223127 0.009757514 0.144290000 0.084737539 0.162104189 0.278792530 0.942770660
24.500000 -0.355446517 0.006146122 0.140852585 0.084296912 0.161348075 0.278587133 0.943000555
24.600000 -0.352449417 0.001654561 0.136217177 0.087142065 0.161939904 0.277272910 0.943027794
24.700000 -0.348278612 -0.001074850 0.131800205 0.091069154 0.161054283 0.278162956 0.942546189
24.800000 -0.345863312 -0.003037938 0.126348689 0.096074633 0.160404056 0.278145283 0.942165256
24.900000 -0.342335552 -0.006330482 0.120163940 0.100406051 0.159666926 0.274474859 0.942914963
25.000000 -0.337788910 -0.007050820 0.113398120 0.105621524 0.156975806 0.275977165 0.942358375
25.100000 -0.336336285 -0.007957936 0.108665735 0.108803943 0.156497926 0.276273310 0.941988945
25.200000 -0.332021654 -0.007263966 0.106533527 0.113773681 0.156700417 0.275572717 0.941573262
25.300000 -0.326965958 -0.009968595 0.102492370 0.117561989 0.159996435 0.275530040 0.940565526
25.400000 -0.320869505 -0.011501828 0.098457046 0.121090211 0.163395852 0.277592808 0.938925564
25.500000 -0.318289816 -0.010400608 0.097424224 0.125673205 0.168827459 0.279246449 0.936869740
25.600000 -0.312951088 -0.011482242 0.096843153 0.127678990 0.173101038 0.279186964 0.935835838
25.700000 -0.311552465 -0.012158530 0.095857531 0.129459247 0.179021358 0.277796328 0.934890866
25.800000 -0.313725531 -0.010964803 0.097567931 0.130214453 0.184777811 0.276376814 0.934086323
25.900000 -0.310515046 -0.008328566 0.095964462 0.128790110 0.185036227 0.275401056 0.934520721
26.000000 -0.305873483 -0.007824322 0.094436958 0.123878218 0.183353797 0.270546049 0.936931372
26.100000 -0.302947044 -0.008323659 0.094197996 0.119421013 0.181706116 0.266434163 0.939007163
26.200000 -0.299796760 -0.003151938 0.091112390 0.118496716 0.177342430 0.262211680 0.941144645
26.300000 -0.297311813 -0.003153585 0.089018837 0.116806015 0.174248159 0.259198397 0.942767322
26.400000 -0.294270456 -0.000446229 0.086355940 0.116453521 0.169860721 0.253509194 0.945155561
26.500000 -0.290939063 0.000700941 0.085301891 0.115145266 0.166144058 0.249808848 0.946960032
26.600000 -0.288881600 0.001936927 0.085014939 0.114311025 0.165069342 0.245279759 0.948431849
26.700000 -0.281005591 0.001877010 0.081572831 0.112598889 0.160590157 0.242787838 0.950045466
26.800000 -0.278522313 0.003850307 0.080728225 0.112502508 0.160629481 0.240403280 0.950656414
26.900000 -0.272252947 0.009268460 0.081123263 0.112741731 0.159579709 0.238235459 0.951350331
27.000000 -0.262975425 0.010947228 0.079269335 0.109123886 0.158632696 0.236937270 0.952254355
27.100000 -0.252635062 0.013912844 0.078731403 0.107264861 0.156965926 0.235484913 0.953101635
27.200000 -0.246581674 0.016652588 0.077066898 0.105082028 0.156841382 0.231655017 0.954303145
27.300000 -0.239715278 0.021171745 0.075891271 0.103628919 0.153459474 0.228233516 0.955835044
27.400000 -0.229050994 0.020895842 0.072893858 0.099126853 0.147809669 0.225140437 0.957934201
27.500000 -0.225942224 0.025694147 0.073444903 0.100738227 0.146877944 0.221781030 0.958692789
27.600000 -0.216996998 0.026049955 0.072739601 0.096965089 0.142423511 0.218157098 0.960583568
27.700000 -0.209435582 0.024743374 0.072475448 0.094463401 0.139199510 0.215140089 0.961984873
27.800000 -0.202745274 0.025397643 0.071696565 0.094563320 0.134917542 0.211089253 0.963481426
27.900000 -0.196417138 0.028150801 0.069376566 0.092818059 0.128955692 0.207041010 0.965344071
28.000000 -0.191200733 0.032135025 0.069423504 0.088682927 0.123081207 0.200925216 0.967788935
28.100000 -0.182774156 0.029625790 0.069933668 0.080681719 0.117199980 0.193511769 0.970725417
28.200000 -0.178179786 0.027786691 0.070854947 0.077426955 0.115183532 0.186688691 0.972566247
28.300000 -0.173481941 0.028258385 0.069770016 0.077394821 0.110463478 0.181588218 0.974080861
28.400000 -0.167155042 0.028981717 0.069462240 0.076715097 0.104092345 0.176980704 0.975683093
28.500000 -0.161471114 0.027604491 0.069958411 0.075348020 0.098840311 0.172092587 0.977208972
28.600000 -0.155325636 0.025401441 0.069441400 0.074344940 0.094317116 0.166335896 0.978728473
28.700000 -0.148006007 0.020350972 0.070883043 0.071457632 0.090612121 0.162075877 0.980007470
28.800000 -0.139598057 0.018315725 0.071488008 0.070757978 0.086446524 0.160097018 0.980759561
28.900000 -0.133262232 0.020996386 0.075653791 0.072362624 0.085936703 0.158230603 0.980990112
29.000000 -0.129274860 0.021509416 0.078214496 0.068313524 0.089018703 0.152583599 0.981899798
29.100000 -0.125241593 0.015307106 0.082140632 0.059570830 0.091090620 0.148704246 0.982873797
29.200000 -0.123095483 0.013384942 0.085200295 0.057212766 0.092791855 0.142937019 0.983709991
29.300000 -0.121222779 0.012138229 0.085717946 0.055613350 0.092993982 0.137370870 0.984575331
29.400000 -0.122144051 0.017581582 0.087332189 0.055346843 0.092488602 0.128467754 0.985839009
29.500000 -0.120482989 0.014877615 0.087292284 0.048177723 0.089845121 0.118430488 0.987715006
29.600000 -0.119494699 0.015056152 0.086187959 0.045843344 0.085931011 0.112869047 0.988824964
29.700000 -0.119287506 0.017221019 0.084958613 0.043384105 0.084105924 0.106049806 0.989847183
29.800000 -0.119990468 0.017521903 0.085007265 0.040550098 0.083438747 0.101194747 0.990531802
29.900000 -0.117657274 0.014647624 0.084241644 0.036498934 0.079864144 0.095987149 0.991501868
30.000000 -0.115137890 0.010238611 0.082648337 0.036440458 0.076794185 0.092087321 0.992116272
30.100000 -0.115023561 0.011704169 0.081286512 0.040195029 0.074782856 0.091268189 0.992200553
30.200000 -0.109405756 0.008352302 0.078960203 0.040061116 0.066988274 0.087845884 0.993071377
30.300000 -0.104793146 0.005536700 0.075355917 0.042523731 0.063541263 0.085957333 0.993360758
30.400000 -0.103491470 0.006372234 0.073782369 0.046929706 0.062048137 0.081172064 0.993659258
30.500000 -0.103218131 0.007721425 0.072245084 0.049457848 0.061560225 0.074276261 0.994106233
30.600000 -0.100424662 0.008821305 0.071646363 0.049655616 0.060408358 0.070716962 0.994426608
30.700000 -0.100591928 0.010147600 0.071131811 0.048219159 0.061185740 0.066259295 0.994756699
30.800000 -0.101035409 0.012167852 0.071599633 0.046317495 0.062057320 0.060134578 0.995182097
30.900000 -0.102965437 0.010160168 0.072107218 0.042964183 0.062352683 0.053511698 0.995692074
31.000000 -0.102865256 0.011209295 0.072689600 0.042513236 0.059910826 0.045574211 0.996256113
31.100000 -0.103203714 0.010490783 0.072158456 0.041124351 0.057192583 0.039082710 0.996749878
31.200000 -0.099213824 0.008144174 0.070742488 0.039469115 0.052517835 0.031061709 0.997356117
31.300000 -0.096665695 0.007149573 0.070936933 0.037725214 0.050496195 0.021489810 0.997780085
31.400000 -0.089752525 0.007461045 0.068696707 0.036357462 0.047066148 0.014475875 0.998124897
31.500000 -0.094410077 0.007536725 0.071597762 0.032579675 0.052355953 0.007389799 0.998069525
31.600000 -0.096029140 0.012117522 0.070958942 0.031428698 0.050193157 0.003179811 0.998239875
31.700000 -0.096746117 0.008308391 0.072134130 0.021975903 0.048255805 -0.008947455 0.998553157
31.800000 -0.099211954 0.004932782 0.071901053 0.018740624 0.048260335 -0.014910857 0.998547614
31.900000 -0.098916918 0.002902445 0.071567290 0.016929317 0.047734328 -0.015370905 0.998598278
32.000000 -0.097880878 -0.001089464 0.072681762 0.014634127 0.045032542 -0.016514953 0.998741746
32.100000 -0.094109610 -0.000292775 0.072374389 0.015067992 0.041442126 -0.018158531 0.998862207
32.200000 -0.090651542 -0.005561259 0.074858576 0.010597342 0.039853547 -0.021505477 0.998917878
32.300000 -0.086145014 -0.007889068 0.074602142 0.011868179 0.039760135 -0.023033123 0.998873174
32.400000 -0.081545487 -0.002798705 0.074221447 0.016405748 0.039725218 -0.022056898 0.998832464
32.500000 -0.079715401 -0.002766198 0.074977510 0.015647251 0.038361531 -0.022789136 0.998881459
32.600000 -0.072870687 -0.005444734 0.072769351 0.014903516 0.033085961 -0.023300003 0.999069691
32.700000 -0.067814700 -0.012054527 0.070915177 0.012432843 0.031616490 -0.025587395 0.999095142
32.800000 -0.065582275 -0.013872317 0.068045504 0.014193179 0.030278580 -0.027928304 0.999050379
32.900000 -0.062929086 -0.015947094 0.067588575 0.015592420 0.029359777 -0.033124160 0.998898208
33.000000 -0.056546524 -0.020631170 0.067022413 0.013559422 0.026407594 -0.038268872 0.998826385
33.100000 -0.051270977 -0.028201342 0.062754020 0.013174836 0.024523491 -0.037329208 0.998915195
33.200000 -0.048799347 -0.026149631 0.062974885 0.019114617 0.024661565 -0.034427334 0.998920023
33.300000 -0.044039287 -0.030291308 0.062177487 0.019803073 0.023757359 -0.034657679 0.998920560
33.400000 -0.041224439 -0.027224423 0.062333833 0.023984076 0.021711171 -0.034255356 0.998889327
33.500000 -0.038362712 -0.028163794 0.062483199 0.022849873 0.018363802 -0.037972622 0.998848736
33.600000 -0.033710677 -0.022187989 0.062208913 0.025042646 0.013821049 -0.038883358 0.998834312
33.700000 -0.031408388 -0.024464943 0.061783139 0.020877618 0.008994319 -0.044097878 0.998768568
33.800000 -0.025142042 -0.024942510 0.059616428 0.018263852 0.003150727 -0.049092036 0.998622298
33.900000 -0.019677224 -0.020656949 0.057660311 0.017583638 -0.001620595 -0.056410357 0.998251498
34.000000 -0.019052703 -0.021453582 0.057631958 0.014976450 -0.004264654 -0.062778808 0.997905970
34.100000 -0.008791882 -0.016534733 0.056189757 0.015119512 -0.011164877 -0.069102563 0.997432470
34.200000 -0.000264738 -0.019707263 0.056263715 0.008486765 -0.014835932 -0.076045379 0.996957839
34.300000 0.006163767 -0.019112598 0.055199079 0.007418491 -0.014704925 -0.076745622 0.996914625
34.400000 0.016230706 -0.021026127 0.055494133 0.005509605 -0.016780252 -0.080571614 0.996592343
34.500000 0.025169151 -0.018885298 0.054632381 0.006050610 -0.018920837 -0.080725603 0.996538401
34.600000 0.030518394 -0.014196862 0.054409340 0.009034164 -0.019076200 -0.082283452 0.996385455
34.700000 0.034974478 -0.012495679 0.053145140 0.008595848 -0.019922495 -0.083901040 0.996237874
34.800000 0.034402478 -0.010772404 0.054928020 0.009751806 -0.017568912 -0.086386055 0.996059120
34.900000 0.039872013 -0.010345310 0.052549265 0.011237700 -0.021659015 -0.090223894 0.995622516
35.000000 0.046191826 -0.001428342 0.049482111 0.018690955 -0.029133132 -0.092595287 0.995102048
35.100000 0.050077382 0.000835608 0.048927911 0.017995419 -0.033241324 -0.097451702 0.994522214
35.200000 0.053695340 0.003922168 0.047296129 0.018547265 -0.035582110 -0.100371353 0.994140565
35.300000 0.054551132 -0.000301543 0.044502009 0.018765198 -0.036198579 -0.098294191 0.994321764
35.400000 0.055414382 0.001391477 0.043657463 0.022198740 -0.035133425 -0.097587027 0.994358897
35.500000 0.061577182 0.006550693 0.042565987 0.028183378 -0.040423390 -0.094358563 0.994317889
35.600000 0.059064329 -0.001296622 0.045118466 0.026268907 -0.040912114 -0.098840766 0.993914843
35.700000 0.066321023 0.000257156 0.044573762 0.031601068 -0.047593050 -0.099976949 0.993348360
35.800000 0.074703746 0.006378032 0.047957446 0.038860083 -0.054770309 -0.102968484 0.992415011
35.900000 0.074548632 0.005241112 0.051437926 0.035192266 -0.053157091 -0.104935087 0.992433608
36.000000 0.080975436 0.002392889 0.056461252 0.029255226 -0.056361612 -0.106167421 0.992318511
36.100000 0.084667683 0.002429561 0.063213401 0.025264366 -0.056820419 -0.110300735 0.991951108
36.200000 0.090793438 0.004649526 0.069623098 0.020016037 -0.059452254 -0.108956806 0.992065132
36.300000 0.092312418 -0.002374100 0.074525796 0.013198297 -0.058528669 -0.111727685 0.991925955
36.400000 0.096504577 -0.007215132 0.079513565 0.011602472 -0.059270065 -0.116759591 0.991322160
36.500000 0.101621866 -0.006547533 0.082825430 0.014286994 -0.061280411 -0.119998246 0.990777969
36.600000 0.108351745 -0.008041400 0.086973257 0.012665055 -0.065070793 -0.125543550 0.989870787
36.700000 0.109868564 -0.013786490 0.091836780 0.007980053 -0.065439478 -0.132407919 0.989000559
36.800000 0.111310951 -0.015158487 0.096748151 0.006899417 -0.065333985 -0.138162360 0.988228202
36.900000 0.114160366 -0.016355217 0.100293577 0.007941877 -0.067714840 -0.142571986 0.987433493
37.000000 0.116504356 -0.017292840 0.100598246 0.008304413 -0.069131255 -0.147108167 0.986666679
37.100000 0.120498538 -0.014103385 0.104975969 0.010787610 -0.073196560 -0.150507972 0.985836327
37.200000 0.122557156 -0.015981806 0.106393740 0.011525003 -0.078040265 -0.156960264 0.984449267
37.300000 0.125947192 -0.018474838 0.108484119 0.010672119 -0.084197678 -0.164179832 0.982772529
37.400000 0.130871162 -0.011499585 0.113683440 0.014939811 -0.090078101 -0.172612771 0.980748475
37.500000 0.132135421 -0.016219184 0.117623538 0.013107709 -0.092683665 -0.180243224 0.979157925
37.600000 0.133133128 -0.019228794 0.119637892 0.014852243 -0.093832068 -0.187865138 0.977589726
37.700000 0.144136414 -0.017872661 0.122719660 0.018602923 -0.099276692 -0.192127571 0.976158321
37.800000 0.148900375 -0.017801054 0.125642553 0.019598410 -0.099834710 -0.196563616 0.975198269
37.900000 0.153518826 -0.017181959 0.129334450 0.020531084 -0.101188540 -0.201421425 0.974047661
38.000000 0.159310579 -0.016489722 0.134217307 0.019958178 -0.105864920 -0.209026590 0.971957922
38.100000 0.157999933 -0.018436536 0.137907580 0.018045837 -0.108367451 -0.215666056 0.970267475
38.200000 0.159923971 -0.018607395 0.139381796 0.020365214 -0.114533044 -0.222703516 0.967920780
38.300000 0.162019446 -0.019345056 0.140267968 0.022699015 -0.121823095 -0.228281736 0.965676606
38.400000 0.163920045 -0.019503482 0.141140595 0.026175212 -0.129505605 -0.234720096 0.963041842
38.500000 0.171001554 -0.017026966 0.142802358 0.030606132 -0.137392864 -0.240763530 0.960322559
38.600000 0.176846534 -0.019440060 0.142836034 0.028725060 -0.140483767 -0.245783374 0.958660364
38.700000 0.180574343 -0.019609056 0.143966511 0.028927764 -0.140948251 -0.249819756 0.957542062
38.800000 0.183128387 -0.017123455 0.145412207 0.030811975 -0.140447721 -0.252437741 0.956870019
38.900000 0.187630802 -0.018387176 0.146000028 0.031348303 -0.140670419 -0.253458887 0.956549883
39.000000 0.189618364 -0.015548244 0.146191224 0.033367898 -0.137916669 -0.252804190 0.957055688
39.100000 0.190708324 -0.013531068 0.146228492 0.034865372 -0.136607438 -0.254910737 0.956631243
39.200000 0.190123975 -0.013429389 0.144003332 0.036265880 -0.136646464 -0.256929815 0.956033230
39.300000 0.190321550 -0.011211684 0.141764462 0.037467562 -0.137855202 -0.257878482 0.955557823
39.400000 0.190066248 -0.008266108 0.139145613 0.035693772 -0.138093546 -0.257091701 0.955803335
39.500000 0.190150589 -0.006646573 0.138480797 0.032510478 -0.137005746 -0.256541044 0.956221282
39.600000 0.184671834 -0.004663971 0.137490273 0.029215472 -0.132673398 -0.256970644 0.956823051
39.700000 0.181568474 -0.003898440 0.135398254 0.027836166 -0.132183746 -0.254511267 0.957588971
39.800000 0.178483397 -0.003673473 0.132770881 0.025802687 -0.133273780 -0.250633568 0.958517134
39.900000 0.178123727 -0.003498166 0.131881028 0.026887214 -0.133687288 -0.247046217 0.959360719
40.000000 0.175642952 -0.004302801 0.130747914 0.027216639 -0.131555587 -0.245180354 0.960124433
40.100000 0.173453644 -0.005051376 0.130207658 0.028343216 -0.131375670 -0.242948949 0.960683584
40.200000 0.170728594 -0.000676651 0.130516589 0.030438323 -0.129326552 -0.242219791 0.961081505
40.300000 0.167588636 0.000765843 0.131137431 0.028673811 -0.127611041 -0.242806539 0.961217046
40.400000 0.163408101 0.002079048 0.131760389 0.028874870 -0.125853211 -0.242427170 0.961538494
40.500000 0.158482060 0.000517169 0.131005108 0.027271792 -0.125284255 -0.241526470 0.961886227
40.600000 0.159522384 0.002299405 0.131446153 0.029928379 -0.127375692 -0.239941806 0.961929142
40.700000 0.156599224 0.003044164 0.130907208 0.030385839 -0.125343204 -0.239004925 0.962414861
40.800000 0.155771196 0.004335881 0.130932674 0.032309640 -0.123432860 -0.236090004 0.963318169
40.900000 0.157662630 0.005721604 0.132799685 0.031301711 -0.123805813 -0.234585658 0.963671088
41.000000 0.154544607 0.004621177 0.136112809 0.028956128 -0.121179812 -0.234624252 0.964068711
41.100000 0.152985975 0.004070318 0.138634443 0.028132450 -0.120443568 -0.234744817 0.964155972
41.200000 0.148229450 0.000500873 0.139085084 0.025902610 -0.120243810 -0.234635606 0.964269996
41.300000 0.152265087 -0.002360201 0.141662046 0.026700810 -0.125391811 -0.235660002 0.963342249
41.400000 0.151523829 -0.003861506 0.144329384 0.025140507 -0.126069903 -0.238311395 0.962643206
41.500000 0.152896553 -0.012625031 0.146940023 0.024654998 -0.131611019 -0.245127216 0.960199594
41.600000 0.162745893 -0.014479046 0.151137263 0.029212138 -0.139143139 -0.250096381 0.957725227
41.700000 0.166628808 -0.019610357 0.155585051 0.027972111 -0.140318006 -0.257920086 0.955513299
41.800000 0.172065079 -0.026435805 0.158493996 0.032140024 -0.142758712 -0.259506136 0.954590797
41.900000 0.175308540 -0.021786757 0.161935732 0.038369413 -0.140700459 -0.262052387 0.953970492
42.000000 0.174063399 -0.023104688 0.163306743 0.036963925 -0.138481736 -0.267360061 0.952877283
42.100000 0.173756808 -0.026064090 0.164655477 0.036168862 -0.140586615 -0.270112813 0.951822639
42.200000 0.174157619 -0.029999491 0.164850205 0.036235355 -0.143713906 -0.274785012 0.950013936
42.300000 0.177027076 -0.030870784 0.166133583 0.039133575 -0.150292650 -0.280306339 0.947263956
42.400000 0.177920982 -0.032307964 0.167071909 0.039106164 -0.155958652 -0.287653685 0.944141388
42.500000 0.178753704 -0.034958787 0.168303937 0.038908854 -0.161078885 -0.295079052 0.940993130
42.600000 0.182544649 -0.039273649 0.170764685 0.039544370 -0.167565271 -0.302794129 0.937376022
42.700000 0.184953213 -0.041945003 0.171350226 0.041693799 -0.170922577 -0.310959697 0.933997452
42.800000 0.189788610 -0.042720947 0.173682183 0.043465421 -0.176216394 -0.314730287 0.931666970
42.900000 0.193834111 -0.043862507 0.177036852 0.042038511 -0.181213170 -0.320212960 0.928901613
43.000000 0.197176367 -0.046847936 0.178376451 0.041204598 -0.184760883 -0.326413542 0.926077664
43.100000 0.200869530 -0.049593017 0.178604692 0.043218963 -0.187584594 -0.331959426 0.923443019
43.200000 0.206741869 -0.052299056 0.179844409 0.045838267 -0.191548854 -0.335742593 0.921132326
43.300000 0.213108450 -0.053592738 0.181522816 0.047889635 -0.195053652 -0.337909967 0.919498503
43.400000 0.219197452 -0.057200320 0.183743715 0.046446390 -0.197002992 -0.341815650 0.917711616
43.500000 0.219717860 -0.058774728 0.186963975 0.046752345 -0.195921823 -0.347955018 0.915617883
43.600000 0.224081218 -0.061254509 0.191129208 0.049264636 -0.200104475 -0.353947699 0.912278593
43.700000 0.225366622 -0.061077576 0.194736227 0.050902542 -0.203589275 -0.362150371 0.908189118
43.800000 0.226473868 -0.063049838 0.197395235 0.051704098 -0.208731398 -0.370111972 0.903756082
43.900000 0.234361857 -0.064903796 0.202789620 0.053705130 -0.217469633 -0.373945534 0.899993002
44.000000 0.238216609 -0.068449594 0.204847351 0.053982768 -0.219789892 -0.379084498 0.897258699
44.100000 0.243753374 -0.071360402 0.209569216 0.054827966 -0.222590193 -0.381083012 0.895669162
44.200000 0.245525688 -0.071619920 0.213584542 0.055798706 -0.223196179 -0.383438200 0.894452453
44.300000 0.246322840 -0.072720103 0.214435875 0.055929694 -0.224469900 -0.385191500 0.893371522
44.400000 0.248727754 -0.074008644 0.216056913 0.056724992 -0.227368742 -0.387478322 0.891597629
44.500000 0.252178162 -0.076361723 0.218317091 0.056092620 -0.230623111 -0.389007419 0.890134752
44.600000 0.253999144 -0.075588241 0.219343260 0.057527561 -0.231576711 -0.389937192 0.889388442
44.700000 0.257747650 -0.077070422 0.220376551 0.057827480 -0.233871907 -0.393650383 0.887129784
44.800000 0.259984106 -0.078684516 0.220857769 0.057827864 -0.235146984 -0.397301108 0.885163069
44.900000 0.262744635 -0.078955434 0.221209034 0.059276883 -0.236753374 -0.398880512 0.883927822
45.000000 0.266840339 -0.079504326 0.221227944 0.059721213 -0.238940701 -0.399757057 0.882912815
45.100000 0.272141278 -0.079412356 0.223691732 0.060932502 -0.242224842 -0.400449485 0.881620407
45.200000 0.276121110 -0.078432567 0.224092364 0.062332261 -0.243242264 -0.401174843 0.880912364
45.300000 0.277454197 -0.078787871 0.222812861 0.062098380 -0.241271719 -0.403932095 0.880210519
45.400000 0.280639112 -0.076712713 0.220992088 0.064517476 -0.240481466 -0.404971480 0.879775107
45.500000 0.283011943 -0.074197739 0.220338911 0.065668121 -0.239488676 -0.406179667 0.879403770
45.600000 0.284384340 -0.075139381 0.219730854 0.063163832 -0.239687055 -0.407800823 0.878782630
45.700000 0.285702586 -0.075616620 0.219326064 0.062756255 -0.240417629 -0.409824818 0.877669990
45.800000 0.286162257 -0.076209165 0.218812138 0.063901894 -0.240144685 -0.412122816 0.876585364
45.900000 0.286953062 -0.075269677 0.219065979 0.065763257 -0.242364466 -0.414169133 0.874870658
46.000000 0.290059119 -0.074899256 0.219041333 0.066441163 -0.246169806 -0.416739106 0.872533381
46.100000 0.291493118 -0.075807482 0.218982294 0.067585923 -0.246875063 -0.422623158 0.869410396
46.200000 0.292862207 -0.075913459 0.219327584 0.070239641 -0.247387335 -0.427456379 0.866687357
46.300000 0.296550304 -0.073831506 0.221710891 0.074060000 -0.249609768 -0.431600332 0.863673091
46.400000 0.297755390 -0.073342979 0.223134100 0.074448824 -0.251627117 -0.433199942 0.862252295
46.500000 0.300337076 -0.074515931 0.224639252 0.075260282 -0.255147070 -0.435883641 0.859791458
46.600000 0.305303127 -0.073249042 0.229018524 0.077481337 -0.259844959 -0.437017858 0.857608676
46.700000 0.306011796 -0.073182717 0.230643645 0.076337665 -0.260368973 -0.438637704 0.856724918
46.800000 0.308044314 -0.072669864 0.232423976 0.077307902 -0.262122124 -0.439329386 0.855748296
46.900000 0.309390277 -0.070981659 0.234909579 0.078269206 -0.264129132 -0.438042760 0.855703354
47.000000 0.313730627 -0.069396153 0.238808498 0.077468202 -0.266705722 -0.436960787 0.855530202
47.100000 0.316915423 -0.067548901 0.242675185 0.075961605 -0.266964585 -0.436254710 0.855944872
47.200000 0.317670643 -0.065385796 0.245320544 0.074524261 -0.266103983 -0.434472680 0.857244611
47.300000 0.319799483 -0.061315641 0.248870134 0.073262587 -0.267409980 -0.430570692 0.858914077
47.400000 0.325164735 -0.058906704 0.252406001 0.074702665 -0.271941394 -0.427027583 0.859136105
47.500000 0.328505576 -0.054471888 0.255084604 0.076164991 -0.272806764 -0.425754786 0.859365046
47.600000 0.331450462 -0.052883852 0.257160813 0.076300755 -0.274665803 -0.424333274 0.859463871
47.700000 0.331966996 -0.051340427 0.257369637 0.076437920 -0.273586094 -0.420429111 0.861711800
47.800000 0.328471512 -0.049599547 0.253417850 0.078410670 -0.268523186 -0.417198688 0.864692032
47.900000 0.329287887 -0.048172612 0.253508389 0.082875624 -0.271019250 -0.412878841 0.865569890
48.000000 0.329387724 -0.045611259 0.253049344 0.090091586 -0.275259286 -0.412923187 0.863487244
48.100000 0.332137913 -0.042665575 0.255069852 0.095809557 -0.279639363 -0.412922591 0.861462295
48.200000 0.331722885 -0.042111896 0.256745607 0.095771320 -0.280182570 -0.412237585 0.861618102
48.300000 0.334805518 -0.041191872 0.260131121 0.096608199 -0.282743961 -0.409822375 0.861840129
48.400000 0.339559466 -0.038937662 0.264057904 0.098130964 -0.283531040 -0.406527936 0.862968981
48.500000 0.341171205 -0.037281461 0.264314592 0.098942950 -0.281604379 -0.402571678 0.865358472
48.600000 0.342306852 -0.035522826 0.262825727 0.099860907 -0.280175388 -0.398282290 0.867698550
48.700000 0.343961090 -0.032055058 0.260877728 0.100911573 -0.280431896 -0.393930227 0.869479001
48.800000 0.347572505 -0.028863013 0.261253953 0.101837255 -0.282983899 -0.389086932 0.870724201
48.900000 0.348437458 -0.023621589 0.261076868 0.104288302 -0.281797141 -0.387538552 0.871509135
49.000000 0.346644551 -0.017271845 0.260276794 0.106185049 -0.278871536 -0.386877418 0.872514307
49.100000 0.347266912 -0.011201048 0.261601269 0.106157847 -0.281633735 -0.380483449 0.874440014
49.200000 0.345873445 -0.007646631 0.259478539 0.106956802 -0.281918168 -0.376888305 0.875806808
49.300000 0.349101335 -0.005656050 0.258367091 0.110102542 -0.282614768 -0.369831353 0.878197670
49.400000 0.352872401 -0.000931527 0.259851396 0.113752827 -0.279278874 -0.360987812 0.882468879
49.500000 0.358068943 0.003454169 0.262207329 0.114961088 -0.276212156 -0.354436755 0.885926306
49.600000 0.357029259 0.006977734 0.259845734 0.114599146 -0.270771772 -0.348464817 0.890012324
49.700000 0.357689947 0.006838049 0.256586522 0.115044385 -0.270874053 -0.344508350 0.891462862
49.800000 0.358804822 0.012525308 0.257523417 0.118618950 -0.272031546 -0.342337251 0.891478300
49.900000 0.356749296 0.015733352 0.258496433 0.120492809 -0.270949900 -0.343148828 0.891244352
50.000000 0.354658902 0.017148152 0.259957820 0.121754475 -0.271143973 -0.340389609 0.892071605
50.100000 0.353078604 0.020787356 0.263460398 0.124197230 -0.270985335 -0.334091932 0.894161344
50.200000 0.351044357 0.025907002 0.267150789 0.127217606 -0.270399123 -0.327194661 0.896461725
50.300000 0.347194761 0.028986368 0.268196434 0.129443467 -0.268688560 -0.323611289 0.897956908
50.400000 0.345569909 0.033653092 0.271541625 0.133285999 -0.268766671 -0.319601297 0.898807168
50.500000 0.343920350 0.036177605 0.273870707 0.135569289 -0.268322855 -0.318804801 0.898881137
50.600000 0.343747407 0.038285326 0.275261730 0.139315337 -0.268780470 -0.314235777 0.899780035
50.700000 0.344942421 0.044456270 0.277581751 0.142323583 -0.268409759 -0.308083802 0.901545644
50.800000 0.344837338 0.048844516 0.278687388 0.143629938 -0.266771078 -0.306285530 0.902437150
50.900000 0.345269620 0.053440623 0.281075031 0.147301331 -0.267056942 -0.303662330 0.902647257
51.000000 0.346132398 0.056854714 0.282823890 0.151185796 -0.267795980 -0.302247345 0.902260900
51.100000 0.347843170 0.059477851 0.285197854 0.153068453 -0.270234495 -0.300378829 0.901840329
51.200000 0.348122120 0.063819364 0.286676168 0.156988338 -0.270632327 -0.298929662 0.901528656
51.300000 0.348985225 0.066507205 0.288330466 0.158104852 -0.273289382 -0.296631366 0.901291072
51.400000 0.350886196 0.069373205 0.290349126 0.160768628 -0.275011420 -0.292222857 0.901736081
51.500000 0.353751957 0.083491780 0.296699226 0.166555792 -0.275039434 -0.286235601 0.902597189
51.600000 0.352057755 0.084468365 0.299503177 0.161104143 -0.273622155 -0.288895577 0.903169811
51.700000 0.348888844 0.088251241 0.303343385 0.162179723 -0.274528027 -0.285399258 0.903813779
51.800000 0.349416584 0.089600593 0.307128966 0.163946807 -0.279876351 -0.281335562 0.903128445
51.900000 0.349679232 0.091058195 0.309676081 0.165510416 -0.282828450 -0.279799759 0.902400374
52.000000 0.350691676 0.091940627 0.312779218 0.167265415 -0.283408314 -0.277093500 0.902729869
52.100000 0.349277377 0.094635859 0.315450847 0.170280412 -0.280319303 -0.275170386 0.903718352
52.200000 0.350024909 0.096999660 0.318766803 0.172255412 -0.279570580 -0.272802591 0.904293716
52.300000 0.348866820 0.099467315 0.321878731 0.175138593 -0.278607458 -0.271521956 0.904422581
52.400000 0.350172490 0.101942912 0.324556321 0.177565023 -0.280987740 -0.267296433 0.904471755
52.500000 0.351020992 0.103716426 0.327211022 0.180596888 -0.283330530 -0.260859668 0.905019820
52.600000 0.350849837 0.106695950 0.329178423 0.183116764 -0.284512192 -0.256450295 0.905402839
52.700000 0.350794882 0.108633965 0.331332028 0.186634928 -0.286046445 -0.254905432 0.904636979
52.800000 0.350846976 0.110763215 0.333925813 0.189076602 -0.287084401 -0.251507849 0.904752135
52.900000 0.350695401 0.113741353 0.336379170 0.194182098 -0.289604157 -0.249631375 0.903386354
53.000000 0.351442546 0.115352280 0.336885929 0.198745459 -0.295070469 -0.248814672 0.900846779
53.100000 0.352322996 0.117708877 0.338494390 0.203594938 -0.299545497 -0.249844342 0.897997439
53.200000 0.356354207 0.123964436 0.342585355 0.207296595 -0.304336429 -0.249736249 0.895566404
53.300000 0.358161926 0.126953989 0.343000174 0.203691334 -0.306767702 -0.250488102 0.895354152
53.400000 0.360165387 0.130179465 0.341139436 0.200164810 -0.304196537 -0.257513016 0.895033836
53.500000 0.362021625 0.131991401 0.338849097 0.198268801 -0.300868273 -0.262753159 0.895057857
53.600000 0.363156259 0.130167142 0.338110298 0.196280524 -0.299068213 -0.264199883 0.895673215
53.700000 0.364574164 0.135129467 0.343073964 0.198552951 -0.296070516 -0.262756884 0.896592319
53.800000 0.363468111 0.136708111 0.345899552 0.196876884 -0.290426135 -0.261935979 0.899044871
53.900000 0.361313045 0.136248872 0.348233581 0.197398663 -0.285940170 -0.259676456 0.901021719
54.000000 0.358474940 0.137794361 0.352382809 0.198106170 -0.283517241 -0.259255707 0.901752949
54.100000 0.358081430 0.138864890 0.355811000 0.197179526 -0.285108328 -0.258842468 0.901573122
54.200000 0.356878430 0.138994977 0.359206498 0.197251052 -0.283586144 -0.260907471 0.901442289
54.300000 0.354529798 0.139620602 0.362233877 0.198570237 -0.282244951 -0.261447787 0.901417077
54.400000 0.353629082 0.139883816 0.362144023 0.200337276 -0.284904718 -0.260065943 0.900588691
54.500000 0.352910787 0.138268337 0.362547994 0.202099159 -0.288609087 -0.260037482 0.899022400
54.600000 0.353801042 0.137963176 0.362574399 0.205634713 -0.290410250 -0.262800336 0.896834552
54.700000 0.353863150 0.136498570 0.364075571 0.209638208 -0.289120942 -0.264003128 0.895970583
54.800000 0.356306374 0.137386620 0.363821477 0.214635834 -0.282683104 -0.263549745 0.896974504
54.900000 0.357672304 0.138219610 0.363659471 0.215646684 -0.278250217 -0.258709729 0.899523556
55.000000 0.354711682 0.139936909 0.367205471 0.217108235 -0.276599675 -0.255324602 0.900647521
55.100000 0.354769677 0.143823043 0.370238602 0.218097106 -0.276179105 -0.254124463 0.900877059
55.200000 0.356837332 0.145738885 0.373379230 0.214903623 -0.274999648 -0.253599137 0.902152479
55.300000 0.355280936 0.148211986 0.375362843 0.213731274 -0.270288229 -0.250773013 0.904641390
55.400000 0.356795579 0.149106517 0.377641708 0.210305020 -0.271233469 -0.243851110 0.907050610
55.500000 0.355878294 0.149667352 0.376643658 0.211739123 -0.271439701 -0.241510853 0.907281399
55.600000 0.354937732 0.147778675 0.375761390 0.212887242 -0.276068360 -0.238862097 0.906316817
55.700000 0.355029941 0.151778921 0.375439882 0.218475625 -0.278492153 -0.239320740 0.904121757
55.800000 0.353681535 0.152112961 0.374955803 0.220033854 -0.278841257 -0.239048555 0.903708160
55.900000 0.355777800 0.152697548 0.375742674 0.222151846 -0.278798968 -0.234967202 0.904273212
56.000000 0.353885651 0.155649155 0.373927683 0.221574619 -0.274092585 -0.227538750 0.907746673
56.100000 0.356237024 0.157466933 0.372990310 0.219694346 -0.275160134 -0.223595828 0.908859789
56.200000 0.358115107 0.157237291 0.372731209 0.218903095 -0.274029791 -0.222655952 0.909622669
56.300000 0.359417915 0.162086591 0.373925924 0.219165623 -0.271268398 -0.217497751 0.911632895
56.400000 0.357225835 0.163566262 0.371020705 0.215811819 -0.266861320 -0.215991005 0.914088726
56.500000 0.355603278 0.165098578 0.368933707 0.216419920 -0.265002578 -0.213995114 0.914954722
56.600000 0.354808748 0.166477814 0.365219772 0.215352803 -0.262778431 -0.210150629 0.916737318
56.700000 0.354436129 0.167441860 0.361040086 0.217539355 -0.262700140 -0.208097503 0.916711867
56.800000 0.356219321 0.166763261 0.356240541 0.219455868 -0.264095306 -0.204924151 0.916569114
56.900000 0.353742778 0.172536150 0.349736333 0.222230688 -0.260297656 -0.199792817 0.918118477
57.000000 0.353468239 0.172366500 0.344681233 0.219662040 -0.261331409 -0.197322652 0.918976724
57.100000 0.352823555 0.172588944 0.338177115 0.218624726 -0.261986077 -0.194765270 0.919583082
57.200000 0.350636810 0.174094453 0.333186507 0.216645017 -0.259576201 -0.189757615 0.921779335
57.300000 0.352678210 0.175926313 0.332201570 0.214060441 -0.259701431 -0.181591660 0.923990130
57.400000 0.352317274 0.175968975 0.331094623 0.210579976 -0.256163627 -0.176557317 0.926749051
57.500000 0.353741914 0.175250098 0.328274757 0.207578987 -0.253028840 -0.170194373 0.929473639
57.600000 0.355713665 0.175548971 0.327819020 0.206170276 -0.250662833 -0.164787859 0.931400478
57.700000 0.354525059 0.176162630 0.324602485 0.203445926 -0.246181712 -0.160776496 0.933892488
57.800000 0.354075879 0.174395114 0.322159171 0.200938046 -0.245541483 -0.160181999 0.934705853
57.900000 0.354627281 0.173376560 0.318110883 0.201247483 -0.245941207 -0.160453260 0.934487641
58.000000 0.355966061 0.173622370 0.314400882 0.200026110 -0.247103900 -0.158802047 0.934725165
58.100000 0.356598765 0.174745500 0.311332673 0.198672175 -0.247319207 -0.158288330 0.935044050
58.200000 0.357195318 0.173457339 0.307422042 0.195509344 -0.247544676 -0.158491582 0.935616434
58.300000 0.358683914 0.172745481 0.303868264 0.195390627 -0.248763084 -0.160243347 0.935019553
58.400000 0.360647351 0.172318250 0.299578786 0.194393396 -0.249524504 -0.158159226 0.935379267
58.500000 0.361837238 0.171392560 0.295703053 0.192073002 -0.250315547 -0.156138003 0.935986638
58.600000 0.363371342 0.169180810 0.289703459 0.190259501 -0.250244349 -0.154724419 0.936610639
58.700000 0.363977015 0.168226957 0.282900035 0.187527791 -0.248920694 -0.154011458 0.937631190
58.800000 0.364197850 0.165469468 0.273846537 0.183587924 -0.248060182 -0.152353868 0.938908875
58.900000 0.365831673 0.162459075 0.267861038 0.181781083 -0.248278469 -0.149813667 0.939611256
59.000000 0.369158685 0.159353837 0.261763602 0.181275800 -0.248898029 -0.145381764 0.940240979
59.100000 0.368252546 0.159659997 0.254385591 0.180769414 -0.245597348 -0.140532583 0.941942096
59.200000 0.369212538 0.160116464 0.248877451 0.179791391 -0.244020522 -0.136911973 0.943071663
59.300000 0.371945590 0.162839234 0.245165601 0.179797977 -0.243543759 -0.137159809 0.943157613
59.400000 0.371482104 0.161864966 0.238239527 0.174981922 -0.240707964 -0.137379438 0.944758117
59.500000 0.371766865 0.162033856 0.231888518 0.170773536 -0.240331784 -0.134200186 0.946079969
59.600000 0.373621225 0.163682312 0.228598535 0.166551396 -0.241307795 -0.131591991 0.946950257
59.700000 0.372684240 0.157906547 0.223586768 0.159933865 -0.239689067 -0.128728107 0.948893785
59.800000 0.374786049 0.156686902 0.221591070 0.160346732 -0.237547055 -0.126911744 0.949607134
59.900000 0.382256687 0.157322735 0.219330817 0.155950606 -0.237260640 -0.124394283 0.950743318
60.000000 0.371570945 0.158188939 0.212577254 0.149498954 -0.224683821 -0.123933941 0.954886198
60.100000 0.368530452 0.152368143 0.209489509 0.142975852 -0.223717451 -0.124679506 0.956014335
60.200000 0.366208881 0.151696369 0.211095646 0.144220158 -0.225243792 -0.126618862 0.955213845
60.300000 0.363678753 0.155357510 0.213064894 0.142001078 -0.227241173 -0.127955407 0.954895020
60.400000 0.360575020 0.147511497 0.211637303 0.131706402 -0.229460716 -0.131410629 0.955370307
60.500000 0.359456241 0.141963139 0.214083537 0.127656847 -0.230875641 -0.130389333 0.955718994
60.600000 0.356646717 0.140919000 0.218127191 0.127578393 -0.230784550 -0.127026618 0.956204236
60.700000 0.353349715 0.134349018 0.220083460 0.123201616 -0.231777579 -0.125931025 0.956682742
60.800000 0.350267380 0.128591582 0.222799718 0.121046148 -0.232582584 -0.125968114 0.956757665
60.900000 0.347985804 0.125974208 0.223630220 0.119961701 -0.231860578 -0.124253802 0.957293510
61.000000 0.344938070 0.125575945 0.225268766 0.117549062 -0.232627600 -0.122586556 0.957621574
61.100000 0.343026191 0.117412396 0.228300393 0.112441659 -0.234079972 -0.127083287 0.957294762
61.200000 0.343695909 0.111513883 0.231132537 0.111217089 -0.234104365 -0.127701223 0.957349598
61.300000 0.342653632 0.106435448 0.232158214 0.107315071 -0.234700575 -0.128380060 0.957558155
61.400000 0.341405630 0.101511754 0.231179699 0.107334659 -0.235033736 -0.130295306 0.957215548
61.500000 0.342077971 0.102719948 0.231656119 0.108979508 -0.235505790 -0.132879272 0.956558168
61.600000 0.342760980 0.100812085 0.232006431 0.105891377 -0.236294270 -0.136560813 0.956192017
61.700000 0.343941748 0.099751189 0.233571276 0.103708819 -0.236869380 -0.136757985 0.956260741
61.800000 0.345204473 0.100896649 0.234774962 0.103029668 -0.237076327 -0.137313440 0.956203282
61.900000 0.344882339 0.100397438 0.234035805 0.099617980 -0.236254439 -0.136848822 0.956834614
62.000000 0.345168203 0.099957339 0.232230261 0.094374418 -0.234488264 -0.138202697 0.957605720
62.100000 0.339940041 0.097689770 0.228476211 0.088744015 -0.229571000 -0.139312506 0.959173381
62.200000 0.338122934 0.096973494 0.224723965 0.086751781 -0.226362005 -0.137961522 0.960312963
62.300000 0.333458811 0.097571850 0.217319652 0.084442593 -0.220398992 -0.137097865 0.962027967
62.400000 0.326840460 0.103152215 0.208864301 0.083793238 -0.215902641 -0.134294957 0.963498592
62.500000 0.316625386 0.108062461 0.198568016 0.082241230 -0.210014790 -0.135249764 0.964799285
62.600000 0.310454428 0.108142577 0.186756194 0.078827195 -0.206826970 -0.135320261 0.965762556
62.700000 0.302007079 0.111188546 0.175748482 0.078211643 -0.201482624 -0.133269191 0.967226446
62.800000 0.300651550 0.116018973 0.167207330 0.080269389 -0.200534478 -0.131797627 0.967456520
62.900000 0.301356971 0.121346988 0.160550401 0.083216079 -0.197652698 -0.130671799 0.967953205
63.000000 0.303218275 0.125801206 0.153722987 0.084820442 -0.191409335 -0.126384258 0.969636559
63.100000 0.302787751 0.130608052 0.145728856 0.085640892 -0.183256626 -0.118821330 0.972092688
63.200000 0.298780143 0.135505825 0.139110804 0.085865319 -0.174188867 -0.109492302 0.974831700
63.300000 0.292190492 0.139877915 0.130123928 0.086960115 -0.164422929 -0.103183322 0.977116287
63.400000 0.288319319 0.140683860 0.124394096 0.086014725 -0.158738449 -0.098037258 0.978668630
63.500000 0.282604098 0.144534364 0.117028967 0.089412302 -0.153328463 -0.093643427 0.979656458
63.600000 0.277783453 0.154204443 0.111766376 0.093113825 -0.150384575 -0.088517673 0.980244279
63.700000 0.273803800 0.156558856 0.103699975 0.089814596 -0.147589043 -0.088096224 0.981014729
63.800000 0.270980120 0.161401510 0.100582764 0.088998251 -0.145785049 -0.086840846 0.981470704
63.900000 0.265130341 0.154675499 0.092873588 0.085201167 -0.140194654 -0.087587565 0.982555151
64.000000 0.263170630 0.148625195 0.083533868 0.087377004 -0.136778995 -0.083475351 0.983203232
64.100000 0.261940956 0.150848687 0.076833807 0.096402355 -0.134605542 -0.077511989 0.983147919
64.200000 0.260465741 0.156337574 0.071861982 0.104071371 -0.132467642 -0.071560256 0.983107626
64.300000 0.259974658 0.157730266 0.068187833 0.107309334 -0.130860656 -0.068562679 0.983188331
64.400000 0.259348840 0.158994526 0.062435467 0.110173851 -0.127414033 -0.065332070 0.983544171
64.500000 0.256302893 0.162369683 0.059361003 0.112228706 -0.123037487 -0.060973223 0.984148741
64.600000 0.255485177 0.165157437 0.057571284 0.113107331 -0.120566793 -0.057249378 0.984577537
64.700000 0.251683384 0.165044606 0.055011127 0.112068288 -0.116971374 -0.052608579 0.985388637
64.800000 0.251808167 0.164908901 0.052177750 0.110946991 -0.115024976 -0.046679400 0.986043155
64.900000 0.250415385 0.165026039 0.051322609 0.109597534 -0.112787187 -0.040683188 0.986717939
65.000000 0.247869551 0.166541755 0.050142471 0.109881796 -0.110879108 -0.037447348 0.987030625
65.100000 0.251118183 0.169409692 0.050324231 0.109215930 -0.112351365 -0.032837112 0.987102211
65.200000 0.248745874 0.166124389 0.049693506 0.104558803 -0.111513101 -0.029756904 0.987798989
65.300000 0.251217633 0.168319076 0.050435346 0.103504255 -0.114393994 -0.027311515 0.987651229
65.400000 0.251988351 0.160902902 0.050168108 0.096552134 -0.116933748 -0.024319610 0.988135993
65.500000 0.256063432 0.157241866 0.051629938 0.095575862 -0.121716939 -0.021607626 0.987716198
65.600000 0.260844707 0.158365279 0.053475026 0.096065000 -0.125609085 -0.020316914 0.987208724
65.700000 0.263447672 0.150315627 0.054607857 0.092036128 -0.128998354 -0.020177297 0.987158358
65.800000 0.269594342 0.145061404 0.056713101 0.092438012 -0.134304106 -0.022744849 0.986357093
65.900000 0.274161637 0.138925970 0.058682725 0.093487285 -0.137869209 -0.026016787 0.985685229
66.000000 0.280120581 0.133131206 0.063946344 0.091578409 -0.141173422 -0.026697114 0.985378444
66.100000 0.283814549 0.127816930 0.067915618 0.089909397 -0.144008204 -0.025394365 0.985156357
66.200000 0.288009286 0.122712597 0.071554810 0.088984013 -0.147597149 -0.025709286 0.984700978
66.300000 0.287916571 0.128353819 0.078036875 0.093689218 -0.148804724 -0.026152013 0.984070897
66.400000 0.292009681 0.124404207 0.082728088 0.092749901 -0.153180495 -0.028346928 0.983427465
66.500000 0.291691542 0.120157838 0.086009502 0.091205962 -0.155409485 -0.031849340 0.983114958
66.600000 0.294171005 0.116657011 0.089703217 0.090608515 -0.159117177 -0.034013275 0.982504427
66.700000 0.295793235 0.115786649 0.090942234 0.090243764 -0.162091494 -0.034580354 0.982031882
66.800000 0.295955479 0.114219010 0.093771175 0.088176169 -0.163602844 -0.032833211 0.982029021
66.900000 0.295382470 0.116962090 0.094489619 0.087396875 -0.164714307 -0.032959864 0.981908679
67.000000 0.292448491 0.114454344 0.094849005 0.080424517 -0.163279667 -0.032033745 0.982774377
67.100000 0.285298288 0.112512201 0.093700968 0.075844020 -0.161262676 -0.032492135 0.983456314
67.200000 0.280171216 0.111332551 0.094434716 0.070882119 -0.161782041 -0.029693993 0.983829558
67.300000 0.270552009 0.109820046 0.091095179 0.066433415 -0.157875508 -0.026596731 0.984862685
67.400000 0.259376556 0.109381281 0.087693222 0.064209126 -0.154466018 -0.022355167 0.985655963
67.500000 0.246516466 0.110733412 0.080561586 0.060523730 -0.148680791 -0.016170360 0.986898899
67.600000 0.234902635 0.111367166 0.078624979 0.054132100 -0.142905757 -0.008112444 0.988221526
67.700000 0.222725362 0.105476230 0.075245284 0.046604924 -0.133962855 -0.002757412 0.989885986
67.800000 0.206014946 0.106686592 0.071315996 0.043667682 -0.121876538 0.003685398 0.991577327
67.900000 0.189283982 0.092646390 0.068937972 0.032257676 -0.109819643 0.008324454 0.993393064
68.000000 0.178226709 0.090706512 0.064991578 0.029847629 -0.105558962 0.021526542 0.993731856
68.100000 0.160794854 0.081951931 0.061134353 0.020260882 -0.100152321 0.030934541 0.994284689
68.200000 0.155042648 0.077105626 0.061481431 0.021068783 -0.102147870 0.031463120 0.994048297
68.300000 0.149639159 0.071324423 0.059257418 0.024003414 -0.101677425 0.029477414 0.994090855
68.400000 0.139538422 0.066983901 0.056935046 0.027969001 -0.097053148 0.029283050 0.994455040
68.500000 0.137084574 0.063730419 0.052836988 0.031684298 -0.095958218 0.032508757 0.994349658
68.600000 0.137311339 0.063324556 0.048909578 0.034701593 -0.095216535 0.039941285 0.994049430
68.700000 0.132392243 0.062930211 0.044541724 0.036849424 -0.089340232 0.047451861 0.994187474
68.800000 0.124767698 0.068606943 0.042330075 0.041571308 -0.082945041 0.054530602 0.994192302
68.900000 0.124958232 0.069723286 0.039737217 0.040506169 -0.082035318 0.060639095 0.993957937
69.000000 0.120492212 0.065568492 0.036891997 0.036957804 -0.076603591 0.066279918 0.994169474
69.100000 0.119020350 0.067253560 0.034392640 0.037041299 -0.072859757 0.072578304 0.994007945
69.200000 0.112854019 0.070547603 0.033639684 0.037371431 -0.067039765 0.079795875 0.993851900
69.300000 0.108766198 0.061342061 0.030601179 0.032059733 -0.061479449 0.087380759 0.993759036
69.400000 0.105476618 0.069351479 0.026417561 0.035938594 -0.061437879 0.094045326 0.993020296
69.500000 0.100806147 0.066092968 0.027089721 0.031406630 -0.059031181 0.099381469 0.992800236
69.600000 0.100429870 0.064361028 0.024005760 0.030164219 -0.058518726 0.105197288 0.992269695
69.700000 0.097254783 0.064665332 0.022876212 0.030316195 -0.055877484 0.108880520 0.992019951
69.800000 0.094938561 0.061348569 0.021663222 0.029347008 -0.052411556 0.115096740 0.991536438
69.900000 0.090124913 0.066776559 0.020222368 0.033781111 -0.045995746 0.121463180 0.990954041
70.000000 0.085838243 0.065214746 0.016683243 0.031469479 -0.041125759 0.128125221 0.990405083
70.100000 0.082419664 0.064213887 0.016539879 0.028513603 -0.037244298 0.132191211 0.990113795
70.200000 0.081578068 0.070836283 0.016547510 0.030527538 -0.035059620 0.134571150 0.989812851
70.300000 0.075846396 0.076054454 0.017693669 0.025495170 -0.029539229 0.137688220 0.989706695
70.400000 0.068155497 0.074542366 0.017046871 0.016922597 -0.023781620 0.142504200 0.989363730
70.500000 0.061474845 0.067046203 0.015964344 0.010801940 -0.022312827 0.143572420 0.989329278
70.600000 0.059001740 0.071581043 0.015635150 0.012481210 -0.024649886 0.141290888 0.989582479
70.700000 0.052601747 0.070278995 0.014985658 0.011562010 -0.023144824 0.140536696 0.989737332
70.800000 0.052158721 0.063927613 0.013142651 0.009924638 -0.024542812 0.139623359 0.989850700
70.900000 0.048513718 0.066035062 0.012753301 0.014678360 -0.024981821 0.137295291 0.990106285
71.000000 0.046785410 0.066972919 0.015146235 0.015304193 -0.026119689 0.132278010 0.990750194
71.100000 0.045065481 0.063910589 0.017921519 0.013230669 -0.028278412 0.127336115 0.991368115
71.200000 0.045653984 0.060147367 0.021569876 0.013277762 -0.031972185 0.121966228 0.991930306
71.300000 0.037944559 0.056888908 0.021896582 0.013059874 -0.030980423 0.118728302 0.992357433
71.400000 0.044509012 0.038751420 0.021160230 0.005489038 -0.040674482 0.115876921 0.992415249
71.500000 0.043671373 0.045207683 0.023072165 0.015323681 -0.046233963 0.112390071 0.992469668
71.600000 0.047369462 0.038651325 0.027789285 0.013637391 -0.050573237 0.105925217 0.992993593
71.700000 0.048833147 0.036413539 0.032159906 0.012569414 -0.049676225 0.100970365 0.993568957
71.800000 0.052272301 0.026993021 0.037788708 0.006786153 -0.048387978 0.102078184 0.993575692
71.900000 0.053193826 0.019210782 0.042499807 0.005700679 -0.047964524 0.103938326 0.993410170
72.000000 0.058558296 0.017123336 0.049051255 0.008362831 -0.052045085 0.103078023 0.993275523
72.100000 0.060528181 0.007764510 0.054957494 0.005107380 -0.053133573 0.100517012 0.993502438
72.200000 0.060272001 0.002551783 0.060444042 0.004438268 -0.053886410 0.099621996 0.993555248
72.300000 0.065296508 -0.003629474 0.067378014 0.004141375 -0.058742099 0.099385664 0.993304968
72.400000 0.073722787 -0.008775282 0.074935019 0.004892017 -0.065203503 0.098849282 0.992951870
72.500000 0.081245087 -0.008779716 0.079680070 0.005376244 -0.068945996 0.095921099 0.992983758
72.600000 0.085047953 -0.009427703 0.087821074 0.002603432 -0.067817822 0.096995682 0.992968202
72.700000 0.086179405 -0.014753540 0.090083063 -0.000703161 -0.065308802 0.099447079 0.992897034
72.800000 0.089584798 -0.015965100 0.091318056 0.001471166 -0.066111043 0.100971945 0.992689192
72.900000 0.088261925 -0.016341463 0.091724895 0.002529067 -0.063330226 0.100176729 0.992948890
73.000000 0.088448957 -0.014711228 0.093667082 0.002481635 -0.061533362 0.103305191 0.992741406
73.100000 0.089248307 -0.012432525 0.095790997 0.000713245 -0.059865694 0.107412457 0.992410302
73.200000 0.089842476 -0.014001131 0.097848997 -0.004362192 -0.056571763 0.111909144 0.992097259
73.300000 0.088872105 -0.016805310 0.097511284 -0.006054231 -0.051514588 0.118954152 0.991544008
73.400000 0.079827443 -0.017372657 0.095350564 -0.006280159 -0.043727051 0.124822915 0.991195142
73.500000 0.072029263 -0.019346556 0.091358840 -0.005642198 -0.040482961 0.127720252 0.990967631
73.600000 0.062177967 -0.011694091 0.089163348 -0.002272468 -0.036954436 0.129048988 0.990946829
73.700000 0.054040916 -0.012936393 0.087685034 -0.005291071 -0.033660296 0.130213246 0.990900338
73.800000 0.040958017 -0.009386579 0.080382548 -0.003529274 -0.028065944 0.132097095 0.990833104
73.900000 0.032888677 -0.002605412 0.078947052 -0.002678266 -0.025202977 0.136474565 0.990319312
74.000000 0.026347160 -0.005370007 0.078197509 -0.008197398 -0.018955722 0.137694806 0.990259349
74.100000 0.016552769 -0.006505107 0.078447692 -0.010180912 -0.008490191 0.142687380 0.989679039
74.200000 0.010743097 -0.003364902 0.077896282 -0.008645549 -0.002351661 0.149483457 0.988723636
74.300000 0.005043553 -0.003584004 0.078362159 -0.010010098 0.004238334 0.154496029 0.987933636
74.400000 -0.000869724 -0.004476265 0.078489505 -0.010015517 0.010338041 0.159499317 0.987093091
74.500000 -0.003789818 -0.006402041 0.079623163 -0.010734244 0.013860512 0.160025954 0.986957133
74.600000 -0.006445291 -0.006911837 0.081682287 -0.010302885 0.017353250 0.159861237 0.986933172
74.700000 -0.009919863 -0.007240853 0.085539572 -0.010921080 0.021569908 0.160284102 0.986774802
74.800000 -0.012590523 -0.008578171 0.090514883 -0.011432490 0.025866866 0.161751956 0.986426115
74.900000 -0.015836770 -0.008734804 0.092774026 -0.010976617 0.031139975 0.165679410 0.985626757
75.000000 -0.020696139 -0.008917670 0.096374027 -0.012028659 0.036394559 0.169370905 0.984806716
75.100000 -0.025272774 -0.009285868 0.100678079 -0.012733283 0.040722582 0.173616111 0.983888686
75.200000 -0.030191431 -0.006246764 0.102308422 -0.011206424 0.044995755 0.178233907 0.982894957
75.300000 -0.040839422 -0.006401147 0.104829043 -0.011707219 0.052618444 0.181744322 0.981867194
75.400000 -0.046890236 -0.005259575 0.104342520 -0.010436624 0.054158915 0.184892058 0.981209874
75.500000 -0.050395124 -0.003041998 0.102822378 -0.009167363 0.053711496 0.188122243 0.980632961
75.600000 -0.054009158 -0.002814350 0.102298595 -0.010807094 0.053165045 0.192368597 0.979821920
75.700000 -0.057606205 -0.002724729 0.100857429 -0.008863003 0.055055905 0.193758115 0.979463160
75.800000 -0.059472710 0.003763853 0.098366410 -0.004341451 0.056031976 0.195154279 0.979161084
75.900000 -0.063211799 0.005855084 0.099120244 -0.007108952 0.059065089 0.197215438 0.978553474
76.000000 -0.065577753 0.004979380 0.100729629 -0.007991987 0.059907891 0.199137628 0.978106022
76.100000 -0.065220110 0.002851109 0.101378635 -0.006178240 0.060459469 0.198245913 0.978266358
76.200000 -0.065504670 0.005110986 0.101525068 0.002427221 0.058943767 0.196364880 0.978754580
76.300000 -0.072650433 0.001762406 0.103374578 0.006348729 0.058349784 0.193557844 0.979331613
76.400000 -0.074262634 -0.000760773 0.098636061 0.015397446 0.050355881 0.189576581 0.980452955
76.500000 -0.070330486 0.001268240 0.095043376 0.019960131 0.042574354 0.184889406 0.981633842
76.600000 -0.070524305 0.010424376 0.088582441 0.025340755 0.038817231 0.174411342 0.983581066
76.700000 -0.068326764 0.009941931 0.092141211 0.023538606 0.037502829 0.169814602 0.984480798
76.800000 -0.073177017 0.009254179 0.092664897 0.024187600 0.039725687 0.171771571 0.984038293
76.900000 -0.074310660 0.008518232 0.090192892 0.024927637 0.037241273 0.172767431 0.983942628
77.000000 -0.073052645 0.008893033 0.091371454 0.024382846 0.034970704 0.172252327 0.984129906
77.100000 -0.076607771 0.008838476 0.090464734 0.024197727 0.035956711 0.173416346 0.983894467
77.200000 -0.075353384 0.005981597 0.092626065 0.021465316 0.034293488 0.172543541 0.984170675
77.300000 -0.075692832 0.006105704 0.093285210 0.021181390 0.035191923 0.173546329 0.983968794
77.400000 -0.077733688 0.006121071 0.092878029 0.020620627 0.037029602 0.174206957 0.983796477
77.500000 -0.077329151 0.004463769 0.092861891 0.019077001 0.038469717 0.174035951 0.983802617
77.600000 -0.076287687 0.005885433 0.092012309 0.018773025 0.038366027 0.175437599 0.983563542
77.700000 -0.083977260 0.010544449 0.092485011 0.020814396 0.044176113 0.175630420 0.983244181
77.800000 -0.095990971 0.017974349 0.089673124 0.025562219 0.050296225 0.178731933 0.982278883
77.900000 -0.088894106 0.017384123 0.088344514 0.020142894 0.043574505 0.177328736 0.982980192
78.000000 -0.088235073 0.016488889 0.088237926 0.018657630 0.046780348 0.178894371 0.982578397
78.100000 -0.087736182 0.019461254 0.085500300 0.021732632 0.048856799 0.183292657 0.981603026
78.200000 -0.089164466 0.018102329 0.082856596 0.020399427 0.052279830 0.184643686 0.981202006
78.300000 -0.087485760 0.018279364 0.081409395 0.019084701 0.053348172 0.185684413 0.980974555
78.400000 -0.089027390 0.019494403 0.080559358 0.019569339 0.055989467 0.186979309 0.980571747
78.500000 -0.086492017 0.020644182 0.079186298 0.019271512 0.055818491 0.186956674 0.980591714
78.600000 -0.083521076 0.020807454 0.078714937 0.017584549 0.056877628 0.187458679 0.980466723
