0.000000 0.0000000 0.0000000 0.0000000 0.0000000 0.0000000 0.0000000 1.0000000
8.500000 -0.1196035 0.0302320 0.0248812 0.0277190 0.0169132 0.0982380 0.9946330
15.700000 -0.2046857 -0.0113795 0.0772772 0.0442452 0.0478124 0.1896019 0.9796976
15.900000 -0.1929389 -0.0227880 0.0872345 0.0417344 0.0462477 0.1843112 0.9808918
23.800000 -0.2187629 -0.0705414 0.0726558 -0.0136437 0.0811743 0.3105128 0.9469986
40.000000 0.3262424 -0.0069650 0.2321073 0.1172432 -0.2541510 -0.3799973 0.8816254
40.300000 0.3362828 -0.0127816 0.2445189 0.1151346 -0.2548575 -0.3841852 0.8798826
41.600000 0.3646446 -0.0174490 0.2816884 0.1067800 -0.2562126 -0.4070641 0.8702022
45.000000 0.4198360 0.0336789 0.2973303 0.1521661 -0.3119737 -0.3776900 0.8584102
52.300000 0.4477165 -0.0865762 0.2368320 0.1292333 -0.2709528 -0.5172108 0.8014838
56.200000 0.5049146 -0.2085757 0.3609323 0.1168970 -0.3848154 -0.5868681 0.7027361
57.000000 0.5030583 -0.2291301 0.4054990 0.1073892 -0.3918597 -0.6027952 0.6866961
58.200000 0.5055557 -0.2430079 0.4239120 0.1094561 -0.4053713 -0.5958353 0.6845976
59.300000 0.5159228 -0.2525046 0.4486926 0.1260640 -0.4355876 -0.5854412 0.6720341
60.200000 0.5290810 -0.2494265 0.4785215 0.1334773 -0.4555165 -0.5737157 0.6674869
60.600000 0.5377641 -0.2351581 0.4876007 0.1474004 -0.4694325 -0.5616408 0.6651810
61.200000 0.5552046 -0.2443510 0.5035419 0.1442887 -0.4775526 -0.5525306 0.6677082
62.000000 0.5839624 -0.2403327 0.4924160 0.1562442 -0.4738273 -0.5399789 0.6778631
63.000000 0.5991451 -0.2190079 0.4503607 0.1478895 -0.4511710 -0.5136058 0.7146905
63.400000 0.6057611 -0.2021687 0.4190100 0.1379612 -0.4334709 -0.4693245 0.7568383
65.500000 0.4946124 -0.1295223 0.2554905 0.0677292 -0.3205914 -0.3354647 0.8832312
66.100000 0.4493789 -0.1216189 0.2254381 0.0447722 -0.2854623 -0.3182495 0.9028975
66.800000 0.4053179 -0.1118373 0.2128185 0.0275871 -0.2555602 -0.2950400 0.9202605
67.700000 0.3884438 -0.1452209 0.2080759 -0.0196876 -0.2644340 -0.2907836 0.9193106
69.300000 0.3337180 -0.1513774 0.2187588 -0.0434206 -0.2609199 -0.2566763 0.9295982
69.700000 0.3089150 -0.1420025 0.1948030 -0.0585820 -0.2456648 -0.2269525 0.9405900
70.000000 0.2916172 -0.1118960 0.1769806 -0.0444804 -0.2295121 -0.2109702 0.9491245
70.300000 0.2747111 -0.0929543 0.1598062 -0.0479692 -0.2245453 -0.1969683 0.9531431
70.600000 0.2592766 -0.0716948 0.1520520 -0.0536410 -0.2177865 -0.1937646 0.9550639
71.500000 0.2758415 -0.0400034 0.1495235 -0.0287510 -0.2118091 -0.1489296 0.9654689
72.600000 0.2985827 0.0345702 0.1140376 0.0337469 -0.2106715 -0.0656718 0.9747645
73.300000 0.3150151 0.1045919 0.0926816 0.0632407 -0.1901846 -0.0083126 0.9796741
73.600000 0.3128318 0.0979755 0.0840232 0.0549069 -0.1743889 0.0082710 0.9831100
74.600000 0.3046981 0.1373231 0.0568283 0.0679150 -0.1549240 0.0446727 0.9845763
74.900000 0.2741373 0.1615512 0.0436482 0.0547945 -0.1290704 0.0543632 0.9886268
78.000000 0.1043535 0.1458835 -0.1289130 0.0550812 -0.0725429 0.1410311 0.9858062
79.000000 0.0590121 0.1111129 -0.1107037 0.0439582 -0.0515598 0.1709719 0.9829435
79.400000 0.0438711 0.0846899 -0.1020656 0.0427422 -0.0639924 0.1699121 0.9824499
81.300000 0.0721193 0.0488493 -0.0455361 0.0142696 -0.0919423 0.1484922 0.9845268
83.200000 -0.0138134 0.0891018 -0.1035258 0.0237926 -0.0370112 0.2002867 0.9787489
84.700000 -0.0682516 0.1183747 -0.1243086 0.0573563 -0.0081919 0.2336305 0.9705977
86.100000 -0.1353276 0.1377162 -0.0894773 0.0708134 0.0103313 0.2611741 0.9626353
86.900000 -0.1958031 0.1714174 -0.0712295 0.0991082 0.0299818 0.2539329 0.9616635
89.300000 -0.2836106 0.2043215 -0.0037080 0.1486882 0.0639222 0.2746745 0.9478184
91.000000 -0.3067417 0.2210899 0.0211133 0.1632606 0.0804877 0.2563037 0.9493030
91.600000 -0.3174140 0.2136053 0.0347375 0.1656581 0.0739809 0.2333149 0.9553263
92.000000 -0.3006087 0.2035539 0.0448729 0.1646364 0.0807249 0.2382951 0.9537263
93.400000 -0.2729318 0.1846365 0.0651471 0.1450742 0.0948002 0.2406203 0.9550226
93.800000 -0.2582633 0.1664417 0.0707684 0.1441985 0.0746609 0.2265982 0.9603571
94.500000 -0.2371106 0.1350193 0.0812907 0.1477376 0.0467059 0.1893761 0.9696024
95.000000 -0.2147048 0.1199739 0.0797095 0.1530420 0.0556686 0.1890295 0.9683734
95.900000 -0.1829909 0.1184515 0.0839676 0.1120565 0.0509112 0.1607822 0.9792857
97.300000 -0.1799783 0.0981011 0.0770573 0.0906952 0.0380365 0.1555088 0.9829265
