0.000000 0.0000000 0.0000000 0.0000000 0.0000000 0.0000000 0.0000000 1.0000000
0.200000 -0.0040847 0.0017681 0.0020796 -0.0026041 -0.0008225 -0.0014276 0.9999952
0.300000 -0.0063378 0.0027769 0.0031643 -0.0041058 -0.0015168 -0.0028420 0.9999864
1.500000 0.0086851 0.0075909 -0.0009987 -0.0069864 -0.0213915 -0.0119351 0.9996755
2.500000 -0.0086701 0.0419417 -0.0113580 0.0009178 -0.0103631 0.0035358 0.9999396
7.100000 0.0667691 -0.0439685 0.0692720 -0.0063896 -0.0758351 -0.0870346 0.9932941
8.500000 0.1083324 -0.0619528 0.0955791 -0.0149208 -0.1036429 -0.1445342 0.9839438
9.900000 0.1173742 -0.0842287 0.1151215 -0.0225697 -0.1274454 -0.1584913 0.9788405
11.700000 0.1419940 -0.1158707 0.1115517 -0.0374873 -0.1656491 -0.2222186 0.9600906
14.300000 0.1969677 -0.0853609 0.0848866 -0.0280924 -0.1841556 -0.2327715 0.9545234
15.800000 0.2588998 -0.0799140 0.0867067 -0.0244412 -0.2103631 -0.2465173 0.9457163
16.000000 0.2785610 -0.0743467 0.0900793 -0.0218408 -0.2152449 -0.2418690 0.9458816
16.200000 0.2834511 -0.0643540 0.0819802 -0.0192318 -0.2103008 -0.2407194 0.9473426
16.700000 0.3083702 -0.0624145 0.0745031 -0.0171574 -0.2130930 -0.2437267 0.9459885
18.500000 0.3479547 -0.0810766 0.0918064 -0.0102155 -0.2273175 -0.2454000 0.9423382
20.000000 0.3255961 -0.1168339 0.1400021 -0.0313726 -0.2513545 -0.3053648 0.9179265
21.600000 0.3137125 -0.1419184 0.1685084 -0.0330834 -0.2779947 -0.3527679 0.8928490
24.700000 0.3388473 -0.1531549 0.1891209 -0.0163770 -0.2898563 -0.3838795 0.8765567
31.900000 0.3857929 -0.1360835 0.0908075 0.0287911 -0.2422483 -0.4781477 0.8437189
32.700000 0.3916304 -0.1036319 0.0759614 0.0053112 -0.2375684 -0.4470080 0.8623902
33.100000 0.3929984 -0.0685132 0.0639962 0.0008678 -0.2331797 -0.4163538 0.8787923
33.600000 0.3757540 -0.0518856 0.0574194 -0.0076027 -0.2277280 -0.3938813 0.8904716
34.300000 0.3459210 -0.0246436 0.0527737 -0.0089788 -0.2304683 -0.3621060 0.9031517
35.200000 0.3084827 -0.0097030 0.0599436 -0.0209067 -0.2524957 -0.3186687 0.9133778
36.800000 0.2759572 0.0197288 0.0751718 -0.0032659 -0.2145231 -0.2331861 0.9484690
38.100000 0.2189373 0.0296299 0.0856410 -0.0016145 -0.1828828 -0.2133355 0.9597079
38.500000 0.2021080 0.0458977 0.0929555 0.0018893 -0.1747837 -0.1915671 0.9657894
38.900000 0.1677137 0.0373500 0.0967056 -0.0035610 -0.1560014 -0.1755743 0.9720209
39.500000 0.1420660 0.0457212 0.1038105 -0.0018991 -0.1508672 -0.1474395 0.9774953
40.000000 0.1381910 0.0439831 0.1160692 0.0004468 -0.1353066 -0.1127443 0.9843681
41.000000 0.0935416 0.0729991 0.0890752 0.0130224 -0.0960575 -0.0370354 0.9946013
41.400000 0.0345832 0.0765408 0.0599832 0.0080518 -0.0727610 0.0097777 0.9972690
41.800000 0.0132582 0.0739850 0.0454682 0.0162559 -0.0781497 0.0372330 0.9961135
42.200000 0.0030955 0.0809294 0.0259701 0.0437389 -0.0740897 0.0617927 0.9943738
43.700000 -0.0264589 0.0930576 0.0261926 0.0582377 -0.0255384 0.1517894 0.9863651
44.100000 -0.0223593 0.0853949 0.0309211 0.0590079 0.0063739 0.1747363 0.9828249
44.500000 -0.0214377 0.0845708 0.0420916 0.0636839 0.0252325 0.1895790 0.9794731
45.000000 -0.0157714 0.0639042 0.0773529 0.0413253 0.0499572 0.1974081 0.9781751
45.800000 -0.0250005 0.0587527 0.1060647 0.0252228 0.0624541 0.2108079 0.9752042
46.300000 -0.0254158 0.0678032 0.1050958 0.0057010 0.0673743 0.2336764 0.9699606
46.700000 -0.0313039 0.0653481 0.0899619 -0.0088272 0.0507451 0.2429632 0.9686671
49.800000 -0.0144439 0.0267102 0.0935252 -0.0308122 0.0242802 0.2081580 0.9773082
50.900000 -0.0356236 0.0104582 0.0928480 -0.0369384 0.0165703 0.1296018 0.9907393
52.000000 -0.0267811 -0.0012479 0.0910488 -0.0256534 -0.0052398 0.0614198 0.9977685
53.500000 -0.0036205 -0.0291357 0.0948289 -0.0351962 -0.0415448 -0.0423602 0.9976176
54.000000 -0.0027031 -0.0530448 0.1145724 -0.0373695 -0.0546227 -0.0656174 0.9956477
54.500000 0.0060378 -0.0651754 0.1330327 -0.0317280 -0.0654392 -0.0816575 0.9940036
55.100000 0.0200291 -0.0793564 0.1562605 -0.0374817 -0.0617285 -0.0958153 0.9927760
55.700000 0.0302956 -0.0778380 0.1539688 -0.0423316 -0.0560945 -0.1202015 0.9902591
57.200000 0.0179726 -0.0846128 0.1655818 -0.0571006 -0.0688738 -0.2232256 0.9706525
58.700000 0.0299337 -0.0784201 0.1556242 -0.0526178 -0.0820800 -0.2587735 0.9610050
61.100000 -0.0040257 -0.0958895 0.1535502 -0.0741737 -0.0625831 -0.2768696 0.9559941
62.000000 0.0327260 -0.1149543 0.1707871 -0.0616447 -0.1205793 -0.3500940 0.9268736
63.300000 0.0782191 -0.1253566 0.1580429 -0.0569094 -0.1588694 -0.3977028 0.9018616
64.700000 0.1060793 -0.1316014 0.1368887 -0.0592462 -0.1629717 -0.4427571 0.8797137
66.100000 0.1352266 -0.1285758 0.1268833 -0.0429839 -0.1676359 -0.4769334 0.8617338
68.400000 0.1200799 -0.0918067 0.1959717 -0.0400763 -0.1709854 -0.4062873 0.8967099
70.200000 0.1145149 -0.0552208 0.2194947 -0.0283929 -0.1705952 -0.2971199 0.9390478
71.500000 0.1134522 -0.0076143 0.2405542 0.0070425 -0.1456491 -0.2143778 0.9658048
73.200000 0.0639745 0.0358220 0.2340068 0.0117487 -0.0807915 -0.1074883 0.9908486
74.400000 0.0410221 0.0713524 0.1855223 0.0268424 -0.0496526 -0.0492659 0.9971895
80.600000 -0.0158392 0.0963282 0.0644381 0.0345405 -0.0631050 0.0891619 0.9934158
83.500000 -0.0361994 0.0573321 0.0742636 0.0450986 -0.0566997 0.1341296 0.9883119
84.600000 -0.0393588 0.0449054 0.0844393 0.0491841 -0.0531550 0.1606959 0.9843436
85.600000 -0.0072341 0.0431163 0.0901828 0.0550647 -0.0130761 0.1597186 0.9855388
86.300000 0.0086580 0.0545992 0.0965902 0.0517059 0.0099805 0.1236548 0.9909270
