0.000000 0.0000000 0.0000000 0.0000000 0.0000000 0.0000000 0.0000000 1.0000000
16.300000 0.2662005 0.0609744 -0.0185923 0.0386256 -0.2052890 -0.2257221 0.9515325
25.400000 0.4056473 -0.1643129 0.1774468 0.0710806 -0.3718341 -0.4725900 0.7958302
30.700000 0.5500341 -0.2006399 0.2074973 0.0980349 -0.4036205 -0.4853120 0.7693841
32.500000 0.5239116 -0.3138435 0.2673619 0.1089432 -0.4492001 -0.5635991 0.6846217
33.100000 0.5194081 -0.3344744 0.2815030 0.1213134 -0.4576680 -0.5860162 0.6575775
34.100000 0.5132492 -0.3550613 0.2944574 0.1270703 -0.4684756 -0.6035315 0.6325610
35.000000 0.5062762 -0.3684564 0.3091061 0.1286972 -0.4734126 -0.6112986 0.6209924
37.100000 0.4257288 -0.3674661 0.2966080 0.1035905 -0.4595751 -0.6125677 0.6346815
37.400000 0.4021207 -0.3508659 0.2801761 0.0904359 -0.4512740 -0.6096989 0.6453220
39.000000 0.3189850 -0.2988319 0.2461813 0.0192073 -0.4081545 -0.5763282 0.7077336
39.900000 0.2953319 -0.2408847 0.2336869 -0.0333835 -0.3834080 -0.5090417 0.7699093
40.200000 0.2799236 -0.2302897 0.2302873 -0.0517505 -0.3708110 -0.4865058 0.7893879
40.800000 0.2823103 -0.2063975 0.2391277 -0.0606637 -0.3580534 -0.4293684 0.8268982
41.200000 0.2823144 -0.2051223 0.2343022 -0.0655766 -0.3509273 -0.3960611 0.8459818
41.800000 0.3024271 -0.1835297 0.2467145 -0.0585295 -0.3467286 -0.3512484 0.8677431
42.500000 0.3459714 -0.1462339 0.2374627 -0.0334600 -0.3469586 -0.2998913 0.8880121
46.300000 0.2866285 0.0218699 0.1062306 0.0418427 -0.2570123 -0.1218272 0.9577850
47.600000 0.2584625 0.0684820 0.0917510 0.0676968 -0.2408211 -0.0202382 0.9679942
49.700000 0.2136681 0.0844918 0.0985772 0.0528287 -0.1998148 0.0239799 0.9781146
50.100000 0.2032660 0.0896065 0.0959053 0.0474124 -0.2017118 0.0280896 0.9778934
50.500000 0.1873367 0.0965467 0.0975638 0.0424160 -0.1989817 0.0253621 0.9787563
51.200000 0.1486738 0.0775213 0.1216339 0.0179453 -0.1812542 0.0477379 0.9821130
52.200000 0.1155588 0.0576045 0.1214985 -0.0119698 -0.1513162 0.0845878 0.9847868
52.600000 0.0888013 0.0390996 0.1246933 -0.0215819 -0.1314424 0.1010313 0.9859259
53.000000 0.0743236 0.0303558 0.1201794 -0.0260298 -0.1158368 0.1095343 0.9868670
53.500000 0.0732692 0.0211852 0.1204396 -0.0412684 -0.1070190 0.1081136 0.9874995
53.900000 0.0748565 0.0131078 0.1263496 -0.0448815 -0.0985333 0.1135328 0.9876169
54.600000 0.0793890 0.0059361 0.1307041 -0.0484743 -0.0886621 0.1252405 0.9869671
62.600000 -0.0124894 0.0017454 -0.0383397 0.0064762 -0.0081520 0.2824513 0.9592252
64.100000 -0.0214151 0.0369574 -0.1095534 0.0201454 -0.0037044 0.2888942 0.9571419
65.400000 -0.0245071 0.0209708 -0.1012486 0.0147624 -0.0131988 0.2759162 0.9609777
67.900000 -0.0201265 0.0149114 -0.0388307 -0.0017539 -0.0102068 0.2754469 0.9612605
69.100000 -0.1170373 0.0458122 -0.0820294 -0.0007065 0.0224116 0.3054329 0.9519495
69.500000 -0.1464140 0.0677553 -0.0920339 0.0205579 0.0416049 0.3224255 0.9454566
70.200000 -0.1767877 0.0893664 -0.0980413 0.0448317 0.0587910 0.3378716 0.9382838
70.800000 -0.2043529 0.1050873 -0.0875981 0.0627210 0.0681204 0.3430961 0.9347249
71.200000 -0.2175257 0.1101325 -0.0773571 0.0665152 0.0782537 0.3548352 0.9292707
72.000000 -0.2418118 0.1085288 -0.0497085 0.0722703 0.0960148 0.3682873 0.9219125
74.900000 -0.3102880 0.0693632 -0.0019926 0.1189899 0.1250269 0.3849711 0.9066460
77.100000 -0.3176688 0.0503746 0.0288967 0.1055281 0.1180756 0.4292251 0.8892063
77.700000 -0.3183525 0.0381163 0.0260699 0.1133900 0.1080419 0.4349410 0.8867333
79.200000 -0.2994437 0.0074029 0.0278252 0.1147817 0.1104471 0.4719663 0.8671069
79.600000 -0.2917885 0.0032264 0.0258375 0.1104043 0.1091167 0.4776322 0.8647380
80.400000 -0.2754788 -0.0078579 0.0307970 0.0984088 0.1066048 0.4910190 0.8589829
80.800000 -0.2565087 -0.0197251 0.0280366 0.0884659 0.0990337 0.4920585 0.8603747
82.200000 -0.1943938 -0.0191162 0.0286157 0.0602010 0.0850506 0.4418183 0.8910325
83.100000 -0.1666376 -0.0181222 0.0162244 0.0283211 0.0661058 0.3884023 0.9186793
83.800000 -0.1575901 -0.0096128 0.0010228 0.0262123 0.0568455 0.3699194 0.9269527
84.500000 -0.1467226 0.0008221 0.0003474 0.0223946 0.0657041 0.3611878 0.9299058
85.000000 -0.1447682 0.0083138 -0.0049553 0.0216484 0.0823725 0.3446702 0.9348522
