15.2 0.015244540968 -0.093950834447 0.805541599711 0.051398856314 0.944691223578 0.205841186052 -0.250092094614
15.3 0.015423746527 -0.090840017421 0.785329126424 0.051734876674 0.942264482058 0.216054791428 -0.250562318571
15.5 0.016665106240 -0.094345202197 0.812738101755 0.046542382800 0.941468638999 0.204582496297 -0.263849598435
15.6 0.015349555929 -0.093603256056 0.797489503358 0.057474689167 0.944313043678 0.225860429442 -0.232285604498
15.7 0.016732622554 -0.094193518224 0.803863431594 0.052823534758 0.940923770614 0.214848000554 -0.256344433775
15.8 0.015368419673 -0.092637320353 0.795233496816 0.057318727410 0.946247271005 0.206226894462 -0.242489450500
20.7 0.056214576572 -0.096318747744 0.768594606166 0.041898904418 0.918515055778 0.166057815466 -0.356369718187
20.9 0.057694578974 -0.109382689032 0.784101745910 0.047242894300 0.911757467972 0.206429521122 -0.351927949080
22.7 0.042390433499 -0.116015276706 0.774321825192 0.040131109113 0.921613475831 0.187211881718 -0.337594144783
25.3 0.007859811109 -0.108090491919 0.807773616867 0.062837306636 0.929325188123 0.205357272121 -0.300390676289
25.5 0.008497636614 -0.108605268423 0.793744983070 0.061005635929 0.922736401357 0.201229138397 -0.323021175554
25.8 -0.000432817369 -0.117482101075 0.813288848306 0.064822247501 0.924809719433 0.218296633133 -0.304748484876
26.3 -0.007183954355 -0.115538966879 0.801488264580 0.061363035060 0.927727363129 0.207549940820 -0.304104488120
26.5 -0.008309017011 -0.110536658947 0.782231438250 0.072251523839 0.922178716810 0.198328656488 -0.324086216277
26.6 -0.007721685354 -0.114601579538 0.812326031814 0.059233627922 0.926254146865 0.191166538195 -0.319374368747
27.6 0.006224262040 -0.098516412789 0.756228442122 0.050650055512 0.919109020211 0.207155004037 -0.331300445435
28.2 0.013947600708 -0.089239333936 0.754314428441 0.052374493855 0.909929586224 0.169377200749 -0.374961897229
28.3 0.011338752723 -0.091970665629 0.780754174934 0.042114324490 0.920868467757 0.181283179047 -0.342584380494
28.4 0.012058109553 -0.089542063399 0.756879088142 0.036875739071 0.913342942924 0.177374335498 -0.364668607896
28.5 0.012287961701 -0.089242705083 0.781285709188 0.041316724576 0.917692876847 0.172464753834 -0.355511772998
28.7 0.011140026773 -0.091737928375 0.792004843802 0.047373913802 0.921298760878 0.193178343799 -0.334135351290
28.9 0.012957362876 -0.086068367660 0.753375455815 0.048274238007 0.917388881865 0.167232486304 -0.357911347822
29.0 0.012230693774 -0.092266081387 0.793660598217 0.036829795888 0.922758934378 0.186656611079 -0.335140007609
29.1 0.013574803055 -0.086888850370 0.756525405527 0.049142406902 0.913231299480 0.168531883374 -0.367682773298
29.2 0.015738843846 -0.088635700586 0.765513836946 0.047445926323 0.905383337890 0.186827898692 -0.378318955138
29.3 0.016632391988 -0.089547699549 0.779808607589 0.048679997398 0.908243548606 0.175072283277 -0.376926531166
29.4 0.016026319346 -0.084068878123 0.748150809584 0.039443475646 0.908939319238 0.179762616802 -0.374110849579
29.5 0.017516253835 -0.083979229039 0.768605334776 0.046033857865 0.910067227957 0.171693527333 -0.374406005828
31.9 0.008184937912 -0.064004240298 0.767863667082 0.037940265656 0.913664310203 0.141784281916 -0.379045224090
32.4 0.008058487142 -0.067456251978 0.757337476511 0.027058308735 0.908310192879 0.118711173305 -0.400185080648
33.6 0.017948236976 -0.075863789358 0.759466822082 0.029421876708 0.906133587511 0.127639496702 -0.402199494824
38.8 0.002073126993 -0.094048991071 0.755864312997 0.037647801554 0.908653196013 0.098228627764 -0.404083096778
39.0 0.001539926273 -0.089895449296 0.752421608170 0.045789993804 0.905180085049 0.107132389502 -0.408748016775
40.1 0.007137215133 -0.070661640127 0.704977717440 0.044464889002 0.888663657506 0.115084556387 -0.441650679107
40.9 0.020125037656 -0.063627908145 0.753350916733 0.055986136271 0.901048227224 0.107829765545 -0.416353679490
42.1 0.004668837503 -0.049696247953 0.784538752641 0.061438477899 0.913477033048 0.080576964621 -0.394071537034
42.3 0.000100821275 -0.051752656682 0.807874546794 0.059758171571 0.917615782082 0.091303589569 -0.382196143276
42.4 0.002820277137 -0.053062307932 0.786063384835 0.054319236590 0.916302965644 0.083364258746 -0.387928725481
42.5 0.004366497070 -0.055409085028 0.799778574201 0.065357982863 0.917460530135 0.086283760492 -0.382818001662
42.8 0.003350704502 -0.056068487506 0.791920674540 0.066012062957 0.919998919132 0.085277227193 -0.376791972928
43.0 0.003110929135 -0.057268458158 0.773993755847 0.062077567720 0.912622096774 0.099540083975 -0.391610847331
43.1 0.002684586911 -0.057358598919 0.778635136552 0.059925545461 0.912699342353 0.079483060684 -0.396322195358
43.4 0.000493682561 -0.058384459905 0.765330369227 0.068769813150 0.908430649558 0.083511199174 -0.403794932305
43.6 -0.000920866056 -0.057849777355 0.757810277632 0.061397959212 0.906972607920 0.089847707611 -0.406888643888
44.3 -0.025114509590 -0.100087702507 1.153895503069 0.167242391603 0.940687147088 0.156324163619 -0.250400538385
60.4 -0.004787676390 -0.127781993772 0.896011513196 0.078686115783 0.952929482495 0.056596178912 -0.287281689476
69.3 0.032172084320 -0.125237437186 0.835339060300 0.091176613702 0.909187902181 0.058087866529 -0.402106930310
88.6 0.023614064082 -0.143864062098 0.819377327915 0.037086835326 0.861584217784 0.108324121147 -0.494533201199
88.8 0.028631214554 -0.136138407888 0.812796231069 0.013464337375 0.869014255902 0.073669020592 -0.489086710168
89.5 0.030448682695 -0.136138273817 0.811238927503 0.022590829532 0.867107954493 0.106777584209 -0.486016457732
90.7 0.022552726150 -0.123050962448 0.835121204729 -0.027448219989 0.866145179191 0.071581766099 -0.493877691890
91.3 0.015702923008 -0.114830075306 0.794299987488 0.010437405891 -0.862974738051 -0.071685215526 0.500026891196
91.8 0.017279146895 -0.114819174893 0.788472450104 0.019257879295 -0.856154576141 -0.075002796373 0.510884582247
92.9 0.026874950214 -0.103057722370 0.801083548647 0.023706783581 -0.857568784753 -0.070726698189 0.508931726259
95.7 0.047074319351 -0.118906845911 0.803544320704 0.031297007680 -0.851310613809 -0.127833582802 0.507887104810
95.8 0.050703661986 -0.122016337792 0.803626076700 0.030334309566 -0.839766144433 -0.123124647802 0.527932735707
96.0 0.057942903001 -0.131470940140 0.877271215365 0.048996741754 -0.836115578802 -0.136322491782 0.529080557590
96.1 0.055589577521 -0.124674591924 0.822964485825 0.060055045540 -0.845581504584 -0.107811490560 0.519386169544
96.9 0.040708098051 -0.114738459784 0.763964267936 0.053711133057 -0.841618953084 -0.094724276334 0.528980116326
97.2 0.035059825320 -0.115663956364 0.784086615781 0.034868863831 -0.854341405829 -0.118724696695 0.504766650061
97.5 0.033975829458 -0.117864159945 0.799862154609 -0.036167279760 0.855268664759 0.135251217478 -0.498913366354
98.1 0.025354881362 -0.121289636067 0.811090642892 -0.043283553706 0.860285162897 0.125573106259 -0.492206630860
98.2 0.021172729388 -0.123563424383 0.819565125696 0.024356829150 -0.854737770335 -0.133474732380 0.501013557352
98.6 0.021750656851 -0.118593190334 0.797072594571 -0.040717851889 0.863319173238 0.124907358426 -0.487257851110
98.7 0.022669288129 -0.120357474069 0.797646567361 -0.021642903381 0.858998545886 0.124455577035 -0.496149062524
98.8 0.027413080632 -0.116501786858 0.776681798765 0.026914036077 -0.857132214666 -0.114175459360 0.501561527356
98.9 0.030798151944 -0.118769099285 0.781813109108 0.031104135415 -0.853660977450 -0.135740599520 0.501866474253
99.0 0.032963714403 -0.118609823782 0.786161084124 0.040306167480 -0.852626765616 -0.145079953609 0.500354692672
99.1 0.034927552547 -0.116037347279 0.773885027787 -0.037252111304 0.857795464900 0.115699011880 -0.499412614228
99.2 0.036526422051 -0.117050874030 0.775215273042 0.022722092291 -0.851015008581 -0.138728959663 0.505975728116
99.3 0.042266602616 -0.115341693247 0.790761517751 0.025584641983 -0.847762157312 -0.138284668975 0.511392316183
99.4 0.043374589471 -0.116123717408 0.792589718613 0.024566412606 -0.851864212161 -0.140633069700 0.503930744365
99.6 0.044862448584 -0.111459682399 0.781486121985 -0.031713574124 0.856910919025 0.130237736651 -0.497730909250
99.7 0.046154555547 -0.104275200441 0.716811731817 0.079494586129 -0.839586206625 -0.120153878722 0.523773479521
99.8 0.044170776614 -0.103224685288 0.711404341851 0.055006142344 -0.842820585156 -0.142319554330 0.516113291825
100.0 0.044599421538 -0.106913232208 0.758552894175 0.039827048853 -0.847498468136 -0.114972079253 0.516663888497
100.1 0.043834510368 -0.103852837555 0.711802451652 0.063804442006 -0.834354640519 -0.138577646448 0.529695726746
100.2 0.045786553091 -0.107987042398 0.769961802185 0.040830601633 -0.857290350840 -0.089610389527 0.505327709924
100.3 0.047301172520 -0.107701740779 0.756235710689 0.047009197402 -0.850458497113 -0.114761160144 0.511214589157
100.4 0.045129775581 -0.108992442004 0.731830739813 0.052426682100 -0.843102451525 -0.157458020592 0.511504321575
100.5 0.043792792226 -0.112785064736 0.789121175782 -0.047212843388 0.862115417790 0.119024267243 -0.490266435355
100.6 0.042894372392 -0.110171200640 0.770731528092 0.042688977648 -0.852442127663 -0.119448153408 0.507200363583
100.7 0.040054370405 -0.107865474189 0.746208635525 0.043419885602 -0.850123574823 -0.124743827270 0.509748564118
100.8 0.040620443542 -0.109933867120 0.754661241774 0.038244413345 -0.849673307845 -0.129350916010 0.509765608206
100.9 0.040054882500 -0.107099787883 0.738156452463 0.037710792056 -0.853920101469 -0.134467217499 0.501315194150
101.0 0.038707764432 -0.110231717637 0.769190045243 -0.040759017942 0.859687914248 0.112776508771 -0.496544914002
101.1 0.038399873994 -0.103585766467 0.707698197095 0.057596686485 -0.836539827425 -0.147561956133 0.524508539436
101.2 0.037633589091 -0.104060263637 0.708617332565 0.071743415015 -0.841749233297 -0.144603172981 0.515170877486
101.3 0.038877923903 -0.104675552908 0.725052241760 0.066997408036 -0.845946748589 -0.136227457717 0.511202039935
101.5 0.038851455603 -0.104797049436 0.745753563149 -0.053663108571 0.856819368302 0.124919673155 -0.497368993947
101.6 0.036428020137 -0.103887662337 0.746260642790 0.052995090643 -0.856725966107 -0.113104610135 0.500419310712
101.7 0.034962918095 -0.101940656904 0.759306018899 0.058222467746 -0.858796232333 -0.083555821023 0.502093218787
101.8 0.034986654257 -0.098070007351 0.737808786082 0.065271515546 -0.849907051138 -0.103504528276 0.512527507859
101.9 0.033213337194 -0.099622006861 0.749259862259 0.067061328386 -0.852571535926 -0.113717465784 0.505660847149
102.0 0.031602718522 -0.100677243979 0.757483248657 -0.063336254837 0.855826105426 0.121850583700 -0.498700943800
102.1 0.033996383330 -0.094900228887 0.734503904228 0.062424114914 -0.849333371976 -0.110192644685 0.512438907756
102.2 0.033901893092 -0.096634828625 0.750862555415 0.055203697672 -0.851103278910 -0.111640558209 0.510011907858
102.3 0.032201325471 -0.097021122679 0.740555142065 0.063772145157 -0.849688932095 -0.121886037392 0.509024190060
102.4 0.032078287490 -0.097720629431 0.742261875813 0.065392699556 -0.851727893689 -0.126834724997 0.504178879462
102.5 0.034377404208 -0.097167419297 0.747557866196 0.064378238944 -0.849080522366 -0.091093611404 0.516352266238
102.6 0.035528781327 -0.101917764732 0.741776719420 0.060233982167 -0.849268924689 -0.122082958041 0.510107745781
102.7 0.037374464051 -0.098298783039 0.678571852427 0.098923287631 -0.826972504042 -0.144556027322 0.534260438071
102.8 0.037476822678 -0.105599530756 0.734752931939 0.074326692796 -0.851156828308 -0.131186788485 0.502789839683
102.9 0.040711218413 -0.109547197727 0.758404600830 0.086034908322 -0.848594485039 -0.141723089877 0.502394227983
103.0 0.038122298790 -0.114295008473 0.760520260094 0.074268218279 -0.850289025228 -0.140062840344 0.501871702814
103.1 0.041623252202 -0.117427659922 0.787262708396 0.086908891336 -0.844225147611 -0.135455351764 0.511255897206
103.2 0.041787732001 -0.114142179405 0.769025115739 0.073455757823 -0.845860155199 -0.165835545082 0.501620794504
103.3 0.044273733826 -0.111402684441 0.747713555763 0.098968682405 -0.854453970210 -0.100261183246 0.500061304068
103.4 0.043923105089 -0.118868031299 0.745559253040 0.076434243861 -0.838237592832 -0.154330595604 0.517395024706
103.5 0.044826798557 -0.117336775560 0.728033554939 0.095776338291 -0.831618642051 -0.139615669008 0.528909058520
103.6 0.044734386579 -0.124291919811 0.791983904059 0.087088726760 -0.840066203528 -0.160468738101 0.510836677865
103.7 0.043810334957 -0.119354719878 0.754025127818 0.095970164221 -0.847495031099 -0.140800709915 0.502709717361
103.8 0.045608854921 -0.112723525975 0.736774375589 0.104145550962 -0.849994239120 -0.114432334149 0.503556092785
103.9 0.042036279873 -0.118397039935 0.794442031773 0.085705658144 -0.836267699244 -0.152529105392 0.519659260833
104.0 0.038335138236 -0.105637784836 0.706639549205 0.116805126397 -0.851232941530 -0.075938294148 0.505956932145
104.1 0.037190264776 -0.111069053501 0.739594029331 0.083647385721 -0.844079726432 -0.147415334234 0.508725121771
104.2 0.034742946795 -0.102068085886 0.693259630342 0.115142549635 -0.839379281771 -0.128830935186 0.515351535105
104.3 0.034948755695 -0.108179288029 0.725085928336 0.096176143364 -0.845007965969 -0.145369745878 0.505548537607
104.4 0.033967737037 -0.108331467367 0.719807173342 0.101323166296 -0.842487867239 -0.142875879573 0.509445082971
104.5 0.033899107240 -0.109038996636 0.729613654769 0.084241632682 -0.842922691903 -0.158499225834 0.507210684241
104.6 0.033945858904 -0.108064924480 0.723050060482 0.104050590476 -0.847390125396 -0.142885239543 0.500686786648
104.7 0.032843141658 -0.108012662157 0.727430795547 0.102116933025 -0.845032744753 -0.143781157658 0.504795771559
104.8 0.030416761894 -0.102844206647 0.702115662050 0.108433880763 -0.841677260417 -0.138710369209 0.510471268803
104.9 0.030220086782 -0.101108651765 0.700091695232 0.108982210462 -0.839931061075 -0.137792614504 0.513470433260
105.0 0.028519167243 -0.105026986786 0.727607770800 -0.104774170120 0.848121817850 0.147853624372 -0.497846423230
105.1 0.029273166238 -0.108801204322 0.729240817087 0.103685652287 -0.841492221341 -0.149001612837 0.508860144148
105.2 0.030124555641 -0.101541754460 0.699119984068 0.115077704734 -0.842109135994 -0.122702680027 0.512399626526
105.3 0.030650823915 -0.103802171369 0.697620377366 0.112116010807 -0.834100833770 -0.155521404231 0.517222284952
105.4 0.029130221943 -0.105595336546 0.701891826653 0.103465841359 -0.830693776585 -0.163357968110 0.522069768774
105.5 0.028333083196 -0.109662731003 0.762070086700 -0.133312938071 0.850398531936 0.143342315184 -0.488367666928
105.6 0.028151501675 -0.104644422653 0.705177385845 0.117676826415 -0.840755645099 -0.127529942112 0.512853023413
105.7 0.027849542397 -0.104559165254 0.697861508169 0.116371982220 -0.838744692649 -0.117611467287 0.518779765477
105.8 0.027685622893 -0.112430079416 0.745690272753 -0.120676449439 0.850563845963 0.113821498511 -0.499022048579
105.9 0.029473258385 -0.119906827145 0.769241114814 0.134110630095 -0.830844326527 -0.160312023685 0.515763607706
106.0 0.029475572468 -0.125349480317 0.825569921647 0.116172765751 -0.844573044353 -0.141357127022 0.503208131777
106.1 0.028766722477 -0.124531517629 0.809468263769 0.116119930282 -0.838359085731 -0.176105099858 0.502650175536
106.2 0.028315827210 -0.124570605821 0.784719520850 0.122800661779 -0.836175230224 -0.155704177162 0.511358182728
106.3 0.028954878765 -0.117806188013 0.724349499521 0.132000528559 -0.831366691779 -0.138981576881 0.521621899032
106.4 0.029671474214 -0.120728541718 0.766233648002 0.125878498948 -0.830763504105 -0.154377660685 0.519763543960
106.5 0.029167526013 -0.119165800377 0.725257410857 0.116377775240 -0.831739974855 -0.144354502283 0.523284440178
106.6 0.034256569223 -0.122444388166 0.757914538845 0.115220976036 -0.832446075168 -0.161664774487 0.517322104019
106.7 0.036607507956 -0.121019956136 0.786328645793 0.125186854822 -0.826212533892 -0.153841346903 0.527289237706
106.8 0.038651196115 -0.116294070788 0.755931417092 0.116420358060 -0.824718287674 -0.120270323201 0.540204679323
106.9 0.037591659479 -0.116702604672 0.751811090488 0.114350543577 -0.838878813216 -0.156859379511 0.508528686487
107.0 0.040184341365 -0.120954107827 0.766559945993 0.101932260983 -0.824848213116 -0.174488309992 0.528004800325
107.1 0.043509495463 -0.113273036737 0.725249788168 0.118095633200 -0.812123985655 -0.129730979664 0.556487130360
107.2 0.045145676284 -0.120404563306 0.783947808592 0.120401886179 -0.831769816319 -0.148533122252 0.521152827931
107.3 0.045965957405 -0.113446113337 0.732151163142 0.130021492841 -0.823485380520 -0.128080663100 0.537179284050
107.4 0.042684742891 -0.118292369037 0.741992385292 0.105628814130 -0.820684784826 -0.165742082542 0.536515237114
107.5 0.043194407776 -0.120018957784 0.796725520051 0.104639056954 -0.824180533143 -0.163425041224 0.532042641570
107.6 0.040974198380 -0.116721871045 0.773606947269 0.109727338405 -0.827726805399 -0.166499130988 0.524505754224
107.7 0.038501308206 -0.117008858220 0.750563138675 0.099628748747 -0.819264208503 -0.157637153866 0.542246066663
107.8 0.041247771543 -0.115222608034 0.745427133050 0.120625773272 -0.815682756252 -0.156350260728 0.543751468912
107.9 0.041873010106 -0.110299137776 0.715446509607 0.133054724943 -0.811726976101 -0.146939054853 0.549367518695
108.0 0.040833933723 -0.112523901761 0.742881154430 0.111773700980 -0.810169107156 -0.169423506486 0.549934844351
108.1 0.039069483963 -0.108968655433 0.712098161181 0.116110827213 -0.817985522784 -0.146082623136 0.544130340576
108.2 0.039308648111 -0.109474059928 0.718142221783 0.092805166928 -0.822941786413 -0.161696011868 0.536664156537
108.3 0.041445840203 -0.105582465702 0.690987154867 0.099085336941 -0.821982146652 -0.174982741782 0.532830636008
108.4 0.044084526363 -0.105469599225 0.697045015831 0.097076794221 -0.804955560312 -0.169355821200 0.560304602668
108.5 0.043226969249 -0.102044517585 0.690211168571 0.095926108398 -0.821847684349 -0.145028389345 0.542523116320
108.6 0.044212492600 -0.097080414154 0.667389139693 0.097283453441 -0.811550741772 -0.142016715659 0.558348077539
108.7 0.044903378727 -0.100511318941 0.692046570578 0.103520950373 -0.809490873597 -0.158903909784 0.555659505320
108.8 0.041789249382 -0.096893196955 0.687075403765 0.122369722328 -0.822797339919 -0.156222544851 0.532564273079
108.9 0.040406709893 -0.099100078897 0.724648189590 0.071628886608 -0.816352662522 -0.189598166911 0.540823601652
109.0 0.043419254496 -0.097800998185 0.706037803126 0.097166882234 -0.822293653553 -0.149646143752 0.540368185577
109.1 0.041095974787 -0.094138357865 0.679310319217 0.089914108977 -0.804802727535 -0.173079104556 0.560581525137
109.2 0.036439897891 -0.097054195457 0.691519622647 0.108912542317 -0.835283920693 -0.184890568767 0.506215672950
109.3 0.037346711217 -0.093046673238 0.663429743451 0.087049710769 -0.799394088909 -0.186094005963 0.564588752470
109.4 0.039063788522 -0.090381224742 0.665307476294 0.097079276334 -0.814986663408 -0.151015855768 0.550968750366
109.5 0.037096012169 -0.093123745527 0.685328571942 0.092389049908 -0.815130115085 -0.172841725232 0.545117324031
109.6 0.039521330409 -0.087893892021 0.669232382441 0.110070174889 -0.817881900635 -0.156425135468 0.542664657231
109.7 0.037486150638 -0.089255688954 0.680915092568 0.093927491799 -0.821742018388 -0.179382254250 0.532672214747
109.8 0.036803301156 -0.082987839758 0.651446147256 0.107645989509 -0.830296204896 -0.161091957392 0.522560938402
109.9 0.039598174027 -0.081109472485 0.655847635044 0.085425048416 -0.822070124897 -0.148359221474 0.543040341283
110.0 0.041997692860 -0.081822020721 0.673969982116 0.094276643233 -0.826155674398 -0.138345089336 0.537995680704
110.1 0.041299725093 -0.083459113046 0.663673512642 0.094719121986 -0.815343072531 -0.185801173069 0.540112845702
110.2 0.043644831445 -0.084712529735 0.677602044247 0.097764443757 -0.824952661697 -0.169902951985 0.530120935637
110.3 0.044912246897 -0.087788742096 0.690797277859 0.087876739142 -0.831194937488 -0.174973652136 0.520362254270
110.4 0.046476229363 -0.083373895759 0.664218944801 0.085619176900 -0.824795920792 -0.171465309357 0.531959296636
110.5 0.046022868945 -0.083804485050 0.663326383226 0.090849908843 -0.833581333559 -0.189695086654 0.510787850780
110.6 0.052018611416 -0.085750821047 0.679113639496 0.081294311187 -0.816445245707 -0.173736989387 0.544631852035
110.7 0.051905010070 -0.082242731727 0.665534146507 0.083289973975 -0.822524449230 -0.174595326688 0.534820327359
110.8 0.054267832021 -0.083468475506 0.688663355553 0.090427024187 -0.822808152179 -0.178068201316 0.532072752248
110.9 0.054167365026 -0.078767986536 0.663860737566 0.086192884954 -0.820301178216 -0.163419921157 0.541267672201
111.1 0.054902982887 -0.075453928173 0.654714658246 0.086082359479 -0.815710549424 -0.167405738748 0.546974812565
111.2 0.052639681238 -0.075532073808 0.655818576129 0.098862017188 -0.829461364474 -0.198129723822 0.512800896001
111.3 0.058524216588 -0.074207747062 0.666451439335 0.101696422439 -0.815551910320 -0.177744185230 0.541239248260
111.4 0.060573496295 -0.073773572445 0.660031928205 0.081267469075 -0.803593099777 -0.183919517525 0.560185093994
111.5 0.061509927932 -0.074306623282 0.670272869367 0.092071386652 -0.811589933065 -0.174073509569 0.550039138219
111.6 0.058847131045 -0.075361870175 0.672873983658 0.094610537864 -0.820726391430 -0.192020688588 0.529702833379
111.7 0.055468173468 -0.077147244696 0.680610133520 0.085974952354 -0.822883199176 -0.176384602994 0.533254179457
111.8 0.056192486764 -0.077319542557 0.680960527626 0.080988753686 -0.826338550634 -0.171210580006 0.530370020651
111.9 0.056755458598 -0.078955539938 0.684770220252 0.072569050008 -0.824484717239 -0.162346798094 0.537217089424
112.0 0.058111757025 -0.078212678632 0.671683937351 0.083300776595 -0.813834540353 -0.174934502544 0.547843263504
112.1 0.057814108081 -0.078034921739 0.687087410915 0.087972767671 -0.828689086861 -0.175152446174 0.524267880061
112.2 0.059551453156 -0.079588738942 0.689131985742 0.081582011655 -0.817756453344 -0.167447328676 0.544591728279
112.3 0.055871157193 -0.075082935640 0.651386839474 0.089504879124 -0.823129186812 -0.183239168877 0.529972287410
112.4 0.058123852831 -0.073933751403 0.677516308789 0.071128673875 -0.829256361730 -0.142887792757 0.535590960495
112.5 0.055233476943 -0.073544250392 0.664512213335 0.075801276832 -0.829550947184 -0.178209566470 0.523775469908
112.6 0.054509313442 -0.076219719761 0.691440885502 0.070037491084 -0.829231746890 -0.189460802611 0.521127684992
112.7 0.054556792637 -0.074373610808 0.682095465187 0.084098482297 -0.822437266708 -0.173096671051 0.535314795310
112.8 0.049757438906 -0.068769098242 0.650232290426 0.068878604457 -0.827001766980 -0.158888668693 0.534862791956
112.9 0.047450497169 -0.071067066536 0.676589838144 0.080405781327 -0.828187009514 -0.191350272325 0.520601825660
113.0 0.044037178167 -0.062590575886 0.655137731336 0.065924600502 -0.826347904811 -0.153127849259 0.537917232522
113.1 0.041538927402 -0.061079136795 0.661965606981 0.064869253598 -0.838055378079 -0.153491067353 0.519514826981
113.2 0.039340485143 -0.058372222548 0.658780432518 0.089497309437 -0.825603871637 -0.167726470691 0.531259173823
113.3 0.037571602806 -0.057957933146 0.650788467016 0.073729372843 -0.827596918829 -0.182502607587 0.525680623334
113.4 0.034422342631 -0.052329567663 0.655238094096 0.081947556994 -0.831733293643 -0.185689624875 0.516743349605
113.5 0.029428559278 -0.053211652886 0.654717392568 0.067000524478 -0.835726521219 -0.207080198028 0.504172493337
113.6 0.029731123018 -0.053908867341 0.683086045816 -0.060472408142 0.842416226265 0.199112418087 -0.497023374241
113.7 0.029465444008 -0.055920480524 0.682005804884 -0.064929330046 0.836189355280 0.216625173930 -0.499644952177
113.8 0.026355525513 -0.054568942215 0.670130564254 0.065794814874 -0.833022634993 -0.205740609349 0.509328119771
113.9 0.024039883168 -0.057535322212 0.679847058056 -0.069012366439 0.838006041226 0.217062731028 -0.495849714072
114.0 0.019197683280 -0.060347150709 0.692539863221 -0.065941868293 0.846727897005 0.198494652637 -0.489186479079
114.1 0.017556150637 -0.061734579760 0.688551900922 -0.062698353958 0.838065320091 0.217523794650 -0.496385771788
114.2 0.015449596668 -0.063386215985 0.686987262615 -0.078914351490 0.844438419182 0.224940388147 -0.479685420999
114.3 0.013338601125 -0.063354160824 0.671897805604 -0.080987357064 0.838685798915 0.232797210251 -0.485646618019
114.4 0.011165421638 -0.063799139245 0.674688065506 -0.073933610791 0.841129279965 0.200244753860 -0.496927956682
114.5 0.007900175489 -0.067418545351 0.675506565562 -0.076390681118 0.845856715190 0.212026773391 -0.483462023918
114.6 0.006004619069 -0.067519905372 0.671069781521 -0.066544508909 0.841020147665 0.227998978597 -0.486079628573
114.7 0.004606375068 -0.069424067922 0.687795487826 -0.069025018659 0.846700712794 0.234496267451 -0.472593853435
114.8 0.006631132836 -0.066562718400 0.695133609001 -0.056527983928 0.846050250543 0.216876673155 -0.483702459400
114.9 0.009266439108 -0.065265434895 0.670188100623 -0.074186397197 0.835030013870 0.237380662460 -0.490786792301
115.0 0.008205126026 -0.065472959298 0.686648363570 -0.061459491311 0.845861600741 0.235897068489 -0.474440150492
115.1 0.008477582202 -0.065393787323 0.701942499059 -0.059951417377 0.849298389677 0.224709560637 -0.473923713486
115.2 0.007656678984 -0.063820843848 0.687291165211 -0.072638572314 0.848957185204 0.234388869501 -0.468035461644
115.3 0.009363589553 -0.063052820744 0.703827108812 -0.058539612956 0.846613708190 0.217752996331 -0.482080880568
115.4 0.009551447009 -0.062040048041 0.699130683917 -0.065037751330 0.848859843217 0.217010334113 -0.477612366216
115.5 0.010420697312 -0.061197173980 0.671021793772 -0.067364715552 0.838971870276 0.230987516652 -0.488091142242
115.6 0.008393112603 -0.065966960195 0.706197376668 -0.072786257118 0.851044773556 0.237201304232 -0.462774778319
115.7 0.009706852194 -0.062673973772 0.679665575469 -0.063680569884 0.843389480720 0.230717272311 -0.481049383210
115.8 0.009052348769 -0.065316869237 0.717010192229 -0.070056445975 0.854466114699 0.231133728375 -0.459953207203
115.9 0.007668617131 -0.062848343930 0.685255245826 -0.071955741342 0.852810741308 0.236447167946 -0.460031463672
116.0 0.007068442897 -0.063291760322 0.672329857009 -0.082838102062 0.846764357350 0.241930964052 -0.466473343933
116.1 0.005785045590 -0.061108487807 0.688191821987 -0.061790776867 0.852623804969 0.239408019211 -0.460324176458
116.2 0.007038304388 -0.056167007281 0.666639332989 -0.058771699970 0.847687833174 0.216373793598 -0.480784365610
116.3 0.007490116003 -0.052426558838 0.661545398362 -0.065895409621 0.848999088238 0.199924897785 -0.484652843185
116.4 0.006798680926 -0.051981090073 0.695747219282 -0.072953354976 0.846802425303 0.210901090834 -0.482829359488
116.5 0.007286752625 -0.047340025926 0.660989132029 -0.069947927234 0.843919148375 0.187663644272 -0.497684754740
116.6 0.007264120075 -0.043737400321 0.641599144261 -0.065694964835 0.840724704591 0.240747588574 -0.480527565580
116.7 0.011137765993 -0.043294161388 0.672829539611 -0.059560849490 0.847072090223 0.250184313155 -0.465112017287
116.8 0.014466900199 -0.038571164306 0.673776252786 -0.070344075665 0.842652165344 0.230037784024 -0.481738162471
116.9 0.015253026483 -0.037837186732 0.706828016607 -0.030987660319 0.848385436477 0.238788444340 -0.471446704232
117.0 0.016118397359 -0.036247447198 0.691015679697 -0.060533217941 0.850851397153 0.230052732156 -0.468469177125
117.1 0.015361211323 -0.036754104825 0.721826466470 -0.048698538931 0.857536601796 0.221403303280 -0.461779174695
117.3 0.012973139923 -0.038062435496 0.681632147420 -0.063466482980 0.847797144891 0.256331877933 -0.459897787567
117.4 0.008299752787 -0.039914819151 0.711221733374 -0.053685995214 0.862201192256 0.234937922990 -0.445568277968
117.5 0.006649585947 -0.040643436513 0.700896915057 -0.059448376067 0.860645587636 0.229107530602 -0.450848979689
117.6 0.003024200448 -0.045423481112 0.729591846966 -0.053856598746 0.870336629102 0.242896746349 -0.424987987393
117.7 0.000456204054 -0.046554947981 0.705517580595 -0.048603043860 0.861799483539 0.252849379449 -0.437043002017
117.8 0.000429247880 -0.047921885329 0.707733967077 -0.054648809002 0.865185942212 0.221300095058 -0.446646460862
117.9 -0.001483001391 -0.049303614009 0.710395173519 -0.051037335515 0.863081223668 0.243510121213 -0.439532493227
118.0 -0.005534531721 -0.051512906827 0.725850114815 -0.042802492182 0.869521720115 0.242091160698 -0.428359422475
118.1 -0.006005868482 -0.051975186517 0.705596036834 -0.063340328903 0.861037768588 0.252967964553 -0.436588104177
118.2 -0.008113669081 -0.053185018718 0.709317853958 -0.064347775774 0.871796990799 0.251476269638 -0.415438390614
118.3 -0.007290616802 -0.053915904333 0.710953543350 -0.063342223130 0.869200378226 0.255284987713 -0.418698029979
118.4 -0.009968431132 -0.054635423739 0.716388849780 -0.045791185346 0.863583514642 0.266828055698 -0.425358048326
118.5 -0.012436672936 -0.054365549367 0.730201072263 -0.037576286464 0.875184370897 0.245129564464 -0.415393591981
118.8 -0.015022392358 -0.045969316833 0.707151740921 -0.030355293874 0.874359125145 0.223916848347 -0.429460034737
119.1 -0.020920892174 -0.038804520300 0.685242177803 -0.035262951531 0.872169578044 0.242452121284 -0.423430891962
119.2 -0.024420545913 -0.035551102128 0.718537842162 -0.014103535829 0.878262169788 0.235872664076 -0.415717136691
119.9 -0.048734196974 -0.017469323938 0.742531881924 -0.013755731933 0.895494592379 0.245037737552 -0.371290616680
120.4 -0.058681753396 -0.017407609431 0.738712586000 -0.006565323886 0.889644538942 0.278830274051 -0.361584249001
120.5 -0.060085046820 -0.016957978566 0.731235272624 -0.021214885633 0.898459667736 0.280950697102 -0.336729653991
122.4 -0.078599278819 -0.011521601536 0.765364383890 0.014194513366 0.906172455250 0.283665766006 -0.313342831948
122.9 -0.094521183564 -0.006894199765 0.774596381955 0.022551792012 0.916818359312 0.294582593706 -0.268619820921
123.1 -0.101147124638 0.001014864842 0.792152136392 0.028928613393 0.916842904092 0.293652358610 -0.268943333858
123.2 -0.096941796970 0.005851695016 0.781115994394 0.034954947970 0.918315268287 0.270007666342 -0.287351839667
165.0 0.009155795952 -0.084680485877 0.698108438715 0.133430400281 0.944783579356 0.176094870782 0.242014282520
165.3 0.005638082131 -0.082330606409 0.693964879628 0.145586911051 0.944191732367 0.154984123300 0.251567774933
165.9 0.011301043997 -0.084144844579 0.715950535246 0.140298471664 0.949979605045 0.160405153914 0.228309604364
166.5 0.009925669555 -0.083292504691 0.719076844312 0.140063427930 0.948811769353 0.169881812874 0.226447857460
166.7 0.007931145996 -0.085730852481 0.716888005991 0.138075598378 0.945613677492 0.166981319397 0.242625516064
166.8 0.008436449868 -0.085022126178 0.708979875424 0.135401178550 0.948196129198 0.160804514826 0.238185913590
166.9 0.006097050621 -0.088057249035 0.719170684546 0.140990090535 0.944158818489 0.164001868915 0.248574549851
167.8 0.004601901066 -0.070156556527 0.714282274090 0.136284372402 0.946922750156 0.168227259450 0.237620420534
167.9 0.004500776857 -0.069192229963 0.710443078034 0.135939394285 0.950364885927 0.166492012758 0.224961050775
168.1 0.004355058053 -0.067317218652 0.714913311194 0.144968439938 0.947083442116 0.154768104554 0.240964600935
168.2 0.004529541787 -0.064392747557 0.698558548348 0.136047481375 0.945422349723 0.161603471945 0.248096717654
168.5 0.006314944949 -0.070068776916 0.702251228352 0.134258118608 0.951619770349 0.157302876520 0.227267189243
168.6 0.005697189283 -0.071474665811 0.713609967317 0.139478660982 0.949391208615 0.163245047931 0.229244608356
168.7 0.005154316974 -0.074135792121 0.712044904104 0.138373567634 0.946564805943 0.162220999366 0.241975559293
169.3 0.005242433156 -0.081502123292 0.697917223300 0.143231089150 0.943136310742 0.165957683418 0.249873571581
169.4 0.003223829491 -0.082822579846 0.694713860442 0.145104583150 0.942068935708 0.156137683439 0.258982246751
169.5 0.006185822240 -0.083438937134 0.689922518826 0.137658193310 0.946076309108 0.165238727850 0.242251939059
169.7 0.007611758829 -0.086840360807 0.687364492591 0.135513513252 0.944228679097 0.177591985465 0.241928452222
170.0 0.011782134829 -0.094204203038 0.703968557318 0.133801176131 0.942343225348 0.179493898867 0.248733655095
