158.7 0.080550387666 0.013223316484 0.649780296268 -0.087917990426 0.954743176383 0.165657330531 -0.230853942896
159.6 0.079104560109 0.015299811280 0.653062896306 -0.093379821537 0.956540197132 0.164197569799 -0.222149090190
159.9 0.077720091967 0.016739847245 0.648104769659 -0.094390266478 0.957014894368 0.155459982990 -0.225931766781
161.8 0.078938729929 0.016267384618 0.649327798070 -0.099518695628 0.954495683721 0.156975540481 -0.233222423168
161.9 0.079012047576 0.016168014870 0.646638274838 -0.095738337035 0.953547658995 0.164040349479 -0.233820008960
162.0 0.078670392021 0.016818962727 0.645523791659 -0.092679797394 0.956661930119 0.156519542126 -0.227398415888
162.2 0.079249298687 0.018011262088 0.651300939410 -0.093959865950 0.955988229200 0.158465149814 -0.228356838121
162.5 0.078247233950 0.018857936467 0.647185854950 -0.092317858254 0.957275384573 0.154355055441 -0.226441533286
163.1 0.080880549642 0.018956088256 0.651320479101 -0.091456918865 0.954827600206 0.162199576727 -0.231584073689
164.2 0.083858247320 0.015551734440 0.643377163503 -0.093071360243 0.953535341586 0.151838643633 -0.243008437197
164.3 0.083314420341 0.016186314236 0.644737192065 -0.092962884636 0.954921571508 0.150300997466 -0.238521077703
164.6 0.084001876457 0.016578977704 0.647455244692 -0.090081009124 0.956839962037 0.147325339884 -0.233747605489
164.7 0.083503089693 0.016672112370 0.643995851357 -0.094050423681 0.957398151688 0.149641363646 -0.228365407264
164.9 0.082773919607 0.017800355437 0.642196666242 -0.092732809170 0.955475631926 0.144821738344 -0.239778245472
165.1 0.083401794014 0.018281276580 0.642929838736 -0.097200409714 0.950186118506 0.158345714143 -0.250249985739
165.2 0.083204908030 0.018460815502 0.642099859600 -0.092569181523 0.954881122757 0.148857140606 -0.239738481943
165.3 0.083615065165 0.018933727603 0.647388278306 -0.092139079741 0.955169058794 0.145123861054 -0.241042577275
165.4 0.083768128659 0.019402737228 0.647621286356 -0.095753553105 0.953244982236 0.146297918837 -0.246479572894
171.4 0.087911045123 0.022989768379 0.640028894588 -0.094075007767 0.953943943945 0.144459276028 -0.245504301987
172.1 0.092211204037 0.024442626973 0.648628525998 -0.090886442732 0.954505257652 0.137004058128 -0.248775512658
174.0 0.093047754982 0.024794866700 0.645384277609 -0.099342464425 0.948172121469 0.150732589038 -0.261496442485
179.2 0.085886074713 0.027494865168 0.649588688704 -0.096106702006 0.948845377608 0.144198363692 -0.263937081765
179.9 0.081612791034 0.025296727004 0.646986650586 -0.093253689705 0.947132502765 0.144647269444 -0.270778394642
204.9 0.087609422837 0.031568786015 0.629397588962 -0.097599634155 0.924592811864 0.106568979723 -0.352484746087
207.2 0.093200239200 0.032823121851 0.632543328909 -0.096780043595 0.924016878442 0.107432266284 -0.353955844248
208.1 0.095600007778 0.029179038827 0.626303635511 -0.100988250227 0.918248261583 0.117634040892 -0.364395027188
208.2 0.094624621819 0.028942188188 0.620981179273 -0.099523378242 0.914790031351 0.117852470717 -0.373316341553
208.3 0.094729940352 0.028601776447 0.620173435541 -0.101230831272 0.914614558802 0.115672661974 -0.373968398262
208.4 0.094529442936 0.029309109497 0.621647245857 -0.100212635052 0.919448305206 0.115377678438 -0.362298541465
208.8 0.096639441499 0.031345085006 0.625252405248 -0.098747074585 0.916929246349 0.115147839808 -0.369094496625
209.0 0.095791383319 0.030491011019 0.625734866957 -0.100656439106 0.919374349316 0.113083516419 -0.363085672260
209.1 0.096011549215 0.030185089442 0.624053409051 -0.097003241212 0.920321378620 0.105296905467 -0.364021280901
209.2 0.095846260498 0.029783962725 0.626728206266 -0.099877944059 0.919113818963 0.111172199690 -0.364547563561
209.3 0.095800667241 0.029783682111 0.628659987265 -0.099672042112 0.918110383301 0.112386078658 -0.366753564972
209.5 0.095334195630 0.029633344048 0.622981415159 -0.101054194266 0.914742173747 0.114695570554 -0.374004988584
209.7 0.094407860073 0.029518440714 0.625029895763 -0.097773489755 0.917777328304 0.115554442100 -0.367113458298
209.8 0.093435505861 0.028767856020 0.623839553068 -0.097842538893 0.918316290193 0.118788217993 -0.364707263453
209.9 0.093465405700 0.028555327649 0.622920863081 -0.097012961624 0.916530161257 0.115156797340 -0.370539958453
210.0 0.092933806653 0.030305056330 0.621752664519 -0.093575110715 0.918981302042 0.107209165745 -0.367727154195
210.1 0.092585789157 0.030703551117 0.618724977268 -0.096994195487 0.918497488151 0.107470292539 -0.367973676400
210.2 0.092459452839 0.031636846423 0.621687011883 -0.099283602574 0.919641676966 0.099909583986 -0.366633369014
210.3 0.091921907181 0.031286533516 0.624805243491 -0.094479713385 0.919141275436 0.106622101795 -0.367266425035
210.4 0.091387512179 0.029907022720 0.620759119273 -0.094448438150 0.915441550136 0.107744467858 -0.376081627392
210.5 0.091364416116 0.029987192571 0.628204275483 -0.096520531069 0.922598072811 0.110085252776 -0.356900294548
210.6 0.089767407993 0.029254239682 0.619694399771 -0.100330617868 0.918880461205 0.107370862115 -0.366147460871
210.7 0.090006149398 0.028874512002 0.624149594853 -0.101366557236 0.915099954774 0.106872056449 -0.375360170231
210.9 0.088317911784 0.029491946365 0.622131962517 -0.098238241486 0.919671188984 0.104694561315 -0.365504036769
211.0 0.088504822448 0.028530416970 0.622337239916 -0.098966765793 0.917704678360 0.108607768806 -0.369090849438
211.1 0.087403292289 0.027665081182 0.616476300613 -0.100080692317 0.917286879504 0.116090969422 -0.367547986708
211.2 0.087776033156 0.027772492212 0.613996357881 -0.097014980833 0.913331427366 0.118315425851 -0.377379460603
211.3 0.088036130634 0.027562887631 0.616968598591 -0.096671766089 0.917814860855 0.123400603822 -0.364750245801
211.4 0.088591682406 0.028634415468 0.617769404935 -0.095347500717 0.913669162262 0.113937814080 -0.378332777539
211.5 0.087587624538 0.029780126810 0.614145127739 -0.101714816570 0.915219188039 0.107598407178 -0.374767283402
211.9 0.089346234667 0.033242540206 0.619045280336 -0.093392855709 0.918523866344 0.104261470742 -0.369758336184
212.3 0.089283703413 0.032444441885 0.608885000400 -0.093504626398 0.912851550949 0.105294448855 -0.383238841732
212.4 0.089698955785 0.033000196257 0.612017761399 -0.094808550903 0.909531923582 0.111831234285 -0.388917463864
212.5 0.090525572719 0.034216422088 0.618988716967 -0.094469326246 0.913463086345 0.097964464084 -0.383488852590
213.1 0.090065324960 0.034061615117 0.613197162727 -0.098429540080 0.912852247063 0.103428877083 -0.382511265268
213.4 0.089571497225 0.033519041387 0.612346893432 -0.090327793362 0.911565028845 0.098590834019 -0.388805781054
213.5 0.089118616765 0.034052239370 0.612244084900 -0.091131243742 0.913044535769 0.097234720268 -0.385473969668
214.0 0.087368222065 0.032598182328 0.606807510033 -0.094468840559 0.913627809108 0.108316549608 -0.380299079237
214.1 0.086057431052 0.031726582023 0.601696967536 -0.095766214061 0.910323437160 0.112696874154 -0.386574037615
214.2 0.086644381821 0.032465405252 0.607097428657 -0.091967725361 0.910826807085 0.100950228550 -0.389545268669
214.4 0.086089393539 0.032118585169 0.605179179582 -0.089790106347 0.908865253484 0.106245533689 -0.393209326418
214.5 0.085831592453 0.032320005910 0.606150287724 -0.093392132212 0.910556491642 0.099809003926 -0.390131962169
214.8 0.084221048901 0.034031521699 0.600853034829 -0.089350294422 0.910362563924 0.108372893856 -0.389245222154
214.9 0.085654661756 0.036341364312 0.608488950987 -0.090338237427 0.914137895207 0.095192832976 -0.383574290007
215.0 0.086074571504 0.036811611502 0.609494914266 -0.088567926913 0.911974436925 0.098675033909 -0.388228781005
215.1 0.084921968463 0.036312657219 0.609787659617 -0.090458890101 0.917819902053 0.103209658073 -0.372520580744
215.2 0.084538943080 0.036043756718 0.603406344923 -0.089672763718 0.910164470487 0.103116001401 -0.391058208412
215.3 0.084452504276 0.035924613963 0.604500182603 -0.090290375289 0.912493628073 0.094556392443 -0.387636576582
215.4 0.083635833367 0.034770769411 0.600970882476 -0.088193168261 0.909133157111 0.106605793035 -0.392853754729
215.5 0.083239798992 0.035183189639 0.600354600818 -0.089104009465 0.910863003902 0.105028579317 -0.389047633518
215.6 0.082307034795 0.035340412948 0.600337849591 -0.086476080885 0.913217757619 0.106491157498 -0.383685871488
215.7 0.082495937561 0.035801547114 0.601517109011 -0.086683363810 0.913000749949 0.104931591453 -0.384584173032
215.8 0.082508015974 0.035334736246 0.599919272827 -0.089652796726 0.908907945935 0.107010001147 -0.392934576628
215.9 0.081288668175 0.033840082023 0.594894696265 -0.086057132273 0.910930221601 0.114202833976 -0.386985806033
216.0 0.081669814850 0.034071201981 0.595545614486 -0.082848979638 0.909579985675 0.106825127867 -0.392923260051
216.1 0.081512415274 0.034136250362 0.598623928242 -0.084030815716 0.910461844115 0.103713087393 -0.391460914939
216.2 0.082226961682 0.034781759478 0.602980768427 -0.088291509749 0.910382152873 0.098133038600 -0.392146467244
216.3 0.081997277311 0.034206919237 0.601626667545 -0.089536542404 0.912028397147 0.101989570994 -0.387021366051
216.4 0.081602477834 0.033346620927 0.597264237109 -0.087280695063 0.907953007863 0.106943794621 -0.395684774250
216.5 0.081716998277 0.032822299081 0.598167819208 -0.087832274000 0.907858193958 0.110635631432 -0.394764168036
216.7 0.081901498187 0.032981742216 0.598689650851 -0.087509475082 0.907020265263 0.101784895306 -0.399119236897
216.8 0.081330801255 0.033234081142 0.596652865855 -0.086777243679 0.908181715546 0.097843533877 -0.397620829945
216.9 0.080402505389 0.033757608812 0.594695895186 -0.087422583382 0.909752305355 0.101895286459 -0.392842698053
217.0 0.080262062846 0.033964555014 0.595680648067 -0.086571142223 0.908824136736 0.109490576508 -0.393136031771
217.1 0.080550461350 0.034563442362 0.594831486451 -0.087184202574 0.906152945633 0.100075197180 -0.401585244814
217.2 0.079270932330 0.034449340992 0.589038201480 -0.090793390133 0.906899956154 0.104237759449 -0.398024521031
217.3 0.080125336525 0.035451809003 0.595540547329 -0.091443440114 0.909550859344 0.101698969877 -0.392444456009
217.4 0.080519193225 0.035693856132 0.599737991518 -0.090101398731 0.912220649811 0.092745678601 -0.388758875277
217.5 0.080428003861 0.035607793247 0.598928926599 -0.091835402818 0.909548511245 0.091934680478 -0.394760407092
217.6 0.079294688922 0.034316189829 0.592442003144 -0.088208755384 0.906938918889 0.106312322881 -0.397968218433
217.7 0.080016864885 0.035293630543 0.594892856676 -0.087945635871 0.906987506985 0.095632073532 -0.400616691884
217.8 0.080020853814 0.036218483929 0.599093977250 -0.088120027928 0.912244056496 0.087295314704 -0.390416662166
217.9 0.079932734384 0.035601259232 0.597028156485 -0.091158262876 0.910941687292 0.095880563218 -0.390745865059
218.2 0.078585424339 0.034932583162 0.590223588111 -0.088519824395 0.909543038472 0.097919340920 -0.394090731343
218.4 0.080211712814 0.037561604344 0.596060810869 -0.090486827467 0.903793058442 0.092262039093 -0.407992595166
218.5 0.080028882333 0.038218939728 0.590917486823 -0.088276908411 0.905272415709 0.090133527438 -0.405666104118
218.6 0.080305530684 0.038465588604 0.589600716138 -0.088775688613 0.907255891608 0.096361966188 -0.399649841394
218.7 0.080379496969 0.039412406347 0.593291590729 -0.085270680881 0.911273435682 0.098627165909 -0.390617867676
218.8 0.081326844231 0.040063293957 0.596191373051 -0.089475741045 0.908625080528 0.086988472791 -0.398531755826
218.9 0.081018521343 0.040160186061 0.594274336841 -0.088323205898 0.904997507249 0.091118173498 -0.406049260104
219.0 0.080011339168 0.040442105645 0.589116175136 -0.085926428921 0.904693653084 0.097384000023 -0.405786149865
219.1 0.079817420046 0.041659646800 0.589679829078 -0.091459548215 0.907172354387 0.086625603901 -0.401459182514
219.2 0.080619716638 0.041331613118 0.592915394109 -0.090195120524 0.904208631276 0.096255120848 -0.406209974114
219.3 0.079878605986 0.040926675066 0.590328028054 -0.089881492442 0.904395355042 0.087734979149 -0.407790304604
219.4 0.079863489590 0.040033670107 0.593633028428 -0.088443718661 0.906505030754 0.087678085063 -0.403409086719
220.0 0.078834682559 0.038555904842 0.590801562282 -0.085670234909 0.906552200765 0.093393245140 -0.402618206123
220.4 0.080232973119 0.038055989568 0.597244136010 -0.088903805654 0.906368588917 0.084772880689 -0.404234650993
220.5 0.079574177547 0.037236707883 0.591388778773 -0.087062427645 0.906458758486 0.088848057557 -0.403557524432
220.6 0.080327389344 0.037132847792 0.593799209478 -0.086947771578 0.905834399950 0.091764241347 -0.404330865621
220.7 0.081282395183 0.037798612129 0.593552330666 -0.086012667999 0.907756630744 0.089046772893 -0.400812166134
220.8 0.082194195820 0.037864351033 0.596265312208 -0.085697894438 0.907328604601 0.091339471401 -0.401332499464
220.9 0.082440349261 0.037522104206 0.593329042496 -0.088699098105 0.905475490180 0.089858268844 -0.405181562018
221.1 0.082804163352 0.036906272802 0.588986566584 -0.081232704039 0.902746697261 0.098284789620 -0.410840295623
221.2 0.083634369738 0.036589207981 0.593757487847 -0.088084063873 0.903569419311 0.097027853862 -0.407908197703
221.3 0.083397679503 0.036535036995 0.596192086668 -0.086709607760 0.906348701309 0.092521596893 -0.403054871781
221.9 0.081749954542 0.034391339131 0.590786724246 -0.082264053030 0.905607360181 0.094603666851 -0.405164264198
222.0 0.081646440360 0.034148442190 0.589671278352 -0.086349924139 0.906870804874 0.088637116338 -0.402830603945
222.2 0.082054506485 0.034226635151 0.588761434615 -0.085147710670 0.905278236502 0.094073635597 -0.405427346105
222.4 0.082687637175 0.034611905375 0.589135085850 -0.081231923016 0.903969109861 0.095126150187 -0.408891475396
222.5 0.082733131787 0.034546978532 0.587538203666 -0.082917264613 0.903671682994 0.090927388773 -0.410163902062
222.6 0.082818466122 0.034015843538 0.586265368134 -0.084593674260 0.905046847673 0.097771562210 -0.405184939769
222.7 0.083848973245 0.034471340208 0.589939218046 -0.082302291370 0.903745532498 0.088373207139 -0.410682994030
222.8 0.083486819900 0.034117612751 0.588110339903 -0.083970909540 0.904374745724 0.092209732373 -0.408108528340
223.0 0.082398513831 0.033181357836 0.581819203410 -0.082863234979 0.900674066115 0.094604769614 -0.415896439613
223.1 0.082947574665 0.033682904790 0.584406140789 -0.082775853566 0.902667897562 0.088116991672 -0.413006320236
223.2 0.083038591418 0.033656961000 0.585778026090 -0.083169627373 0.902556275768 0.089212369526 -0.412935994166
223.3 0.083591037961 0.033940636372 0.584075531756 -0.080182866826 0.902233488765 0.091212264622 -0.413794347957
223.4 0.083857789380 0.034192076606 0.586454997085 -0.079899005232 0.900920215603 0.092135948640 -0.416497156112
223.5 0.084174921841 0.034642972145 0.588348244049 -0.081530969654 0.902916359179 0.087210073931 -0.412903320789
223.6 0.084287849924 0.035216213818 0.586696971449 -0.080144475190 0.903470649628 0.091605860928 -0.411006100443
223.7 0.084732978312 0.035338731760 0.584739268993 -0.082641323395 0.899784673475 0.098396571679 -0.416984493392
223.8 0.084371873008 0.035693961899 0.583662040781 -0.078341057505 0.901414346990 0.095368496088 -0.414993618870
223.9 0.085161857166 0.036240126046 0.587095084702 -0.078757157110 0.903399406292 0.090812783446 -0.411606439791
224.0 0.085097238271 0.037119534647 0.587214846368 -0.076962691855 0.902651706359 0.090399693468 -0.413672015601
224.1 0.084361270054 0.037067171726 0.580597372533 -0.077327456564 0.902673311471 0.093045372607 -0.412969630670
224.2 0.085131778181 0.037642184741 0.583375583015 -0.074460290155 0.902082181343 0.090062578749 -0.415442096088
224.3 0.084494056826 0.037062331711 0.581209547223 -0.074966240885 0.902410412987 0.098313807481 -0.412758893931
224.4 0.085507014075 0.037229958756 0.590561964720 -0.075455788793 0.902972122017 0.090542852100 -0.413218783130
224.5 0.085008334806 0.036827836083 0.587033616780 -0.078023431325 0.899243562750 0.088199780944 -0.421300555018
224.6 0.084670150063 0.037036579828 0.587541450016 -0.075710752259 0.900817188421 0.091088983864 -0.417730860790
224.7 0.083895028564 0.037327627707 0.583671209923 -0.076485098191 0.901040395691 0.089121552631 -0.417532733979
224.9 0.084251753896 0.038134211200 0.577808007487 -0.074993223477 0.900832022626 0.089552554316 -0.418160284412
225.0 0.084498792822 0.037490757701 0.578644560857 -0.076146804077 0.900174024517 0.094975014372 -0.418172376490
225.1 0.086107590936 0.037163825833 0.583957680857 -0.075341986102 0.902177063628 0.092975514666 -0.414434174104
225.2 0.086957583164 0.037079183084 0.587987971720 -0.079538819570 0.903766659959 0.085611176888 -0.411764649916
225.3 0.086673454537 0.036901273759 0.590339249036 -0.079340305638 0.904448717461 0.087184249912 -0.409971389187
225.4 0.085311731731 0.035625376054 0.582399146302 -0.076699628610 0.906069791475 0.095686730823 -0.404967590668
225.5 0.086205252982 0.035493378948 0.586792199450 -0.079261780360 0.899616726377 0.100464243286 -0.417509582666
225.6 0.085776993764 0.036378286467 0.583382634101 -0.079183978276 0.903399276591 0.089050837646 -0.411909690288
225.7 0.085742195383 0.036873769542 0.577132356840 -0.077570382956 0.898547968008 0.098365125842 -0.420617031151
225.8 0.087867764682 0.036969846828 0.583141625027 -0.076304916544 0.898812064624 0.092081404643 -0.421705403234
225.9 0.087858914151 0.037154172610 0.582870333209 -0.078920261172 0.899886411197 0.093511351882 -0.418606815985
226.0 0.089224525735 0.036764964524 0.591937328235 -0.078631888320 0.901738317143 0.082777009285 -0.416932848632
226.1 0.087720813799 0.035251418828 0.581926753147 -0.079171366783 0.900887123542 0.095835716867 -0.415872337010
226.2 0.087466891252 0.035916662446 0.584542554265 -0.082693756110 0.902104747702 0.087089756585 -0.414468504438
226.3 0.087224302417 0.035140361704 0.585145356999 -0.081435244412 0.899668965006 0.098664567855 -0.417407902922
226.4 0.086654493526 0.035098674173 0.585547745599 -0.082929626306 0.898852293580 0.090822452978 -0.420640598898
226.5 0.085396990778 0.034462959954 0.583460378033 -0.077496503396 0.901879717502 0.085685544634 -0.416251431903
226.6 0.084364265546 0.033831462684 0.584956898616 -0.081966348293 0.902419459261 0.082571249016 -0.414852535403
226.7 0.083215352067 0.033427993715 0.583626833860 -0.081543531247 0.900291954054 0.087841748077 -0.418460126263
226.8 0.082520054897 0.032777410346 0.583334301568 -0.081497040218 0.901665748453 0.089343884171 -0.415180419654
226.9 0.082565983309 0.032125914612 0.588168424298 -0.084818258969 0.903456882763 0.095490055945 -0.409210426491
227.0 0.081930089957 0.031948888219 0.590315833857 -0.086844080751 0.902353296819 0.084243251624 -0.413666179321
227.1 0.081038558786 0.032003200255 0.590511263237 -0.086353425731 0.901026182249 0.087686195254 -0.415939942694
227.2 0.079729089507 0.031419559603 0.589229392132 -0.085811882031 0.902304584618 0.095886201789 -0.411446951363
227.3 0.079142826068 0.032196343239 0.585536377582 -0.084010368996 0.901030065135 0.087077097133 -0.416538904280
227.4 0.077270880174 0.033440809960 0.583130337724 -0.084976069242 0.898533671513 0.085279634901 -0.422070720004
227.5 0.077069059723 0.034423339039 0.586437988817 -0.088378653520 0.901823752072 0.087228555383 -0.413877171304
227.6 0.076317481703 0.035518637581 0.589368006658 -0.087164227463 0.903540169481 0.077942715875 -0.412240818730
228.3 0.072407307183 0.035369597153 0.595674005340 -0.089755642233 0.901109899672 0.094404425128 -0.413560972430
228.4 0.071744532008 0.035271992035 0.596550310885 -0.093135127638 0.900558131451 0.094946462287 -0.413891373643
228.6 0.070546215648 0.036819889279 0.597210765040 -0.090415080055 0.902708922750 0.090736334896 -0.410741563048
228.9 0.069798327239 0.036141660919 0.601855683282 -0.094647147269 0.899747670952 0.094948567150 -0.415308097353
229.0 0.068803572326 0.036204577720 0.599100490325 -0.094748937139 0.901910904723 0.087774908275 -0.412158858124
229.1 0.069441737421 0.036088672213 0.602934748051 -0.096046755208 0.901543270618 0.090475670427 -0.412078760769
229.2 0.070385888485 0.036442409526 0.603044933694 -0.093540762718 0.900846965871 0.089658277779 -0.414350410906
229.3 0.070620704253 0.035611699337 0.600372908276 -0.093039289533 0.897712220447 0.089106011449 -0.421327163363
229.4 0.070562582431 0.035334649527 0.602016328197 -0.097314617713 0.896149067447 0.089646617396 -0.423568410157
229.5 0.071291756795 0.035188391675 0.601389344941 -0.092939299015 0.899784576142 0.090872586329 -0.416523920430
229.6 0.071815862721 0.034966940851 0.606502658969 -0.093003354549 0.899703721400 0.095802461892 -0.415578486012
229.7 0.072134451972 0.034529326857 0.605651333982 -0.093722775943 0.896345032650 0.093434108138 -0.423145000148
229.8 0.072189281815 0.034424698352 0.604186630182 -0.091939253681 0.898835697326 0.091650386922 -0.418618883260
229.9 0.072839053952 0.034942217834 0.604106372683 -0.094811917544 0.894551112857 0.097509720413 -0.425770902250
230.0 0.072460331797 0.035871460219 0.605225681104 -0.095273480891 0.896581476980 0.091864971441 -0.422641036813
230.1 0.073246793716 0.036387965394 0.608263468653 -0.093060354436 0.896002181898 0.095061204947 -0.423654609063
230.2 0.073941464868 0.037308366033 0.608537587841 -0.092388856992 0.900249462289 0.084122046821 -0.417059571273
230.3 0.074719488969 0.036891727892 0.608801335931 -0.094749851159 0.895940992174 0.094894372925 -0.423446882425
230.4 0.074236409887 0.036876544569 0.606121806725 -0.093797649452 0.897353045787 0.092721328110 -0.421143998517
230.5 0.075459450808 0.037199852887 0.609463634874 -0.092251542584 0.896661151777 0.092953893241 -0.422904251002
230.6 0.075455754124 0.037269483189 0.605353715019 -0.094810307978 0.897778805371 0.094951765379 -0.419509695214
230.7 0.076432992545 0.038817244598 0.607936746267 -0.088586883781 0.899602052063 0.082893949886 -0.419520088934
230.8 0.077028908455 0.039071449570 0.604679920739 -0.093556430536 0.896033214559 0.086113746432 -0.425389345644
230.9 0.077097541750 0.038754820125 0.600219114128 -0.091227430832 0.894094978375 0.099532824835 -0.427042084915
231.0 0.078557269687 0.038996500775 0.603122219112 -0.091007383275 0.894164216674 0.090890489436 -0.428867029205
231.1 0.080261772644 0.040167952884 0.608901666971 -0.090382718884 0.893570844193 0.090650210090 -0.430284382642
231.2 0.079896030164 0.039384441387 0.601749926826 -0.092468678952 0.892560129111 0.087929107497 -0.432497897555
231.3 0.080913270706 0.040045949827 0.604741989189 -0.092779978616 0.891249704589 0.091410395796 -0.434407618693
231.4 0.081195549032 0.040151526282 0.602031038520 -0.094501919722 0.891871958500 0.087811179327 -0.433500857665
231.5 0.081735638861 0.040872775718 0.603104496686 -0.091299971918 0.893683535870 0.090857454135 -0.429812721857
231.6 0.081691684704 0.041333609622 0.602965785941 -0.092841511842 0.894296524894 0.094065421028 -0.427511258108
231.7 0.082060995193 0.040945363498 0.599176119405 -0.094072164510 0.890180822324 0.100081955115 -0.434410098515
231.9 0.084105038442 0.042798508835 0.610244473709 -0.093579287819 0.892759594688 0.091551180425 -0.431093498381
232.0 0.084186853510 0.042378869956 0.608253394897 -0.093764184865 0.895006578414 0.090319395453 -0.426630881487
232.1 0.084869509568 0.042024659923 0.607618665231 -0.092377029866 0.891919509219 0.089250407180 -0.433567109275
232.2 0.084304026334 0.041326788792 0.603019535916 -0.091556770991 0.890450271615 0.085296526441 -0.437538768617
232.3 0.083768623000 0.040951274918 0.599145455048 -0.094124939664 0.889129720781 0.087613594196 -0.439218275427
232.4 0.084633471647 0.041732265330 0.604703001739 -0.090251417125 0.891173711052 0.088460164624 -0.435705058166
232.5 0.083992266842 0.041697391149 0.603281181160 -0.090404476946 0.892668354619 0.091184193537 -0.432036667493
232.6 0.084283504029 0.041307790804 0.600990693143 -0.091427160335 0.892223190473 0.088581017334 -0.433280805142
232.7 0.085577970873 0.042166708296 0.606170936093 -0.091682161428 0.890641680787 0.089979899973 -0.436182754498
232.8 0.085061926277 0.041943270422 0.606100171627 -0.092648479578 0.892333998148 0.080646555742 -0.434341372687
232.9 0.085508207481 0.041539579769 0.606561798622 -0.092632606570 0.889926971659 0.088139304969 -0.437813485669
233.0 0.085502606899 0.041041050036 0.605475332730 -0.088641455011 0.891219740471 0.087671908847 -0.436100565292
233.1 0.085441125653 0.040705319655 0.603379396160 -0.090596238503 0.891194104465 0.087744787768 -0.435736436342
233.2 0.085999657515 0.040574788711 0.602259621012 -0.092947454813 0.887771831596 0.089147741716 -0.441898886415
233.3 0.085771297027 0.039926608867 0.599582804000 -0.087709728827 0.887923189085 0.091097538965 -0.442267625029
233.4 0.086212588266 0.039815623502 0.599839990964 -0.088398612312 0.887551033317 0.091773501905 -0.442737476330
233.5 0.087338504679 0.039939332374 0.604137366961 -0.091730105950 0.892214216222 0.087224941051 -0.433510310941
233.6 0.088199452839 0.039309657391 0.601309634675 -0.090322453495 0.886779593386 0.094361198572 -0.443350618982
233.7 0.088515515477 0.039351358495 0.603432889860 -0.088829753908 0.890538244335 0.092546004545 -0.436447187230
233.8 0.089055178042 0.039663137149 0.605692802013 -0.085757265182 0.892214899226 0.089116027017 -0.434346173917
233.9 0.088969405273 0.039592838372 0.603820096224 -0.091262309105 0.889712252904 0.087930793245 -0.438578925130
234.0 0.089426879964 0.039290737304 0.601020457989 -0.091446787332 0.888771272431 0.089239222801 -0.440181180314
234.1 0.089540531128 0.038907063466 0.596083126969 -0.089933290764 0.888619788415 0.088243586056 -0.440998803138
234.2 0.090577421613 0.039225650098 0.596847831423 -0.095934115331 0.884951194184 0.090389070490 -0.446640622161
234.3 0.090616892669 0.039364125932 0.595679665235 -0.090640414964 0.888272432243 0.086990569379 -0.441802039528
234.4 0.091859597447 0.039863354229 0.601746880537 -0.092268659234 0.886283773963 0.087135727019 -0.445415459555
234.5 0.091883349907 0.039436960679 0.598738497358 -0.094710258588 0.890054131954 0.084451445874 -0.437837369808
234.6 0.091871159038 0.039205432775 0.593047356179 -0.090007287095 0.888243381356 0.085757996270 -0.442230652288
234.7 0.093545777607 0.040017934905 0.598571185786 -0.091276494374 0.886609577557 0.087897865917 -0.444821339109
234.8 0.093782920624 0.040330353435 0.593321693415 -0.090568303575 0.886215334099 0.093182535098 -0.444676038423
234.9 0.093950947458 0.041277505842 0.591658389858 -0.088557301923 0.885396034440 0.088657299566 -0.447628584552
235.0 0.093910717056 0.043009590855 0.596427510136 -0.089880334363 0.890063173049 0.081775644210 -0.439342483138
235.1 0.094652411049 0.043274312238 0.596707613058 -0.089372561018 0.889350993463 0.081664089325 -0.440906262462
235.2 0.095018504570 0.042331240773 0.596411165527 -0.090212525988 0.885871320096 0.092142136180 -0.445649560896
235.3 0.095443976389 0.041766687965 0.597423374941 -0.088738010498 0.887221592286 0.087826564339 -0.444128254304
235.4 0.094170777753 0.038967389427 0.587246196227 -0.092458392632 0.881937800968 0.092422165538 -0.452874490530
235.5 0.096198687106 0.039708305758 0.599238105968 -0.089833106620 0.887929529092 0.087765953242 -0.442502318381
235.6 0.095235699806 0.039374751142 0.593284375675 -0.088338809334 0.885709378062 0.086241869936 -0.447523733727
235.7 0.094868417894 0.039516478373 0.592013564733 -0.090170447241 0.882900870430 0.088692691890 -0.452204544253
235.8 0.093335494640 0.039112816884 0.589420870171 -0.087816271480 0.885034695823 0.096379943928 -0.446892376375
235.9 0.092784594467 0.039520642267 0.592180477938 -0.083710438758 0.884756423105 0.092907322585 -0.448961984613
236.0 0.092895070056 0.039507498941 0.596122623487 -0.084523087169 0.887589874197 0.097554561645 -0.442180020422
236.1 0.093520882713 0.038839113832 0.598348460140 -0.083963859316 0.885162716976 0.091012409360 -0.448501701386
236.2 0.093369684975 0.037712050295 0.593869151736 -0.082922808104 0.880999028077 0.092788029401 -0.456459091292
236.3 0.093527834460 0.037004158436 0.596148527687 -0.083260219737 0.884837104095 0.095514866493 -0.448339096337
236.4 0.094473503400 0.036090025493 0.599850992932 -0.086324980634 0.884751600195 0.096762366107 -0.447660192754
236.5 0.093616616639 0.034937937422 0.595353544689 -0.081407740986 0.885060493521 0.097423154431 -0.447827457283
236.6 0.094426117906 0.034396198649 0.596206729942 -0.081639725647 0.885340220134 0.098538534147 -0.446987479799
236.7 0.095669642382 0.033637113550 0.596793282574 -0.077935833562 0.887114629859 0.101905930963 -0.443360824354
236.8 0.096063415209 0.033127047236 0.595639048561 -0.079602063933 0.885490636626 0.097780899828 -0.447223366444
236.9 0.096251259199 0.033287116568 0.593954756949 -0.079640250495 0.883588665968 0.097188895702 -0.451090698670
237.0 0.096903035380 0.031470928158 0.597196237444 -0.079227161094 0.886932225963 0.105408183009 -0.442677533253
237.1 0.098142367955 0.031102317951 0.599506227213 -0.081772209167 0.885796634075 0.100111498441 -0.445707658391
237.2 0.097947021104 0.030873857754 0.593805737524 -0.082952329724 0.884312672521 0.100429425224 -0.448356932323
237.3 0.098301534038 0.032213493506 0.593119051391 -0.079462440603 0.882373430162 0.097842969228 -0.453353729057
237.4 0.098469144744 0.032969955174 0.593579441178 -0.079875936866 0.882075317137 0.103525724430 -0.452598490926
237.5 0.099267651344 0.035141965488 0.597789416601 -0.080938263698 0.885353606142 0.087623977230 -0.449355124791
237.6 0.098959253086 0.034843510571 0.591058406268 -0.079249362552 0.883414662074 0.094433950634 -0.452084397359
237.7 0.100446160162 0.034755228023 0.593835059517 -0.081375732305 0.882620537102 0.093685826702 -0.453411450620
237.8 0.101893399996 0.035016948051 0.596512826702 -0.083853276564 0.880880985449 0.095293889460 -0.456000429952
237.9 0.101680910915 0.034855561769 0.594459691790 -0.081912485059 0.884267775770 0.089047231047 -0.451033741719
238.0 0.102103374502 0.035450312972 0.596709525540 -0.085201034520 0.883902536403 0.089561966338 -0.451038517250
238.1 0.100718531110 0.035177458045 0.592734141168 -0.085948244220 0.882739403946 0.095619068756 -0.451930346101
238.2 0.101375904127 0.035547458471 0.597001411576 -0.086408859587 0.884994168449 0.094719792383 -0.447601375922
238.3 0.102574416172 0.034062258178 0.595591585197 -0.082681650250 0.882118718135 0.093208566724 -0.454249353238
238.4 0.103913841667 0.031872144276 0.594264244589 -0.085244802449 0.881430693166 0.094494992586 -0.454844977082
238.5 0.104236774431 0.030367635512 0.589638964301 -0.081765513474 0.882209019779 0.099819633975 -0.452832956949
238.6 0.106059599897 0.029429698574 0.593422624776 -0.085955213511 0.880863750636 0.103200880107 -0.453916658022
238.7 0.107657979441 0.028728724247 0.592353801190 -0.081795137153 0.880792908589 0.095896808125 -0.456417801919
238.8 0.107861833891 0.029283847209 0.592992087477 -0.084387997194 0.882391384070 0.093824324880 -0.453278178725
238.9 0.107701940158 0.029187387589 0.593682602232 -0.083949041714 0.881578969382 0.096080465892 -0.454466305916
239.0 0.107837116230 0.028875934032 0.595639979951 -0.083472692017 0.883172925019 0.097182119813 -0.451213397174
239.1 0.107244811055 0.028002301265 0.594434141875 -0.085822553907 0.879863829948 0.098837845395 -0.456842653775
239.2 0.104302895171 0.027238330844 0.587472523779 -0.086710959059 0.880113620461 0.097829385158 -0.456410600291
239.3 0.104302201758 0.028057786607 0.595992540561 -0.083041217292 0.882055102573 0.099800558074 -0.452904847472
239.4 0.103427156937 0.027307653008 0.590547402754 -0.080972060884 0.882154623201 0.100452245358 -0.452941599463
239.5 0.103306938034 0.027592340074 0.593262079593 -0.081917480336 0.885466076134 0.101699611051 -0.445978187295
239.6 0.103182378003 0.028826630131 0.600927073630 -0.084177185832 0.885875287007 0.097736943894 -0.445630639716
239.7 0.101914022202 0.029369147798 0.596696237246 -0.085521821017 0.883542967236 0.089711556548 -0.451652166827
239.8 0.101104857881 0.029082753012 0.593845300058 -0.091019171705 0.879778779185 0.095449761537 -0.456721088960
239.9 0.100705724009 0.029380629255 0.597781895229 -0.084726700381 0.881790347526 0.098952656629 -0.453294099894
240.0 0.100277304140 0.029349254244 0.594199522281 -0.086576604725 0.881669414595 0.100627971632 -0.452810717858
240.1 0.099377215617 0.029295163961 0.596921769109 -0.088136982812 0.882634985667 0.097821042074 -0.451240953443
240.2 0.098694915303 0.029165301451 0.594547568887 -0.086189368569 0.881474349023 0.096451437571 -0.454171206651
240.3 0.098234447620 0.029634622965 0.590870181547 -0.086305255386 0.882814009546 0.100195646837 -0.450723484852
240.4 0.098724526760 0.029695386691 0.592446127457 -0.083135356718 0.882152861684 0.103078985070 -0.451961905390
240.5 0.099670456699 0.030794260471 0.596096646084 -0.082650905978 0.882417839672 0.098533500912 -0.452546940291
240.6 0.099648070904 0.030127332762 0.594961838289 -0.084297743163 0.881644189111 0.105858268619 -0.452096716721
240.7 0.100015725720 0.029888917676 0.594232832114 -0.086792007954 0.879856601566 0.105161380107 -0.455258818883
240.8 0.099797361719 0.030260200763 0.594511439095 -0.088175736150 0.880755518152 0.103378015590 -0.453660382546
240.9 0.099838160484 0.030364130488 0.593421018871 -0.086101887793 0.882019546364 0.101267893467 -0.452076098133
241.0 0.099486404143 0.029978832469 0.593637071850 -0.087081392587 0.881463409474 0.101519670590 -0.452915936246
241.1 0.098946490723 0.029392229404 0.592834578948 -0.084333587060 0.881115603630 0.106809489327 -0.452896094180
241.2 0.099590629222 0.029561171004 0.599129048776 -0.086436402780 0.882425048413 0.098170180954 -0.451904190929
241.3 0.099568809702 0.028967373873 0.600754257421 -0.087872120257 0.882424723235 0.097930857745 -0.451679804072
241.4 0.098510020325 0.027385734297 0.596019339518 -0.086047073552 0.883991690394 0.101454831451 -0.448175757514
241.5 0.099738369103 0.026774904427 0.597896503288 -0.088998319741 0.879768963800 0.102221263634 -0.455671682990
241.6 0.101093705137 0.026440710735 0.600324442173 -0.092353251613 0.882445656071 0.103155001684 -0.449577119774
241.7 0.102176429229 0.026467254806 0.601553376858 -0.090599338770 0.881844120780 0.104506178869 -0.450800582341
241.8 0.103182933811 0.027413043201 0.601394013222 -0.091874176181 0.881123388020 0.097144718962 -0.453589698311
241.9 0.102766411180 0.026671667168 0.597592757981 -0.090521849949 0.881107681543 0.101850035699 -0.452859380421
242.0 0.103778151858 0.026068925544 0.598374959476 -0.089432703474 0.881695674540 0.101668129188 -0.451971371388
242.1 0.103450021722 0.024510021268 0.601813702956 -0.090768117091 0.882193889210 0.107305011470 -0.449422657722
242.2 0.102455659322 0.023983282952 0.600586088168 -0.090598791444 0.881929327181 0.101926236777 -0.451224515184
242.3 0.100263399745 0.023864929370 0.596481258846 -0.089481493523 0.884244914325 0.094449373734 -0.448534624760
242.4 0.100414154582 0.023406036854 0.598555101296 -0.088512529379 0.882167089250 0.100091902276 -0.451584288794
242.5 0.099816546079 0.023431028919 0.604370396505 -0.085786562819 0.885294720743 0.098471717135 -0.446315184583
242.6 0.098444384044 0.022443142282 0.597355872063 -0.086821199964 0.884063893134 0.104381241385 -0.447210988842
242.7 0.099201338787 0.021616591352 0.600358632011 -0.090068520985 0.880035571947 0.103903159760 -0.454564832591
242.8 0.098922665234 0.021400577654 0.596564289301 -0.087216288409 0.881862486073 0.103727225650 -0.451611046535
242.9 0.099359272797 0.021799362512 0.597150606398 -0.090468655849 0.880576786241 0.104593267541 -0.453277171526
243.0 0.100506385614 0.022535837002 0.597794986294 -0.092506042787 0.884060816505 0.095960552747 -0.447962807702
243.1 0.100884923872 0.022560330836 0.596932471216 -0.092832167305 0.880660229170 0.100287685372 -0.453610107509
243.2 0.101674119492 0.022530531967 0.597223134340 -0.092926690692 0.881947870511 0.099358628541 -0.451287543360
243.3 0.100618973650 0.023074473837 0.594015327481 -0.091562477382 0.884037368108 0.095937792093 -0.448207747113
243.4 0.102240815866 0.023477459117 0.600293331738 -0.092305170236 0.882432630442 0.097626695393 -0.450845246871
243.5 0.102776280966 0.023320928088 0.602139597478 -0.090412441072 0.884859857133 0.095918876068 -0.446820090134
243.6 0.103550346540 0.022427805723 0.605517001944 -0.093154194152 0.884616156527 0.094911272590 -0.446954586125
243.7 0.102288171984 0.021343654640 0.597677516453 -0.092294306248 0.881732576602 0.102848329332 -0.451056144560
243.8 0.102073691905 0.021356859023 0.597960452526 -0.091909509090 0.883752959761 0.103505847693 -0.447012178521
243.9 0.102885524771 0.021781569970 0.599471676451 -0.093711881428 0.881259884503 0.106754280542 -0.450780016007
244.0 0.104718668490 0.023418911605 0.601782443642 -0.089929914776 0.884821074795 0.096972164023 -0.446766913984
244.1 0.105402144936 0.023071136622 0.596316320845 -0.091073746477 0.880733589075 0.095554260363 -0.454844260275
244.2 0.105606206271 0.022660475086 0.593373256260 -0.090106712406 0.878697098708 0.103482042686 -0.457234793014
244.3 0.106390368218 0.022631738426 0.596045907623 -0.090710157621 0.878866259628 0.099168686149 -0.457745930271
244.4 0.105677597339 0.023394583493 0.594401978683 -0.087581460800 0.879820893498 0.101228321470 -0.456067440212
244.5 0.106832185985 0.024164869584 0.596696287394 -0.090819240165 0.880088434698 0.093019025511 -0.456665822698
244.6 0.106923376761 0.024632239675 0.594998255265 -0.089971819582 0.879424423772 0.107672968240 -0.454889312321
244.7 0.107075429420 0.025158289588 0.597844466970 -0.092875620227 0.880731486226 0.098695891492 -0.453811953722
244.8 0.106084514501 0.024743482024 0.595262867889 -0.092267511576 0.881678158727 0.105525974136 -0.450549219857
244.9 0.106135237082 0.025099771179 0.595929185441 -0.086949752248 0.882853322924 0.097840541111 -0.451039886597
245.0 0.105881229593 0.025035199070 0.593273078614 -0.090530518663 0.881075006945 0.098257886256 -0.453714056555
245.1 0.106089312667 0.025837686741 0.596483054761 -0.091177294528 0.883173231831 0.099587393875 -0.449192714235
245.2 0.106905279159 0.026200470278 0.596669038418 -0.092304567499 0.879971168423 0.103523704170 -0.454327472467
245.3 0.105850810082 0.025997135693 0.596075067470 -0.093887652507 0.879000462384 0.099948404806 -0.456676704259
245.4 0.106367793717 0.026001477532 0.600408064845 -0.091125927153 0.881510542812 0.100788858530 -0.452191147975
245.5 0.107379329000 0.024994128912 0.594973735308 -0.089404905245 0.880199486108 0.117019932157 -0.451178415986
245.6 0.112805570733 0.026169456880 0.605920920907 -0.089395818195 0.879369692424 0.118374850477 -0.452443064384
245.7 0.113878849497 0.024515287829 0.589832783234 -0.089267920040 0.874644598681 0.108845753076 -0.463875701549
245.8 0.115014631836 0.023896578159 0.592080460121 -0.087884989929 0.873213843068 0.102075270740 -0.468352913862
245.9 0.115669915188 0.023366711085 0.591981547566 -0.089571400317 0.875475054352 0.103055004395 -0.463573143659
246.0 0.115122367532 0.022523656095 0.585498075283 -0.092127082933 0.874587748291 0.108769701787 -0.463441499116
246.1 0.114491535289 0.022139097731 0.586106602363 -0.092074619726 0.876712472726 0.103403320333 -0.460657419252
246.2 0.114207666558 0.022193248724 0.587284676979 -0.092846208677 0.876516741095 0.094792126515 -0.462722851030
246.3 0.113849735441 0.021376978430 0.587792404726 -0.093681995094 0.875026270595 0.099786804192 -0.464322413064
246.4 0.114441016715 0.021786687651 0.595551946139 -0.093947137153 0.874181617647 0.099573575887 -0.465902927415
246.5 0.113108310398 0.020926867427 0.586414466375 -0.096539357269 0.870588320988 0.104143720050 -0.471073469250
246.6 0.115429194143 0.021772574112 0.607985200031 -0.092923273777 0.877923191154 0.103879046421 -0.458066893956
246.7 0.114183646985 0.021342530975 0.603744524862 -0.092139235065 0.875064033670 0.105279293060 -0.463346057275
246.8 0.114052419234 0.022545754577 0.605488923640 -0.096617788124 0.876148277079 0.101590835393 -0.461203319323
246.9 0.112072283075 0.022305285504 0.599923540456 -0.097338567227 0.877022987313 0.100161216713 -0.459699481968
247.0 0.111103999594 0.022598802259 0.601172534348 -0.096615250988 0.875928638466 0.099049710735 -0.462172768990
247.1 0.111216839410 0.022619843074 0.603008832871 -0.096627063075 0.879746219338 0.099670420868 -0.454725859663
247.2 0.109149650086 0.022389107541 0.603524521262 -0.098190443524 0.879130361174 0.098772831147 -0.455776669751
247.3 0.109604706944 0.022962503263 0.607330952650 -0.096706344428 0.880330769711 0.091697150204 -0.455255149880
247.4 0.108437596488 0.021579628814 0.602043639951 -0.100362911983 0.876920552171 0.099840910485 -0.459314079549
247.5 0.108020464165 0.021997972342 0.598232017376 -0.097906153339 0.875582559314 0.098999284057 -0.462567518011
247.6 0.108158721174 0.022152034324 0.600739518982 -0.101582453001 0.876945873036 0.100848630472 -0.458777173298
247.7 0.108500944105 0.022036592213 0.596454595133 -0.102026789058 0.873682364530 0.108311572426 -0.463182753891
247.8 0.108844731829 0.023300187276 0.598924106602 -0.102332965284 0.875958510699 0.099301194675 -0.460829604611
247.9 0.108572285015 0.023503377537 0.598249552447 -0.098436019788 0.878888804947 0.101388278314 -0.455615227542
248.0 0.110077733340 0.024214619371 0.599279261095 -0.101170760828 0.874577431626 0.106175399839 -0.462174834574
248.1 0.109841973492 0.025448894354 0.600493015270 -0.097721469178 0.877937388991 0.098495389219 -0.458230415595
248.2 0.110574176923 0.025150511815 0.600842912234 -0.098617254861 0.875233003522 0.099380260670 -0.462996101904
248.3 0.110289681387 0.025943882685 0.599512773170 -0.101503108163 0.872101984106 0.097365630339 -0.468673855022
248.4 0.110889134356 0.025926714906 0.602149404393 -0.100508132442 0.876272860778 0.097981784389 -0.460915999619
248.5 0.109574242296 0.025229846283 0.596633160179 -0.103522285633 0.872717523004 0.100004170089 -0.466525912874
248.6 0.109662034519 0.026224967311 0.600837824662 -0.103286882726 0.875797145359 0.097322536461 -0.461345319618
248.7 0.109680372178 0.025948609864 0.601930504370 -0.101502973783 0.875676392911 0.100943170043 -0.461192451839
248.8 0.109076584565 0.024549353166 0.600781272747 -0.102727380329 0.872839077902 0.105279469562 -0.465312005762
248.9 0.108803095491 0.024294719096 0.598548062436 -0.101268472703 0.874750635530 0.105018172163 -0.462090040567
249.0 0.110960819477 0.024738538066 0.606047714757 -0.100628045826 0.876395953547 0.103097080865 -0.459537942848
249.1 0.108882041585 0.023647747441 0.592314145805 -0.098986735975 0.873772982867 0.106856585990 -0.464008696624
249.2 0.109012149691 0.023964349631 0.593572271566 -0.100604652342 0.873805819447 0.100143986756 -0.465094910470
249.3 0.109669171936 0.023383349795 0.601714769740 -0.101067994314 0.878574678557 0.098179760765 -0.456346939620
249.4 0.109197620088 0.023040729614 0.599158155414 -0.102407430367 0.872411635810 0.102570952641 -0.466786734585
249.5 0.107308857796 0.022364709480 0.596196666603 -0.105156562552 0.880640902409 0.102439762052 -0.450466195742
249.6 0.106922081674 0.020926105605 0.599558673663 -0.101389918991 0.875668033860 0.099550974924 -0.461535678138
249.7 0.106399665355 0.020562904481 0.597073992649 -0.101330137949 0.874412220693 0.105990607688 -0.462494824326
249.8 0.107324370029 0.020632171617 0.601190675309 -0.101618020375 0.875856367067 0.098183187897 -0.461421134993
249.9 0.107655351355 0.019226982394 0.597791262212 -0.104623141211 0.871934943964 0.104614051982 -0.466732634326
250.0 0.107775139514 0.019105276330 0.600618365175 -0.100901889653 0.873626253787 0.102428479547 -0.464870287216
250.1 0.107127469693 0.019078708955 0.595167158267 -0.103128335785 0.872651200608 0.108167628967 -0.464913102073
250.2 0.107666612432 0.019364114834 0.601096799126 -0.104352784574 0.875849657942 0.097586561642 -0.460949819418
250.3 0.107592557303 0.019277496417 0.600654616065 -0.103925095736 0.874245019101 0.097100756984 -0.464183868792
250.4 0.107389239230 0.019085841028 0.601189176118 -0.104510744482 0.874171373088 0.106097262802 -0.462217790210
250.5 0.107207862502 0.018720906087 0.599715543430 -0.105855967210 0.876410520768 0.097674925311 -0.459520099951
250.6 0.107701965407 0.019107611097 0.601868968117 -0.108432704833 0.873880239070 0.099896795480 -0.463245406386
250.7 0.105500730002 0.018218047360 0.595506130019 -0.102251909465 0.872931760817 0.105242344882 -0.465251262020
250.8 0.105321862800 0.018409415764 0.597918575730 -0.106199541247 0.875979143803 0.101334555484 -0.459470896713
250.9 0.105126689777 0.018836564129 0.598339217279 -0.104282852350 0.876839495430 0.100399281312 -0.458473085657
251.0 0.105100099956 0.017921212645 0.603254844292 -0.105284638244 0.877410270285 0.101908596006 -0.456816156247
251.1 0.104857905717 0.018484130987 0.603212837198 -0.106142969164 0.877976011009 0.096376052099 -0.456731267565
251.2 0.104323529455 0.017685132284 0.602886851202 -0.104112237043 0.876952537356 0.105151067925 -0.457228763572
251.3 0.104368280524 0.017402903687 0.597588267908 -0.105357039320 0.875534414741 0.104688195024 -0.459760551474
251.4 0.104707703863 0.018055227936 0.596587987962 -0.100620661171 0.877509330978 0.104423150435 -0.457109026650
251.5 0.105962188141 0.018069970154 0.594666431810 -0.106297417247 0.874641584969 0.102295454036 -0.461777648889
251.6 0.107672444159 0.019461132105 0.601053807902 -0.107618413940 0.872887208976 0.100594138686 -0.465152681007
251.7 0.107337576808 0.020899970637 0.602594848282 -0.110652859432 0.874215733019 0.095047950868 -0.463107637463
251.8 0.106698175641 0.020585221075 0.598103504056 -0.110254303394 0.873040746519 0.096134627552 -0.465190258804
251.9 0.106433958264 0.020967695898 0.597030535013 -0.107773004423 0.874841993673 0.092033237280 -0.463213070691
252.0 0.107047753892 0.022046825371 0.601262156332 -0.108848625673 0.876305249872 0.092626408170 -0.460066771507
252.1 0.107045430884 0.022181379793 0.600891602547 -0.108644955157 0.874339519965 0.091904742146 -0.463982969426
252.2 0.106563246785 0.022454442371 0.599256219728 -0.108622064460 0.875236657346 0.090639685495 -0.462543498672
252.3 0.106996908740 0.022606170706 0.600985897740 -0.108055862130 0.873733292205 0.095761188162 -0.464482356601
252.4 0.106787268688 0.022886579498 0.601739747481 -0.106716712383 0.875543727413 0.094421478164 -0.461648469235
252.5 0.106703103185 0.022932126461 0.603931585665 -0.108863237669 0.875215920748 0.093692490874 -0.461917313712
252.6 0.105390884202 0.022649481723 0.599319205845 -0.107412005719 0.874513314629 0.092738082753 -0.463776639742
252.7 0.105920961312 0.022432976527 0.600585681641 -0.112693954479 0.872043646431 0.094676391782 -0.466772248727
252.8 0.106514115415 0.022387140927 0.603217234515 -0.109901339687 0.872761989075 0.095049964685 -0.466019001945
252.9 0.105794757495 0.021833923500 0.598900472582 -0.110248643159 0.871483894829 0.100390413089 -0.467207472858
253.0 0.106874771948 0.022592504010 0.603718236759 -0.108448132756 0.873669146619 0.092326110497 -0.465206528402
253.1 0.106500139427 0.023129562318 0.602198282782 -0.105886186935 0.872363978577 0.096629829271 -0.467366965449
253.2 0.107269602129 0.023203415053 0.603777486192 -0.105183192986 0.873416096753 0.100726882177 -0.464687973864
253.3 0.107665642593 0.023492724562 0.602454755552 -0.104414160666 0.875280778171 0.096473900586 -0.462248882014
253.4 0.107872776281 0.022919898072 0.597806387872 -0.106266083771 0.873237946186 0.101671260794 -0.464570730363
253.5 0.109114382044 0.022763469640 0.603325062959 -0.103020858241 0.873627676014 0.096756980707 -0.465617303323
253.6 0.109964678572 0.021873741387 0.604550238723 -0.105500718907 0.871664460234 0.097381294219 -0.468601697193
253.7 0.108458580110 0.021781003662 0.599227940222 -0.104958426145 0.872686305280 0.094797884625 -0.467349657567
253.8 0.109123919452 0.021974707363 0.599817221603 -0.103869958703 0.875366935035 0.094134323470 -0.462690490363
253.9 0.109954890373 0.022552425380 0.602785850673 -0.105262807029 0.873924645087 0.093308906960 -0.465262188499
254.0 0.110002848765 0.023070645466 0.601818674697 -0.105583580511 0.874770647314 0.092348265890 -0.463788982093
254.1 0.109879688069 0.022060744740 0.598406974450 -0.103884673089 0.871196091276 0.095580322997 -0.470201815287
254.2 0.108478402797 0.020565550880 0.595115986522 -0.101225135033 0.872222791369 0.102387709517 -0.467437301885
254.3 0.109138222715 0.019234386930 0.596912290872 -0.102028696347 0.871355860500 0.102959474321 -0.468752019880
254.4 0.109877282262 0.019235521793 0.597668555968 -0.101312618706 0.871315236793 0.104693730482 -0.468598692082
254.5 0.109842229503 0.019736462815 0.600375354209 -0.103540951029 0.871746664380 0.099895269229 -0.468356658742
254.6 0.108567821946 0.018251741768 0.596378792340 -0.102863317251 0.870997634239 0.102022480529 -0.469439743291
254.7 0.108003916782 0.018875556923 0.597204440573 -0.101176044422 0.871055573180 0.102117240179 -0.469678257667
254.8 0.107713517089 0.018712328851 0.598419337930 -0.102461140982 0.872247776126 0.099270873077 -0.467793571344
254.9 0.106696731012 0.019462806021 0.596172396694 -0.104156913486 0.869043120498 0.100568222330 -0.473076552732
255.0 0.106206261545 0.019795837593 0.599637893094 -0.099405028815 0.871686540337 0.096616884662 -0.470049351919
255.1 0.104692094013 0.019466338264 0.597608403689 -0.100814407465 0.873956093720 0.101163993359 -0.464546066547
255.2 0.104640105527 0.019938707528 0.599186213889 -0.104089951890 0.872410454493 0.096142058780 -0.467784122582
255.3 0.104401965557 0.020551439595 0.598516393754 -0.101263376873 0.873856762345 0.098047430030 -0.465302900133
255.4 0.104271434419 0.020449387378 0.598741212713 -0.106613435647 0.872751985830 0.098751091205 -0.466031939415
255.5 0.104391941930 0.021152611255 0.601291860370 -0.107989908452 0.871520421857 0.096350598473 -0.468515630617
255.6 0.104204347400 0.022310091190 0.600232641842 -0.108216350102 0.871510291859 0.096379076746 -0.468476366875
255.7 0.103820633465 0.023052507339 0.597133690201 -0.106416856141 0.874738371856 0.094389202024 -0.463248218639
255.8 0.105023308200 0.024590361761 0.603438818606 -0.105184413112 0.874100425923 0.097861466623 -0.464012734728
255.9 0.103039736022 0.023948768744 0.594829670780 -0.106630149132 0.869859695235 0.097562033716 -0.471652172135
256.0 0.103456771760 0.025331735720 0.599425547327 -0.109907568431 0.872042502256 0.093429549217 -0.467689127513
256.1 0.102940205898 0.024987412158 0.596469330429 -0.110635828546 0.871660979193 0.096051672497 -0.467697473807
256.2 0.102454220026 0.023895092778 0.592005288203 -0.114359563072 0.869114169010 0.094047208853 -0.471929628299
256.3 0.103971930378 0.023781154507 0.600772437237 -0.112348687936 0.871807113430 0.096683175796 -0.466885952679
256.4 0.103384916911 0.023434949851 0.596014476624 -0.110451963945 0.870682203317 0.097254158267 -0.469312788221
256.5 0.103828088297 0.023905686689 0.600354089063 -0.106916135461 0.872345909568 0.094136088854 -0.467675048312
256.6 0.103556008206 0.022641102359 0.596127487838 -0.111140648213 0.868082699805 0.099295413642 -0.473519380221
256.7 0.103775122600 0.023208299111 0.599387375620 -0.110761215127 0.873235056508 0.094971018618 -0.464944077210
256.8 0.103911752363 0.022861565899 0.598188593566 -0.114758127455 0.870512623059 0.094179443912 -0.469221245919
256.9 0.103356259404 0.022262651374 0.597050728844 -0.113762726987 0.870274427728 0.097191099412 -0.469291330185
257.0 0.103133039841 0.022363417911 0.596515490837 -0.114698144523 0.868208126644 0.092507115245 -0.473815806091
257.1 0.104496211003 0.022979595767 0.603375746869 -0.111814679081 0.871365559506 0.092166358699 -0.468748228341
257.2 0.103908469124 0.022821848087 0.598376309544 -0.114096610536 0.869909850485 0.093803877107 -0.470573743565
257.3 0.102932837522 0.022367583555 0.601092142335 -0.115199144182 0.872119464266 0.097659648618 -0.465402396062
257.4 0.103041409317 0.021829427682 0.601221513082 -0.113211388348 0.869104988763 0.098347511775 -0.471346440512
257.5 0.103326154068 0.022625123192 0.603679831083 -0.113700440998 0.871750126296 0.091113370307 -0.467784438359
257.6 0.103156859035 0.022720215774 0.603937897679 -0.114421261745 0.870708844292 0.092456244523 -0.469282139210
257.7 0.103413685505 0.023488136977 0.601721948540 -0.111547267805 0.870539400559 0.090522660493 -0.470663369147
257.8 0.103885681153 0.023161338431 0.600714905236 -0.114718309499 0.868931994381 0.099003760537 -0.471163617024
257.9 0.104310646162 0.024274997481 0.600933912984 -0.114253466391 0.869129803741 0.099996886879 -0.470701765750
258.0 0.104053642215 0.024950893750 0.598251904029 -0.114830912970 0.865485315201 0.096087458571 -0.478033713145
258.1 0.103853084110 0.025232671909 0.598027148205 -0.115467781988 0.869898448752 0.092066680774 -0.470603449279
258.2 0.103497087831 0.025373015032 0.597422498267 -0.115563471434 0.868284157699 0.091245477315 -0.473710848967
258.3 0.103809263534 0.025551036188 0.598385442320 -0.114526491012 0.866230490838 0.092780906083 -0.477409806210
258.4 0.103539915093 0.025745113201 0.595366683209 -0.109110317547 0.870677340609 0.094246167550 -0.470248409945
258.5 0.105679262137 0.024765917075 0.601588889149 -0.111393424997 0.865731227259 0.099081910605 -0.477790458263
258.6 0.105543196143 0.023311126684 0.603516837276 -0.114714193153 0.868726938047 0.089656694814 -0.473408743134
258.7 0.104949112576 0.021941087648 0.599898091739 -0.116409460573 0.867925710886 0.095727894588 -0.473275784368
258.8 0.105745621751 0.020623835457 0.600018527739 -0.117637975994 0.865190052741 0.097511678320 -0.477597060117
258.9 0.104987999851 0.021599647377 0.598876021496 -0.117125201451 0.867239681640 0.089865755225 -0.475500965101
259.0 0.105726451073 0.020710309348 0.601881708035 -0.117238260146 0.867404429581 0.095596648355 -0.474052767870
259.1 0.104877628976 0.020535113090 0.596089035165 -0.119540757806 0.864632331066 0.093172963444 -0.478998682860
259.2 0.105321729106 0.021317709418 0.600957769517 -0.120699123281 0.865210643580 0.090508268384 -0.478174149479
259.3 0.105378392161 0.021241330483 0.600906610029 -0.122344471087 0.865459499406 0.093283472260 -0.476770258180
259.4 0.104024271083 0.021658490403 0.595986613589 -0.118905182783 0.865118908924 0.093848390773 -0.478145700052
259.5 0.103795303806 0.023136893175 0.594795197301 -0.120269241427 0.864400500099 0.088892371753 -0.480047113563
259.6 0.103844961598 0.023863272563 0.597289116306 -0.120499162932 0.865934508355 0.087430544140 -0.477486417528
259.7 0.104107455481 0.023255447419 0.597720432410 -0.121104834608 0.866667700779 0.091778134265 -0.475181533240
259.8 0.104523037913 0.023254625136 0.599656378133 -0.119259968941 0.865266768206 0.092699127856 -0.478013965634
259.9 0.104662872862 0.024022316371 0.600848062019 -0.123206530508 0.864131291627 0.086944542641 -0.480143632860
260.0 0.104619978900 0.023705619839 0.600470912851 -0.121617570612 0.864824433433 0.088694900003 -0.478979206823
260.1 0.104544824180 0.023654087676 0.602466113745 -0.124359615237 0.864092249765 0.086294991194 -0.480033795152
260.2 0.104654960502 0.024448429960 0.606637218460 -0.124158921214 0.864197097617 0.084650248885 -0.480189831335
260.3 0.103012050183 0.022863930374 0.599614190094 -0.119982468348 0.863138460719 0.094028711517 -0.481409188038
260.4 0.103475228999 0.022710536156 0.603160787142 -0.122632761340 0.861795501978 0.093241036821 -0.483296831842
260.5 0.103625695967 0.022122833247 0.602573105311 -0.123755118151 0.861061695635 0.095469071055 -0.483883336677
260.6 0.104416563600 0.021883990834 0.601713461518 -0.122087654988 0.862317341054 0.094850414713 -0.482189596162
260.7 0.104992868858 0.021454973593 0.601631289160 -0.122710716962 0.862149747376 0.090046516918 -0.483250988446
260.8 0.106134651291 0.019927803626 0.603844652080 -0.121491018943 0.859616193306 0.102180331827 -0.485653284051
260.9 0.106269770059 0.019328313631 0.604280086200 -0.121210780438 0.860190903583 0.097993167616 -0.485568630782
261.0 0.107554186687 0.016715261164 0.601698780041 -0.121773905719 0.857592017306 0.107042465875 -0.488107527333
261.1 0.107662457053 0.014570743394 0.598169981605 -0.120377884310 0.855722856627 0.111833289920 -0.490653516120
261.2 0.109680452568 0.015115233725 0.601471505058 -0.120951690444 0.860734174141 0.100687508785 -0.484117130062
261.3 0.111305418969 0.015349366036 0.603124971703 -0.121979872690 0.858910772466 0.102324919519 -0.486747168915
261.4 0.111465241930 0.016378846503 0.602134988787 -0.116583457818 0.857739841147 0.105358746483 -0.489479516233
261.5 0.111820764794 0.017982206181 0.604611909712 -0.120739148704 0.857278468768 0.097843888652 -0.490838322069
261.6 0.111564964044 0.019559839063 0.602763697125 -0.121057347900 0.856176846842 0.105266812674 -0.491146845251
261.7 0.112158692548 0.021552021695 0.604243588514 -0.120127329810 0.856019957107 0.094625329761 -0.493806950776
261.8 0.112272346444 0.021312791731 0.608290271264 -0.121975798230 0.859427159275 0.097984247524 -0.486729852982
261.9 0.110902533495 0.020867806916 0.604586349591 -0.124654007659 0.857904854950 0.093807275892 -0.489551665524
262.0 0.110364421927 0.021247176863 0.604279307799 -0.124452316880 0.859733829603 0.091224438863 -0.486875204559
262.1 0.109614660815 0.020822964735 0.604499507905 -0.124469249021 0.856969484397 0.098486762773 -0.490317311971
262.2 0.109090791404 0.020495724594 0.606258955639 -0.128536685158 0.854736652941 0.093140130492 -0.494194790320
262.3 0.109012810818 0.019976889319 0.603852942872 -0.128699783762 0.854562955458 0.100941333105 -0.492919230797
262.4 0.109161063766 0.020225860392 0.605687081773 -0.130462397946 0.856236412108 0.093308018637 -0.491052322020
262.5 0.108474364813 0.019672218606 0.607205536957 -0.127741836123 0.857435143559 0.096763984850 -0.489002790514
262.6 0.107933819544 0.019377776711 0.605640858665 -0.129185214980 0.854295859758 0.098578137830 -0.493732837648
262.7 0.107891228731 0.019216301761 0.607002684151 -0.129911542432 0.855091338212 0.094719799608 -0.492919825143
262.8 0.107177684287 0.018626227763 0.608309032900 -0.130124396715 0.856145738676 0.096746477698 -0.490634522409
262.9 0.106665939045 0.019154342824 0.608576947464 -0.132900317517 0.860231712394 0.091923882013 -0.483620622504
263.0 0.105726942855 0.019281085859 0.603084156097 -0.136049948065 0.852975876304 0.096956326609 -0.494491695385
263.1 0.105784264209 0.019920943558 0.605495084132 -0.135641823591 0.854423403428 0.094143595772 -0.492644828190
263.2 0.106121542037 0.020392158698 0.605021637962 -0.132220037359 0.857279428062 0.093703592191 -0.488681369354
263.3 0.107435696153 0.022008165564 0.604866952145 -0.130518247210 0.854861947761 0.087058274329 -0.494567380937
263.4 0.108191580966 0.020353651935 0.604193684822 -0.133169665138 0.853831989175 0.098449360936 -0.493502277483
263.5 0.108975241995 0.020854989547 0.601529336971 -0.130320968837 0.854106710498 0.098361757111 -0.493804755852
263.6 0.110646271367 0.022728696772 0.604966894368 -0.128203347437 0.856867479567 0.094003702680 -0.490413425642
263.7 0.111758356017 0.024001118337 0.606496974624 -0.129454238978 0.855026235749 0.092782586543 -0.493521152358
263.8 0.112630238116 0.024818784236 0.609886915537 -0.130673470991 0.854261292242 0.089117126985 -0.495197158951
263.9 0.112798989083 0.025151847966 0.610752066261 -0.131716783014 0.854630110087 0.085897222338 -0.494853242082
264.0 0.112182588286 0.025145872605 0.606393403406 -0.132393415704 0.853179476258 0.091371932884 -0.496193444789
264.1 0.113221406905 0.025678015677 0.606829449183 -0.127717758345 0.854649204988 0.094692437207 -0.494263343727
264.2 0.113558016719 0.025786584858 0.608974630474 -0.129851072839 0.853137535794 0.092299420703 -0.496765398191
264.3 0.112866325221 0.025073252143 0.606670575380 -0.128361983818 0.852330166808 0.094298649135 -0.498160870232
264.4 0.112222940975 0.025746451501 0.602626672737 0.132172705672 -0.850547948042 -0.092672536860 0.500510104660
264.5 0.112503547427 0.026586375458 0.604005341242 -0.127226008170 0.853870765395 0.091941045235 -0.496251048412
264.6 0.113127952025 0.026214431500 0.606226162004 0.132125712100 -0.851117220888 -0.089168000699 0.500191303563
264.7 0.112372657679 0.026139252108 0.604289458912 -0.130737209903 0.852216091321 0.089226520339 -0.498672381137
264.8 0.114445167203 0.026046517744 0.609249040653 -0.131108581906 0.851716912384 0.094227516172 -0.498507789413
264.9 0.114622963693 0.025777419216 0.607641084957 0.129791921737 -0.849201426366 -0.093084221172 0.503335198726
265.0 0.115158485655 0.026059486066 0.609754715720 0.126040113463 -0.849529814271 -0.093027686320 0.503744810437
265.1 0.114875018857 0.026418397207 0.608896749088 0.125824153681 -0.851683990467 -0.092193860714 0.500302863052
265.2 0.115253882490 0.026163141832 0.609515362228 0.126049935507 -0.847939730312 -0.096245100315 0.505812720463
265.3 0.115609977251 0.025908964596 0.610499031004 0.125468760006 -0.849629244527 -0.093165799394 0.503694223640
265.4 0.114885188571 0.024503565003 0.606745893279 0.128440527775 -0.848430521223 -0.101090798348 0.503437515461
265.5 0.115091580064 0.024850308728 0.607463518194 0.127889157847 -0.849387822331 -0.097594720518 0.502652923107
265.6 0.115690778331 0.024971605689 0.608358270757 0.125264519809 -0.847723781667 -0.092027138438 0.507153030027
265.7 0.115971840993 0.024149502050 0.609977309450 0.129546223982 -0.850822386080 -0.094537042992 0.500381645048
265.8 0.114563327243 0.023871635277 0.605288687202 0.126701137277 -0.849350613755 -0.093469243759 0.503799421590
265.9 0.115425456019 0.023031118388 0.608960127588 0.127649514192 -0.849642875121 -0.096029016782 0.502584335431
266.0 0.114314113604 0.021901885927 0.603928708739 0.124561352735 -0.848814356362 -0.096573005612 0.504650683566
266.1 0.115623442377 0.022029155903 0.607941925760 0.124552454149 -0.849854698084 -0.099583308572 0.502311499932
266.2 0.114608070370 0.023362679893 0.600592401383 0.124992531310 -0.847873740093 -0.096715687183 0.506095903785
266.3 0.115881539018 0.025259515172 0.608975961394 0.125910520005 -0.847778975260 -0.095308214861 0.506294078809
266.4 0.114069499197 0.025631436417 0.604421101788 0.122518807361 -0.847198021297 -0.095993510814 0.507966436325
266.5 0.113233593122 0.025678236558 0.603605522009 0.124670090971 -0.850716691503 -0.095887464296 0.501541696578
266.6 0.113714498463 0.026019109780 0.605050854711 0.124820137126 -0.849252705456 -0.099493348143 0.503280090325
266.7 0.113872733291 0.026521670567 0.605456460674 0.125557208189 -0.850561855885 -0.095618813905 0.501634288313
266.8 0.113810081720 0.027209583473 0.606701870654 -0.121330108444 0.853051104194 0.095862602208 -0.498390589716
266.9 0.113051302119 0.026908185153 0.607703050724 0.123794579477 -0.850119915377 -0.094791882254 0.502976670062
267.0 0.113144902035 0.026511244294 0.606868065578 0.124908452566 -0.850420294117 -0.094073440109 0.502327970250
267.1 0.112597778799 0.026022716848 0.603395872287 0.125098294494 -0.849630962916 -0.099227290432 0.502624699356
267.2 0.112896187439 0.026529770941 0.605009458429 0.123241499109 -0.849245536006 -0.095585807286 0.504437217024
267.3 0.112127111233 0.024875865917 0.600825026296 0.122062021906 -0.848084014540 -0.104736476678 0.504861008145
267.4 0.112884815673 0.025461769216 0.603020529402 0.123380979580 -0.848058825134 -0.099309257971 0.505678785667
267.5 0.113055613788 0.025221370225 0.603192596891 0.125267103643 -0.849733925375 -0.101286461571 0.501997471621
267.6 0.113837124320 0.025612121363 0.607684502470 -0.125298771900 0.852611033507 0.097241898531 -0.497894222173
267.7 0.114146369475 0.024988940480 0.604130061979 0.124308215014 -0.847443397217 -0.106608157049 0.504996888154
267.8 0.115318030183 0.026198975797 0.607333218321 0.119703836771 -0.849237707660 -0.096799144695 0.505070522736
267.9 0.116003122355 0.027507141176 0.608738687670 0.119397802112 -0.849921415695 -0.100063895899 0.503353721285
268.0 0.117874700856 0.029258393954 0.603484325692 0.120554343782 -0.849593760218 -0.099833559963 0.503676833993
268.1 0.119056434255 0.030474130412 0.602040292196 0.124509897691 -0.849121053431 -0.095817109544 0.504291387509
268.2 0.118160333029 0.030521648994 0.594313711150 0.121137564943 -0.846289774439 -0.097812638307 0.509462457723
268.3 0.119830765444 0.031593975802 0.600541379237 0.121398573092 -0.848580688318 -0.096960693570 0.505738890900
268.4 0.120363035390 0.031389166672 0.600418136168 0.123058431228 -0.845499389017 -0.097202281633 0.510430330330
268.5 0.119575198570 0.031692056618 0.602325500572 0.122601721709 -0.847555886113 -0.095538665116 0.507434923135
268.6 0.118721547798 0.030771587266 0.595328746486 0.122000853729 -0.844719336731 -0.101182174622 0.511201722786
268.7 0.119590544759 0.031192381477 0.605543168511 0.122050179525 -0.846980050583 -0.096803293918 0.508288962973
268.8 0.119364522055 0.030568967922 0.605716884714 0.122566535380 -0.846638369275 -0.096730301876 0.508747643505
268.9 0.118415810221 0.031604876353 0.608267109905 0.124251629789 -0.847697642426 -0.094050056334 0.507074773993
269.0 0.115978767670 0.031105409563 0.609460253449 0.123164765090 -0.844412861554 -0.095860460790 0.512453053402
269.1 0.115633255607 0.031085699358 0.609865532595 0.119748351550 -0.846185205145 -0.095297651542 0.510440288875
269.2 0.115215799588 0.030460923415 0.610269764212 0.124544075488 -0.847022372046 -0.098440609270 0.507298059288
269.3 0.113107861190 0.029143558053 0.604245026379 0.126696455655 -0.845108701858 -0.102503312485 0.509148663062
269.4 0.113170452496 0.029615754733 0.607082648243 0.126414858620 -0.846110587814 -0.093597117435 0.509269806994
269.5 0.113250910247 0.029687303338 0.606116577706 0.127269906219 -0.843688892520 -0.093484472070 0.513080965431
269.6 0.112329464075 0.030994754885 0.606856577897 0.128002398083 -0.845087324193 -0.091322102707 0.510982459708
269.7 0.112573036271 0.031868797506 0.608047460701 0.123650885258 -0.847493049985 -0.095526956979 0.507287481900
269.8 0.111554816275 0.031100964191 0.603746352512 0.125493781153 -0.845467205994 -0.094320947095 0.510431262189
269.9 0.112495649766 0.030910233346 0.605920630463 0.125089010586 -0.845063587519 -0.098184819044 0.510470384831
270.0 0.112794054004 0.030874997140 0.602525082091 0.125993110800 -0.846421215807 -0.092372029238 0.509081790754
270.1 0.114557346977 0.030396641565 0.605748942758 0.124166383107 -0.845085930255 -0.099741655029 0.510356818358
270.2 0.114856165465 0.030908876332 0.603177701820 0.120943577622 -0.841614834220 -0.100373559222 0.516703271192
270.3 0.116461618676 0.032514451422 0.606394273556 0.122131954655 -0.843018499079 -0.100544142633 0.514095780225
270.4 0.117069355241 0.033922983695 0.599552612378 0.122807797955 -0.846862890377 -0.098108134842 0.508051457571
270.5 0.116621495197 0.035121194224 0.593720361265 0.123730487651 -0.844143894496 -0.091613839778 0.513535545187
270.6 0.117913416134 0.037191504377 0.596968356362 0.124329049278 -0.843084541765 -0.097494094188 0.514048290088
270.7 0.118814652294 0.038790793659 0.597246476633 0.122981469781 -0.843392897661 -0.091653718084 0.514940359874
270.8 0.119861214006 0.040007105390 0.600102359936 0.118110248067 -0.842287996082 -0.092320181376 0.517762382825
270.9 0.118923929853 0.040543151163 0.593620067875 0.119227134625 -0.842413586633 -0.094953458391 0.516824999558
271.0 0.119971857333 0.042062260139 0.590694051320 0.119637934101 -0.842792019948 -0.090230917131 0.516959144835
271.1 0.121626019054 0.043060515157 0.597018780530 0.120773667193 -0.842833137700 -0.090693894805 0.516546842748
271.2 0.122523779233 0.043133055727 0.594627342751 0.124087093346 -0.839916635663 -0.093821565409 0.519942258588
271.3 0.121416127447 0.044104103293 0.595467206076 0.127599946227 -0.840220893307 -0.082411780344 0.520533767046
271.4 0.122858160376 0.044501728066 0.598483989524 0.126202934589 -0.841840178289 -0.086073145240 0.517657557837
271.5 0.122133693293 0.044380880983 0.595160361154 0.129210540605 -0.840856897064 -0.083327556584 0.518961302188
271.6 0.118397497785 0.043385763779 0.590765585395 0.125171950707 -0.843475513908 -0.091335101007 0.514333490564
271.7 0.118140580932 0.043518261130 0.592529512987 0.128545862307 -0.838743237701 -0.089584366963 0.521498210630
271.8 0.116754957980 0.044068319258 0.591778849879 0.130474610416 -0.841665134937 -0.088018727751 0.516554818228
271.9 0.115756640105 0.043591012303 0.588435206673 0.128426970661 -0.837870520877 -0.093031247188 0.522326229955
272.0 0.115999948982 0.044711394169 0.592118448319 0.130017124156 -0.839617151554 -0.085995506941 0.520330048172
272.1 0.114001219566 0.044378777262 0.595172090949 0.132716966324 -0.838995449153 -0.089504451221 0.520059416184
272.2 0.113251226813 0.044681940648 0.601056723539 0.126847388689 -0.841515653269 -0.095425568022 0.516386586048
272.3 0.112260186630 0.043579215285 0.598349533285 0.130720122129 -0.840237598934 -0.096972676884 0.517213038262
272.4 0.112357953337 0.043369131504 0.598908073763 0.130117526483 -0.839982274299 -0.095432881683 0.518065414072
272.5 0.112620004479 0.042391884030 0.597395786652 0.132046236526 -0.838524700270 -0.099114708834 0.519245985009
272.6 0.112436371679 0.041493878534 0.596380291430 0.127892070361 -0.840549420534 -0.099210600049 0.516988923303
272.7 0.112063632629 0.041350883716 0.595555696973 0.128885434507 -0.839766347540 -0.098362406615 0.518175513968
272.8 0.113004721610 0.042772293495 0.599793641461 0.130658910955 -0.840620975720 -0.093888061226 0.517174686278
272.9 0.112388841817 0.043628745962 0.596786739690 0.125445004024 -0.840968163533 -0.097630609461 0.517208239483
273.0 0.114626880239 0.044118354442 0.602919468071 0.119471409301 -0.842804005218 -0.106597227525 0.513853113477
273.1 0.113653321185 0.043942546576 0.587194945926 0.118636178545 -0.838025559581 -0.096693639498 0.523726034018
273.2 0.113295489984 0.046720108299 0.601745515344 0.126273845650 -0.841829571691 -0.093143168608 0.516432220404
273.3 0.111782816238 0.046272525699 0.596294798540 0.122538616803 -0.840128504462 -0.093865324840 0.519959310115
273.4 0.108273393838 0.046077406013 0.591891113222 0.124321248766 -0.839986536558 -0.095566224043 0.519455428626
273.5 0.107736007315 0.047322239014 0.591527899969 0.120611518860 -0.839219278006 -0.099450875358 0.520839119433
273.6 0.109379228602 0.048928753242 0.596270132001 0.123549363632 -0.840544607694 -0.094766882494 0.518882987969
273.7 0.108607130592 0.049581305415 0.600177761916 0.125654522247 -0.840890355763 -0.090463821767 0.518585236555
273.8 0.105944709653 0.049144356173 0.597939559083 0.123555725131 -0.838689586503 -0.094814874887 0.521865787132
273.9 0.102169637001 0.048465003512 0.593744515775 0.123070781397 -0.841627501548 -0.094837398624 0.517225868677
274.0 0.101409273038 0.048377740956 0.595073032251 0.124448082408 -0.839932456203 -0.095538270280 0.519517644277
274.1 0.100754252000 0.048024197749 0.593903632047 0.123678374881 -0.840221943325 -0.098179114332 0.518740404299
274.2 0.099545488184 0.047381173317 0.591441495872 0.123915725272 -0.838533690441 -0.100007943565 0.521060988992
275.0 0.094913656806 0.045894823123 0.589182787258 0.119867411159 -0.837250099624 -0.107297980736 0.522619572680
275.3 0.094368272468 0.045822729996 0.588776574786 0.118005870637 -0.839033641650 -0.103350732884 0.520975804320
275.5 0.091318019257 0.046626074415 0.587619096038 0.121614530251 -0.840362291227 -0.099490991091 0.518751065742
275.9 0.087263524742 0.044788367924 0.589303855295 0.121875440398 -0.842249223736 -0.103368946622 0.514856759709
277.5 0.086499134304 0.040785230918 0.583342705197 0.121360591975 -0.834038650119 -0.116819616315 0.525361127290
277.6 0.086553215025 0.041862807257 0.584289184079 0.119154985290 -0.837127703753 -0.112897749882 0.521798232233
277.8 0.087305637667 0.042916659791 0.587753794705 0.118518285575 -0.836651501810 -0.111559448818 0.522993470212
277.9 0.086794510141 0.042277919348 0.585147785852 0.119866099259 -0.834614144921 -0.115595174983 0.525061046799
278.1 0.085039416352 0.042223894151 0.588785539658 0.121907635712 -0.837265772728 -0.114313550465 0.520631315189
278.4 0.080563396152 0.041320673902 0.582406973369 0.121789659399 -0.834250585199 -0.117883950764 0.524687158326
278.5 0.078184268492 0.040445713344 0.578843222743 0.124781490982 -0.834298944075 -0.120490716041 0.523313327533
278.6 0.076692002312 0.041024624474 0.580048391028 0.118803283996 -0.837063629047 -0.111579207502 0.522264627456
278.7 0.076137933631 0.040606511955 0.586056518081 0.119967795537 -0.836702170078 -0.121472274648 0.520366883184
278.8 0.075599011909 0.039602904185 0.583289904349 0.117974441292 -0.837203167483 -0.122600196756 0.519751940175
278.9 0.074561101155 0.038775323015 0.581587478456 0.119254457706 -0.837101737780 -0.123572181776 0.519392886757
279.0 0.073674959660 0.037985044719 0.581264998431 0.121227601061 -0.835203618100 -0.120120231246 0.522790507851
279.2 0.073092967290 0.036725137209 0.582855032429 0.125196996781 -0.834407765316 -0.126022107414 0.521735394257
279.3 0.073318288371 0.036600430606 0.584614346905 0.125992113186 -0.833950106835 -0.121958663538 0.523239229336
279.4 0.071845794237 0.036809844031 0.584216586074 0.122836847303 -0.836376984450 -0.118209110722 0.520971453122
279.5 0.071544185735 0.036032888605 0.582316634670 0.126316768970 -0.834448100117 -0.126109068411 0.521379847091
279.6 0.071051656959 0.036981828216 0.586545852483 0.122881269588 -0.837126720461 -0.116903998043 0.520050480932
279.7 0.070276207615 0.036326633471 0.582170213926 0.120290591555 -0.836381363685 -0.120214960552 0.521099559894
279.9 0.071462632284 0.035934845564 0.585914462225 0.125588343226 -0.834413046841 -0.126807381252 0.521442540812
280.0 0.070151345499 0.035215612434 0.581935686686 0.126944859082 -0.833491257677 -0.124939023376 0.523036869221
280.1 0.070304777559 0.035030110215 0.584325239006 0.124591592153 -0.832937087514 -0.123462403572 0.524833095674
280.2 0.068608513421 0.034948335887 0.581917056640 0.124561030189 -0.834373026849 -0.124150772095 0.522391412271
280.3 0.068028260569 0.034654594504 0.579761140561 0.124129159877 -0.835073890725 -0.126632710701 0.520776060585
280.4 0.068229148884 0.034572297952 0.579743254260 0.125611332184 -0.838110124313 -0.126711302133 0.515497292584
280.5 0.067483804627 0.034789398876 0.579737821449 0.124258751346 -0.833649579930 -0.128968920110 0.522451106080
280.6 0.068138801226 0.035580086332 0.581571282961 0.126123234725 -0.835859918329 -0.127773258888 0.518753429778
280.9 0.070469708400 0.036389227356 0.583624235981 0.124293143774 -0.830517068697 -0.129616466632 0.527249641621
281.6 0.072593154275 0.037395551536 0.580221996004 0.121614701875 -0.830025324853 -0.131365903721 0.528214751525
281.8 0.073371840850 0.037175852645 0.580694860147 0.122989748689 -0.828306788261 -0.130923381427 0.530698082181
281.9 0.072001100339 0.037407991241 0.579198851242 0.120107550448 -0.829983541885 -0.128147985380 0.529414384358
282.0 0.071396844957 0.037499494083 0.575115831446 0.119935985901 -0.828156148867 -0.127787696602 0.532393704862
286.5 0.068357929739 0.044919353843 0.569819687545 0.129623475751 -0.819264266677 -0.129474240490 0.543360135575
286.6 0.067668918182 0.044797493487 0.569125752189 0.136054788222 -0.819027498494 -0.134392070622 0.540945304690
286.7 0.066067719112 0.043941048146 0.561848806996 0.133783390711 -0.819840356799 -0.128659729827 0.541673764968
286.8 0.067726810401 0.044818671216 0.567202721809 0.132822690038 -0.818818298869 -0.133530372718 0.542277019622
286.9 0.069286988542 0.045316696718 0.568051109051 0.130338853970 -0.823300852568 -0.129180795585 0.537121784474
287.0 0.069148080222 0.043954643998 0.563686388014 0.128471193068 -0.819689229254 -0.133954471038 0.541904899119
287.2 0.069155601095 0.043312775129 0.563725947989 0.131118564158 -0.819959310152 -0.134398681744 0.540751002010
288.5 0.066818216166 0.040631488192 0.552725524752 0.122943009673 -0.819267630205 -0.147090079781 0.540416575340
288.6 0.061688951151 0.038641650260 0.547448920922 0.119207296950 -0.824656005025 -0.154865799975 0.530800035541
291.1 0.062044092533 0.040104011983 0.548003461757 0.127495250945 -0.815534472495 -0.155562404440 0.542631388223
291.2 0.062678670278 0.041780031531 0.544079039656 0.124827993175 -0.817753276751 -0.153450262583 0.540509544221
291.3 0.062701413054 0.041701191386 0.542571736679 0.126139590610 -0.814716657935 -0.149792490905 0.545790967895
291.4 0.062742882753 0.042787468996 0.545191941867 0.124206904455 -0.815273971651 -0.152365377774 0.544688707144
291.5 0.063042167805 0.043197857219 0.543907957704 0.124815769298 -0.816349840767 -0.153712957691 0.542555331603
291.6 0.064700594321 0.043953319717 0.553530109068 0.128758951334 -0.813627445496 -0.135970219851 0.550403135620
291.7 0.061963304007 0.041728752323 0.546942911923 0.135665768749 -0.815308521359 -0.145531011908 0.543771586939
291.8 0.062674779078 0.040883835575 0.547979295803 0.137389971941 -0.812202085888 -0.152193399223 0.546158343820
291.9 0.062355248363 0.040441626535 0.543085382438 0.134538316245 -0.815183429242 -0.155276829296 0.541539033159
292.0 0.062061267871 0.038130878357 0.543691639260 0.133816226132 -0.813503301878 -0.162575660640 0.542102158289
292.2 0.059421140112 0.037786516769 0.543131984296 0.126700718009 -0.812508101612 -0.154066259264 0.547760075789
292.6 0.055920597499 0.032942448885 0.556088495304 0.137353900108 -0.817452171436 -0.168963488747 0.533251528838
292.7 0.050520140323 0.030506308403 0.543111048309 0.142113622824 -0.821341108564 -0.166630307010 0.526722737668
293.1 0.044993388160 0.028578781510 0.549407253453 0.132986548500 -0.818183974041 -0.167605346066 0.533664698579
293.2 0.044648331111 0.027507400568 0.545987168715 0.128100611812 -0.820220424965 -0.155949579323 0.535264809636
293.7 0.044511413087 0.030952173225 0.561649845186 0.131007871458 -0.822264296939 -0.167071254298 0.528020415877
293.8 0.044381383083 0.028080459992 0.549827394902 0.132510492356 -0.817855963984 -0.163859273949 0.535446290427
293.9 0.044456401790 0.027847510875 0.549635914781 0.135069112357 -0.820216644462 -0.164734140861 0.530908329065
294.3 0.049193582874 0.029796272436 0.540234977456 0.139271599042 -0.817888123730 -0.169878854300 0.531792829609
294.5 0.051951688431 0.029597580263 0.546988948599 0.135003360827 -0.817685754405 -0.157688042799 0.536934428739
294.7 0.055878575085 0.029546716324 0.540932455444 0.145639581546 -0.810665574440 -0.167658976577 0.541757239247
295.1 0.061449482166 0.037333906204 0.539122464656 0.145764110887 -0.806028271039 -0.162673142834 0.550098808273
295.2 0.063143795279 0.040219822932 0.549699353415 0.143825233987 -0.804750614487 -0.140120114517 0.558620715745
295.3 0.061549949028 0.038619618284 0.534437174665 0.146403027121 -0.806797827402 -0.153001978004 0.551573942528
295.4 0.062125075984 0.039490656177 0.540456286363 0.152954599212 -0.806132702810 -0.158832996592 0.549114774190
295.5 0.062776700830 0.041493912895 0.540929039391 0.146465855560 -0.804757245004 -0.145426685411 0.556565008727
295.6 0.064373231817 0.042055134913 0.542906856291 0.149410380557 -0.803735418484 -0.145529268410 0.557231681880
295.7 0.062812849868 0.041421717306 0.536935537101 0.148690983474 -0.802890969931 -0.148317728571 0.557905846205
295.8 0.063389344099 0.041747568484 0.537061898867 0.142967738011 -0.807732866537 -0.150138323936 0.551893400839
295.9 0.065697200773 0.040100668442 0.542391638256 0.151981412834 -0.800226589652 -0.156072680491 0.558731038847
296.0 0.063701353143 0.039119187885 0.535425335938 0.154193809141 -0.802802188928 -0.157297093004 0.554067269569
296.1 0.063987763717 0.037993768095 0.535140475223 0.150834786791 -0.803143877488 -0.151482441188 0.556113162188
296.2 0.063332348961 0.036856991707 0.530149355638 0.155865878421 -0.800927628192 -0.162480813905 0.554815958181
296.3 0.064192366111 0.036806733956 0.528054775013 0.158068431665 -0.801293475805 -0.156367021623 0.555421003465
296.7 0.068603640362 0.038034590613 0.533974155093 0.153839343627 -0.799290230613 -0.151075548752 0.560932047727
296.8 0.068699567976 0.038486970358 0.533414825808 0.151426574893 -0.802042565988 -0.149582192170 0.558052759643
296.9 0.066498565457 0.037238170476 0.523564639778 0.152946848993 -0.804041933773 -0.159052333046 0.552110664150
297.3 0.067660758966 0.039356337186 0.538550089050 0.152763398235 -0.803922525411 -0.141579416285 0.557070180660
297.4 0.067138562280 0.037774267169 0.532709852398 0.160986026341 -0.799200456997 -0.155143482813 0.557936043467
297.5 0.066690980255 0.037459642225 0.527422838494 0.150967898391 -0.801769427694 -0.160195234583 0.555618542966
297.6 0.067847095838 0.038161605026 0.533036433441 0.152274247281 -0.801070101121 -0.149388040855 0.559269577176
297.9 0.065296643753 0.035527610070 0.518055489583 0.156728080580 -0.798059196285 -0.165997550928 0.557658175830
298.0 0.067380934434 0.038159512824 0.526301239579 0.153609855687 -0.797964418272 -0.152554489196 0.562480157191
298.1 0.069549994537 0.039466628870 0.532930982903 0.153442649755 -0.800727768151 -0.146138514821 0.560298071596
298.2 0.067484593319 0.038600839030 0.524838889378 0.152802148259 -0.800397002577 -0.152010426239 0.559382670511
298.3 0.066000399432 0.037922285233 0.520010553509 0.153760784439 -0.798845477063 -0.158288070643 0.559596650845
298.4 0.069340730209 0.039717846753 0.539688851351 0.155430300422 -0.799304491894 -0.156614391286 0.558950519628
298.5 0.067707189103 0.039316935934 0.529911416393 0.148289395443 -0.800794596787 -0.160299885153 0.557711588345
298.6 0.068754174059 0.040216821147 0.538457220566 0.145506363319 -0.805057233507 -0.150745566928 0.554965335009
298.7 0.067649101749 0.038534568004 0.530688943482 0.150715033034 -0.801960128545 -0.153061966964 0.557419918294
298.8 0.069521185773 0.039393243981 0.540172635724 0.154101202342 -0.801828843413 -0.146792514792 0.558368411453
298.9 0.069238154279 0.037857442019 0.532987527670 0.149844990207 -0.800626807498 -0.148999954729 0.560662293644
299.3 0.067280236125 0.037082788750 0.527116090509 0.155271982842 -0.801631976284 -0.153826079080 0.556429980626
299.4 0.070357731440 0.038760913368 0.538376537404 0.150637879754 -0.800144888390 -0.146059279350 0.561910200728
299.5 0.068977601077 0.037044340241 0.524339333699 0.151732264264 -0.797828286894 -0.154678710346 0.562602738334
299.6 0.073238460205 0.039259698511 0.549687650621 0.151065289463 -0.799322910548 -0.140197619793 0.564452646728
299.9 0.068223481291 0.037050065537 0.523078276820 0.146481280828 -0.800943238670 -0.161655264338 0.557584736439
300.0 0.070166287329 0.039087930012 0.531630952783 0.148452880254 -0.797812203031 -0.155118280830 0.563378868961
300.1 0.069707810427 0.039149228347 0.529440207974 0.147601870174 -0.800203976828 -0.149062167994 0.561843175150
300.2 0.070079194569 0.041033362220 0.532833157287 0.141890148644 -0.802660107107 -0.154920043966 0.558214759886
300.3 0.069259565659 0.041707179606 0.534610636395 0.152858165453 -0.803271757001 -0.148379108692 0.556212644375
300.4 0.068652002285 0.040704170581 0.530425953830 0.155801513024 -0.798219872994 -0.148334915357 0.562643471288
300.5 0.070071048738 0.042935700291 0.539654461632 0.153612158079 -0.802543609694 -0.145681948514 0.557766823420
300.8 0.067170598549 0.042849428449 0.528959212803 0.144689370182 -0.804251951946 -0.154896641226 0.555203399198
300.9 0.066047455158 0.042099060932 0.524661564367 0.146262012075 -0.803164379410 -0.157555779349 0.555617296225
301.3 0.070282698987 0.046429154784 0.541703477271 0.155170972874 -0.799591846729 -0.140640203402 0.562845610278
301.4 0.067827758969 0.044820929170 0.523653485686 0.149684010473 -0.800444901378 -0.147663111858 0.561318325250
301.5 0.073508673471 0.048607905015 0.555473703502 0.153493346974 -0.800071233705 -0.134534477700 0.564115491492
301.6 0.072713125731 0.047526782556 0.549113852735 0.155511797903 -0.798653245687 -0.137756020329 0.564794079936
301.8 0.075154932021 0.049340654996 0.556007899297 0.147296625734 -0.800970581575 -0.132721814097 0.564920128480
301.9 0.074132546870 0.047297456262 0.547480321563 0.146313079576 -0.800885321115 -0.138668976556 0.563867094366
302.0 0.074222846103 0.044631935302 0.539170367271 0.150085839637 -0.797781775742 -0.145908837801 0.565445921451
302.1 0.074159859939 0.044184037808 0.540738242455 0.155056708156 -0.793859278595 -0.142603396209 0.570446434328
302.2 0.072690267498 0.042464118145 0.535402972216 0.154979716741 -0.796106246411 -0.150452889983 0.565296435262
302.3 0.071669727041 0.041708489679 0.530261287816 0.148251247903 -0.795439444560 -0.154566667197 0.566927511172
302.4 0.071325600902 0.042353784001 0.532037681472 0.154396670948 -0.800738609653 -0.146139100338 0.560020276743
302.5 0.068277316293 0.040940970913 0.521765792549 0.147376376421 -0.797339873196 -0.157534929404 0.563659539352
302.6 0.068960543776 0.040052104489 0.519773827943 0.146013201914 -0.797111853885 -0.164217154096 0.562428274152
302.7 0.073067454001 0.041955821432 0.544004468140 0.146928503580 -0.798459708116 -0.147607567500 0.564877079875
302.8 0.069149809821 0.039403072987 0.525669766244 0.146552718721 -0.801646341837 -0.155975711473 0.558172930807
302.9 0.072026776897 0.039919820618 0.541336017255 0.151606215872 -0.797395260927 -0.152323680754 0.563891700101
303.1 0.066708749109 0.037090252993 0.514597818647 0.147184821303 -0.799411347099 -0.158452428820 0.560509548811
303.3 0.078581982300 0.041023296698 0.559474219435 0.147790966568 -0.806824581978 -0.143217721744 0.553787511863
303.4 0.072841616966 0.041697679820 0.540331397413 0.143260264439 -0.803662243607 -0.144857990748 0.559124008921
303.5 0.080041863401 0.042821946333 0.566843529258 0.150855261677 -0.808464233960 -0.134598635005 0.552730929012
303.7 0.073156973484 0.040283742938 0.535122761182 0.156144000328 -0.792806956353 -0.146971589421 0.570504630149
304.0 0.074642647402 0.042873244106 0.544595318947 0.149663671365 -0.800203207680 -0.139242142248 0.563814896678
304.1 0.071084107450 0.040117333249 0.525015695755 0.157911915266 -0.795452487623 -0.150039345930 0.565515129439
304.3 0.070676457417 0.039324070211 0.523927352068 0.157780583102 -0.793512394665 -0.151938670498 0.567765803404
304.4 0.068934086381 0.038479775595 0.518426602714 0.148294356681 -0.797790066679 -0.157922432531 0.562672461199
304.5 0.071710541106 0.040898889316 0.537257983115 0.148575955285 -0.799452779812 -0.130436492674 0.567262513956
304.6 0.069719218036 0.039120111463 0.523813596110 0.154743389550 -0.795999545110 -0.151734145700 0.565168962880
304.7 0.071918876528 0.040087739088 0.535733241415 0.146082149842 -0.803417692622 -0.150071471281 0.557367536000
305.1 0.069855939549 0.036705163428 0.521392237648 0.155273615050 -0.796837331501 -0.156600227818 0.562509324582
305.2 0.077994613395 0.038961569928 0.550968098565 0.155271384952 -0.805995921436 -0.155300371646 0.549675509925
305.3 0.072547168112 0.039302354606 0.528760748207 0.143781025803 -0.798792533823 -0.153247662418 0.563713276845
305.4 0.072909238769 0.039649851111 0.526719641808 0.151017524704 -0.797113971402 -0.148848317194 0.565373506892
305.5 0.070547197775 0.038512063624 0.511517236480 0.149269886302 -0.798460384308 -0.142277908846 0.565629306516
305.6 0.086509971725 0.043956268124 0.582459237690 0.154314614173 -0.805426541034 -0.122691940608 0.558947023036
305.7 0.079960622705 0.040702937678 0.551516248423 0.156975860679 -0.796864962253 -0.145052630514 0.565088086477
305.8 0.076621562665 0.039134251652 0.533215111554 0.152167923888 -0.794714817168 -0.145923535418 0.569192062596
306.2 0.078033059170 0.039382677409 0.529708349078 0.151183862611 -0.794585390503 -0.143339010843 0.570290649456
306.3 0.077410536921 0.038466546118 0.526637696451 0.154408918043 -0.792351686598 -0.147237795422 0.571539781971
306.4 0.077886805675 0.040088231970 0.530983880148 0.155067752346 -0.795119619174 -0.137556115075 0.569927274829
306.5 0.078135099915 0.039110771891 0.528044998521 0.152582289182 -0.792789183678 -0.144607410872 0.572094967634
306.6 0.077069289987 0.038561239738 0.525608063200 0.156026884993 -0.789801611430 -0.151789567739 0.573436093099
306.7 0.076546258294 0.038791636514 0.526951087239 0.152454459554 -0.793768673421 -0.136593379774 0.572740062734
306.8 0.073445817298 0.037449089167 0.510268537754 0.143983080341 -0.796852054753 -0.152620062098 0.566571082970
307.4 0.073125681048 0.035576695629 0.508622250726 0.150094053829 -0.793607294440 -0.159107999227 0.567753363529
307.6 0.075606594037 0.038179376126 0.519430637121 0.148379808601 -0.791298014984 -0.151412437922 0.573502534889
307.8 0.074819427193 0.037477926200 0.515045678025 0.148201097481 -0.797657853133 -0.149004106957 0.565310675778
308.0 0.075745782615 0.038470635412 0.521531717078 0.146385030789 -0.797301304265 -0.146195470645 0.567017581157
308.1 0.074552207761 0.036253191035 0.513621430141 0.153108597264 -0.786715878704 -0.154274651990 0.577784748322
308.2 0.074335296717 0.036153584079 0.515948814066 0.149483894766 -0.791839581288 -0.155614887934 0.571339346942
308.3 0.075102238182 0.036715851306 0.524957157372 0.145736553253 -0.794539110681 -0.162392003771 0.566654476514
308.4 0.072882333329 0.035106651183 0.511887698947 0.137848246259 -0.796200160018 -0.162385240511 0.566298684312
308.5 0.074999942376 0.036054987846 0.528439497349 0.150356735687 -0.797500400648 -0.134068402624 0.568692910469
309.5 0.071739659731 0.034664630932 0.509054846588 0.142472276778 -0.797469944684 -0.171967145745 0.560509267061
309.7 0.072482674982 0.034349856112 0.506461085415 0.140623642914 -0.799278254742 -0.170565493350 0.558826158145
310.0 0.071324856422 0.033496220169 0.497369294832 0.142263543491 -0.789539497772 -0.169491040246 0.572417027111
310.4 0.083765023162 0.036103037050 0.551113683921 0.155007439334 -0.804456828837 -0.120983144185 0.560522063002
310.5 0.083468832347 0.034643237322 0.547268162094 0.143902556986 -0.807915721760 -0.137966321508 0.554553455273
310.8 0.072647847005 0.033161900724 0.506448063361 0.143192888435 -0.799881411956 -0.153334455629 0.562293578324
310.9 0.074244211023 0.035132606052 0.514617484641 0.137332389780 -0.800191257388 -0.153291070856 0.563325495529
311.0 0.075617988094 0.035976082341 0.516831613684 0.141965440291 -0.798612867597 -0.149193266418 0.565512750279
311.2 0.084173717437 0.036760435913 0.538459664011 0.137877385012 -0.804588873781 -0.150038944072 0.557776735040
311.3 0.076122725514 0.035228218809 0.506888767316 0.138069714721 -0.792877648663 -0.143644425374 0.575888936502
311.7 0.073383418748 0.035805793777 0.503498765934 0.139795455036 -0.800122058651 -0.154030818743 0.562615702668
312.1 0.075455476223 0.035836211158 0.502661423552 0.134929006834 -0.795608876698 -0.161633550027 0.568045133717
312.5 0.073084454841 0.031842977265 0.494010703094 0.141914385675 -0.793868530123 -0.163864817472 0.568138526783
312.6 0.074433311940 0.032591129307 0.504445644090 0.142757233786 -0.793781233033 -0.160888468693 0.568899487544
313.0 0.075407238777 0.031058873770 0.513419471995 0.132294996018 -0.799699645208 -0.158167850638 0.563880698824
313.5 0.074334943976 0.029601193859 0.511996450996 0.131644781207 -0.803181956289 -0.162322121256 0.557870886157
315.2 0.079640925550 0.032917540794 0.524528194209 0.129403075456 -0.800629571828 -0.163567583886 0.561687438240
315.3 0.079831943824 0.033611373571 0.527416632287 0.132786114337 -0.797925997837 -0.160157522211 0.565713282409
315.4 0.075581798915 0.030776165620 0.504875923291 0.141185353067 -0.796577694121 -0.168538806414 0.563138831943
