65.1 -0.184390768565 0.018925190875 0.782790000594 -0.047461869310 0.899174160141 0.198209892637 0.387228665206
77.7 -0.156490462732 0.026724072204 0.758486724082 0.043801120923 0.863579718260 0.228315390480 0.447418835641
78.4 -0.153989858702 0.021578491936 0.762032884015 0.041481967319 0.865189732385 0.233020358159 0.442071810960
127.4 -0.102333455959 -0.016846676157 0.940572995757 0.041557396324 0.754116523967 0.227830934900 0.614552126506
128.2 -0.105478275787 -0.022255125153 0.915394447966 0.048361097033 0.741969540303 0.228003742985 0.628614904961
128.9 -0.097621296456 -0.029509885551 0.946493714498 0.052067515926 0.742315663357 0.241908688150 0.622685005695
129.2 -0.086193257616 -0.034820007042 0.929247735050 0.038596691526 0.743313768048 0.253690804674 0.617766876141
130.2 -0.082252030133 -0.047056887780 0.916654860732 0.022533124936 0.751001139401 0.267049726180 0.603468301277
130.5 -0.088655008073 -0.043671701816 0.931384524528 0.020083278133 0.751961090012 0.247011715209 0.610848912249
130.7 -0.091991925014 -0.045397965220 0.930767303934 0.021212446172 0.746803303686 0.251119423066 0.615446092758
131.2 -0.085897138448 -0.041577406487 0.903649397602 0.024909778748 0.741841850451 0.246569241818 0.623100137082
131.4 -0.089496586424 -0.037610822904 0.909872060583 0.062435994857 0.756497058696 0.219139970644 0.613018449966
146.0 -0.079710065684 -0.028088058783 0.793304468975 0.108482294098 0.722849305068 0.207338100712 0.650177964886
147.0 -0.074216591390 -0.043181412913 0.882077229885 0.002504611311 0.738195939307 0.267908662125 0.619100501430
147.1 -0.075672630418 -0.042643854112 0.935067837939 0.053104811476 0.737829820086 0.263106505320 0.619323826805
147.8 -0.074400691319 -0.033259493570 0.904797339112 0.044623119710 0.720934113589 0.273234495205 0.635299686511
148.5 -0.070170862280 -0.018828179120 0.801671899742 0.105170811498 0.720568683490 0.177306471478 0.662028917763
149.9 -0.069363465488 -0.008806201549 0.786890007776 0.082045297439 0.713763314977 0.194173174760 0.667912627194
201.3 0.443516954005 0.058617181388 1.558863003131 -0.469231815499 0.825203013190 -0.263079122564 -0.172194267084
