0.4 0.043862498288 -0.047143424711 0.695853256653 -0.033997478772 0.712415453992 0.097368835382 0.694138100270
0.6 0.055738813579 -0.046098449005 0.694659584372 -0.040102559989 0.717552922397 0.092787080217 0.689129992081
4.1 0.151841714554 -0.050934526547 0.811897749857 -0.111593744486 0.860443432523 0.208456000009 0.451364632730
6.1 0.097981325550 -0.061034093591 0.745066682062 -0.160867672632 0.721829946911 0.018339556406 0.672864607715
8.4 0.080618607853 -0.000378261451 0.921397565660 0.590285081140 -0.384265553795 -0.187334422471 0.684696517669
9.3 0.336465553092 -0.316805430085 2.103379470708 -0.198582965871 0.945148688559 0.253039143809 0.056832683209
9.4 0.134250641042 -0.089576665041 0.964184422975 -0.071524595327 0.741775351258 0.215045503770 0.631196476414
9.5 0.133334946636 -0.092817744512 0.991291330538 -0.087292054467 0.735855663044 0.226432233517 0.632158986346
9.7 0.144188287316 -0.063689124061 0.910638313675 -0.128459490502 0.848171520013 0.211578165000 0.468335256023
10.1 0.114717955966 -0.077320043572 0.927964003660 -0.101064058702 0.730961309593 0.226548183758 0.635733859688
10.2 0.052414127212 -0.006000914063 0.718333125947 -0.382576724191 0.689584290909 -0.128431031233 0.601343517513
10.4 0.042316789040 -0.037064747576 0.744870872424 -0.551715661792 0.659081815615 -0.034981526700 0.509899285790
10.6 0.039843112538 -0.029030648939 0.710573568647 -0.550580269868 0.664049142071 -0.037149574656 0.504499764571
11.0 0.050848267270 -0.033094915421 0.725418080645 -0.554901375979 0.666096405072 -0.022859490998 0.497872961466
11.4 0.041037188568 -0.032766348205 0.724297153108 -0.561810661566 0.656002891102 -0.013282648886 0.503837829716
11.5 0.074851399001 -0.037599532929 0.835152110278 -0.410957818321 0.645975278089 -0.004887362475 0.643277331597
11.9 0.104350639804 -0.085210255564 0.982209736618 -0.134662000713 0.728633400821 0.257478375275 0.620213188379
12.0 0.019389722563 0.001292786882 0.653201729500 -0.483800008944 0.614923140272 -0.124109049436 0.610249151373
12.2 0.043467470030 -0.017750771870 0.737534380477 -0.462761845737 0.748413714633 0.051437936169 0.472316127822
12.4 0.057388632085 -0.036615919949 0.829147967057 -0.399236717931 0.715284848994 0.051249028058 0.571271533492
13.2 0.062178903817 -0.044214980581 0.854908450736 -0.431873947067 0.678015233784 0.025287986193 0.594256471867
13.3 0.054848213701 -0.028022693276 0.746546989501 -0.429608135400 0.672790963619 -0.008877704911 0.602254394444
13.7 0.057244394089 -0.048750915066 0.832408846873 -0.435731573266 0.680698221413 0.035286714548 0.587828865573
13.9 0.053883953410 -0.047874693891 0.821845348411 -0.430023115981 0.668328820091 0.025340453129 0.606444201385
14.3 0.052737113174 -0.069785685918 0.883817597135 -0.409717624238 0.701134544463 0.121612506487 0.570747069390
14.4 -0.015996920397 -0.032817119961 0.799874698836 -0.428028288937 0.511261759197 -0.171320246342 0.725294816365
14.7 0.011757092648 -0.032124086142 0.721737726574 -0.506485259927 0.630874160210 -0.211295793791 0.548474760570
15.9 0.042341429913 -0.050038695907 0.759863739003 -0.397756866045 0.687550065988 0.003750116089 0.607495118420
16.0 0.066150580664 -0.119296452827 0.982608037126 -0.523640360286 0.667723436929 0.053341848836 0.526403677818
16.1 0.073418583863 -0.129119226214 1.019279146815 -0.536441860447 0.662038762502 0.039255604931 0.521913598969
16.2 0.027519135346 -0.050314278109 0.711930466473 -0.372935368622 0.696215304679 0.093173322452 0.606236086310
16.3 0.070944485762 -0.126074595980 1.002278167285 -0.516645771403 0.666276298430 0.055319400468 0.534876438978
16.4 0.031297022182 -0.056931498394 0.714434097137 -0.365069056366 0.698050645542 0.098949304431 0.607995818650
16.6 0.056501506474 -0.094227109270 0.885671548431 -0.416294013320 0.710959819056 0.131311182780 0.551355423877
16.7 0.002774632900 -0.048949894074 0.705353775356 -0.446778835513 0.648427670227 -0.163942267456 0.594182767809
16.8 0.057144202041 -0.117613125000 0.954474995075 -0.477165779762 0.670888230283 0.045386802478 0.565828453909
17.1 0.038061331280 -0.082640266941 0.814396474089 -0.441558857207 0.683561812529 0.090086008838 0.574154626462
17.5 0.039132603376 -0.065151415309 0.730623073861 -0.449284740001 0.694518936720 0.063931340502 0.558300503888
17.7 0.049084212201 -0.076428703448 0.803052966579 -0.449211440551 0.684995645736 0.101820413235 0.564466695605
17.8 0.065436221644 -0.084025163980 0.891425448284 -0.448940573035 0.701568367253 0.128679783072 0.538233872384
17.9 0.083719695124 -0.118933154710 0.977186528735 -0.527112727114 0.663834600089 0.061638927676 0.526950129743
18.1 0.041593985385 -0.092596076040 0.813730317981 -0.525783762516 0.560983114576 0.231242543637 0.596134436388
18.2 0.051578544953 -0.071592109892 0.792555529142 -0.457251434256 0.679670698681 0.100283067748 0.564723094577
18.4 0.051284593736 -0.062883026995 0.761266895388 -0.469593485526 0.688983111013 0.084357310374 0.545589658330
18.5 0.049470595182 -0.076534568149 0.787537760694 -0.461944059032 0.676989098745 0.109433366692 0.562421358732
18.7 0.049544830927 -0.076950260799 0.787706862688 -0.477188036069 0.671006265804 0.098394579398 0.558892365514
19.5 0.049504461029 -0.056515341045 0.737927365278 -0.458336751970 0.680621875016 0.083965494015 0.565359249379
19.7 0.052941198039 -0.063107130887 0.744981201132 -0.473199115288 0.684224094962 0.059284501402 0.551729402024
19.8 0.058925489442 -0.080259425710 0.844777810280 -0.473564125501 0.671791129246 0.113681973649 0.558130904513
19.9 0.060795470476 -0.083660847196 0.870855623053 -0.470441423201 0.672471662597 0.124331791876 0.557681213481
20.0 0.057207086318 -0.081708954867 0.875791281464 -0.463296622759 0.672147597396 0.109576638183 0.567068608741
20.1 0.043710406250 -0.064649089700 0.769293570844 -0.461725107290 0.680641745499 0.047838815826 0.566787603323
20.2 0.040048779349 -0.057740107663 0.796328540888 -0.496402800425 0.681010194611 -0.003485810716 0.538328174713
20.4 0.036581941439 -0.071847852282 0.789046582809 -0.461759246168 0.670378750920 0.058016594889 0.577931486954
20.6 0.029758176117 -0.056857246079 0.794218420402 -0.477517389447 0.671586729179 0.032789047645 0.565573413732
20.8 0.021996168289 -0.043904286177 0.800353933115 -0.458647025274 0.681428270511 0.024499125205 0.569822964804
20.9 0.016813849876 -0.040470307978 0.807167681951 -0.468093513926 0.665055481630 0.024624331675 0.581363320880
21.0 0.017441605030 -0.043573717637 0.803213180233 -0.465757142327 0.664377394241 0.031616649050 0.583672296668
21.1 -0.027668879588 -0.042670850973 1.106618601286 -0.450962725626 0.690702783850 -0.162724092934 0.541371548991
21.2 0.017066382705 -0.051386890136 0.795535093505 -0.461209941226 0.666629476040 0.030756917604 0.584760244723
21.3 0.016083756338 -0.071386856764 0.834105152973 -0.484246969822 0.618157505858 0.119553596251 0.607530334875
21.4 0.020247014727 -0.057917102386 0.793897348744 -0.453113680613 0.670598224437 0.044804126696 0.585643751827
21.5 0.022329091540 -0.060947607453 0.764219048426 -0.449223503941 0.674483270708 0.037693453930 0.584679197999
21.8 0.028726407157 -0.072967436507 0.899956222292 -0.438011085979 0.689210910492 0.078063665193 0.571874700958
22.1 -0.006407068924 -0.031298420666 0.716421187353 -0.532974697449 0.578116239061 -0.175864144141 0.592276446281
22.2 0.015018132434 -0.062468338658 0.795206795447 -0.422867056433 0.681143517373 0.020235028436 0.597342033469
22.3 0.017659097977 -0.059084822607 0.784410782878 -0.415074585985 0.687760967965 -0.016345931834 0.595340868349
22.4 0.024185416760 -0.058885413776 0.795666113660 -0.401793977868 0.703725009821 -0.032873360420 0.585023120976
22.5 0.023728068976 -0.058983393742 0.788798127221 -0.404980425255 0.687910410392 -0.026481331151 0.601721581410
22.6 0.027580224203 -0.068821896139 0.824311520948 -0.401083896230 0.676203834086 -0.008075406152 0.617911701433
22.7 0.023000222183 -0.064790610493 0.811960161150 -0.419973768433 0.664944904954 -0.061790420066 0.614534174145
22.8 0.007727935289 -0.063940564259 0.788267668258 -0.381522515794 0.681389444011 -0.173587567325 0.600013626514
22.9 0.014225004304 -0.067724139839 0.585761617033 -0.575171522276 0.535820351771 -0.323999569715 0.526401509701
23.8 0.021692054238 -0.103004238355 0.872835131749 -0.375087498955 0.642722083858 -0.142580723307 0.652601278262
24.0 0.020809303157 -0.109109839504 0.615552223096 -0.258789277349 0.622479344399 -0.049677019071 0.736939461219
24.1 0.019255239256 -0.135153177057 0.879069575242 -0.282524995084 0.665418565206 -0.080797293685 0.686199357013
24.2 0.008317931804 -0.078114664904 1.068068889761 -0.475955990137 0.611939986517 -0.303523342977 0.553957515178
24.3 0.009724293685 -0.122098132685 1.089128638806 -0.343589021002 0.651618631765 -0.066509575690 0.672990504930
24.4 0.009797913765 -0.096835920526 0.974936678196 -0.406801836230 0.643657672778 -0.199441198789 0.616798406726
24.5 0.006360157012 -0.114659611145 0.749443444626 -0.249424250639 0.683930487187 -0.133186232706 0.672523649627
24.6 0.014427977456 -0.121755175202 0.887030282486 -0.301584636380 0.682145823130 -0.105346202005 0.657743081156
24.7 0.006284632662 -0.103866468219 0.785967453386 -0.281784349181 0.670649331392 -0.140225929188 0.671687236475
25.0 0.008530020024 -0.115097779110 0.815887149082 -0.268802425082 0.671500521423 -0.146304249480 0.674853593443
25.1 0.008620115709 -0.116991362540 0.801102057851 -0.268194654133 0.666539708793 -0.143231912736 0.680647532332
25.2 0.005362530739 -0.161501837757 1.164259762409 -0.314462619684 0.633699851056 -0.047510087114 0.705181218706
25.5 0.027393268803 -0.110137040802 0.911110057432 -0.333511931454 0.659691495486 -0.174618169402 0.650450165097
25.9 0.045462483639 -0.111326854426 0.916096619754 -0.238365735253 0.682774067724 -0.126156475080 0.679033056999
26.0 0.049310057229 -0.091680474193 0.887463686582 -0.254555278965 0.688024631418 -0.158724820753 0.660779954137
26.1 0.045669671008 -0.096188303450 0.896427311979 -0.269518598363 0.667542618882 -0.122613364613 0.683163626031
26.2 0.050573400143 -0.079396103884 0.943355947676 -0.350865334442 0.664210981763 -0.187578876729 0.632875543687
26.3 0.046588248579 -0.120507339429 0.906073001089 -0.231658722041 0.688409823572 -0.128724699133 0.675171165813
26.4 0.047573098663 -0.115070504190 0.942010651879 -0.237165406755 0.666377230233 -0.120445975338 0.696553460899
26.5 0.054079219366 -0.094297004278 0.899383537003 -0.255065863161 0.673596574190 -0.128683630470 0.681652098903
26.6 0.051421208257 -0.089182480872 0.865692549981 -0.245550303558 0.685521391357 -0.140531800576 0.670832530101
26.7 0.046863436836 -0.086004378127 0.865243489222 -0.238568398110 0.685259354200 -0.149977061921 0.671573985353
26.8 0.041067179874 -0.080075603839 0.918993590751 -0.255230282215 0.669400024358 -0.128413604232 0.685763119946
26.9 0.038342503196 -0.076207489256 0.906066593633 -0.237972495280 0.686889206193 -0.151789918513 0.669710482629
27.0 0.034480880081 -0.072707069357 0.896502808560 -0.249072179863 0.676424598859 -0.152834971783 0.676057898908
27.1 0.032165249725 -0.069325168338 0.896309346975 -0.251114160800 0.675161517449 -0.158681549368 0.675217571966
27.2 0.030956837360 -0.066558654493 0.896834507441 -0.247790336137 0.671690373197 -0.163812940318 0.678673200043
27.3 0.034867868839 -0.071264904828 0.936314078342 -0.234875833737 0.681314688196 -0.147822010796 0.677342078642
27.4 0.026196848398 -0.095718184074 1.115568621672 -0.268239267012 0.606764777896 -0.047255847392 0.746760393182
27.5 0.042210755942 -0.066398346149 0.943607694978 -0.241107503660 0.680203088323 -0.173142497608 0.670233247337
27.6 0.040660700951 -0.068165151025 0.914922568835 -0.234819885150 0.675916447810 -0.181303722635 0.674629926164
27.7 0.039321965836 -0.074555813853 0.914580346727 -0.226703336407 0.679577560731 -0.182591832509 0.673379654366
27.8 0.039402064587 -0.080896209368 0.943503761936 -0.226917007122 0.675710654031 -0.187198295994 0.675929420786
27.9 0.043180757683 -0.076096408621 0.913560078740 -0.220666783786 0.698787649158 -0.188383028078 0.653845414949
28.0 0.043492343049 -0.077413959459 0.913021429525 -0.216319969001 0.689584845485 -0.191555865633 0.664066835665
28.1 0.046551233763 -0.074844131842 0.918773195661 -0.213926426397 0.693253588154 -0.206464149599 0.656511615686
28.2 0.044459785619 -0.077995036124 0.931359841730 -0.200234227856 0.698488176638 -0.197863547007 0.657928976303
28.3 0.040438904212 -0.073595593997 0.918500615689 -0.198769713557 0.698666556020 -0.206624130524 0.655486165496
28.4 0.041400217728 -0.071948495068 0.913616816959 -0.207145813250 0.693774807959 -0.219608709795 0.653864773846
28.5 0.040776096792 -0.067373584127 0.919273246576 -0.206300691293 0.686462653100 -0.231459924797 0.657750221500
28.6 0.042038139876 -0.065174854780 0.920651758385 -0.204801303619 0.693987936078 -0.233988377358 0.649374013860
28.7 0.041718396486 -0.065206306107 0.923604966508 -0.201666855607 0.695235452071 -0.239330674639 0.647069527724
28.8 0.048122096422 -0.084925484797 1.054201654673 -0.169450729029 0.712108989984 -0.230082641405 0.641287154822
28.9 0.037438062584 -0.064231020628 0.920041500799 -0.195756374894 0.694205014117 -0.242460050488 0.648823522988
29.0 0.032107418479 -0.062135335390 0.915719036309 -0.195981225532 0.693209761304 -0.247168526922 0.648042672492
29.1 0.026685113432 -0.062559203229 0.926454739341 -0.187377958571 0.685231711494 -0.259367137821 0.654274934583
29.2 0.021192047939 -0.063488863426 0.944169053937 -0.196784165724 0.689736288241 -0.261274950010 0.645968455346
29.3 0.012086951847 -0.065058539739 0.949757226958 -0.186832249290 0.685491153051 -0.261330768969 0.653377240883
29.5 -0.008261090763 -0.059269105260 0.910271208094 -0.187507477106 0.686868866961 -0.270760065694 0.647874287540
29.8 -0.039036832787 -0.069415358104 1.042611504051 -0.136212818133 0.678218236952 -0.273249449953 0.668431619047
29.9 -0.042016103225 -0.051609032056 0.908162315264 -0.167183418630 0.671386959092 -0.290497877417 0.660984295511
30.0 -0.048232361421 -0.048246168882 0.903977266455 -0.158751549596 0.667036138491 -0.292158757870 0.666711328573
30.1 -0.051245514785 -0.050266180422 0.937488412254 -0.150792316559 0.672351504724 -0.286863061973 0.665518380691
30.2 -0.056151820208 -0.048588156427 0.940451567817 -0.150725670138 0.658501183871 -0.296950635261 0.674891312301
30.3 -0.055899914012 -0.047257751517 0.907227978603 -0.147573939554 0.666179867893 -0.295351356078 0.668725573341
30.4 -0.056955867357 -0.047793784056 0.908159792077 -0.123174560337 0.675011944019 -0.293648872107 0.665550330950
30.5 -0.059146035786 -0.047501267355 0.896163129574 -0.145708172560 0.666191521142 -0.299693994174 0.667189250111
30.6 -0.063036754683 -0.051581774214 0.899477958668 -0.140262599933 0.668259118048 -0.301185781086 0.665614963382
30.7 -0.073435596947 -0.055452814157 0.988229956614 -0.114234995106 0.678117779369 -0.288878972911 0.666074757221
30.8 -0.069825722467 -0.056763248412 0.896936484077 -0.128670645881 0.661320798900 -0.307444175105 0.671994601931
30.9 -0.052128626530 -0.028486011771 0.807733947472 -0.273111624923 0.719362466254 -0.422037179470 0.479387423305
31.1 -0.086240529849 -0.063469470729 0.894066670043 -0.115576106765 0.655618951876 -0.321272346582 0.673490930012
31.2 -0.094597615642 -0.070300865123 0.929186108197 -0.100366486031 0.661823362452 -0.312128119129 0.674160546638
31.4 -0.140198549843 -0.119082025212 1.189988211470 -0.127178967305 0.594908570408 -0.211570748333 0.764949097379
31.5 -0.079489896765 -0.066464595632 0.905842955462 -0.141123209596 0.714875293560 -0.391771003930 0.561741074562
31.6 -0.058646119854 -0.046996851403 0.804300045656 -0.261985140795 0.701214911183 -0.409758880710 0.521305183188
31.7 -0.079377637640 -0.083699765889 0.851462296524 -0.096385609430 0.675883523419 -0.308881777755 0.662180733965
31.9 -0.051984556404 -0.037379648119 1.010533246553 -0.285476157288 0.706285479661 -0.429733066962 0.484761462990
32.2 -0.097024428167 -0.092319556813 0.992738698198 0.089698445029 0.661992518695 -0.113499811940 0.735416811639
32.4 -0.053187780671 -0.020773231637 0.736373647480 -0.242784125462 0.727790291411 -0.430185953731 0.475728079226
32.6 -0.080506710315 -0.049149673280 0.828599741389 -0.068865896703 0.810082308443 -0.146645959421 0.563488335642
33.7 -0.127891486081 -0.091030309909 1.148680637712 -0.260944999174 0.681126188622 -0.460966264568 0.505455166666
34.0 -0.116159128236 -0.106482375833 1.135369672499 -0.254334139427 0.691779520763 -0.437611304239 0.515025811564
34.1 -0.107523080851 -0.107126459390 1.154190730271 -0.286398530105 0.678965570693 -0.439942227509 0.513256731297
34.6 -0.060684071999 -0.112120246569 1.090282022508 -0.247299609016 0.691285614885 -0.458396637419 0.500838921050
35.3 0.026469029744 -0.093605319785 0.963062253379 -0.394653423335 0.436597157761 0.707224198783 -0.391746767621
36.0 -0.006873036754 -0.111304042737 1.003757268079 -0.549445441468 0.491691670588 0.645793394134 -0.198242023844
36.3 0.000619991994 -0.108599777543 1.039613026756 -0.530311303352 0.495183116446 0.657556672472 -0.202935519834
36.9 -0.005496647027 -0.145776508256 1.446601666250 -0.234089241171 0.687637546317 -0.535717201376 0.430539094872
37.9 0.063899953620 -0.159019324998 1.158638078900 -0.074621067673 0.723984864139 -0.450963098334 0.516633232282
40.3 0.183532694784 -0.066387947603 1.101957385070 -0.481382446451 0.762541287401 -0.388487624715 0.189417767646
42.3 0.001032395135 -0.216758773934 1.659020662452 0.250667645028 0.962017060343 0.088798442612 0.061674499881
42.4 -0.000166635641 -0.217374456425 1.671157701455 0.223086933524 0.962345945455 0.150513383898 -0.038317393241
42.7 -0.012318273469 -0.229335607532 1.709601357384 0.252003770701 0.952705393390 0.168903600222 -0.017835548497
42.8 -0.015406135252 -0.233806955381 1.707066831542 0.247961174368 0.956051661846 0.155256717829 -0.019386269797
42.9 -0.016272178572 -0.238858754526 1.719478019250 0.261495890011 0.950251383613 0.167832193998 -0.021784446461
43.0 -0.019489547990 -0.235326880563 1.711004850202 0.241276397610 0.942438070663 0.213738600758 -0.088949387105
43.1 -0.021368894324 -0.240096948593 1.743872679970 0.253256428881 0.958869406235 0.126686194603 0.019525652712
43.2 -0.027122731724 -0.243670613267 1.789068017302 0.246305425849 0.952933862712 0.175340180082 0.022505815747
43.3 -0.031060553325 -0.250361947939 1.815555249244 0.238580804016 0.949534504681 0.200705297462 0.034362886179
43.4 -0.033398757321 -0.242518077792 1.772158209440 0.241229543437 0.956010030826 0.165075338250 0.024561372845
43.5 -0.042512037526 -0.246041629941 1.807070230799 0.249877301386 0.941477535641 0.224605547483 -0.027087491106
43.6 -0.051363238240 -0.224131093041 1.724216334264 0.252385966902 0.949710084664 0.185140105690 -0.008672950150
43.7 -0.062105417446 -0.231875293165 1.754522234589 0.266359406556 0.950662283593 0.154640545002 0.037150921048
43.8 -0.070398749767 -0.237565839543 1.751898251215 0.269057360095 0.955732008922 0.059554299755 0.103139466164
44.3 -0.101129099988 -0.308476213749 1.747445023998 0.323049778562 0.844121730117 0.427127580235 -0.025678308316
46.6 0.059986265290 -0.136899991397 1.171125036271 0.080699810946 0.697023480197 -0.285747181711 0.652682431748
47.2 0.044399586394 -0.070556103633 0.901405481497 0.118188316773 0.703077784502 -0.207459301889 0.669831164382
47.4 0.030739275189 -0.065118365569 0.894273078587 0.130046971590 0.653026014420 -0.235100054043 0.708076813813
47.6 0.028534586869 -0.068554750459 0.891443266453 0.135623279767 0.646445486799 -0.245880668174 0.709406269779
48.3 0.119341042380 -0.080743097192 0.825694496253 -0.529279385056 -0.348360717776 -0.315197520117 0.706511617864
49.1 0.084996584761 -0.051168493890 0.647008370418 0.191240954842 0.628016583563 -0.318934588405 0.683595491706
50.5 0.042997574761 0.003401010009 0.908116290165 0.098566153573 0.720386532462 -0.201104650036 0.656418218022
50.6 0.026473183879 -0.016359522037 0.947696311050 0.171193127793 0.716149465132 -0.110220910174 0.667588351867
50.7 0.023026838125 -0.000879327590 0.911216062706 0.087983392399 0.690684524070 -0.208394023857 0.686866611281
50.9 0.038624857507 0.021576856427 0.739171235846 -0.039321759161 0.502566694116 -0.446438777736 0.739305711432
51.1 0.024853117732 -0.022126381052 0.962405321898 0.151320465587 0.702727549506 -0.094850179680 0.688679570827
51.3 0.029657676971 -0.005784175540 0.955362721299 0.144446430054 0.682051185103 -0.070159420463 0.713455720745
51.5 0.041626376695 0.019147244456 0.941065790773 0.018949110053 0.692014058119 -0.180962723283 0.698577101955
52.7 -0.003587416574 -0.015916183799 0.923114068003 0.063414211792 0.711736967842 -0.014155266385 0.699434596502
52.8 -0.002864189461 -0.025595485173 0.967527952136 0.073974046223 0.709046552629 0.016026740660 0.701087705123
52.9 -0.003668345600 -0.024696615392 0.951967040210 0.071973064508 0.710829237211 0.022390443891 0.699314193716
53.0 -0.001319182209 -0.022765930539 0.950355071234 0.069158776762 0.715961165310 0.022312700788 0.694347763552
53.1 -0.005337011874 -0.022297026155 0.983524911231 0.048854675078 0.721242567201 0.039266882668 0.689840917825
53.2 -0.002243378270 -0.021473413787 0.944777326119 0.059409461143 0.704305657630 0.032264524259 0.706670401978
53.6 -0.013494553288 -0.040084614690 0.938470010857 0.044434866718 0.652872682894 0.061816106948 0.753632252145
53.7 0.014810100249 -0.076094000804 1.168559065033 0.079604073299 0.719624352886 0.012475772123 0.689672630570
53.8 0.003840027006 -0.132741824010 1.586668174638 0.015809091814 0.984738287326 0.005343825956 0.173239780691
54.0 -0.002513380041 -0.040432718314 0.929772679280 0.039726700211 0.700780788309 0.073243725857 0.708493777425
54.1 0.003366720656 -0.057099176760 1.046019901286 0.044644976240 0.716995472580 0.054515954341 0.693507266810
54.2 0.001770273689 -0.043046852350 0.941426925400 0.029825789789 0.710110489121 0.078653989233 0.699047255543
54.3 0.004980345998 -0.043244535515 0.939855716510 0.033930103467 0.709547929637 0.073426575187 0.699999301202
54.5 -0.050025427727 -0.018509191064 0.806268011355 0.054902836137 0.514243515458 0.060829025803 0.853720747677
54.7 -0.034928657493 -0.043219484223 0.944723736606 0.027901025996 0.679515943716 0.078753873039 0.728887811989
54.8 -0.038281181826 -0.035566563378 0.937605506959 0.013073339174 0.679749054010 0.079308956105 0.729027023407
54.9 -0.039609900008 -0.049357484705 1.001031233919 0.009503920757 0.692225895682 0.079441429909 0.717232210691
56.6 -0.001747203474 -0.043093671745 0.903856922402 -0.280109779293 0.607939392076 -0.269402608929 0.692365829175
56.7 0.003315375491 -0.067987418026 0.800848715398 -0.131347297225 0.693611723168 -0.074568871209 0.704336672652
57.2 0.060751846159 0.019864404655 1.195292266525 0.653887587072 -0.589625747416 0.260601649021 -0.396054645200
60.6 0.081680963412 -0.012905510962 0.880181597019 0.627180322888 -0.548266514640 0.384638205138 -0.397620576247
65.2 0.083176170584 -0.066462604860 1.498146779124 0.702727532605 -0.618717644692 -0.202283181922 -0.287130641654
67.3 0.046184796945 -0.050760009234 1.377285622691 0.723937511473 -0.630010920904 -0.211085418400 -0.185590045969
67.6 0.025801287523 -0.052994299140 1.380058504791 0.724294382285 -0.634417194241 -0.191404976955 -0.190464186237
68.7 0.019154879270 -0.094221409713 1.360218958867 0.773352985856 -0.612235120983 -0.159391319647 -0.041081907502
69.0 0.022533135097 -0.071776461847 1.430679801755 0.737791118584 -0.622615569259 -0.225276935424 -0.131394142263
69.7 0.077644917012 -0.042943321197 1.540304165645 0.731557381940 -0.638074145329 -0.084571508118 -0.224795111170
69.8 0.080442379427 -0.042974679824 1.556843576424 0.792294661307 -0.595976638884 0.066968140442 0.112233166826
70.6 0.099860461655 -0.091681709920 1.567523172378 0.749172637958 -0.654340203446 -0.102166777613 0.011883023279
71.5 0.070956953717 -0.086606474542 1.392380632010 0.780480173988 -0.593225717671 -0.196494529129 -0.017995719672
79.0 0.187253448805 -0.139863072688 1.277665458062 -0.421103094346 0.882753942949 0.185502679130 -0.094902139997
79.5 0.188879527012 -0.122485913647 1.357881613469 -0.390635185264 0.909783108832 0.130413887317 -0.051875475063
79.6 0.193489290598 -0.116488475429 1.361494276659 -0.359846532280 0.912592019697 0.192155747655 0.027612450731
79.8 0.197033906608 -0.110150365830 1.394076053927 -0.390129650801 0.905249420646 0.158555660978 -0.056413157667
80.0 0.203881579438 -0.104641701385 1.388859821904 -0.397670898994 0.904469048651 0.139567169485 -0.065685624971
80.2 0.199408717371 -0.109530281344 1.377156006488 -0.412788939433 0.895455631586 0.154767372384 -0.061737863488
80.5 0.194717956715 -0.128207819853 1.329002396703 -0.381852786386 0.736787755899 0.439026674207 0.344365839801
80.6 0.214682734865 -0.149339781527 1.485656208279 -0.419610064108 0.889341000784 0.172981611599 -0.055473781849
81.1 0.213015055139 -0.204422662593 1.468187505911 -0.497016511973 0.849225098029 0.167073508208 -0.062271683440
83.3 0.109140794673 -0.190571120089 1.282638459278 -0.422516120745 0.897390661778 0.122499685142 -0.034116784801
