15.8 0.020372654148 -0.092089616192 0.794808898617 0.051326288878 0.936395145777 0.196911477332 -0.285929384868
16.1 0.021989722274 -0.093685195495 0.806962768077 0.057410884197 0.937779387813 0.183105991610 -0.289389021917
16.5 0.025765986593 -0.093492587639 0.797736941812 0.056082961871 0.932529761066 0.202212787880 -0.293858698240
20.3 0.047965304337 -0.098369381298 0.789593541789 0.043153292090 0.925518809231 0.194002645963 -0.322359582610
25.7 0.002570280136 -0.115102194201 0.806519131070 0.053675597588 0.929377101260 0.197168901325 -0.307411057424
27.3 0.002893001500 -0.101019084381 0.780073543821 0.046925313700 0.918476464469 0.181630008160 -0.348151603883
27.4 0.005898292163 -0.099322223000 0.772477555606 0.042925732037 0.915815252919 0.191083856442 -0.350609132594
28.0 0.016157768918 -0.088822818799 0.747865671855 0.042476744568 0.908054201361 0.182084471032 -0.374804667753
28.1 0.016053470161 -0.090114301463 0.760304463692 0.037903659601 0.914777245584 0.187585958110 -0.355749085550
28.3 0.014744596777 -0.089036359679 0.756104113171 0.039563387285 0.915093878976 0.181792097404 -0.357756291865
28.4 0.015209904488 -0.086775556327 0.743338250824 0.031895283427 0.911220724047 0.172188328099 -0.372841337070
28.5 0.014545025504 -0.086543995801 0.756035819715 0.041933284650 0.912054923864 0.173396826923 -0.369230220740
28.6 0.013847682590 -0.087257730497 0.761804450535 0.042203251412 0.915445756138 0.174950929869 -0.359958504939
28.8 0.014303629370 -0.087159612713 0.763886631696 0.044146587487 0.915661589601 0.169574631994 -0.361744905046
29.0 0.015636597418 -0.090273309341 0.776055886585 0.039178144790 0.915857251376 0.186974314563 -0.353144692394
29.3 0.018355589563 -0.087840764402 0.768895218091 0.042073601907 0.912780946698 0.168635062959 -0.369625446782
30.7 0.018364483878 -0.057670788046 0.743309185971 0.036912155590 0.907218549371 0.142277978048 -0.394143341196
37.9 0.012188129964 -0.095986272370 0.737010085466 0.025682343442 0.897272834807 0.116530105336 -0.425044246759
39.0 0.005281398275 -0.086501150992 0.729261372027 0.036676512340 0.898687902518 0.095419226214 -0.426509154156
39.2 0.002011696416 -0.088100723229 0.746404920309 0.036390434139 0.905936713472 0.107564505327 -0.407902297960
39.9 0.001985908978 -0.082524240225 0.747273280653 0.037490962231 0.906358223455 0.105934494975 -0.407292378153
41.4 0.017261914804 -0.049921042937 0.755181626983 0.057735328615 0.906008207195 0.088014499599 -0.409962447286
41.6 0.013186106920 -0.048023079128 0.767348531951 0.049205642358 0.910356245541 0.080306266756 -0.402965525181
42.5 0.006548187734 -0.053414999147 0.780784164751 0.059648478267 0.910743765947 0.072651789391 -0.402131283696
42.9 0.006186039666 -0.054568878742 0.766155336983 0.056579794416 0.912433429330 0.081465939758 -0.397023002564
43.0 0.005949778344 -0.055710742775 0.762810238602 0.052709962340 0.908547973888 0.097527636157 -0.402803425011
43.1 0.006013974888 -0.054400024089 0.758932325635 0.057025506702 0.906900364942 0.064051278788 -0.412525457808
43.2 0.004663401583 -0.055389384994 0.764056882197 0.054197459325 0.910866703559 0.075585718839 -0.402083676439
43.3 0.003892325979 -0.055839003908 0.771910598806 0.060563667434 0.910389081088 0.079839987076 -0.401434103791
43.4 0.002981119649 -0.057447769354 0.756940878278 0.060010234553 0.911894507291 0.072693138225 -0.399453235030
43.6 0.002210158220 -0.055518471297 0.738819428994 0.051048595283 0.908538570082 0.077760935270 -0.407314306819
43.7 0.001113544572 -0.058292841069 0.770040307185 0.059969591497 0.914270306505 0.059554844404 -0.396190200846
63.3 0.022719914737 -0.135639547857 0.809241751039 0.111366618879 0.912851551685 0.109655133390 -0.377193945480
68.0 0.028398017860 -0.121591831963 0.821454270052 0.072745155385 0.910213247814 0.048696017214 -0.404782267126
88.6 0.025488144770 -0.140572381345 0.821688724102 0.028331824741 0.865398275313 0.091690584185 -0.491808875037
91.1 0.017348910753 -0.114481788018 0.804869494259 0.019469941188 -0.860535816283 -0.065964550525 0.504725379150
91.3 0.019299224675 -0.114414057460 0.817128536162 -0.036462637765 0.861523200938 0.109185087213 -0.494496579385
91.6 0.019435258157 -0.120856290304 0.842121846921 -0.029869374622 0.862790075802 0.120852174516 -0.489995772913
92.0 0.017632021329 -0.108111610608 0.790482101964 0.018069474014 -0.859709259716 -0.065434728973 0.506252683066
95.3 0.046281397590 -0.096936573525 0.751074353964 0.045250453195 -0.845144271294 -0.075284345146 0.527272059340
95.6 0.049527587135 -0.106439442480 0.760321427135 0.045737978257 -0.841723306540 -0.074105581454 0.532839821496
98.7 0.026699183204 -0.113129895267 0.760266055977 0.044332986431 -0.856905291225 -0.112381587550 0.501117039190
98.8 0.029121746077 -0.111699176236 0.736546045672 0.024607723445 -0.854029396647 -0.102222311002 0.509488811207
99.4 0.044898844465 -0.108343022532 0.743056842429 0.040617763692 -0.849069146596 -0.125978582964 0.511430521390
99.6 0.046899213278 -0.102350786476 0.721569235744 0.036877300095 -0.851025461228 -0.127606363898 0.508047581407
99.7 0.048262762308 -0.104991760478 0.744007471542 0.050591250193 -0.849558792375 -0.110717185437 0.513256357538
99.9 0.045703505270 -0.102935844634 0.729975217642 0.042742213765 -0.846943343339 -0.121124008327 0.515935122803
100.0 0.046356706498 -0.103145325674 0.739693973532 0.041646082051 -0.845816489448 -0.116493898359 0.518930864059
100.1 0.045968110226 -0.103474542549 0.739209653356 0.040252033052 -0.846434739732 -0.112324331345 0.518952068881
100.2 0.047914525035 -0.103623753017 0.741522484525 0.040825689938 -0.848705692843 -0.106804501268 0.516357152062
100.3 0.048140708195 -0.103904706986 0.737280297680 0.045821224859 -0.850792153383 -0.120626236181 0.509413818265
100.5 0.045034370203 -0.106131896183 0.748264464448 0.041093821384 -0.853214381602 -0.101831463798 0.509869463545
100.6 0.043004379756 -0.102712287143 0.718185386043 0.039092974524 -0.848801799175 -0.125331236726 0.512151663240
100.8 0.041667756157 -0.103687132710 0.719450866336 0.038293980664 -0.848943721134 -0.132890581236 0.510066880722
100.9 0.041797309105 -0.101714598888 0.705632390964 0.036849538814 -0.848263019663 -0.138983281760 0.509681869751
101.0 0.040690977038 -0.105485614663 0.750099921772 0.042477007076 -0.854470150194 -0.102741711530 0.507464882538
101.1 0.040733641443 -0.102707816888 0.727099992286 0.039545973385 -0.849511338981 -0.122207786755 0.511695082826
101.2 0.040712438791 -0.101562096937 0.711929698707 0.056760107494 -0.843946326901 -0.131957385478 0.516836662716
101.4 0.041838799960 -0.103365294475 0.727289563535 0.043337712247 -0.851024051732 -0.131574997109 0.506525346064
101.5 0.041442730229 -0.100592078575 0.722676399250 0.058934922017 -0.848848499247 -0.120922777164 0.511234371164
101.7 0.036513713212 -0.096792088700 0.732015747462 0.057813209582 -0.853418244837 -0.090463450841 0.510050287951
101.8 0.036046423072 -0.092848859714 0.707217170352 0.059904957151 -0.849848391667 -0.113256988146 0.511216159688
101.9 0.033843721066 -0.092915051304 0.712388311650 0.064197269161 -0.850333230698 -0.114416804853 0.509628199936
102.0 0.033383115984 -0.092605260111 0.706714649271 0.063956143022 -0.849701797454 -0.125107928663 0.508197277991
102.1 0.034799110075 -0.089290097757 0.700592418975 0.062382806778 -0.848241938146 -0.111719517817 0.513919010277
102.2 0.035327077346 -0.088897568317 0.709211975853 0.062242662832 -0.848253893601 -0.107334313238 0.514850005454
102.3 0.034375019118 -0.089162283599 0.695453810283 0.063887803357 -0.844852569685 -0.121391426795 0.517113725960
102.5 0.035606330692 -0.092728489110 0.713668266096 0.068633891110 -0.848152450415 -0.105335727817 0.514617522329
102.6 0.035996310782 -0.095365206758 0.705201095621 0.057594025699 -0.848307110277 -0.120577157487 0.512366201024
102.7 0.038959997429 -0.097148628776 0.695556743152 0.078041664012 -0.839900172770 -0.126880789564 0.521898901799
102.8 0.040110423113 -0.102186588876 0.723981935431 0.075919020270 -0.847422571949 -0.112734669711 0.513227221762
102.9 0.042987730962 -0.101176689852 0.705802447944 0.094419852381 -0.841804292901 -0.126486274926 0.516189544822
103.0 0.040678679386 -0.103953041713 0.698016964208 0.080295516779 -0.842372688978 -0.133772677535 0.515815619767
103.1 0.041973543322 -0.108138864869 0.725137310808 0.079671756747 -0.833802156764 -0.149395873585 0.525459082619
103.2 0.045365861082 -0.108175206778 0.726431146114 0.082948633021 -0.839542451023 -0.143904499242 0.517280864048
103.3 0.047514311730 -0.104673200186 0.713845207267 0.115836646293 -0.848049959082 -0.087437109318 0.509654677395
103.4 0.047094100185 -0.111139842698 0.712939948198 0.095194772141 -0.837720081879 -0.141364296889 0.518824782890
103.5 0.046660203030 -0.111620295155 0.708857578021 0.096647325701 -0.830553102696 -0.145942652440 0.528716918811
103.6 0.046869398171 -0.113283636029 0.733484948730 0.096837603275 -0.837797765945 -0.141634718098 0.518321317909
103.7 0.045601671887 -0.108559132934 0.699542176680 0.101480265085 -0.834974446896 -0.144191706796 0.521275532248
103.8 0.046765918555 -0.109096419084 0.724593978022 0.104207105129 -0.840491472983 -0.128185115413 0.516026684648
103.9 0.044138359562 -0.112244065279 0.762196742467 0.088371408810 -0.838264056655 -0.129180809817 0.522318086803
104.0 0.043130715050 -0.107892987606 0.745844257939 0.119025579414 -0.847090758282 -0.103641418950 0.507472772627
104.1 0.041469669027 -0.101527555643 0.698663974028 0.119775519612 -0.842328803580 -0.122924872416 0.510906534801
104.2 0.037313088283 -0.101539383744 0.691532109664 0.099559878443 -0.838440913110 -0.142366905391 0.516562029264
104.3 0.037225181612 -0.102055731497 0.690443383303 0.094540751067 -0.832779267374 -0.148036686199 0.525000835960
104.4 0.036917310007 -0.100660573363 0.682759124304 0.098746364716 -0.831496243245 -0.144649700709 0.527199788513
104.5 0.036869834903 -0.101225589260 0.682230883134 0.094322091072 -0.831956233719 -0.155630728959 0.524148113147
104.6 0.036747970435 -0.101760004811 0.687013572505 0.098898215848 -0.831573281231 -0.151376774579 0.525157207856
104.7 0.035385227011 -0.102134232815 0.707783715533 0.100092699522 -0.839377975977 -0.127946220641 0.518705918195
104.8 0.032789453421 -0.097551756918 0.678750745590 0.107551100625 -0.835753861473 -0.134967801299 0.521279134821
104.9 0.033398073454 -0.097310272680 0.680738038384 0.108739696797 -0.832688859780 -0.138360760662 0.525034514149
105.0 0.032931964748 -0.097213118786 0.676149245443 0.119142288503 -0.832275483375 -0.138407633127 0.523417578950
105.1 0.031853917202 -0.099922701092 0.684817399172 0.102634922068 -0.834048444706 -0.146962314600 0.521757935007
105.2 0.031458565710 -0.100938891302 0.694263594403 0.102154180902 -0.838983388770 -0.133134772554 0.517635517552
105.3 0.033096122506 -0.098770141790 0.677140114705 0.111348417397 -0.832254332432 -0.139110551514 0.524978581038
105.4 0.031818073960 -0.099904520027 0.678358424201 0.104970301441 -0.833960187714 -0.143966366008 0.522269400387
105.5 0.029473294788 -0.100268259759 0.681787643541 0.109199218625 -0.836922250117 -0.141377908981 0.517348011268
105.6 0.031268248983 -0.099517911682 0.675594958753 0.118797281990 -0.825756362665 -0.137433909094 0.533971493566
105.7 0.032018224759 -0.102007125891 0.704577515079 0.130435088322 -0.833353720981 -0.139208617154 0.518776661363
105.8 0.031001474780 -0.109332498220 0.736115576771 0.126034982806 -0.839795498002 -0.135155789250 0.510481750191
105.9 0.030784509529 -0.106665210077 0.691248831037 0.122329972379 -0.828587225530 -0.145001778020 0.526738143593
106.0 0.032331046661 -0.110501941937 0.728617100681 0.134554252623 -0.841535019988 -0.128178577375 0.507231914942
106.1 0.032958228834 -0.112199832531 0.718298265878 0.127242717403 -0.832798197455 -0.144970858267 0.518883323526
106.2 0.032995606135 -0.116385994029 0.740446662432 0.134775126269 -0.831314224530 -0.135257087581 0.521974947378
106.3 0.031489375976 -0.112516638669 0.700737276927 0.121912318366 -0.825872578322 -0.145044176059 0.531068788386
106.4 0.033168313454 -0.110166545704 0.689325378301 0.132536765254 -0.833024359818 -0.136335248736 0.519535486524
106.5 0.034767752529 -0.115862033826 0.731930976277 0.133177825794 -0.827657497821 -0.162443586199 0.520440980631
106.6 0.038148728649 -0.107292113662 0.666781126217 0.130348402245 -0.817632443681 -0.141621701436 0.542613835755
106.7 0.038744296468 -0.109563814161 0.691299359987 0.137874070397 -0.821494161230 -0.154589683073 0.531262753884
106.8 0.042220691263 -0.107664903327 0.701488666769 0.133145726233 -0.824736584381 -0.135571504497 0.532636976878
106.9 0.044970694218 -0.112717896787 0.734610930126 0.149948600950 -0.831447786318 -0.142146864687 0.515756012627
107.0 0.042609382190 -0.107717362076 0.678173133555 0.116680705661 -0.819235583332 -0.163757773740 0.537049405052
107.1 0.046445179006 -0.104569306535 0.679343110360 0.139369303953 -0.817992306256 -0.128074414785 0.543195847093
107.2 0.045687614778 -0.107271755946 0.683567583547 0.126160648523 -0.821740472716 -0.146859865122 0.535964799481
107.3 0.047219438297 -0.106031490988 0.675059783870 0.137229813141 -0.817246301172 -0.144760312480 0.540667100477
107.4 0.046977425348 -0.111219700542 0.712201113161 0.127297541034 -0.816913233717 -0.166225628304 0.537417105349
107.5 0.048743718812 -0.107005527019 0.727002329691 0.142132182187 -0.832437148472 -0.132450993475 0.518944670421
107.6 0.044359048237 -0.109630435649 0.727662159013 0.117988935286 -0.824444474850 -0.162035600873 0.529258333037
107.7 0.043891337279 -0.112735184722 0.757700842457 0.136326170173 -0.824576634816 -0.156805530918 0.526213430194
107.8 0.042229056964 -0.105441081027 0.683214506311 0.129113774896 -0.815264042318 -0.155532225988 0.542663709044
107.9 0.042029394545 -0.105141673005 0.693298210208 0.124316337117 -0.812509933997 -0.161870522569 0.546050354275
108.0 0.042870857208 -0.105936637184 0.704975781214 0.124320952553 -0.816024609080 -0.163832205745 0.540191768256
108.1 0.042834244067 -0.103499077985 0.691819485407 0.143532542559 -0.825644942460 -0.149322888480 0.524796639844
108.2 0.043134109335 -0.100038564658 0.663664935111 0.117178496385 -0.817644471825 -0.149340893678 0.543529221989
108.3 0.044224077676 -0.101164386908 0.666006059284 0.108195733980 -0.812679356048 -0.174076468036 0.545475325456
108.4 0.047252922976 -0.101430437456 0.678201559823 0.123772683884 -0.810883583184 -0.168099414856 0.546708993864
108.5 0.046162809457 -0.098178954967 0.665710575657 0.111199867297 -0.809886956928 -0.148959213805 0.556353178417
108.6 0.044695866402 -0.092849109156 0.628897177273 0.102747314143 -0.801656856377 -0.159993171547 0.566737557534
108.7 0.045556174433 -0.093619029945 0.644093288966 0.110505510822 -0.804187420275 -0.163800869435 0.560571494388
108.8 0.044880896485 -0.092229380437 0.651422617645 0.126322626189 -0.811033728976 -0.143782138712 0.552805192779
109.0 0.043496468408 -0.088544091487 0.635345040054 0.110225761299 -0.810471815029 -0.143302002886 0.557180630098
109.1 0.042280782277 -0.089826273541 0.656210861586 0.103962451266 -0.813765777944 -0.163821981171 0.547849820534
109.2 0.040913287749 -0.088066772170 0.644912524174 0.102840472789 -0.819702515363 -0.151015194983 0.542868339792
109.3 0.040711955704 -0.087810693098 0.637580919854 0.113190765561 -0.811068125721 -0.167974291330 0.548763139692
109.4 0.040491483850 -0.085340847987 0.637873097607 0.104077770121 -0.810180163718 -0.148824426360 0.557339403061
109.5 0.038840884542 -0.086142062406 0.644122382330 0.107198582873 -0.812803655180 -0.161120157363 0.549453343649
109.6 0.039594223731 -0.083425789597 0.644679231011 0.102066753133 -0.821741765323 -0.156690208337 0.538303843235
109.7 0.040935189248 -0.082116640967 0.638889121976 0.103120496573 -0.812148696441 -0.163434201843 0.550517865037
109.8 0.041100208852 -0.079834121331 0.638457344818 0.100587956663 -0.810179046360 -0.165641402132 0.553222289603
109.9 0.041330778150 -0.076496601856 0.623622910250 0.096885204507 -0.815579320459 -0.160772584424 0.547353455534
110.0 0.043369587980 -0.077692907315 0.641272982077 0.095904475693 -0.817105057205 -0.163731799700 0.544365276998
110.1 0.044697564670 -0.078917947934 0.646436955895 0.098122820408 -0.814095984376 -0.169421084469 0.546732234713
110.2 0.044978653876 -0.077342475219 0.626294914228 0.095405862501 -0.816750268501 -0.171072727584 0.542725383762
110.3 0.048081115436 -0.078842784005 0.643472884151 0.093054582906 -0.816940528054 -0.158880294231 0.546540090321
110.4 0.049671641108 -0.077859371819 0.633448524713 0.094924895546 -0.807265617165 -0.165571105247 0.558478018060
110.5 0.050336725355 -0.077805547112 0.628341537298 0.094870156078 -0.820546118825 -0.163726875828 0.539348894964
110.6 0.052691526922 -0.077763479811 0.626872951595 0.086297673100 -0.815717311419 -0.174337186313 0.544760979639
110.7 0.052835491397 -0.076795539444 0.629108136063 0.082603857944 -0.813361093893 -0.177287449604 0.547895513585
110.8 0.055171195065 -0.075713760291 0.639752840632 0.100669005773 -0.809930793945 -0.180796023138 0.548808398545
110.9 0.055234176262 -0.073691768428 0.633836925787 0.089709741337 -0.814170132993 -0.172612630947 0.547068584814
111.0 0.054624630591 -0.070072785049 0.616660366712 0.093989852815 -0.813879988878 -0.168767189008 0.547980754392
111.1 0.056622603207 -0.071290713064 0.633334967588 0.095437172206 -0.814304461345 -0.165298943684 0.548157139525
111.2 0.057152401552 -0.070471403922 0.627299440612 0.092839369761 -0.815495080849 -0.180895467136 0.541872175430
111.3 0.060334181906 -0.069374218007 0.632902646946 0.100643097826 -0.812383049862 -0.164039244074 0.550450609557
111.4 0.061391703205 -0.069246653951 0.633736351483 0.095743305272 -0.808112496514 -0.177253228050 0.553505831604
111.5 0.061203837011 -0.070061576739 0.645719800732 0.084399720395 -0.814934656431 -0.173798555825 0.546399354810
111.6 0.059681007356 -0.069324994082 0.633403428169 0.092946387668 -0.814632817231 -0.171883563976 0.546068111634
111.7 0.056842195739 -0.072738086410 0.651025290236 0.094452644913 -0.818105794862 -0.172970506621 0.540243287899
111.8 0.058143098075 -0.072056235703 0.637469591017 0.091887910212 -0.816504832018 -0.177438601126 0.541656730850
111.9 0.057918850190 -0.073073561700 0.640147208449 0.088474186184 -0.815133974170 -0.169923809464 0.546676157803
112.0 0.058222716762 -0.072276988683 0.626787510486 0.088205497997 -0.811241443218 -0.169631627571 0.552568748535
112.1 0.059372896592 -0.073002206093 0.643013380491 0.081038609306 -0.822194316388 -0.172369157582 0.536393627305
112.2 0.059472477618 -0.073794554189 0.652218034200 0.085677626917 -0.817531710988 -0.174945164933 0.541936744504
112.3 0.058482973594 -0.071514319029 0.633466494446 0.081362739970 -0.817870499530 -0.173388333734 0.542590486710
112.4 0.058428664368 -0.069883111107 0.633968233060 0.088902716575 -0.813689820047 -0.163782616575 0.550618232758
112.5 0.057691254019 -0.070357383913 0.644486608127 0.083568626117 -0.821891929160 -0.168818214518 0.537596830308
112.6 0.057417731741 -0.070067129738 0.653800738125 0.081235589256 -0.819894732203 -0.178107525273 0.538006613885
112.7 0.055060714151 -0.070066132812 0.645841093517 0.087070510195 -0.819877274411 -0.181918016074 0.535841223297
112.9 0.050597692912 -0.065345312314 0.639813069688 0.084272008970 -0.821974329604 -0.173811584041 0.535766705972
113.0 0.045018949797 -0.059237614357 0.616710584159 0.080702151915 -0.821302741632 -0.157879655968 0.542238862031
113.1 0.043961258288 -0.057522590771 0.621985528127 0.079900636805 -0.820836671414 -0.162757994152 0.541620607473
113.2 0.041092140044 -0.055802390745 0.626376998589 0.086907466642 -0.827107605396 -0.155450608220 0.533080866044
113.3 0.040642354536 -0.053712047927 0.622462479901 0.079205360416 -0.825320696247 -0.177041005583 0.530310042873
113.4 0.038263700851 -0.048876982706 0.627483150295 0.077779273480 -0.829314145689 -0.178609420763 0.523724266378
113.5 0.033792418436 -0.048566687173 0.627089883026 0.072564404305 -0.833516354589 -0.184271773079 0.515779805251
113.6 0.032778132501 -0.049832499001 0.648188283605 0.072312598062 -0.835728498357 -0.203016138175 0.505087331890
113.7 0.032616147137 -0.050167390974 0.643573566198 0.071476199092 -0.832787019310 -0.195568941087 0.512942221614
113.9 0.027528757744 -0.052009302526 0.633549503205 0.065455431625 -0.834179547714 -0.194623863387 0.511841401655
114.0 0.022622645329 -0.054248160310 0.628170512551 0.066451780108 -0.838683895217 -0.197917965764 0.503012886171
114.1 0.022074900517 -0.056643117401 0.645753546284 0.073961821799 -0.830967619609 -0.199243514781 0.514124971087
114.3 0.017744323522 -0.058246048051 0.630860332122 0.074176862962 -0.833536423770 -0.218467845610 0.501982692613
114.4 0.015215323638 -0.059352753965 0.634105444869 -0.071509876020 0.840221065127 0.206033155838 -0.496452654383
114.5 0.012032563821 -0.061658127859 0.632243496196 -0.078864283793 0.837332632363 0.214778695840 -0.496512436235
114.7 0.009923004933 -0.062853191275 0.637011794359 -0.078337428441 0.839318002528 0.225442378788 -0.488450889838
114.9 0.013199850727 -0.060685237116 0.640658076444 -0.070512395143 0.835473396255 0.229610549090 -0.494258234153
115.0 0.010999486537 -0.060205790114 0.642707326827 -0.069757761714 0.844178053239 0.230375807284 -0.478982522154
115.1 0.012393651100 -0.061239967325 0.654360115609 -0.068247710134 0.839922362194 0.232136735762 -0.485783090954
115.2 0.012321833963 -0.057689305958 0.636747134170 -0.070374525818 0.842810927335 0.233297889186 -0.479884633826
115.3 0.012868785045 -0.058449770784 0.647292209636 -0.071321854573 0.837799323879 0.224675668248 -0.492469623494
115.4 0.012839776037 -0.057379727136 0.640896569126 -0.064847299287 0.843104949027 0.224862959655 -0.484154440315
115.5 0.013908559329 -0.058054921901 0.648119961519 -0.070913321782 0.843076535200 0.225587277299 -0.483015151843
115.6 0.012530631683 -0.059842739076 0.660596738246 -0.074963527434 0.849765293959 0.229167008396 -0.468787688619
115.7 0.013703776460 -0.058320879315 0.647762043029 -0.066753880565 0.841651985986 0.230319601320 -0.483858176705
115.8 0.013205680008 -0.060718296987 0.670084870247 -0.073719083345 0.847588345028 0.230512921218 -0.472253414255
115.9 0.012235224185 -0.058468201517 0.649185928407 -0.068635775489 0.843963303915 0.235730570231 -0.476913168435
116.0 0.011122206014 -0.057922796662 0.645568139200 -0.077077842542 0.849974802516 0.229191804938 -0.468052302447
116.1 0.010182390096 -0.056341725742 0.648863466963 -0.065166204162 0.845616445598 0.230797705835 -0.476884275009
116.2 0.011081270270 -0.053431741380 0.633918471617 -0.063769995774 0.843546660471 0.223893207930 -0.483977531183
116.3 0.011550169589 -0.049762909084 0.626993582465 -0.074190373029 0.844130872318 0.200834065404 -0.491532844399
116.4 0.010271180285 -0.048126005622 0.643257668252 -0.070911554819 0.845146006004 0.210407833434 -0.486238957260
116.5 0.010996765211 -0.043049416705 0.615106012702 -0.074688668946 0.839919213586 0.203607787041 -0.497494910965
116.6 0.010635806875 -0.041143575792 0.625591498180 -0.061930241518 0.843671477446 0.239352033706 -0.476543478908
116.7 0.014810099316 -0.039896432554 0.650393306780 -0.064748046160 0.844171567314 0.243544095834 -0.473147259151
116.8 0.018002973077 -0.036338555587 0.638946523726 -0.057534583038 0.844604625295 0.224399806228 -0.482677455087
116.9 0.019058827858 -0.035228655336 0.664635725563 -0.049140606302 0.848497185058 0.238693726095 -0.469747839680
117.0 0.019805148997 -0.034032858999 0.656414750764 -0.059238354463 0.846010808148 0.229768007087 -0.477454911773
117.1 0.018676783275 -0.035130181713 0.682814962663 -0.052209748901 0.855296317107 0.225701906159 -0.463466289625
117.2 0.017264836300 -0.034869161300 0.680411937930 -0.053579671471 0.852384529611 0.228190182389 -0.467438844284
117.3 0.015655615868 -0.036387303089 0.663244181812 -0.056107601834 0.850909590410 0.241013369906 -0.463376047603
117.4 0.012042825744 -0.039306916945 0.691065373346 -0.052280163178 0.860990197904 0.238398380133 -0.446238586410
117.5 0.009287914750 -0.038746861753 0.671035203437 -0.058609156120 0.857267378623 0.233526674048 -0.455107570665
117.6 0.006503644468 -0.041777980114 0.676638755435 -0.054240222199 0.860763242947 0.241981218505 -0.444510661040
117.7 0.005011735399 -0.042762584565 0.664863538555 -0.052861705943 0.856411257485 0.245085358050 -0.451329774519
117.8 0.004271478266 -0.044543922131 0.660851801702 -0.054428517588 0.859971782295 0.228467950422 -0.453087702062
117.9 0.002264485407 -0.047386064924 0.676795572363 -0.055332536702 0.862607074033 0.251139698368 -0.435633100342
118.0 -0.001611072018 -0.049305746602 0.697613421934 -0.052681094162 0.867322539881 0.252255881539 -0.425844201981
118.1 -0.001419597965 -0.048409553910 0.662487341548 -0.052255627419 0.861903676372 0.249135607147 -0.438546293236
118.2 -0.004154873623 -0.051801823066 0.692836210617 -0.054139497417 0.867347200991 0.249890972704 -0.427003805034
118.3 -0.003238905108 -0.050506389928 0.673605129125 -0.051589143310 0.864879043782 0.252854783677 -0.430566206628
118.4 -0.006506908526 -0.052540933059 0.694283055369 -0.053805618834 0.865612945501 0.259460082040 -0.424852503572
118.5 -0.008846960605 -0.051927932031 0.704635307942 -0.046947116102 0.870262663230 0.255249798022 -0.418672193831
118.6 -0.007247103242 -0.048950547037 0.677672977455 -0.039959327600 0.868248458723 0.249191841436 -0.427143175323
118.8 -0.009600320820 -0.044159723163 0.662660822345 -0.039278023557 0.867397239686 0.231530636592 -0.438717254927
164.5 0.010772664487 -0.087291874377 0.686057921638 0.139989499504 0.939549189707 0.164781734143 0.265513163972
164.6 0.012168176733 -0.086138189818 0.698658831834 0.145542142090 0.939996721469 0.175948782345 0.253506754337
166.5 0.010440507988 -0.078820221387 0.695732049634 0.142030683125 0.942018084030 0.179227297542 0.245574408738
166.9 0.008321371347 -0.086488545077 0.712626992628 0.146362470910 0.942620967341 0.174719107023 0.243961006473
167.1 0.006822094971 -0.083452695442 0.699541387717 0.142678008040 0.938565923595 0.170130229336 0.264183076963
167.5 0.003980415250 -0.071052378322 0.687929107254 0.138949881598 0.936044390406 0.170143329954 0.274891027254
167.6 0.004014901220 -0.068132981158 0.688715391893 0.139759317091 0.936753642792 0.168401899533 0.273131371754
167.9 0.005465246559 -0.066719137002 0.700596542734 0.135987391058 0.943436174964 0.167773829286 0.251570179967
168.0 0.003109408254 -0.064964850059 0.694351380845 0.132366303555 0.940487399185 0.170339795265 0.262577546272
168.1 0.005948045467 -0.064935680480 0.699394540705 0.143906999216 0.942241940834 0.161164852964 0.255923407838
168.4 0.004227431769 -0.067153736556 0.698922746138 0.136527148684 0.942075187806 0.163306523944 0.259201962627
168.5 0.006228756577 -0.067904629873 0.698161187803 0.133036980298 0.945683095444 0.164166738332 0.247050454140
168.6 0.007277333077 -0.068738807295 0.696427085268 0.139237052743 0.944503790779 0.172337519510 0.242539505475
168.7 0.007100624958 -0.071453650114 0.695748279940 0.141333144283 0.942818290126 0.166985113985 0.251464879930
168.8 0.008728022509 -0.075014907441 0.697780235705 0.142817844726 0.942762871787 0.158587302872 0.256225092791
168.9 0.006086713338 -0.079463582751 0.702727553021 0.144038087475 0.939137435966 0.171273189355 0.260651875752
169.1 0.006099398213 -0.079564241733 0.697556668421 0.139275538872 0.940922787651 0.168011428423 0.258918504301
169.2 0.005463752965 -0.080942714850 0.697755559703 0.141802398419 0.941028426588 0.161916200541 0.261037783009
169.3 0.006380944232 -0.080396920932 0.690491669609 0.149625193036 0.937723641095 0.174014359064 0.260778981858
169.4 0.004836161593 -0.081386924126 0.690736560652 0.144824781700 0.938903107630 0.162890381959 0.266370907859
169.5 0.007797609967 -0.081149156366 0.681940555950 0.135933414227 0.941718271428 0.163432516442 0.260727092425
169.6 0.007429276888 -0.084142562381 0.689601953377 0.144030607690 0.940209941404 0.168098211670 0.258850229604
169.7 0.009885131065 -0.084353474666 0.679195177277 0.138233313939 0.942600292776 0.177776783835 0.246559636002
170.0 0.013451098874 -0.091299902070 0.693217542214 0.145788924279 0.939137798206 0.174341086619 0.257625641298
171.0 0.013694797112 -0.094017971425 0.677177567373 0.141445004757 0.939569205598 0.172860208565 0.259465540709
171.1 0.011797111986 -0.094902533203 0.673470068537 0.131708236033 0.940764937954 0.168858455146 0.262870869826
