0.0 0.227036778096 0.124066027204 1.259352546145 0.246104372230 0.495311809030 0.207362385208 0.806907486026
4.3 0.175014417921 0.112528574996 1.307026640442 0.236816351692 0.456536382386 0.192990749495 0.835611822402
4.4 0.186545305294 0.115479878357 1.324519318308 0.232744895726 0.452868946654 0.177065833051 0.842251281647
4.5 0.189535745481 0.113075779633 1.306516147932 0.236629062882 0.464275966993 0.172998486244 0.835778700871
4.7 0.186595112587 0.104263593795 1.308170120280 0.231845989486 0.458542155555 0.162623360031 0.842342075116
4.8 0.182133713717 0.098709939045 1.293892263144 0.236078247628 0.464342139196 0.170133587990 0.836485505554
4.9 0.178523390797 0.100391556261 1.322301846239 0.224960409315 0.458368320115 0.173673109878 0.842097944577
5.0 0.169067699443 0.101345365667 1.275273528241 0.221981762625 0.463520559905 0.166502720125 0.841516269479
5.1 0.170779463211 0.108010228223 1.287087176229 0.226267388203 0.456399275963 0.172088433977 0.843141945836
5.2 0.169802849441 0.113279530359 1.323471726259 0.231523580679 0.446002896018 0.178771151080 0.845883634949
5.3 0.166260142677 0.114105575352 1.328676591716 0.226118943353 0.454265255597 0.172867273262 0.844174275164
5.4 0.167621620306 0.114371488628 1.340867028144 0.221556432756 0.449675739943 0.167592301376 0.848891804961
5.5 0.166275759684 0.105398866563 1.325293304157 0.224344534380 0.446643886005 0.164889607674 0.850288295973
5.6 0.165744740449 0.099004828033 1.324813316724 0.227050784038 0.438938940148 0.165255723079 0.853505181167
5.7 0.163494687211 0.093011457668 1.319557640086 0.223967090191 0.451408050302 0.169282832379 0.847002265225
5.8 0.162517090591 0.087411209407 1.334299830375 0.228547742422 0.449353705768 0.167983410213 0.847129712877
6.2 0.163710322000 0.079602195932 1.341843052093 0.237343564672 0.433785576481 0.166633038272 0.853071823765
6.3 0.171214352334 0.076669083624 1.358547099313 0.219008140097 0.442601641121 0.161307055578 0.854470160783
6.4 0.173201390734 0.071000574151 1.344630130341 0.238876417682 0.433769051712 0.169077247095 0.852170963696
7.0 0.194161063624 0.069784356303 1.356977580314 0.232270915090 0.443213457694 0.157630387088 0.851331142382
7.4 0.203385634150 0.052959230838 1.329178895039 0.239199486285 0.435461179849 0.149842481113 0.854812492573
7.6 0.207654862674 0.048153159212 1.365588838635 0.243287417919 0.442433026281 0.148001383912 0.850388052537
8.0 0.190783703157 0.043809844279 1.336229368907 0.240939825355 0.434794916460 0.145512633107 0.855410693635
8.3 0.186907592947 0.059762619692 1.361873335132 0.249528994633 0.417957654942 0.144244989130 0.861533552814
8.4 0.182453127490 0.064390755542 1.383113510054 0.233986421853 0.414115476910 0.140294453700 0.868375605618
8.5 0.171311396250 0.066179624210 1.309801934992 0.241037065991 0.439030201185 0.129414935203 0.855806864785
8.8 0.176310041131 0.073973127643 1.344832453491 0.229452344633 0.430279058355 0.128166881161 0.863588330200
9.2 0.181181151113 0.067623192839 1.320701939174 0.233258667934 0.442750710618 0.130390154259 0.855897546295
9.3 0.183587837622 0.069005391555 1.320359936750 0.233896174219 0.432238983023 0.125357768468 0.861827982329
9.4 0.185225155385 0.069090818246 1.329525794480 0.235096554335 0.432395852539 0.131341913363 0.860530498379
9.7 0.190503176903 0.069483436490 1.334810234305 0.233183637887 0.441318982139 0.123772719688 0.857638187633
12.8 0.144244018016 0.079450504157 1.346581474756 0.229268682176 0.403221606668 0.107209117185 0.879405715516
13.8 0.118494224530 0.099734780385 1.364576565342 0.221316030218 0.393772388305 0.111370435057 0.885188763582
14.0 0.103854457254 0.104166288448 1.354321035897 0.216965683760 0.381953998684 0.113269982656 0.891182891436
14.7 0.089527877037 0.106577282445 1.350242257319 0.208774174454 0.382360606578 0.116365489077 0.892565282526
14.8 0.079146333350 0.115248394197 1.346642989507 0.189293586023 0.363483940992 0.110630625149 0.905432619089
14.9 0.069778715275 0.125023499988 1.356975086401 0.202216666488 0.370508655825 0.121357815372 0.898389690725
15.2 0.065541450505 0.128455359116 1.324924723211 0.202534890344 0.389181329904 0.115262063119 0.891197041879
16.7 0.056567235005 0.153934879416 1.342598554666 0.191971270949 0.367330693453 0.129601701615 0.900787761749
17.2 0.058402289217 0.173865062797 1.350573550956 0.191758396738 0.364295414028 0.122860072493 0.903007735950
18.6 0.083371860248 0.173879921060 1.342948831160 0.191427115582 0.365130867083 0.123299323199 0.902680666804
19.0 0.107922889533 0.159335124978 1.341304473914 0.194993373919 0.369380244261 0.131069178511 0.899086586332
19.2 0.115646183239 0.156154038504 1.339854818242 0.182652513269 0.394608428975 0.123055074785 0.892064849519
19.3 0.116723234777 0.154613216790 1.327433401314 0.188556948584 0.391654596184 0.126054425792 0.891719258605
19.5 0.131428418631 0.152224364245 1.335271964555 0.193695494147 0.385376917715 0.128108962907 0.893059225619
19.7 0.140640961300 0.143949925003 1.352665269736 0.191329170616 0.398535309591 0.120405756184 0.888856124105
19.8 0.139210297950 0.142485234375 1.343918917009 0.194136825329 0.396294556476 0.126167974787 0.888449863356
19.9 0.135027792828 0.140872577536 1.314218124041 0.185639702125 0.405477450830 0.126122261548 0.886125901329
20.1 0.132477392813 0.136041863492 1.319818399831 0.193096967933 0.397545113663 0.128329199118 0.887808008655
20.2 0.131559681414 0.136572684504 1.344529286782 0.198746603069 0.393734529897 0.128780271545 0.888193981851
20.3 0.131174301306 0.135972408157 1.343730245786 0.204831198602 0.391395231127 0.125020361722 0.888382722865
20.4 0.130264436396 0.134628959043 1.326723496219 0.196365798966 0.396719939175 0.128528736854 0.887431195451
20.7 0.131187905310 0.131389405907 1.308074411781 0.190652508942 0.405610145800 0.117806148438 0.886145440573
20.8 0.130810052247 0.133871652110 1.344544064562 0.199044614429 0.379295714446 0.126976008679 0.894646911183
20.9 0.127108231548 0.136147611351 1.338535529756 0.200726462695 0.385590235896 0.122864609055 0.892150965363
21.1 0.115181807838 0.137095101935 1.328052753704 0.197108370236 0.383550031694 0.126734524612 0.893295037399
21.2 0.110168336325 0.138254009454 1.308394285599 0.191269009824 0.392317797094 0.126763727170 0.890749049642
21.3 0.105369191236 0.134729487750 1.314317951925 0.202072843380 0.380236262250 0.130658675862 0.893037099599
21.4 0.102834432884 0.138645859738 1.331495627329 0.192246728227 0.373117659905 0.121380009983 0.899495025295
21.6 0.103175452818 0.145673249932 1.319408844958 0.203215156842 0.378875890849 0.123739289575 0.894340677582
21.7 0.107271112246 0.142910185110 1.331047347851 0.195505490205 0.367592031320 0.122767188875 0.900878415296
21.9 0.108841502261 0.135958213233 1.309911940167 0.206358856252 0.369428689628 0.117145156973 0.898451711515
22.0 0.115748257710 0.133587240834 1.339606504515 0.210697144549 0.364349563498 0.116450163879 0.899608508291
22.1 0.115843876767 0.127460140685 1.317306175271 0.195215792492 0.375539819107 0.115502795342 0.898621022954
22.2 0.114475938371 0.123198246771 1.294797564410 0.204668079323 0.383869644911 0.121613347030 0.892168855568
22.3 0.115992308378 0.122458189630 1.321844637972 0.210876736522 0.368712059233 0.121271379765 0.897148634185
22.4 0.116071904854 0.119377169125 1.326006592119 0.207894783789 0.374309034874 0.122929982285 0.895299237540
22.5 0.112968815352 0.116981719378 1.316671297282 0.210246006887 0.378311371300 0.122593585524 0.893111379236
22.6 0.110170457272 0.112785043357 1.295608201947 0.207410641378 0.377939028080 0.123663230546 0.893784270564
22.7 0.108922844425 0.109632054405 1.296852800391 0.212494342130 0.368247993444 0.123296036171 0.896681469281
22.8 0.109785610698 0.108120407817 1.315091996864 0.215055501815 0.365849658002 0.121431135461 0.897306880738
22.9 0.106045860410 0.104772955624 1.299652615827 0.213602349477 0.367519705769 0.122357000370 0.896845620288
23.0 0.102920661889 0.100257357621 1.284094729541 0.214438835951 0.374770262711 0.123659429524 0.893460453133
23.1 0.102520407374 0.098076760163 1.299944063580 0.221471512137 0.366972374046 0.126777877814 0.894544026695
23.2 0.102232587714 0.097395492263 1.309902988191 0.221660399870 0.366297075752 0.122887443532 0.895316589619
23.3 0.100620077120 0.095443680920 1.310561155787 0.224209775997 0.365803612482 0.122100986184 0.894991085216
23.4 0.099229881476 0.092051722500 1.306395184521 0.222461363484 0.364867446471 0.113902988973 0.896888397386
23.5 0.098761111048 0.089837397016 1.285888341377 0.222595248134 0.367771575672 0.119427109278 0.894948372369
23.6 0.100030584343 0.092010164022 1.302486121244 0.219451895727 0.369177576524 0.125330485251 0.894338331908
23.7 0.100355025307 0.094680566694 1.316262879373 0.221628824991 0.357783074239 0.117183188584 0.899522115367
23.8 0.100547689750 0.093007591927 1.304704647860 0.230977283937 0.362390413544 0.124527629929 0.894324075412
23.9 0.099413971306 0.092052665482 1.292410152103 0.228084722165 0.365421235716 0.123998549626 0.893906616875
24.0 0.097441905324 0.094570925382 1.303574621333 0.214546305263 0.352424695036 0.131368428942 0.901392840611
24.1 0.098246333265 0.095788345185 1.297789070596 0.221514101517 0.357124125517 0.121935296431 0.899180540986
24.2 0.095646985695 0.096096525919 1.282991422728 0.220611447826 0.353874242875 0.125869778830 0.900144659538
24.3 0.093745765377 0.097692247540 1.277878726945 0.218883157902 0.356737454464 0.117585589443 0.900556595070
24.4 0.096098454845 0.097157368969 1.282920359933 0.223520833007 0.350394044959 0.119443748819 0.901662709297
24.5 0.101632513188 0.096602299366 1.329495517579 0.231616639913 0.339750692772 0.117375214528 0.903961425002
24.6 0.098190630499 0.092621131554 1.304359443654 0.218533877388 0.353515911444 0.114406221449 0.902319600410
24.7 0.095567036851 0.088912888423 1.282988482478 0.225450610612 0.346605279597 0.117310180046 0.902925868490
24.8 0.094470729979 0.086201958244 1.281888063845 0.223904921110 0.344532144148 0.121096873874 0.903603748935
24.9 0.095191603742 0.086471281076 1.276668693229 0.220992707043 0.348600212730 0.116854962245 0.903318898793
25.0 0.100499322027 0.084528799441 1.317257352832 0.233110377311 0.340552013812 0.114648950119 0.903625750029
25.1 0.100981427140 0.078664828362 1.301269140872 0.231752304959 0.347567559631 0.113223349630 0.901481077858
25.2 0.101992484117 0.075954995453 1.287835160793 0.226984662339 0.352823737940 0.117384603659 0.900119007594
25.3 0.101652039506 0.075271930827 1.273532849460 0.228326103386 0.354225113439 0.118430379867 0.899091766532
25.4 0.102145102551 0.075365925520 1.288826493356 0.225100950308 0.350350786355 0.117050127549 0.901600330696
25.5 0.103278551029 0.075032209128 1.301811561136 0.227697272225 0.349403223556 0.118933094564 0.901069508200
25.6 0.101431778480 0.073383297103 1.290166276017 0.233392632519 0.344934683435 0.116882535852 0.901602138453
25.7 0.101270768333 0.076225007464 1.297723867465 0.229145990553 0.335801012932 0.115875792654 0.906257466399
25.8 0.098181019414 0.080439553660 1.287183417826 0.222531585706 0.343062013529 0.107335503260 0.906237958804
25.9 0.096728307931 0.082165203735 1.305357818459 0.221779122013 0.337541519607 0.113524577490 0.907740003463
26.0 0.093388762427 0.082668869883 1.300237956476 0.223530779643 0.343428986152 0.107932128950 0.905782080615
26.1 0.089261285172 0.083644033074 1.287104465515 0.217725918421 0.340536394128 0.110558251854 0.907968755888
26.2 0.086981021116 0.083652442227 1.294300956013 0.232681050278 0.332329374976 0.106230045545 0.907817103162
26.3 0.083148012998 0.084778358734 1.306076077523 0.227149196723 0.320403902835 0.110216359071 0.913015298705
26.4 0.077873441574 0.084943261134 1.273622734502 0.231244808136 0.326398646819 0.107969180661 0.910127693289
26.5 0.077959194498 0.086703748296 1.286643439778 0.231657900426 0.319784717513 0.109459539440 0.912190199926
26.6 0.076491033499 0.088022489926 1.279598074929 0.223127352730 0.319070654758 0.098916899998 0.915763915336
26.7 0.077126383710 0.095542834360 1.297187261875 0.218496447495 0.314680711468 0.096833490332 0.918617780914
26.8 0.077154177903 0.096292726314 1.280426925393 0.230964778014 0.320423790772 0.099289918682 0.913304646694
26.9 0.076280562892 0.097458030069 1.289584186184 0.225846493035 0.326521918548 0.095457830817 0.912833282055
27.0 0.074246029704 0.096943004267 1.292862084234 0.217065789830 0.317882265805 0.094609520972 0.918086241327
27.1 0.073190223122 0.095178801617 1.282789435441 0.223799985437 0.316070675031 0.093455350876 0.917212621095
27.2 0.073227723112 0.094001180998 1.300376104923 0.217191120862 0.314834880819 0.097267639044 0.918828613634
27.3 0.073996863612 0.091679236397 1.277741645217 0.221020527826 0.316368942578 0.097986145584 0.917310925327
27.4 0.075296871008 0.090661295616 1.278889039846 0.216498442883 0.312175503838 0.092934403496 0.920346714928
27.5 0.076491583065 0.089056122826 1.274123828069 0.216262225456 0.322822578080 0.090463308176 0.916969259461
27.6 0.076534323122 0.087886802744 1.280273669550 0.214108562659 0.321378854647 0.092632667313 0.917764863202
27.7 0.074543712466 0.085649306643 1.281824345925 0.219810867824 0.318368073499 0.090005275611 0.917727629815
27.8 0.072770362511 0.086767858156 1.293780119255 0.219933863519 0.315817764048 0.095000580604 0.918075773166
27.9 0.069428860886 0.085553154104 1.270350134224 0.221110750403 0.308332753123 0.091159279764 0.920723050173
28.1 0.065848197084 0.083418675192 1.264962174514 0.218658246630 0.300251121192 0.087142465670 0.924361415292
34.5 0.094014579539 0.047344484228 1.250669998853 0.188973632050 0.311020756136 0.080314379033 0.927957249103
35.7 0.088424509983 0.000661142429 1.250300566228 0.203216351322 0.305462250064 0.091639577277 0.925741927439
35.8 0.092120161094 0.000775146246 1.268133284255 0.199064703863 0.311508870646 0.091859461364 0.924606568516
36.1 0.098720635199 0.001679806310 1.264494673348 0.206784356785 0.318568945258 0.089510894648 0.920728981104
36.4 0.102780276943 0.003409783214 1.245588086544 0.200711240145 0.310902597311 0.099570942893 0.923655888519
36.6 0.111811187487 -0.000202278242 1.277451813227 0.208326600988 0.319968192889 0.092248972549 0.919625200788
36.8 0.114619785679 -0.003376279774 1.276223674671 0.195437197709 0.316830653604 0.100182690649 0.922705840007
37.3 0.118778022457 -0.015054217946 1.254356161953 0.196820938831 0.319959364731 0.104491302649 0.920852371789
37.4 0.118340251880 -0.013694743979 1.237942076138 0.205890301187 0.320554464728 0.107486736812 0.918314009710
37.6 0.113685424932 -0.010492533515 1.256569915445 0.199169496939 0.323753407111 0.105705684213 0.918880596812
38.3 0.106586073074 -0.011481158671 1.277849192080 0.191114276819 0.308244142232 0.110131604739 0.925382035493
38.4 0.107379010738 -0.009908553660 1.261333287884 0.200976391473 0.323640418231 0.109220389348 0.918115611624
38.5 0.108552166582 -0.010461556354 1.266065169464 0.189708208473 0.323008620831 0.113469658456 0.920217834600
38.6 0.109411272258 -0.011804161965 1.263517791871 0.204880917119 0.316708400429 0.111398626875 0.919407387847
38.7 0.110277088724 -0.010685708311 1.263169301720 0.189170316393 0.325511052019 0.114017363841 0.919378696268
38.8 0.108827063317 -0.012207512883 1.265005640017 0.194203386773 0.313819975332 0.115470518311 0.922208559410
38.9 0.108303651947 -0.011916433470 1.251488560271 0.193325559152 0.319391203311 0.115647165070 0.920456528380
39.0 0.108518509555 -0.013462505569 1.274527198465 0.195090693945 0.321812887653 0.116617926881 0.919117155539
39.1 0.109410128931 -0.012538383016 1.293116628471 0.196281751208 0.330405235672 0.111431242969 0.916454544685
39.2 0.109362479089 -0.010997574559 1.301673570314 0.190745751596 0.328791566268 0.115459754188 0.917704314778
39.3 0.111255188289 -0.011646308845 1.292233061264 0.197697731022 0.344988114710 0.114958966027 0.910320407322
39.4 0.110662163699 -0.012493980736 1.298259668503 0.200883554923 0.334865272798 0.119037070878 0.912875250071
39.5 0.111232674337 -0.009425729857 1.298512339650 0.194435403784 0.336233916890 0.121485129599 0.913445668978
39.6 0.110544711578 -0.008985325934 1.286245508359 0.197145924857 0.346370198578 0.120099618163 0.909250928824
39.7 0.113084753665 -0.008109663117 1.285399380935 0.200348489794 0.339312746117 0.112916552596 0.912127839236
39.8 0.116683774432 -0.009226684373 1.284328934413 0.201309546121 0.343477055152 0.115610270091 0.910017716681
39.9 0.120515107666 -0.010773288248 1.306411056844 0.189416119874 0.338466662358 0.112898279148 0.914776382822
40.0 0.124271095909 -0.012862041072 1.306950861817 0.199702587741 0.344614342712 0.115885256196 0.909906829650
40.1 0.126465717478 -0.011946425422 1.294967400371 0.197394901447 0.349521769330 0.116242955153 0.908491805700
40.2 0.130561220074 -0.012578878537 1.297947943262 0.205711041427 0.343074799958 0.111513051398 0.909696371564
40.3 0.135018083185 -0.012547447697 1.305388086388 0.196456019343 0.354927978129 0.113778159635 0.906909969730
40.4 0.138182143278 -0.009280130195 1.283436843368 0.190852393328 0.354280133128 0.120074627555 0.907547814195
40.5 0.146202831539 -0.012003178743 1.306368888739 0.205439045681 0.357146967528 0.110996537942 0.904389634317
40.6 0.148697940330 -0.012025379294 1.286800410788 0.199902146810 0.362444353883 0.117865531068 0.902652169235
40.7 0.152373345192 -0.012205946268 1.299407669709 0.201116623354 0.353690393529 0.120289529748 0.905530583895
40.8 0.157361007379 -0.012179931616 1.303304035988 0.205193969222 0.369889757420 0.111582546662 0.899236530414
40.9 0.159800207892 -0.012206097091 1.307131298331 0.202846746636 0.373874425168 0.116924102332 0.897440731123
41.0 0.162773860979 -0.011003803382 1.296503682231 0.195791548573 0.375696499889 0.112545792522 0.898805459521
41.1 0.166133245261 -0.012151642502 1.299043983238 0.203600648802 0.368980586023 0.110998182345 0.900044169173
41.2 0.169806134983 -0.010827396519 1.292773009595 0.209020423179 0.380521136462 0.113318879235 0.893685044637
41.3 0.170562571284 -0.012871925845 1.308762548882 0.193061828410 0.380795396554 0.115096462173 0.896925192404
41.4 0.166441288063 -0.017544311566 1.297548201316 0.196418203264 0.368181004152 0.119226845760 0.900914866599
41.5 0.168494673876 -0.018917420740 1.287203302517 0.210482534000 0.384120008799 0.112454161388 0.891909739440
41.6 0.172974828970 -0.018668293107 1.296329077385 0.203015250035 0.375429371215 0.122262134939 0.896041051427
41.7 0.181550091347 -0.019185852522 1.295966372378 0.202330244462 0.384244404103 0.119220635760 0.892863455463
41.8 0.185032387825 -0.020067771024 1.281116255618 0.207602277371 0.383501637905 0.118259263584 0.892100069909
41.9 0.186918718514 -0.018881541352 1.263803064441 0.203566461724 0.402256100525 0.115861498592 0.885057533947
42.0 0.189267039864 -0.019434215990 1.283457000695 0.199029422315 0.392624942208 0.113207732768 0.890739553995
42.1 0.194204188038 -0.020931539310 1.302648009305 0.205297221247 0.396301018542 0.114148221358 0.887563370815
42.2 0.194394001658 -0.021362485525 1.288817193112 0.206620976719 0.395404995681 0.114601233094 0.887597441830
42.3 0.194455952715 -0.019509600880 1.287013702796 0.202423238828 0.400402889402 0.116055100293 0.886134059969
42.4 0.194663751675 -0.018634783177 1.289157322909 0.209126655070 0.391426839248 0.118420447422 0.888272294563
42.5 0.196206279985 -0.020028766487 1.306614002165 0.209303835072 0.391855139009 0.111196477602 0.888975139149
42.6 0.193935215820 -0.021326699981 1.283720505238 0.206527944860 0.397685444230 0.112175402485 0.886909902142
42.7 0.192414357214 -0.020432956308 1.271531812070 0.210433846186 0.408062964672 0.107930936367 0.881789729027
42.8 0.192952724646 -0.020677835768 1.284775096531 0.206042084526 0.406189035822 0.111718075222 0.883219224344
42.9 0.193615288931 -0.020723853811 1.292275585923 0.206413967495 0.402348845671 0.109910726856 0.885114858384
43.0 0.193508507168 -0.021272284190 1.285181505506 0.203977291361 0.409604128345 0.107434900670 0.882652516435
43.1 0.192728352806 -0.020836991036 1.281701225662 0.202376991805 0.403467864634 0.109055523887 0.885643341366
43.2 0.193466949795 -0.020588308734 1.282938591822 0.201507347683 0.410583000329 0.111981525742 0.882199822355
43.3 0.192102342612 -0.020763541822 1.278654920812 0.204942947432 0.407974467060 0.111682682567 0.882656332295
43.4 0.191387690295 -0.020958311458 1.286697135732 0.197380833380 0.414293100109 0.113563539931 0.881195413183
43.5 0.188796655908 -0.017049609041 1.285604579330 0.187883310150 0.407172121761 0.111947614371 0.886779824232
43.6 0.188463962128 -0.013790220702 1.286363147576 0.188306486129 0.412511780094 0.107932183136 0.884717662539
43.7 0.190863272952 -0.012569139313 1.294170272368 0.189796716140 0.417651088781 0.106537441221 0.882153358663
43.8 0.191102999673 -0.010252417017 1.293431271369 0.184027320355 0.411664192867 0.109154662432 0.885862177398
43.9 0.192611371813 -0.008280828176 1.294719941003 0.190574682246 0.417435611451 0.115602635077 0.880945419162
44.0 0.193208586853 -0.007153990857 1.290356541120 0.190401791690 0.415899768657 0.112860837674 0.882064040460
44.1 0.194864379891 -0.007759870330 1.302788742618 0.192693205667 0.413680642089 0.109647314852 0.883014791041
44.2 0.191666966189 -0.008365394920 1.276322682114 0.195860116945 0.425448267704 0.110164659805 0.876639226722
44.3 0.193248062433 -0.008564606042 1.287153114574 0.201557649974 0.424125921298 0.107530995111 0.876315469286
44.4 0.191395055815 -0.006367787133 1.269672544876 0.186673637455 0.428185493278 0.112012030477 0.877076645142
44.5 0.192986123784 -0.009622527248 1.289971664284 0.189151275356 0.428770687565 0.111622050149 0.876309312079
44.6 0.192824640874 -0.011777452003 1.282047864549 0.186444225819 0.432173508761 0.112714227731 0.875077203366
44.7 0.195030292348 -0.009740917212 1.287769405678 0.177635394395 0.438922982138 0.107024154594 0.874264326587
44.8 0.197406591786 -0.007284936675 1.295005945446 0.177322998213 0.430683300765 0.122865260437 0.876340445560
44.9 0.198636801015 -0.008841821427 1.289202035621 0.178331930807 0.437943322007 0.115801614882 0.873494908488
45.0 0.202254086393 -0.007177175496 1.276087513876 0.186721334874 0.439631036510 0.117395345137 0.870676764236
45.2 0.212976104915 0.001974345718 1.268925347719 0.178783066333 0.446170266891 0.111268950538 0.869820630234
45.3 0.216871956958 0.009013203980 1.260361171778 0.162014098013 0.452216534144 0.111760879720 0.869920194073
45.4 0.223538791170 0.017140105801 1.277070719565 0.167290225921 0.445135233709 0.112162060279 0.872518352962
45.5 0.226457289695 0.022039779337 1.269790950254 0.170328310828 0.457185085333 0.112601649126 0.865615926895
45.6 0.227313082251 0.027758516631 1.261134061683 0.164681372795 0.457313105655 0.109940208828 0.866982075555
45.7 0.228260703060 0.040703498021 1.226265311607 0.147576911456 0.466246765301 0.107800987972 0.865571462124
45.8 0.239408643646 0.050157727773 1.258219617199 0.157010799016 0.464425377799 0.103164419430 0.865455822103
45.9 0.243837464440 0.059137359240 1.246085189408 0.150218777241 0.472893544170 0.106000736050 0.861724932216
46.0 0.253212397879 0.065607717393 1.272687405475 0.142350597283 0.469970696684 0.103491654334 0.864958570797
46.1 0.253875136826 0.063346370373 1.284141469802 0.153528103359 0.467484596407 0.102533144717 0.864508084309
46.2 0.250090137072 0.060534586029 1.294479588510 0.158567896571 0.454908001061 0.109427009687 0.869448481682
46.3 0.240345752169 0.055211079286 1.285606629812 0.159005278904 0.458395514289 0.104933059229 0.868089814962
46.4 0.232369337755 0.051471291543 1.288051713239 0.153187496104 0.455633718601 0.109610989114 0.870009733610
46.5 0.224956557146 0.049437718597 1.285801784334 0.156670373105 0.456359093369 0.113631088943 0.868492226630
46.6 0.217704191653 0.045901228061 1.272329326878 0.158624069019 0.457799149089 0.108794565379 0.867998897675
46.7 0.218947446410 0.041817218506 1.291264860240 0.150633541115 0.459479240411 0.114184548869 0.867842297150
46.8 0.217280298338 0.038638301434 1.283478037906 0.152749339178 0.458413960577 0.115438697624 0.867869913766
46.9 0.215236021592 0.034931584205 1.285774957771 0.148145924468 0.461559754334 0.112457760225 0.867391855166
47.0 0.210334098499 0.030843456770 1.268542588665 0.144626049781 0.470398631707 0.122078076738 0.861919588009
47.1 0.209149489789 0.028303427892 1.278432530261 0.149214711119 0.464701753697 0.116720056734 0.864964553293
47.2 0.206720514333 0.027966377207 1.282894886438 0.154942177240 0.462322926305 0.123687766595 0.864263715494
47.3 0.202369904336 0.030183330290 1.278901071333 0.143101959009 0.459006118083 0.119528286606 0.868647340174
47.4 0.198795416877 0.029369398915 1.273258965537 0.147308059709 0.456661015607 0.123890493218 0.868569051981
47.5 0.196955846107 0.030868784890 1.273048514835 0.148770219577 0.459432150871 0.124036400306 0.866835908296
47.6 0.194171169631 0.032301576934 1.265518946530 0.148231716676 0.468705082460 0.115620887754 0.863119177265
47.7 0.192137613585 0.035257530217 1.275753959961 0.145136862707 0.457699774797 0.120517927123 0.868862265538
47.8 0.189010001774 0.036069415995 1.273706103894 0.156997535068 0.461456338312 0.118733020736 0.865050456101
47.9 0.188183049179 0.038681584347 1.281537419623 0.144819809324 0.459451275475 0.115391644361 0.868686661981
48.0 0.184338503674 0.041144273740 1.266541311343 0.141517255960 0.470882782339 0.119779329330 0.862493584804
48.1 0.183813144620 0.044968691728 1.265094681892 0.141195118151 0.467418104253 0.118897700163 0.864550514038
48.3 0.181603868949 0.051660212897 1.255788719574 0.127198010602 0.472801418835 0.119024967298 0.863778062703
48.4 0.178396501899 0.052780008623 1.255329147742 0.132620629423 0.470370348769 0.122447561753 0.863811378873
48.5 0.177798503539 0.053262850781 1.276584698312 0.130999598889 0.471989491641 0.123256852523 0.863060121415
48.6 0.174022139720 0.053052628094 1.255004886450 0.136874855673 0.466600915569 0.123768699615 0.865002987550
48.8 0.178346033388 0.054939134434 1.264604529308 0.139276027329 0.469005332648 0.121078136425 0.863699178556
49.2 0.170613789073 0.050431261141 1.261452451319 0.137386756459 0.463241066276 0.119215095437 0.867364026626
49.5 0.167968202537 0.052216868416 1.237838889179 0.134321734291 0.471735011519 0.118947656024 0.863293232761
49.7 0.165521898123 0.054473651218 1.247982175352 0.131943146956 0.479008276089 0.124002254302 0.858932778707
49.9 0.160378124092 0.053994899138 1.249067164127 0.126562850219 0.471730812262 0.126279222544 0.863426571088
50.0 0.159489606803 0.055452363020 1.239313817377 0.128329004156 0.477286611852 0.126344526879 0.860096632575
50.1 0.158115209594 0.058551518697 1.245189922112 0.135100770254 0.464624442910 0.124996106994 0.866168506795
50.2 0.156736286551 0.062518428946 1.239367114798 0.127803665963 0.470511330007 0.121755650768 0.864558195154
50.4 0.155325121907 0.072716316730 1.240816766435 0.117913518833 0.477757018652 0.120085846512 0.862220402608
50.5 0.154610929181 0.075833883163 1.237718866381 0.125926958610 0.471548628055 0.122655040691 0.864141211532
50.7 0.149032232674 0.073680552022 1.216960615608 0.121162824809 0.483218196156 0.118305989060 0.858966493957
50.8 0.148133231901 0.075394648856 1.214423116210 0.113667804435 0.489558321181 0.115456689708 0.856785873599
50.9 0.147859106779 0.080600205054 1.216097639469 0.109319783916 0.486116507751 0.108106784074 0.860263243998
51.0 0.146848687050 0.083220182192 1.202308373149 0.116854248904 0.489322193626 0.109903386683 0.857222328765
51.1 0.146657221619 0.085920380786 1.234944387220 0.116962968961 0.479627314087 0.119297821023 0.861420532245
51.4 0.142660202691 0.078680845728 1.216034990046 0.119838637663 0.482331958439 0.113920855867 0.860242187637
51.6 0.144654708142 0.074330949064 1.215773002966 0.109640104070 0.495465033380 0.117766452278 0.853595050943
51.7 0.148012089581 0.070875127532 1.212101674492 0.105104692209 0.498264655044 0.117120065317 0.852624317921
51.8 0.152293381860 0.066336340772 1.213183482559 0.095294456620 0.488773715527 0.120661892001 0.858754871524
51.9 0.157799146508 0.061338743023 1.206179106220 0.119055813816 0.504833717661 0.117507483654 0.846853365108
52.0 0.162000253505 0.061194004222 1.211608308365 0.117124022381 0.502218925955 0.121015600421 0.848182373224
52.1 0.165514654907 0.059423906327 1.210577920642 0.119835594122 0.507728216455 0.115616668954 0.845271716347
52.2 0.169726315376 0.057742322436 1.208054128607 0.113921275491 0.508667473888 0.117259582587 0.845298488281
52.3 0.171672348161 0.054536385603 1.200062176407 0.113381202794 0.511690835566 0.127641178119 0.842036175766
52.4 0.175376633083 0.052762366217 1.201147025062 0.120928201061 0.507884460774 0.128576602125 0.843147556528
52.5 0.183435019861 0.055020584996 1.226635099743 0.112853378073 0.512445413562 0.125736077918 0.841934826389
52.6 0.182565097321 0.055392444472 1.176056125901 0.118181745546 0.514813733574 0.129478128757 0.839187290727
52.9 0.187718520686 0.068029824388 1.145612309295 0.118523473487 0.530310158832 0.121017598978 0.830709373012
53.0 0.195515665029 0.076331207474 1.159857272454 0.110218317121 0.526640087124 0.123491068110 0.833817784232
53.1 0.196495332600 0.085725740184 1.148132544227 0.078917046340 0.543679572678 0.115154195473 0.827601433852
53.2 0.193378319721 0.092709062208 1.171377800886 0.083571974356 0.530725236149 0.126969696627 0.833801622063
53.3 0.190298441804 0.096425383601 1.179653366300 0.103828713752 0.528647589898 0.122869328062 0.833459328412
53.4 0.196099616366 0.099332765618 1.198645672201 0.105556254107 0.522508495463 0.126314381173 0.836592748293
53.5 0.202634048645 0.102596283139 1.193067815412 0.099058526347 0.524835286026 0.118469816724 0.837078391446
53.6 0.203972250264 0.104044009312 1.165030365688 0.091139829858 0.546778195436 0.112971014894 0.824599712711
53.7 0.206124910012 0.106623798631 1.186133864631 0.095136772288 0.539583173989 0.123403201042 0.827387843082
53.8 0.204904698725 0.108569102414 1.184322050290 0.093991555541 0.539597942826 0.118887735842 0.828169882241
53.9 0.201453927563 0.108583118904 1.171312036220 0.091342717046 0.543676239054 0.118693302543 0.825823561702
54.0 0.203053179284 0.108943585623 1.189880561117 0.095073993445 0.536804914190 0.119981423262 0.829702282716
54.1 0.204953875001 0.108116305900 1.202660653219 0.093700141708 0.541490447670 0.122988629681 0.826366852854
54.2 0.204109396115 0.106243002620 1.201176133569 0.088770415122 0.541473246399 0.128771212610 0.826041470894
54.3 0.205160493676 0.105305524393 1.220459339979 0.088106470264 0.540796799911 0.126706258953 0.826874594510
54.4 0.199837531065 0.102875415313 1.207749458326 0.091535814188 0.541945348845 0.123951332148 0.826167356439
54.5 0.194850754795 0.100502074548 1.195336395413 0.089788838071 0.541807716498 0.133488962872 0.824962459566
54.7 0.194565720715 0.097145793400 1.202640310653 0.092287931350 0.540335810894 0.131881924695 0.825909987306
54.8 0.198039081374 0.094686394124 1.207199715596 0.092461148709 0.545673383442 0.124344565684 0.823547159286
54.9 0.203698848555 0.095386193358 1.213661726110 0.092043942930 0.551036494177 0.124660522129 0.819967346226
55.0 0.205760901974 0.093666652658 1.222261165593 0.085059208335 0.542716496462 0.133223494949 0.824909228909
55.1 0.208261190714 0.093212756825 1.210019143327 0.093856749055 0.556659821772 0.128412346782 0.815371708287
55.2 0.213149095120 0.096142380489 1.213573864696 0.087854700426 0.560008854301 0.128992289267 0.813653872373
55.4 0.221119895157 0.097602743481 1.203453125829 0.089245975533 0.560314204381 0.134054402156 0.812473116775
55.5 0.225171465914 0.098731663726 1.209745593812 0.091794929219 0.556878920085 0.140734697094 0.813420742524
55.6 0.227232175329 0.098831327030 1.195732260090 0.093273455832 0.565792875136 0.134671675162 0.808110156347
55.8 0.233006256558 0.099238489319 1.202626299094 0.090496769350 0.566486586612 0.132131790741 0.808359123040
55.9 0.235170085124 0.098688117538 1.202564354145 0.093088391521 0.563730105603 0.134263532812 0.809639563730
56.0 0.238209397805 0.098052810773 1.220352814859 0.086736774272 0.566387894763 0.133253012087 0.808656366712
56.1 0.237591302326 0.097389815838 1.215346881878 0.083886376309 0.564815386501 0.135090551326 0.809751318606
56.2 0.237500147898 0.098938241230 1.216591514907 0.085926345775 0.571911448751 0.137364091817 0.804154875735
56.3 0.236924580963 0.099369217635 1.204643506644 0.081399123268 0.571717648321 0.135375585164 0.805100344225
56.4 0.238102964046 0.099094173791 1.203729717054 0.080022611119 0.574827239374 0.139091979763 0.802386096433
56.5 0.239226059247 0.097909799154 1.201724044433 0.089633978908 0.572083566878 0.132448875466 0.804452259442
56.7 0.245982717480 0.099295518436 1.225837367025 0.084019450581 0.571306606096 0.135288193538 0.805137627021
56.8 0.245333500293 0.098041088440 1.216605450483 0.086795153675 0.574312698600 0.131144078540 0.803388297269
56.9 0.243795930602 0.097164390554 1.206477864695 0.090167141602 0.575722270747 0.131250786242 0.801989391858
57.0 0.228872013736 0.096713808867 1.130410029278 0.062241380040 0.588563868550 0.120952568340 0.796924751442
57.1 0.234404836722 0.108268163158 1.192325270948 0.076170516095 0.580815938996 0.132663423783 0.799531933994
57.3 0.235332355863 0.116808861399 1.211451467803 0.076300401183 0.580289679288 0.118097470267 0.802181478475
57.4 0.233868211249 0.113737268987 1.208161014598 0.078992255925 0.577407761045 0.123549880674 0.803178640138
57.5 0.230892051387 0.111233920777 1.186530497621 0.078959340656 0.579630845842 0.119441800245 0.802201446911
57.6 0.234378030906 0.111625977424 1.204986419038 0.080312933079 0.575804674188 0.123640194602 0.804184003971
57.7 0.236425504118 0.110189002134 1.220544719204 0.079710316485 0.573882001709 0.122182942124 0.805839340200
57.8 0.235664065191 0.107940363075 1.217472833846 0.080920446401 0.578909407808 0.122227057673 0.802107427517
57.9 0.234177033277 0.105835629366 1.218245658402 0.078275508954 0.575258785667 0.125626350693 0.804467708626
58.0 0.233985388836 0.104749064136 1.223257822722 0.081584425440 0.574996147053 0.124006756556 0.804577986729
58.1 0.235069001445 0.104014254056 1.224488881797 0.084343432487 0.575987128712 0.124985717603 0.803432376339
58.2 0.235606803363 0.101039924643 1.229162825640 0.089221460137 0.573740842211 0.129062907270 0.803867988539
58.3 0.234549519695 0.097726094097 1.225191487012 0.087791319962 0.575489083066 0.126107634886 0.803244585313
58.4 0.234823190589 0.095171898128 1.217876416823 0.092335036245 0.578222336766 0.125781312651 0.800819724866
58.5 0.233152457636 0.093054530884 1.210754372646 0.083123009059 0.573145047190 0.124179452898 0.805713834885
58.6 0.235237580124 0.092466107962 1.221239314740 0.091745587184 0.575754054185 0.127508286531 0.802391209565
58.7 0.234276443106 0.092524393157 1.209801817515 0.084536278013 0.579882790269 0.124851214122 0.800625843688
58.8 0.238638733921 0.093120843408 1.222646038164 0.085757769063 0.582537705900 0.123810792090 0.798727934914
58.9 0.240147957564 0.093272810700 1.224355276151 0.082353809910 0.580917486428 0.128176336321 0.799577107453
59.0 0.239019122629 0.093852477123 1.216598501328 0.080960727361 0.582588066972 0.126372502982 0.798790645499
59.1 0.240895905298 0.093958191796 1.220318492179 0.084908452255 0.586334348001 0.121996198153 0.796316215285
59.2 0.241824158261 0.095654986343 1.223701051740 0.087203894822 0.583564582479 0.129664293464 0.796890851877
59.3 0.240365069659 0.095059910578 1.213624324914 0.087923184760 0.586016427604 0.125737104430 0.795640899357
59.4 0.238773469822 0.094903359966 1.204221982080 0.082793923233 0.584854447607 0.124983562955 0.797163440193
59.5 0.242112313395 0.096337346929 1.225344787050 0.083635217743 0.583736027403 0.127190545336 0.797546215490
59.6 0.239939096945 0.096129282864 1.212911269652 0.084336056142 0.588898655425 0.122445085659 0.794413622914
59.7 0.239895225879 0.097026336613 1.221163668733 0.078602565119 0.589455166145 0.123573843619 0.794414091664
59.8 0.239574250691 0.097968984548 1.226886505472 0.077349899946 0.586612456426 0.121426132784 0.796968326360
59.9 0.237966747152 0.097500965704 1.223272244802 0.077873083269 0.584312058352 0.124143843693 0.798187639243
60.0 0.237190192608 0.096504847119 1.229548636743 0.085349904896 0.583263411671 0.125589797378 0.797963902150
60.1 0.234892469100 0.094269413658 1.224301486590 0.087093508379 0.582385430387 0.122478734726 0.798899800232
60.2 0.232706044191 0.093051567353 1.227276250642 0.084381772987 0.584405185775 0.122558248430 0.797702808675
60.3 0.232479762848 0.093536718143 1.238752663646 0.082018827694 0.584334795322 0.120118328506 0.798371684140
60.4 0.230345060157 0.092349627199 1.232285891711 0.071953746643 0.592214516623 0.116506715269 0.794059701749
60.5 0.229766526402 0.091279077582 1.236485682591 0.084775760004 0.577603714164 0.123827737546 0.802404954692
60.6 0.227522159382 0.088444078612 1.225669984305 0.083060640556 0.583458708740 0.122687045691 0.798514091301
60.7 0.228925736534 0.088462999332 1.234326219793 0.085541780255 0.579411333058 0.119070238711 0.801740225515
60.8 0.226452209499 0.089863864349 1.219701092430 0.079751339223 0.585940758357 0.124159633425 0.796804578938
60.9 0.227620784628 0.089207007154 1.231137402310 0.080440660131 0.584242383623 0.123569572884 0.798073115719
61.0 0.228976199462 0.089247485995 1.237332977126 0.081416774263 0.581691112703 0.125067924823 0.799602884219
61.1 0.231063834167 0.088697550333 1.243407075157 0.088728711714 0.584608729905 0.122080281683 0.797155100003
61.2 0.231112628615 0.086831233810 1.240720366508 0.082127798486 0.588233489505 0.124374412138 0.794837965969
61.3 0.229783275252 0.084936223699 1.231574978960 0.078735983140 0.588228153559 0.128676822666 0.794500194857
61.4 0.231590452144 0.084712234936 1.234024592047 0.078835253279 0.592347055530 0.120556303680 0.792701801618
61.5 0.235731208595 0.087612488823 1.258337324203 0.080964560959 0.587434558688 0.123102878827 0.795745600272
61.6 0.233935642321 0.087309880350 1.238762349499 0.086501138626 0.588354659945 0.124361496324 0.794286198652
61.7 0.236106440147 0.088202574391 1.254898114638 0.081886970196 0.591447738661 0.123192752720 0.792658591212
61.8 0.238538246485 0.090845549202 1.270073960622 0.079605785058 0.592288381815 0.125489094578 0.791902695345
61.9 0.234293751294 0.091623893378 1.248603127108 0.071531599508 0.595300687323 0.126187504623 0.790301863608
62.0 0.233253631061 0.092667688717 1.242342160736 0.073733756767 0.600283888376 0.117044365286 0.787732951592
62.1 0.231545409651 0.094912314811 1.233468305992 0.070419380757 0.599354033777 0.121076244136 0.788134757586
62.2 0.232598813368 0.096890207172 1.243500401481 0.068820045253 0.594932816302 0.124591504480 0.791072501399
62.3 0.232731697227 0.098340861244 1.247285452270 0.077683034156 0.593249940216 0.128335160925 0.790917151861
62.4 0.232096145818 0.101134745155 1.247036102331 0.074450694027 0.592675465876 0.126794495652 0.791906586776
62.5 0.228264846621 0.100743060704 1.233931298716 0.066137502376 0.592517455818 0.131666089107 0.791967762166
62.6 0.229858956511 0.102084950683 1.261385218138 0.064927564666 0.588425449148 0.131932840934 0.795068316325
62.7 0.228485279155 0.103768227570 1.260162960155 0.062052144483 0.589827920480 0.128703247507 0.794788040718
62.8 0.228425993938 0.103643422734 1.263860375329 0.067917153263 0.594331497586 0.133194256737 0.790200367782
62.9 0.226382536325 0.103113151062 1.256239853892 0.062012557205 0.595095161266 0.132596398031 0.790211609011
63.0 0.227075091205 0.102393517257 1.258697029004 0.066096866573 0.601199293419 0.126623303772 0.786229707378
63.1 0.224508469094 0.101162768134 1.251062250016 0.067765770410 0.598452384168 0.126851745132 0.788144135930
63.2 0.221874658187 0.099287551481 1.245421707835 0.067313731716 0.597821282657 0.126587627248 0.788704094165
63.3 0.220602792743 0.097953379866 1.249173315556 0.068997684326 0.591615872652 0.131609887309 0.792406976462
63.4 0.220716511018 0.097784132449 1.254098780097 0.069034898720 0.593336761920 0.131447214950 0.791143033462
63.5 0.221511675782 0.097599892133 1.268808684301 0.070285561059 0.588269691829 0.132535317201 0.794627648195
63.6 0.219882635879 0.098595074301 1.253055228518 0.065111159464 0.592323446408 0.128407053921 0.792732678935
63.7 0.217977023423 0.100249633706 1.244003932345 0.066335393542 0.593476288196 0.125997144635 0.792155433268
63.8 0.220151080789 0.101195256911 1.255312161745 0.071479247678 0.591655069641 0.127533240605 0.792824235414
63.9 0.220763492918 0.101065490508 1.265451025405 0.068426117740 0.588031933575 0.129693135903 0.795434473735
64.0 0.220375815917 0.100735789658 1.267163145353 0.057953428053 0.591939159831 0.121536628934 0.794656075962
64.1 0.221263580801 0.100947641488 1.273965855099 0.057556378928 0.593204012958 0.125011699242 0.793201322054
64.2 0.220096460020 0.099598039433 1.275638453835 0.060231998887 0.591593137317 0.126418886926 0.793982324248
64.3 0.219733316718 0.100054261289 1.278596777273 0.070561519104 0.597937003959 0.128411415770 0.788037384658
64.4 0.218862907409 0.102325954036 1.264131256294 0.063750882390 0.597845666183 0.124114115300 0.789374480715
64.5 0.221545944040 0.103423448895 1.282817584957 0.069450045551 0.591664909544 0.120204137756 0.794141228783
64.6 0.220179433484 0.100521356671 1.269277494538 0.067478169637 0.593636672246 0.126787579421 0.791812545803
64.7 0.220852049286 0.099419993241 1.266061169040 0.072875084284 0.592106651901 0.126531253935 0.792520521276
64.8 0.219907639220 0.099536753493 1.253578933444 0.061955661023 0.591799689774 0.123628321159 0.794135165736
64.9 0.222110353578 0.099308886590 1.259661358840 0.065923104214 0.598290069931 0.122599284769 0.789096034667
65.0 0.220987697554 0.097904095510 1.238812734446 0.065474063404 0.606517081648 0.116171026309 0.783807673691
65.1 0.226762418274 0.099051241125 1.270335060965 0.065492166951 0.600507287543 0.120800151466 0.787723998036
65.2 0.226595155030 0.096322532911 1.257718174114 0.070169428261 0.609774943826 0.123348480958 0.779766581398
65.3 0.228827578695 0.096328042621 1.262891033638 0.069478562125 0.604845637018 0.126574648144 0.783143245666
65.4 0.230112152880 0.096724449341 1.259189946613 0.071338217300 0.597561435482 0.125484951633 0.788723472765
65.5 0.232742437786 0.098591242714 1.267987031220 0.058960013508 0.599522477004 0.126238218032 0.788137315880
65.6 0.232549570666 0.097621023622 1.250763235280 0.067201948049 0.614288915191 0.119861468282 0.777023973422
65.7 0.237860000903 0.101805290059 1.270054077750 0.069939663416 0.611197270626 0.119791756956 0.779227999257
65.8 0.237222818936 0.102385143595 1.258626346753 0.061038589198 0.611343361259 0.120651395671 0.779728687427
65.9 0.239809006421 0.104636703234 1.273210325853 0.065766852471 0.609806340380 0.117028583178 0.781098751163
66.0 0.238987041610 0.105832725635 1.271658609583 0.056958076733 0.611653596845 0.118902416312 0.780062734885
66.1 0.237180511603 0.105970830602 1.265867962925 0.057117445363 0.607733991252 0.120870617812 0.782807311579
66.2 0.232387014171 0.104158475765 1.259715819041 0.054990877025 0.607395773907 0.126239069099 0.782374638340
66.3 0.231838681683 0.103686852528 1.277452339242 0.060392998914 0.608671789952 0.123406814028 0.781435919350
66.4 0.228783456575 0.101422368142 1.273284029653 0.059668396705 0.606473824726 0.121527047255 0.783492411669
66.5 0.222489682786 0.097443667643 1.254388029521 0.055924803269 0.607684817286 0.124653324762 0.782338243885
66.6 0.221223743965 0.096508818009 1.281831534913 0.054267923469 0.603376405821 0.126913285986 0.785420220787
66.7 0.215977790375 0.093501098714 1.277182208601 0.063477813223 0.603185375754 0.130644349075 0.784264001316
66.8 0.208875909662 0.092641596991 1.272496814943 0.045163901255 0.601726767825 0.130767220329 0.786628916958
66.9 0.201837500562 0.089669972398 1.256154646190 0.061882731930 0.602192661037 0.126844351922 0.785776709293
67.0 0.200007296833 0.087677125628 1.280868366422 0.059860871832 0.595506007384 0.132379121572 0.790104448390
67.1 0.193054245561 0.084620832814 1.262133883186 0.069258086771 0.603508149226 0.129594421746 0.783700527681
67.2 0.190717054966 0.081883540501 1.273845362274 0.062998812662 0.599956262228 0.134803699454 0.786073530676
67.3 0.188156627553 0.079462843982 1.286396669859 0.058941229689 0.600687816234 0.131221898559 0.786435561384
67.4 0.180904053037 0.074914025895 1.257796349322 0.062881276618 0.594620182857 0.132980719762 0.790435899591
67.5 0.175898610831 0.072125330270 1.248945333915 0.066673665202 0.599107468313 0.132050687270 0.786884667389
67.6 0.171714130992 0.072401474111 1.257360873454 0.055388275046 0.599232595253 0.136210157785 0.786955671363
67.7 0.166754439811 0.072584467973 1.259757983061 0.059866667021 0.593377783950 0.135750326607 0.791132502505
67.8 0.161758248936 0.073391335221 1.261411842042 0.059177375552 0.591029671658 0.133750911721 0.793279685266
67.9 0.156388299034 0.075649121272 1.250248171476 0.061204594412 0.592949860820 0.135690463845 0.791361205896
68.0 0.154083829708 0.079475363536 1.259254581932 0.055781407027 0.592581060350 0.135908682073 0.792000600809
68.1 0.148134336924 0.081636615403 1.248727272792 0.049225901855 0.595258181883 0.125876802415 0.792085562362
68.2 0.143204826520 0.082714023770 1.240819647319 0.054771215390 0.590799483140 0.126877654719 0.794895053085
68.3 0.141800477573 0.084591637349 1.257873032851 0.051333350416 0.589344575160 0.132905822665 0.795219404420
68.4 0.138668586298 0.087614074660 1.263922755568 0.048855887946 0.589101403898 0.131105126675 0.795854310724
68.5 0.135862567427 0.088484393049 1.255024475093 0.050775612061 0.586470667634 0.126832259569 0.798365562357
68.6 0.133278783193 0.088411081381 1.250428726574 0.057753026492 0.586933836539 0.130215183963 0.797005185254
68.7 0.129262788724 0.088518137740 1.242415801816 0.056917159969 0.584326138176 0.131285495499 0.798803805585
68.8 0.126920615938 0.089332429463 1.247720600984 0.052200476841 0.580988751088 0.129753020783 0.801805047954
69.0 0.123672185177 0.086553234134 1.232793207838 0.056256583902 0.588992029206 0.125817141413 0.796299964351
69.1 0.123702177716 0.085653887081 1.239205159619 0.061259675045 0.589043681812 0.127195435480 0.795673371632
69.2 0.122777732387 0.084158107307 1.248077855098 0.064773740070 0.585707519920 0.130827847817 0.797267293912
69.3 0.121493588553 0.083496685664 1.244184357757 0.057799912689 0.593918995057 0.127467776367 0.792257132118
69.4 0.120467205977 0.083476311998 1.248144637797 0.053046321587 0.587052557982 0.135124753586 0.796427449867
69.5 0.117696839526 0.080674084012 1.224130275817 0.053106438851 0.590843980988 0.137345584332 0.793233437739
69.6 0.118376149888 0.081866450172 1.244228277211 0.050283376130 0.589719398968 0.138847626143 0.793992411349
69.7 0.116893081155 0.079353530926 1.226738900963 0.057093735271 0.584668771249 0.135067916051 0.797909387946
69.8 0.117650757454 0.077374877098 1.222500465055 0.052804513839 0.590747296147 0.129000763592 0.794725184203
69.9 0.119348197464 0.077992088146 1.226646469522 0.056127862019 0.588008338953 0.128125852811 0.796667824296
70.0 0.120767492788 0.077024527193 1.223041382811 0.057118592811 0.585630068471 0.134892884839 0.797231960522
70.1 0.123201913036 0.077368367973 1.228458062296 0.054866450467 0.585922971733 0.130442163375 0.797915274840
70.2 0.124824782934 0.076587025530 1.227285298723 0.057974199295 0.595225718440 0.131943282777 0.790529130680
70.4 0.126606602403 0.074841819087 1.207215403024 0.054294842827 0.594977652704 0.128737176994 0.791505149753
70.5 0.130480929954 0.075007383201 1.216055179217 0.057315180333 0.590593185360 0.130521492620 0.794278792033
70.8 0.136359232473 0.075155311598 1.206882599542 0.054808142989 0.600732671120 0.132552565252 0.786477045282
70.9 0.135253409485 0.075340604407 1.205549216133 0.048492233089 0.599649692996 0.130462976210 0.788066089144
71.0 0.134840346064 0.074484553005 1.189730012527 0.055287816468 0.599516305615 0.131818105867 0.787494408626
71.1 0.137944144737 0.075293972823 1.213628787525 0.056317137563 0.596199038104 0.132850580277 0.789763135567
71.2 0.138411223319 0.074524315851 1.203053344294 0.056359409829 0.598946937396 0.137087160564 0.786951900383
71.3 0.135025071179 0.072537326161 1.160556255451 0.049829834633 0.599899371710 0.137453219685 0.786603040803
71.4 0.140937938737 0.072318935261 1.207953141295 0.068201703939 0.597065763735 0.133238675938 0.788104343719
71.5 0.141140452490 0.070402572143 1.206277259591 0.060175945981 0.598780531740 0.132561457665 0.787571069984
71.6 0.140786658718 0.068056887997 1.182472053363 0.052016523961 0.596770290118 0.138897064931 0.788585510532
71.7 0.143437110296 0.068360291147 1.190241253225 0.050164825682 0.599168932098 0.137079270942 0.787203502629
71.8 0.143190385278 0.068188265058 1.168368560604 0.046658300099 0.601304743580 0.139539005593 0.785356272209
71.9 0.144988377176 0.068059320430 1.182912261132 0.049689671284 0.598976537030 0.140396983522 0.786795228553
72.0 0.144269028450 0.068991792336 1.175566515439 0.049715672276 0.601589218806 0.135547008249 0.785649904411
72.1 0.143022966260 0.069437364134 1.171442404694 0.053453439567 0.605123133565 0.133272310026 0.783075484486
72.2 0.142601699282 0.070158151830 1.181844010440 0.047553734371 0.598780430246 0.139812456905 0.787180484766
72.3 0.139755902346 0.068587783516 1.155371960507 0.043953909027 0.607981984425 0.130716261011 0.781881845040
72.4 0.140659527546 0.068608640632 1.164524883024 0.046970618136 0.604148869722 0.133206746173 0.784253700673
72.5 0.141297172050 0.068033249657 1.165555754612 0.049295135202 0.605552411857 0.130481694576 0.783486307168
72.6 0.142703276714 0.067660968135 1.158167570615 0.050189642447 0.604366693323 0.127709270549 0.784800765805
72.7 0.143967811172 0.066116340227 1.156444385130 0.056863164568 0.608336716236 0.129790144371 0.780927358093
72.8 0.145278577887 0.065513927832 1.155938180363 0.051494841939 0.607269051805 0.128544086468 0.782335604333
72.9 0.145401204803 0.063372690923 1.151396095816 0.065828088593 0.607900498064 0.133104644353 0.780004359512
73.0 0.145086332065 0.061169450830 1.150523361750 0.068837899112 0.609197187606 0.130916420263 0.779102702578
73.1 0.144858047679 0.059732219069 1.151774906750 0.067309234994 0.609168460101 0.133471986878 0.778825065609
73.2 0.145265463297 0.059072012202 1.154406760598 0.066520405520 0.608688107941 0.137528088107 0.778562680766
73.3 0.145670799215 0.057861231054 1.157417903900 0.060698829008 0.609545512232 0.132200851799 0.779289968791
73.4 0.144352105060 0.056548258164 1.153920924314 0.054320335885 0.606885906330 0.133064449099 0.781685774588
73.5 0.142272473152 0.054151275891 1.144015457080 0.057533232928 0.609576277644 0.132461216442 0.779461811112
73.6 0.143047804634 0.052696413743 1.151453361178 0.065214217161 0.606892694374 0.143233232388 0.779045957909
73.7 0.140776537811 0.050907247901 1.146489553443 0.067314510630 0.610541966811 0.139490471635 0.776691490712
73.8 0.140206026800 0.049859736050 1.154674356150 0.055301756419 0.605574454368 0.140885096211 0.781263518679
73.9 0.135883637344 0.048034228168 1.118533578505 0.054024706290 0.609886836752 0.137661830815 0.778568300025
74.0 0.136308301092 0.047422199314 1.127275872088 0.052025511591 0.609722683794 0.135052257147 0.779289729722
74.1 0.136553609439 0.046751396261 1.122672116815 0.051328213594 0.614793720642 0.135520056760 0.775260220677
74.2 0.138217380392 0.046823438181 1.138249923284 0.056086957958 0.609275923122 0.141250277465 0.778257966080
74.3 0.136000092118 0.045654161240 1.114448730340 0.054867356780 0.610837427391 0.136978476632 0.777884379196
74.4 0.135641555563 0.045092941030 1.116449828028 0.052209964541 0.609888603646 0.137696564515 0.778684574694
74.5 0.135334598456 0.044642331859 1.118507828881 0.056438020515 0.612637954659 0.138471322542 0.776089672129
74.6 0.132888406873 0.044688208434 1.098257760371 0.054569711471 0.615392809094 0.136337262057 0.774419775109
74.7 0.132431638754 0.045782845870 1.098301935072 0.059887694218 0.612202784562 0.140310302901 0.775844207013
74.8 0.132424501583 0.046816782042 1.108851597578 0.062940546742 0.611508257138 0.132776875449 0.777474398533
74.9 0.132905252398 0.047484651265 1.112055706651 0.067567448589 0.609074585129 0.134272542317 0.778738514535
75.0 0.134067375408 0.048264933532 1.109285479180 0.069658137521 0.609773076486 0.139007764133 0.777175257314
75.1 0.134892700939 0.048520826279 1.100739371293 0.060971176157 0.608184847805 0.132388166852 0.780299352720
75.2 0.135363322010 0.047654599947 1.095758954366 0.066401376330 0.612277816164 0.134415525481 0.776298395956
75.3 0.135898714125 0.047446454445 1.085541819071 0.063328829411 0.619431809958 0.132001307408 0.771277736630
75.4 0.136712760246 0.049088502716 1.086266275324 0.066385332143 0.617334314288 0.139927196388 0.771305200157
75.5 0.136821084829 0.051698303398 1.084142852170 0.061433141797 0.620985817996 0.128730541839 0.770734085489
75.6 0.135810778375 0.052392663071 1.073486568943 0.060692259465 0.621460289242 0.130372961586 0.770134046399
75.7 0.135808978384 0.054271990929 1.078697858586 0.061567540187 0.617882340046 0.133012586762 0.772488513583
75.8 0.137180042509 0.056229687540 1.081817544957 0.062132144694 0.616080829606 0.131494361830 0.774140323711
75.9 0.137853601367 0.057405916717 1.074902864116 0.069588444834 0.619626876922 0.129061864520 0.771079124907
76.0 0.139991442619 0.058566602098 1.072601109257 0.064884996935 0.618259920340 0.130629317121 0.772321558408
76.1 0.140277529841 0.057210236149 1.047903992909 0.059767763905 0.627482297722 0.131571388061 0.765103097816
76.2 0.144292342748 0.058582199652 1.057955893945 0.063454399557 0.625629505208 0.129847218437 0.766616567297
76.3 0.146854216626 0.059813663172 1.058281701427 0.058006296632 0.622127314262 0.131161718988 0.769668420732
76.4 0.147470284718 0.058938497466 1.048093483451 0.056002835822 0.626289699070 0.142574940330 0.764393407617
76.5 0.149042335552 0.061541986982 1.057213846927 0.052882001262 0.625820622608 0.135625819103 0.766262147997
76.6 0.148481320290 0.062376327727 1.048990624315 0.055275110285 0.627152824597 0.136206590072 0.764899837628
76.7 0.147646780141 0.063180345473 1.038463910471 0.058768521162 0.625950618342 0.132898758342 0.766204936260
76.8 0.147264276928 0.064407728795 1.037335020956 0.054941588625 0.627675114322 0.138460831629 0.764090289694
76.9 0.146088722511 0.064384273628 1.040362386708 0.056354480387 0.625039548429 0.142215786190 0.765456991345
77.0 0.144720475674 0.064026084318 1.041167818835 0.059947671614 0.625940898189 0.138603553694 0.765110007480
77.1 0.143076734565 0.065083909004 1.041845157885 0.056635661852 0.625521615087 0.133308930158 0.766644533018
77.2 0.141023030558 0.064174262941 1.030057985839 0.058432355585 0.634497524924 0.135496262813 0.758708978100
77.3 0.138249345391 0.063484772866 1.028838833378 0.050572431785 0.633005519739 0.141403610100 0.759441544935
77.4 0.135788606620 0.063355303293 1.031845687114 0.050078876540 0.622059757268 0.138324795412 0.769025367258
77.5 0.132110075811 0.061773337074 1.020400301521 0.054048077091 0.626071827276 0.137588294447 0.765625452611
77.6 0.131130963727 0.060934830358 1.024135490915 0.058889418986 0.626307239896 0.145317232017 0.763645323213
77.7 0.129431045451 0.059590602131 1.010902402250 0.060847481137 0.628594772725 0.135080749876 0.763491576086
77.8 0.128923311622 0.059508019662 1.003254162494 0.060920289524 0.630930021373 0.134752546320 0.761615242570
77.9 0.130545136574 0.059683885431 1.006739461613 0.062132825413 0.634959253035 0.131705784860 0.758696148155
78.0 0.131287584220 0.060560981547 1.006925996894 0.057441784184 0.631658357799 0.136584711627 0.760955174108
78.1 0.132634747079 0.060936011507 1.003040623282 0.053535861664 0.629160727377 0.139078061750 0.762855152295
78.2 0.134131851650 0.062224574505 1.006247157334 0.055947486089 0.628521444130 0.138930928920 0.763235789294
78.3 0.133453454339 0.062357002573 0.990887535998 0.051847196093 0.635771426409 0.137679890840 0.757727397734
78.4 0.133617531333 0.062597431888 0.983604035625 0.052756563193 0.636051939646 0.141576708440 0.756710453701
78.5 0.134686340096 0.064167302700 0.990083455164 0.055199881535 0.638514082012 0.136572751237 0.755381111606
78.6 0.135045773486 0.065844984520 0.997090237097 0.048882041829 0.634274250177 0.141076370339 0.758554005514
78.7 0.132076025503 0.065558290250 0.975257765631 0.052279532286 0.637606731819 0.145817483031 0.754626906283
78.8 0.131795588918 0.066967054697 0.985390251657 0.050879729456 0.639295406338 0.150985721533 0.752273852037
78.9 0.129832850979 0.068313234415 0.972005727975 0.049688906226 0.641622168446 0.145625014052 0.751428879428
79.0 0.128158452014 0.069996686894 0.970317870805 0.049893586876 0.636167005210 0.145729566164 0.756019222650
79.1 0.126764727436 0.071037564490 0.970080206674 0.052417266570 0.634437297798 0.141019121529 0.758192160795
79.2 0.124627432303 0.072229779828 0.970271742601 0.046653641255 0.641674522091 0.139386235615 0.752760734084
79.3 0.122238846331 0.072818171979 0.966547689891 0.049459220812 0.639822513597 0.144456243713 0.753202051394
79.4 0.119978625187 0.073216990924 0.960005028695 0.044229055812 0.637401957001 0.149698286404 0.754554808401
79.5 0.120038590046 0.073472922058 0.961463620010 0.044770305130 0.640132863220 0.143968026748 0.753325125347
79.6 0.120243740048 0.072203905751 0.959515106575 0.049330804341 0.640818055816 0.145554455300 0.752151973756
79.7 0.119328093891 0.071772832205 0.952609621973 0.043737295419 0.639746683972 0.142923063191 0.753912612538
79.8 0.119228074599 0.070741797766 0.953247412770 0.049596577019 0.642581870948 0.143498239459 0.751023950317
79.9 0.119082963816 0.069898150890 0.956648367055 0.052192008451 0.637865647142 0.145896890663 0.754398772364
80.0 0.118360490568 0.069645717947 0.952464285979 0.050144304419 0.636601456039 0.151038595469 0.754593584376
80.1 0.118281574586 0.070286909262 0.958551261254 0.052235470423 0.637183759979 0.146169475364 0.754919065941
80.2 0.117810979058 0.070914860830 0.954782404665 0.051420776153 0.638022082405 0.145421858037 0.754411167301
80.6 0.123642388526 0.081549541792 0.939585437163 0.049810692996 0.650375561728 0.141451168021 0.744662400444
80.7 0.125504987595 0.086325055225 0.942646145996 0.049603304663 0.642393805543 0.138652390534 0.752093893982
80.8 0.132298157051 0.091557933992 0.957657654163 0.054267209073 0.646815400574 0.141679566925 0.747403376976
81.0 0.141038943124 0.093127004633 0.947543416505 0.046762751724 0.645605001046 0.138273084757 0.749591876762
81.4 0.172967329890 0.101882030232 0.946789192411 0.054134318174 0.673934805915 0.133139636837 0.724675920723
81.6 0.188804999939 0.099097545227 0.974958895262 0.052497553224 0.681461206971 0.145148300436 0.715392620300
81.7 0.187906406543 0.090847870737 0.967776939174 0.064710278169 0.689538933699 0.147939752699 0.706018745065
81.9 0.179132177499 0.077405426472 0.976105071985 0.067229342008 0.673808953383 0.152491693458 0.719866649693
82.0 0.180378312760 0.071588906334 0.986262053545 0.067299908541 0.681423198637 0.147166903955 0.713775209047
82.1 0.181247891278 0.067601687897 0.988928990892 0.073064506669 0.681890706903 0.144745983854 0.713256785360
82.2 0.183505847671 0.063011112596 0.989590809630 0.067429594454 0.672673857560 0.151295327636 0.721160769165
82.3 0.183899328378 0.058699564222 0.979773110515 0.074409419745 0.681534042951 0.148461337847 0.712694757745
82.4 0.183270564866 0.057470869282 0.984738173935 0.069025679788 0.677791371706 0.156404120033 0.715102834009
82.5 0.182409846633 0.055777472846 0.988979890881 0.073490999734 0.679557766629 0.155408479831 0.713195989310
82.6 0.183049662633 0.056036752517 0.993410629834 0.068724630957 0.681310827627 0.148789823933 0.713410169224
82.7 0.183981668309 0.053968535898 0.991824639253 0.078343338410 0.687938504076 0.156473577398 0.704357122143
82.8 0.182818531738 0.052622155280 0.969470710817 0.080775270027 0.680986000327 0.148827345618 0.712449187175
82.9 0.188187697837 0.053746656006 0.977351300004 0.075553631111 0.698597063863 0.150920469296 0.695324962255
83.0 0.197242320389 0.056091374815 0.997875049545 0.077233349815 0.699085938315 0.154044222357 0.693962706552
83.1 0.204567098562 0.057028491207 1.001492402996 0.081591733189 0.709376190762 0.146954861514 0.684494322645
83.3 0.212257365466 0.055566775394 1.000527327475 0.081330244379 0.702404299469 0.149311381573 0.691172701117
83.4 0.216814318474 0.054955463014 0.994227021442 0.085092934685 0.722304753567 0.155251840699 0.668529656336
83.5 0.219814435582 0.054094910230 0.994754607923 0.081415901418 0.709084231131 0.148866646081 0.684404650658
83.7 0.231263074202 0.056697848597 1.003987478553 0.086310937902 0.719043579599 0.148825665243 0.673333256271
83.8 0.228092625413 0.056988775968 0.979287736125 0.080190496958 0.722115743526 0.151314795506 0.670240382110
83.9 0.232956838948 0.058745730613 0.988547152795 0.080795738911 0.719784156807 0.162981837929 0.669940099328
84.0 0.239874664928 0.062246621960 1.008081593165 0.087648488045 0.738305943110 0.154135511672 0.650741362565
84.1 0.236035371527 0.061151396527 0.985376488451 0.085439278810 0.731285459195 0.151874191059 0.659436074913
84.2 0.238265044059 0.061318128031 0.986243432391 0.086202671983 0.738978749284 0.156307896316 0.649651713612
84.3 0.241053919405 0.062150499114 0.996080150237 0.085119866605 0.732792329228 0.151708343278 0.657840853940
84.6 0.242049111626 0.062495394434 1.000423301568 0.084666527684 0.735637485715 0.159124326475 0.652953687045
84.7 0.241487741661 0.062080563024 0.999712059269 0.084782340209 0.732488628513 0.159290870479 0.656428809902
84.8 0.241057568701 0.062832264660 0.998348557149 0.083771026868 0.740303349646 0.157354401350 0.648207496051
84.9 0.241304105947 0.064413034513 1.006959859669 0.085773354152 0.740324652746 0.160940857755 0.647039705551
85.0 0.241654293150 0.063862866097 1.003244275353 0.081130691345 0.739582814450 0.160801765571 0.648519748106
85.1 0.238621004011 0.064506658490 0.996535120548 0.077327432061 0.731455293657 0.158118284943 0.658780866145
85.2 0.239723290754 0.064750482759 0.996018809492 0.077292242334 0.748185981239 0.159177894052 0.639457617671
85.3 0.245545679750 0.065250849841 1.031183786714 0.087626877547 0.737716825047 0.165792158833 0.648543272607
85.4 0.238696646518 0.061232496275 1.004905840218 0.085143068891 0.742046312694 0.160977480465 0.645138883048
85.5 0.241444559559 0.063562016858 1.015139097538 0.076391689404 0.746289948007 0.162348731591 0.640982458921
85.6 0.241766395565 0.063950145679 1.025463572468 0.078642218055 0.746557990586 0.166195511117 0.639410369259
85.7 0.239534057726 0.064289767667 1.029152850202 0.083463085652 0.744540350657 0.163470521833 0.641849645998
85.9 0.236868421498 0.068349092611 1.046386504766 0.080248184795 0.742084291838 0.165901316480 0.644474891547
86.0 0.232453886165 0.069548394197 1.038186155178 0.079157402490 0.738272370833 0.166939714209 0.648705745247
86.1 0.230863838205 0.071759691627 1.041147268217 0.075392635969 0.739246024545 0.167394109325 0.647927833789
86.2 0.226578144862 0.071737279310 1.027195672403 0.072592580662 0.740336885270 0.162320715517 0.648292834185
86.3 0.224650532938 0.072303389451 1.026131769278 0.077301709253 0.742274352374 0.160501172738 0.645981892242
86.4 0.224520444425 0.074404302684 1.037412725102 0.078781954793 0.735465250093 0.168966811880 0.651409614596
86.5 0.223619575099 0.075377540618 1.038509199394 0.085648916916 0.736358222763 0.161076594918 0.651532931916
86.6 0.219743188756 0.075437584368 1.025156206443 0.079257874536 0.736809545010 0.158895976870 0.652366424826
86.7 0.219289451325 0.076170654692 1.020404474732 0.078684511931 0.744400928943 0.154161446430 0.644911042707
86.8 0.221553776613 0.078267430499 1.034464367522 0.078892147265 0.744640811537 0.152202010931 0.645074134314
86.9 0.222949571366 0.080581205037 1.050213414257 0.079828253174 0.740121881212 0.161386769266 0.647920798904
87.1 0.222245966038 0.084452988857 1.054303215270 0.075884907261 0.746353300581 0.156527313492 0.642415310911
87.2 0.222921830181 0.085244952890 1.059591111416 0.071610219019 0.744853805872 0.155506000566 0.644889655831
87.4 0.224173145365 0.084946866544 1.062506970898 0.076675973280 0.744518381160 0.157189055467 0.644286253213
87.5 0.220984593002 0.084630820581 1.047013688997 0.080021462164 0.745156435964 0.156755829589 0.643246501292
87.7 0.221621929512 0.087633236208 1.055331358531 0.080438462326 0.744121865716 0.157554975586 0.644196190931
87.8 0.219965789329 0.089155147276 1.051270602670 0.075269559200 0.744425343323 0.153127508538 0.645536496107
88.0 0.225196029260 0.092521187883 1.071260276361 0.082450897687 0.742241822095 0.152807764242 0.647247027179
88.1 0.224828271768 0.093329826529 1.066978714148 0.078048221247 0.745610749794 0.152970034244 0.643873631682
88.3 0.230272467844 0.095215154637 1.082523977884 0.080459529213 0.751847247356 0.157952169109 0.635061487634
88.5 0.227448717236 0.094735657911 1.079399137273 0.073966558610 0.748732923845 0.159239397167 0.639195409361
88.6 0.224550451848 0.094108823568 1.085484214318 0.079159586446 0.745695392697 0.161029084317 0.641671080218
88.7 0.222117324456 0.096417444421 1.096532452672 0.074984987853 0.747319293521 0.162373049796 0.639942276950
88.8 0.217290285323 0.100765229108 1.103970586173 0.074504607333 0.743339816578 0.160469530207 0.645092637108
91.5 0.167473783575 0.127267818339 1.149415105367 0.064930281303 0.735858043569 0.146810508653 0.657832556836
91.6 0.166045800213 0.124189744871 1.135760543403 0.074370597902 0.737321266989 0.142660165442 0.656105510272
91.8 0.169811743719 0.127560852045 1.149280274880 0.073194944457 0.737971495374 0.147786420327 0.654369731947
91.9 0.170216897816 0.126219193112 1.143755533909 0.079488061496 0.738280269780 0.144708293611 0.653975076812
93.4 0.183601503041 0.117951173751 1.193871853505 0.078437626517 0.736933336431 0.154841269745 0.653300067034
93.5 0.179212209208 0.119366682753 1.205013613703 0.074676864544 0.730485300307 0.148587907501 0.662371667330
93.7 0.175470962674 0.125569074624 1.221423161478 0.072130346486 0.732644986784 0.134829817826 0.663211472067
94.7 0.171702555463 0.082716269930 1.251984836617 0.102821554561 0.727230167169 0.168686360844 0.657349924730
94.8 0.177243550881 0.080044234290 1.264229801056 0.090909129603 0.721279712062 0.179504588059 0.662773875457
95.0 0.181187164791 0.073304545953 1.266146930388 0.103338371227 0.726617556777 0.184323198070 0.653737765369
95.4 0.186182585859 0.090966490093 1.240102933366 0.089626600238 0.729369348931 0.169856929500 0.656609510189
95.5 0.191745869984 0.094863743335 1.259002578872 0.098145415474 0.732626634167 0.168914109818 0.651992113322
95.8 0.196789865039 0.097975796490 1.254124147154 0.096175339125 0.738407032797 0.178101323389 0.643261437261
98.1 0.188605070990 0.121283415567 1.281274880546 0.093354077070 0.741404737022 0.178095202018 0.640223501001
98.2 0.190825629749 0.125446382483 1.297781808504 0.090293767146 0.739658493837 0.171731890282 0.644407096461
98.3 0.188440715919 0.122973464261 1.281604334944 0.092115774875 0.739188152372 0.177276972613 0.643186158428
98.4 0.191203512056 0.128073288002 1.309821720261 0.088342900349 0.738774449227 0.174003538919 0.645081865790
98.5 0.189990298873 0.128053549158 1.315489445305 0.093174896081 0.737196472143 0.181113414680 0.644249742897
98.6 0.185225954849 0.129808143952 1.317627820685 0.082117582133 0.736253518192 0.172304570887 0.649229231093
98.7 0.183117679892 0.134305295932 1.348703643215 0.092474636521 0.726187344240 0.190193850329 0.654161052007
98.8 0.176801080720 0.137694186755 1.346860842695 0.083581211953 0.724037641285 0.180004706776 0.660592143875
99.0 0.166569048021 0.138777816202 1.321026844665 0.090046296200 0.732448868581 0.182238575970 0.649768744157
99.3 0.166171862742 0.142406107764 1.319949184941 0.095722567716 0.727668364741 0.181875166575 0.654413756555
99.4 0.166921829119 0.142491764278 1.311534985587 0.101636489761 0.728660241001 0.178854453006 0.653249846363
100.6 0.178735126055 0.161200272978 1.296826911333 0.089533085999 0.743589290685 0.167785106925 0.641020242414
102.7 0.171558105705 0.156287210031 1.364150877136 0.079852743812 0.745977890828 0.195351602459 0.631647272707
103.0 0.170289994324 0.155357493935 1.368131886107 0.090376339594 0.735351736795 0.208905501796 0.638316874095
104.0 0.191154539259 0.159044652947 1.340105759246 0.077698009752 0.752022561889 0.201304053144 0.622817600810
