40.0 -0.158517648490 -0.045657445850 1.021468363110 0.137864434478 0.634557808700 0.610801172263 0.453047142233
40.1 -0.137686904681 -0.034517430012 0.909788841478 0.152106777183 0.674975385293 0.615210464533 0.377872785356
40.6 -0.120418759689 -0.051458520032 1.008602412866 0.112483151398 0.633788089692 0.652917388841 0.399198047797
40.9 -0.119000910597 -0.044183620668 1.001113844373 0.115571660206 0.638843590136 0.665484510729 0.368310228855
41.2 -0.122109944762 -0.031187625412 0.954384392866 0.038353084475 0.593669953984 0.650406639469 0.472288291176
41.3 -0.125917803100 -0.028240108266 1.018154883487 0.078006801140 0.619133228770 0.633348608409 0.457666389671
41.5 -0.118456852484 -0.025444680481 1.002549459543 0.139978580423 0.669151930298 0.625327388726 0.376307518011
41.6 -0.124483584325 -0.028069038443 0.985665363211 0.107881802955 0.637915835756 0.656138541819 0.388467652480
41.7 -0.131911400403 -0.022545334816 0.987085659494 0.066485211321 0.631853778575 0.630208418983 0.446293477232
42.0 -0.117957378785 -0.030391250042 1.019942707641 0.097754780452 0.634377153949 0.662554736664 0.386045140328
42.1 -0.115946709421 -0.026390050967 0.991499132724 0.046847241216 0.648344738817 0.640400741513 0.409073741406
42.2 -0.107100267813 -0.024910302189 0.921726847854 0.097298367079 0.663360123074 0.637179161442 0.380117207059
42.3 -0.110332446631 -0.027656649022 0.998420799022 0.135830023658 0.652206414488 0.676476575113 0.313937001478
42.4 -0.103508761758 -0.024868223773 0.926900371923 0.121923958196 0.670762678958 0.657635235000 0.320511894664
42.5 -0.100533455022 -0.029765787970 0.958766279842 0.152623816595 0.666264168222 0.670205324532 0.289176160361
42.6 -0.093778375551 -0.024258030951 0.926505676268 0.166633091428 0.677426845072 0.664167733450 0.268714540472
42.7 -0.087936298553 -0.020928003784 0.914898423920 0.156813573823 0.682460585205 0.662436731003 0.266147759946
42.8 -0.086856521899 -0.015692764121 0.922709388601 0.139914598695 0.680941363346 0.660010770849 0.284830734155
42.9 -0.081544683887 -0.014073466512 0.920604933127 0.156101411014 0.686066881576 0.659611071400 0.264306295746
43.0 -0.077255412155 -0.007462521150 0.925105138872 0.159708080584 0.699081587452 0.653414694375 0.242543811005
43.1 -0.076511672070 -0.006836253712 0.904568150146 0.153820665976 0.689419104372 0.665651608669 0.240724816175
43.2 -0.080699561066 -0.008584121566 0.888868847005 0.141722416291 0.688545789066 0.659371841831 0.266548733408
43.3 -0.081032478791 -0.014131291742 0.900551045785 0.142997256461 0.692149193051 0.670223667420 0.226454222382
43.4 -0.080050215435 -0.018264484017 0.891761896160 0.141691821067 0.694341652224 0.666663464118 0.231025806871
43.5 -0.080110429088 -0.023406594177 0.885118852909 0.136708677949 0.687788679710 0.673950199583 0.232483543326
43.6 -0.079795965694 -0.024219109919 0.885592934349 0.132387522445 0.688395697176 0.670039755299 0.244195893351
43.7 -0.077986751494 -0.024655241052 0.887832841272 0.131316738348 0.689307858155 0.674021232276 0.230880855327
44.1 -0.062583412548 -0.029155204798 0.887339536233 0.132248255761 0.691900882649 0.683519689051 0.191270494632
47.5 -0.104308714594 -0.097852608941 0.835416409702 0.087599718667 0.656065489363 0.718750884828 0.212841557303
47.6 -0.100835245874 -0.100956788860 0.837986334915 0.090468172878 0.660769359220 0.715710435073 0.207262965191
48.1 -0.074093205380 -0.106289493709 0.857303986761 0.104121386057 0.664854119739 0.713879825404 0.193657768531
48.5 -0.069519589404 -0.103433602016 0.837330408121 0.104372311168 0.664071922501 0.715031602424 0.191949758902
48.6 -0.071513254695 -0.106565758935 0.841477220593 0.101189640419 0.660057665093 0.719036551035 0.192538239576
54.1 -0.068145557366 -0.109910399066 0.799973300440 0.040685513754 0.631913457395 0.771249288467 0.064842936188
54.2 -0.070850964859 -0.109299899907 0.797770703790 0.034339360418 0.629005023620 0.773211240416 0.072923701787
54.3 -0.071668469062 -0.109714509081 0.802435239148 0.046176120808 0.635470829181 0.767339571737 0.072350347425
61.0 -0.205675931116 -0.119094108184 0.931261071014 0.026482422884 0.613629031717 0.652386961973 0.444015027403
67.6 -0.169717639575 -0.080925965095 1.180137310479 0.066153620941 0.604485483951 0.587683920270 0.533712102153
69.8 -0.119949382591 -0.103342743802 0.898237664851 -0.005754529226 0.503224844230 0.679538730400 0.533815282126
72.3 -0.132570365283 -0.009850689984 0.933284046474 0.269622123769 0.639580000742 0.638065729807 0.333336852855
72.4 -0.135009449954 -0.008289646874 0.936821290942 0.262987655960 0.607627893682 0.664203760434 0.347072327127
72.5 -0.130005181687 -0.006807731451 0.913577660034 0.267640537150 0.626291839464 0.645588664559 0.345459622661
72.6 -0.130443241076 -0.007695275134 0.926020553535 0.275171390017 0.643087772209 0.632949489159 0.331803808785
72.8 -0.132951617864 -0.022621680771 0.930597576778 0.247485392446 0.641727558330 0.644456070846 0.334085459358
73.3 -0.128247640009 -0.035948600297 0.908082745699 0.271391044186 0.639910456641 0.652130859436 0.302633195119
74.2 -0.106895750240 -0.070544799168 0.897913650274 0.238519507408 0.626117181458 0.674518080782 0.310017867818
