0.0 -0.039798904815 0.008391905792 0.846756013583 0.039123877945 0.877000662083 0.392747267694 0.274023255581
0.1 -0.035296832966 0.013335265264 0.801302103725 0.042782977062 0.897418098810 0.331931881931 0.287457124734
0.2 -0.040235303509 0.010583412159 0.898447983281 0.057961619093 0.889633799090 0.386996852272 0.235426401580
0.3 -0.042058533098 0.011165222597 0.853696144416 0.047807057912 0.882177229083 0.400214294673 0.243528930603
0.4 0.000000000000 0.000000000000 0.000000000000 0.000000000000 0.000000000000 0.000000000000 0.000000000000
0.5 -0.043762564502 0.019538795082 0.897880805335 0.086787760510 0.901650170136 0.362859807775 0.218695256514
0.6 -0.037608765026 0.026848049012 1.190690477725 -0.139414098361 0.842709252613 0.448192629758 0.263681989086
0.7 -0.046275659130 0.019148277005 0.873771142519 0.043382976402 0.883185791326 0.382544110705 0.267882023890
0.8 0.000000000000 0.000000000000 0.000000000000 0.000000000000 0.000000000000 0.000000000000 0.000000000000
0.9 -0.048918414841 0.020612933411 0.938869928428 -0.045294346500 -0.890302741510 -0.399703729034 -0.213415977918
1.0 -0.060997745712 0.012313073722 1.026293218768 0.065929403803 -0.906090763905 -0.398887330409 -0.124666510816
1.1 0.000000000000 0.000000000000 0.000000000000 0.000000000000 0.000000000000 0.000000000000 0.000000000000
1.2 -0.055475016537 0.028923074268 0.815036527584 0.065610377740 0.902944783671 0.348715112842 0.242453636907
1.3 -0.064472371843 0.026972578019 0.897047354201 0.062754543143 0.889303094246 0.402636430380 0.207571141563
1.4 0.000000000000 0.000000000000 0.000000000000 0.000000000000 0.000000000000 0.000000000000 0.000000000000
1.5 -0.136370303184 0.022944436405 1.207069621400 0.641484265416 -0.411172401802 0.168493449986 0.625336030093
1.6 -0.080593990644 0.030334982594 0.916757689289 0.023523357750 0.883742722439 0.376607387392 0.276789320490
1.7 0.000000000000 0.000000000000 0.000000000000 0.000000000000 0.000000000000 0.000000000000 0.000000000000
1.8 -0.080716888057 0.034219286865 0.837208931538 0.046588004860 0.894261135028 0.342197564501 0.284653134588
1.9 -0.000015769322 0.000009454973 0.000147991382 -0.050145370339 -0.998242660514 0.001064893156 -0.031557860622
2.0 -0.000000000000 0.000000000000 0.000000000000 -0.124806108779 0.689483803353 0.568290923471 0.431371007865
2.1 -0.081267532144 0.038247478367 0.902747810587 0.041228736629 0.890195615254 0.367488363992 0.266090699179
2.2 -0.073519329498 0.039464481998 0.844321583230 0.045543159924 0.892328198659 0.359526364845 0.269104068053
2.3 -0.070752728059 0.035803621650 0.830373755614 0.038278393181 0.884399186547 0.377043139524 0.272417536860
2.4 -0.072598750953 0.040530988862 0.860555912606 0.046150497878 0.889936943459 0.357979292284 0.278806733254
2.5 -0.074910733480 0.040588637614 0.909177902683 0.049233060986 0.898464660243 0.369202524720 0.232436777943
2.6 -0.071434736419 0.040102718385 0.838948910820 0.052849698151 0.892402924823 0.345982898273 0.284815314325
2.7 -0.077628002663 0.041280958399 0.884124001272 0.060355648940 0.899711948669 0.367539122976 0.227575477907
2.8 -0.079276304301 0.035423458336 0.834275717095 0.018780080008 0.868483869496 0.398025265037 0.294888055730
2.9 -0.082144787154 0.039454086977 0.864795885694 0.046516221684 0.897377432626 0.368974610412 0.237503097673
3.0 -0.086186389533 0.044654186548 0.886167024598 -0.045954215378 -0.917840440869 -0.325103929495 -0.223079739604
3.1 -0.086948127888 0.038769738557 0.884092967418 0.041255694529 0.885554777489 0.388028034232 0.252041560830
3.2 -0.088608387053 0.038392851868 0.868811506300 0.023232834541 0.888647243791 0.351706589102 0.293374822853
3.3 -0.096731867569 0.035036393523 0.932909763835 0.046804485535 0.870488192324 0.441819583577 0.211790232840
3.4 -0.093280364607 0.036493215311 0.899573037017 0.031199633813 0.890964648293 0.402662409259 0.207536894337
3.5 0.000000000000 0.000000000000 0.000000000000 0.000000000000 0.000000000000 0.000000000000 0.000000000000
3.6 -0.089741309897 0.036051182389 0.850929697047 0.018679215280 0.881178699427 0.381607474223 0.278479662112
3.7 -0.099077176003 0.037012515186 0.953685538451 0.043382609586 0.882635213737 0.401540290346 0.240496203476
3.8 -0.094526311784 0.039418843729 0.866986627833 0.033013555346 0.883945574805 0.394605743555 0.248669726947
3.9 -0.094202289659 0.042534260640 0.865789002526 0.035568530419 0.894903180392 0.344906842449 0.280931392692
4.0 0.000000000000 0.000000000000 0.000000000000 0.000000000000 0.000000000000 0.000000000000 0.000000000000
4.1 0.000000000000 -0.000000000000 0.000000000000 -0.018071958059 -0.630742817935 0.015489537602 -0.775626827915
4.2 -0.093277814157 0.039176665421 0.872667769168 0.035255761495 0.894255694847 0.355410889792 0.269716300826
4.3 -0.091465538733 0.035842383191 0.822683003040 0.042693751317 0.890895031440 0.381582219014 0.242648504396
4.4 0.000000000000 -0.000000000000 0.000000000000 0.001740751258 0.358736899337 0.181400904288 0.915641042529
4.5 -0.100823263939 0.035394905480 0.873613399667 -0.364860369269 -0.662373508552 -0.060881528160 0.651484217487
4.6 0.000000000000 0.000000000000 0.000000000000 0.000000000000 0.000000000000 0.000000000000 0.000000000000
4.7 0.000000000000 0.000000000000 0.000000000000 0.000000000000 0.000000000000 0.000000000000 0.000000000000
4.8 -0.098492265986 0.042368007811 0.823644180154 -0.000448005205 0.897384470762 0.326995905683 0.296267765025
4.9 0.000000000000 0.000000000000 0.000000000000 0.000000000000 0.000000000000 0.000000000000 0.000000000000
5.0 0.000000000000 0.000000000000 0.000000000000 0.000000000000 0.000000000000 0.000000000000 0.000000000000
5.1 -0.109791613380 0.048408127365 0.883594979519 0.026842551496 0.898904947038 0.335422486931 0.280608497521
5.2 0.000000000000 0.000000000000 0.000000000000 0.000000000000 0.000000000000 0.000000000000 0.000000000000
5.3 -0.096168833110 0.048069806452 0.772316929825 0.042607361389 0.898021647933 0.351030438452 0.261762036742
5.4 -0.124898977938 0.056280971760 0.927640498394 0.013677223893 0.889756400443 0.388258342197 0.239587022045
5.5 -0.112936602987 0.051010374923 0.823267750928 0.006586223854 0.876009633696 0.382941920375 0.293119820119
5.6 -0.121031912825 0.054398437853 0.866537168238 0.005377203732 0.883068108019 0.390171172293 0.260630502036
5.7 0.000000000000 0.000000000000 0.000000000000 0.000000000000 0.000000000000 0.000000000000 0.000000000000
5.8 -0.000000000000 0.000000000000 0.000000000000 -0.019337995250 -0.722201680061 0.598467467747 0.346247693574
5.9 0.000000000000 0.000000000000 0.000000000000 0.000000000000 0.000000000000 0.000000000000 0.000000000000
6.0 0.000000000000 0.000000000000 0.000000000000 0.000000000000 0.000000000000 0.000000000000 0.000000000000
6.1 -0.106816083206 0.047663536886 0.846353281033 0.033144150234 0.897140284272 0.371161718758 0.237233543517
6.2 -0.111471156430 0.053704743269 0.872794115403 0.007501383135 0.896873281918 0.337801295813 0.285398545863
6.3 0.000000000000 0.000000000000 0.000000000000 0.000000000000 0.000000000000 0.000000000000 0.000000000000
6.4 0.000000000000 0.000000000000 0.000000000000 0.000000000000 0.000000000000 0.000000000000 0.000000000000
6.5 -0.102158544218 0.051987220131 0.853635751982 0.007064368286 0.884799644438 0.368154057991 0.285556077659
6.6 -0.108558903063 0.054753550134 0.939114337078 0.027639028246 0.910266423917 0.358451531217 0.205337822563
6.7 -0.100192820839 0.047929546957 0.815114926104 -0.023951866713 0.865895626818 0.389178909779 0.313354188931
6.8 -0.098788549258 0.051283108142 0.850040058363 -0.000767872235 0.899425588902 0.339637014045 0.275099471265
6.9 -0.093404068241 0.051820705935 0.771955000120 0.013454485512 0.901800009225 0.320455371149 0.289627476741
7.0 -0.101651166931 0.055005644732 0.898932258776 0.017283847019 0.905529400019 0.347581959086 0.242702608249
7.1 -0.105324916107 0.054982970993 0.894591611684 -0.004333227333 0.883027844966 0.379803593522 0.275666970279
7.2 -0.096609526197 0.053549357149 0.818181437372 -0.014115062324 0.888904397198 0.361497680750 0.281014527150
7.3 0.000000000000 0.000000000000 0.000000000000 0.000000000000 0.000000000000 0.000000000000 0.000000000000
7.4 0.000000000000 0.000000000000 0.000000000000 0.000000000000 0.000000000000 0.000000000000 0.000000000000
7.5 -0.101709281176 0.055754657308 0.835276465514 0.004807841643 0.889071089382 0.373262433335 0.264961579376
7.6 0.000000000000 0.000000000000 0.000000000000 0.000000000000 0.000000000000 0.000000000000 0.000000000000
7.7 -0.067852202568 0.033245257338 0.677391247444 -0.080226357414 0.713254670179 -0.556534431562 0.418450634519
7.8 0.000000000000 0.000000000000 0.000000000000 0.000000000000 0.000000000000 0.000000000000 0.000000000000
7.9 -0.136932844565 0.040156360507 1.053735248324 -0.225087113253 -0.532450234576 0.809814133364 0.100167901802
8.0 -0.102657554368 0.046753858458 0.849502423604 -0.002414810186 0.882823767514 0.393643039583 0.256245042083
8.1 -0.103276677234 0.050204436550 0.847791357178 0.003224683354 0.893490266708 0.362729076765 0.264749620556
8.2 0.000000000000 0.000000000000 0.000000000000 0.000000000000 0.000000000000 0.000000000000 0.000000000000
8.3 0.000000000000 0.000000000000 0.000000000000 0.000000000000 0.000000000000 0.000000000000 0.000000000000
8.4 0.000000000000 0.000000000000 0.000000000000 0.000000000000 0.000000000000 0.000000000000 0.000000000000
8.5 0.000000000000 0.000000000000 0.000000000000 0.000000000000 0.000000000000 0.000000000000 0.000000000000
8.6 0.000000000000 0.000000000000 0.000000000000 0.000000000000 0.000000000000 0.000000000000 0.000000000000
8.7 0.000000000000 0.000000000000 0.000000000000 0.000000000000 0.000000000000 0.000000000000 0.000000000000
8.8 -0.103917346932 0.046090494718 0.863245739149 -0.025585129575 0.880512789658 0.380437217864 0.281620581027
8.9 0.000000000000 0.000000000000 0.000000000000 0.000000000000 0.000000000000 0.000000000000 0.000000000000
9.0 0.000000000000 0.000000000000 0.000000000000 0.000000000000 0.000000000000 0.000000000000 0.000000000000
9.1 -0.102077239465 0.045815964477 0.895435633093 -0.006530974391 0.891733756425 0.382004355416 0.242571487337
9.2 0.000000000000 0.000000000000 0.000000000000 0.000000000000 0.000000000000 0.000000000000 0.000000000000
9.3 0.000000000000 0.000000000000 0.000000000000 0.000000000000 0.000000000000 0.000000000000 0.000000000000
9.4 0.000000000000 0.000000000000 0.000000000000 0.000000000000 0.000000000000 0.000000000000 0.000000000000
9.5 0.000000000000 0.000000000000 0.000000000000 0.000000000000 0.000000000000 0.000000000000 0.000000000000
9.6 0.000000000000 0.000000000000 0.000000000000 0.000000000000 0.000000000000 0.000000000000 0.000000000000
9.7 -0.076374335407 0.032418465130 0.857538574407 0.007098895889 0.898207137255 0.364479696184 0.245617783009
9.8 -0.085690921318 0.028437014817 0.951550337637 0.007844363962 0.890250496345 0.399476146752 0.218658015832
9.9 0.000000000000 0.000000000000 0.000000000000 0.000000000000 0.000000000000 0.000000000000 0.000000000000
10.0 -0.061028690110 0.028274874727 0.783769806324 0.041145270861 0.925858022343 0.320785901820 0.195423627903
10.1 0.000000000000 0.000000000000 0.000000000000 0.000000000000 0.000000000000 0.000000000000 0.000000000000
10.2 0.000000000000 0.000000000000 0.000000000000 0.000000000000 0.000000000000 0.000000000000 0.000000000000
10.3 -0.080696755699 0.034070447617 0.890304858030 0.002251600101 0.897014376777 0.377359518042 0.230130250716
10.4 0.000000000000 0.000000000000 0.000000000000 0.000000000000 0.000000000000 0.000000000000 0.000000000000
10.5 -0.075252755375 0.037381686101 0.799721434766 -0.009558867972 0.916918116011 0.298582035567 0.264610212596
10.6 -0.076310149052 0.029570822361 0.869704916646 0.038130718890 0.888197860529 0.427578774403 0.163789500605
10.7 0.000000000000 0.000000000000 0.000000000000 0.000000000000 0.000000000000 0.000000000000 0.000000000000
10.8 -0.082434516203 0.035633844446 0.859767978239 -0.003474634547 0.904508617640 0.360377504664 0.227991538576
10.9 -0.088089410927 0.041528538955 0.882723789097 -0.006423777221 0.912298410589 0.321964486716 0.253000423748
11.0 0.000000000000 0.000000000000 0.000000000000 0.000000000000 0.000000000000 0.000000000000 0.000000000000
11.1 0.000000000000 0.000000000000 0.000000000000 0.000000000000 0.000000000000 0.000000000000 0.000000000000
11.2 -0.087419959531 0.039669102599 0.853091447141 -0.001418183038 0.898964623762 0.368793185186 0.236330659336
11.3 -0.092668511490 0.039705014590 0.886030625249 -0.005053568376 0.895160742357 0.371890177547 0.245681506496
11.4 0.000000000000 0.000000000000 0.000000000000 0.000000000000 0.000000000000 0.000000000000 0.000000000000
11.5 -0.087777515386 0.037155238625 0.863873209857 -0.003301462501 0.903522719630 0.365086081784 0.224383485012
11.6 -0.095907544454 0.040083630527 0.953505127717 -0.026493818505 0.923819433481 0.323027745762 0.203737103569
11.7 0.000000000000 0.000000000000 0.000000000000 0.000000000000 0.000000000000 0.000000000000 0.000000000000
11.8 -0.091012267630 0.028040947947 0.940192291963 -0.004457834993 0.868373539775 0.455376161789 0.196316261170
11.9 0.000000000000 0.000000000000 0.000000000000 0.000000000000 0.000000000000 0.000000000000 0.000000000000
12.0 -0.081629021704 0.034433987771 0.922842701372 0.018973105482 0.926195151769 0.310123048731 0.213603035452
12.1 0.000000000000 0.000000000000 0.000000000000 0.000000000000 0.000000000000 0.000000000000 0.000000000000
12.2 -0.073736481992 0.036195777763 0.843328072163 0.010949733078 0.919479416120 0.313940784781 0.236387161938
12.3 -0.079930106903 0.030413408132 0.932489576703 0.018798136009 0.907145427493 0.368210795133 0.202865999638
12.4 -0.079771609432 0.034366660866 0.886528124236 -0.005334431768 0.919613253660 0.315699754931 0.233702101547
12.5 0.000000000000 0.000000000000 0.000000000000 0.000000000000 0.000000000000 0.000000000000 0.000000000000
12.6 0.000000000000 0.000000000000 0.000000000000 0.000000000000 0.000000000000 0.000000000000 0.000000000000
12.7 0.000000000000 0.000000000000 0.000000000000 0.000000000000 0.000000000000 0.000000000000 0.000000000000
12.8 0.000000000000 0.000000000000 0.000000000000 0.000000000000 0.000000000000 0.000000000000 0.000000000000
12.9 0.000000000000 0.000000000000 0.000000000000 0.000000000000 0.000000000000 0.000000000000 0.000000000000
13.0 0.000000000000 0.000000000000 0.000000000000 0.000000000000 0.000000000000 0.000000000000 0.000000000000
13.1 0.000000000000 0.000000000000 0.000000000000 0.000000000000 0.000000000000 0.000000000000 0.000000000000
13.2 -0.091676232118 0.044113026584 1.026928013288 -0.001761156258 -0.887554028678 -0.428565240806 -0.169046085077
13.3 -0.022377846712 -0.035893665965 0.018070618350 0.657807584537 -0.558007621282 0.500658266897 0.072511903188
13.4 -0.022503798744 -0.021783490095 0.516527598454 0.468410567715 0.177303263690 0.839988660311 -0.208744205396
13.5 0.000000000000 0.000000000000 0.000000000000 0.000000000000 0.000000000000 0.000000000000 0.000000000000
13.6 0.000000000000 0.000000000000 0.000000000000 0.000000000000 0.000000000000 0.000000000000 0.000000000000
13.7 0.000000000000 0.000000000000 0.000000000000 0.000000000000 0.000000000000 0.000000000000 0.000000000000
13.8 0.000000000000 0.000000000000 0.000000000000 0.000000000000 0.000000000000 0.000000000000 0.000000000000
13.9 -0.080413775273 0.039933108145 0.921345267171 0.017609916460 0.910391077085 0.336859965187 0.239589944405
14.0 -0.081150890643 0.036781463181 0.871618229785 -0.003965829167 0.887550317894 0.353079870980 0.295927879920
14.1 -0.072925524334 0.037151796472 0.814443207635 0.020400050638 0.913915694132 0.309756649088 0.261520095401
14.2 0.000000000000 0.000000000000 0.000000000000 0.000000000000 0.000000000000 0.000000000000 0.000000000000
14.3 -0.095958167492 0.035693767900 0.982972684091 0.016203713092 0.900669595383 0.385379726023 0.200035462871
14.4 0.000000000000 0.000000000000 0.000000000000 0.000000000000 0.000000000000 0.000000000000 0.000000000000
14.5 0.000000000000 0.000000000000 0.000000000000 0.000000000000 0.000000000000 0.000000000000 0.000000000000
14.6 0.000000000000 0.000000000000 0.000000000000 0.000000000000 0.000000000000 0.000000000000 0.000000000000
14.7 0.000000000000 0.000000000000 0.000000000000 0.000000000000 0.000000000000 0.000000000000 0.000000000000
14.8 0.000000000000 0.000000000000 0.000000000000 0.000000000000 0.000000000000 0.000000000000 0.000000000000
14.9 -0.090218659380 0.038850694554 0.808124568163 0.032497476031 0.917297341497 0.275227396263 0.285935974793
15.0 0.000000000000 0.000000000000 0.000000000000 0.000000000000 0.000000000000 0.000000000000 0.000000000000
15.1 0.000000000000 0.000000000000 0.000000000000 0.000000000000 0.000000000000 0.000000000000 0.000000000000
15.2 -0.115397561851 0.035243553716 0.975099259675 0.025923433111 0.886799020182 0.379315641491 0.262745347324
15.3 -0.100626962932 0.041858740612 0.878780183241 0.051977902239 0.926085667252 0.242322213124 0.284505851639
15.4 -0.098816650232 0.023318937136 0.945322274138 0.477149819151 -0.651607678810 0.481816613504 0.339982696548
15.5 0.000000000000 0.000000000000 0.000000000000 0.000000000000 0.000000000000 0.000000000000 0.000000000000
15.6 -0.000000000000 0.000000000000 0.000000000000 -0.031837811832 0.955917996077 0.018282815714 0.291329499301
15.7 -0.080284231355 -0.040816427238 0.636349939935 -0.019150171973 -0.285510291021 0.609143850652 0.739635662909
15.8 -0.102815138498 0.040429222458 0.927749394303 0.046251993007 0.925844011717 0.265377940740 0.265043708996
15.9 -0.107205164970 0.032416526179 0.949895811769 0.048032289758 0.887927644513 0.414011025088 0.194607986363
16.0 -0.033836875898 0.040896126099 0.588603788930 -0.255880864671 0.932412352816 0.053077072611 0.249629749376
16.1 -0.099484966168 0.039431847605 0.844491229279 0.007934658947 0.904404905863 0.290743409882 0.312181160625
16.2 -0.106826807424 0.040247463020 0.953624166766 0.063733608038 0.922523214114 0.281276375189 0.256461590474
16.3 -0.100651063631 0.038971770062 0.886385290380 0.047106756829 0.905356023248 0.270876780911 0.323631262693
16.4 0.000000000000 0.000000000000 0.000000000000 0.000000000000 0.000000000000 0.000000000000 0.000000000000
16.5 -0.154522177001 0.048719842243 1.199800880975 -0.189235155880 -0.954219658520 -0.167272201352 0.160233921899
16.6 -0.098649317137 0.037429972981 0.893475506354 0.038789976191 0.908747015907 0.290852195482 0.296781399703
16.7 -0.118622402230 0.040217897204 1.022046797280 0.039332169485 0.883038023005 0.312449448214 0.347954268090
16.8 -0.101471844924 0.037238417840 0.901213504303 0.034907424889 0.892845113324 0.287202409823 0.345143232721
16.9 0.000000000000 0.000000000000 0.000000000000 0.000000000000 0.000000000000 0.000000000000 0.000000000000
17.0 -0.106480943504 0.037562881107 0.937685464213 0.031675421000 0.910204427323 0.259002869998 0.321624130808
17.1 -0.105086290078 0.038646793608 0.915627116437 0.019025923316 0.908924005515 0.251982211237 0.331662677522
17.2 -0.107519460487 0.039198153218 0.922684926613 0.014083339861 0.908001285269 0.252560083191 0.333989116389
17.3 -0.103084376004 0.037010053027 0.850317307741 0.031636004389 0.895803300132 0.280834789258 0.343026867522
17.4 -0.110998171474 0.037470895566 0.916490555872 0.011504175142 0.890902770450 0.283881420900 0.354360334160
17.5 -0.104802094697 0.037911694110 0.876132901897 0.031782490961 0.906150563818 0.234796192956 0.350359496423
17.6 -0.110962819780 0.035222568013 0.892752010415 0.021494327102 0.891527867178 0.323791171515 0.316030589021
17.7 -0.118221426950 0.035153924952 0.959202035170 0.033336331598 0.904383221310 0.287769502754 0.313318354541
17.8 -0.163445836519 0.038706919006 1.221259530276 0.289957804632 0.869742199620 0.210310747927 -0.339473661775
17.9 -0.117804334081 0.036190210746 0.935712823026 0.032973690968 0.907505518905 0.263635046546 0.325335259529
18.0 -0.121024188243 0.034737514526 0.947848243174 0.041909937215 0.888923137517 0.316763242900 0.328207648749
18.1 -0.095811169043 0.014494838908 0.837844312596 0.371748305541 -0.861612007831 0.210947335555 0.273731925268
18.2 -0.129919849020 0.033355267124 0.999525583501 0.034737587094 0.897578700409 0.344164729511 0.273306449933
18.3 -0.118066777246 0.036024292032 0.933397144859 0.044531643490 0.904049469319 0.271055356681 0.327475927918
18.4 -0.124851564036 0.033910545981 0.983880090315 0.054712718912 0.898858438161 0.309685692110 0.305212710480
18.5 -0.131943120626 0.031350278473 1.017410046270 0.026171664435 0.877062169616 0.346851491665 0.331317125030
18.6 -0.115836494812 0.032245225076 0.934123611903 0.045942044876 0.905235857856 0.281173319734 0.315244245679
18.7 -0.120531972577 0.032296449447 0.961150015036 0.050141847803 0.895408080179 0.295874598718 0.328920031136
18.8 -0.117812846968 0.032343124185 0.959151252758 0.049739589942 0.894034344403 0.300904722532 0.328153793484
18.9 -0.105406114407 0.032324583023 0.888712545751 0.050953019932 0.908569625436 0.244085118601 0.335152920877
19.0 -0.160082690988 0.028341801979 1.264390093162 0.107288090762 0.871050375833 0.081359195608 0.472378227304
19.1 -0.115339885026 0.030424988515 0.939886500174 0.047269266261 0.880579908261 0.302224842061 0.361945833620
19.2 -0.114678274703 0.039813343274 1.113931612832 -0.080142745702 0.841456912424 0.326060368016 0.423334431927
19.3 -0.112116133381 0.031200032961 0.936387442579 0.057373821176 0.880669700696 0.278544244129 0.378869670180
19.4 -0.111276990545 0.030737036852 0.960340708094 0.059680198313 0.891040396984 0.307905004285 0.328145993740
19.5 -0.107627746901 0.032803752347 0.934001648826 0.050016625375 0.894181083262 0.268960157336 0.354399437482
19.6 -0.107522687939 0.031876018188 0.939428911820 0.057738121825 0.890383790082 0.297104588376 0.340017468983
19.7 -0.105663081243 0.033555448132 0.928602708993 0.047654070039 0.892641741751 0.277915325201 0.351685772402
19.8 -0.103751350814 0.035861297263 0.907860059320 0.049101314031 0.901948517478 0.233794278500 0.359747367079
19.9 -0.108294491649 0.033463707848 0.937284523741 0.039977555484 0.895102304634 0.298273299534 0.328978263843
20.0 0.000000000000 0.000000000000 0.000000000000 0.000000000000 0.000000000000 0.000000000000 0.000000000000
20.1 -0.049885345714 0.011615284036 0.672348082310 0.317694056102 0.596634327162 0.484394410616 -0.555391772836
20.2 -0.010783003358 0.019379468720 0.017138816400 0.968505893050 0.181566294526 -0.021127940593 -0.169066927414
20.3 -0.212415443999 0.059423556648 1.459293873813 0.274935655492 0.880091876215 0.128814715217 0.365041701594
20.4 -0.120424827840 0.034054876568 0.987400101470 0.048756005879 0.886574348744 0.307919033910 0.341752314690
20.5 -0.118887414550 0.033728833310 0.966314673087 0.050911904413 0.884511915464 0.306029408036 0.348414481342
20.6 -0.113763688295 0.034463030251 0.928374367280 0.048128448250 0.891816441143 0.271610023370 0.358573678595
20.7 -0.132376465738 0.034736521276 1.052833247976 0.058587106254 0.881954428498 0.286014676544 0.370026406942
20.8 -0.117831768915 0.033709855571 0.953819388964 0.067882026668 0.893219047493 0.274955004064 0.349215562928
20.9 -0.114777486070 0.035195421696 0.921104415738 0.291460251907 -0.350053774892 -0.045077640662 0.889090143098
21.0 -0.121356042483 0.032945031207 0.952872604356 0.046607355863 0.878621324520 0.285333480347 0.380048848797
21.1 -0.122990818424 0.033153070033 0.950279697708 0.041241313751 0.885124391811 0.282406954022 0.367559896319
21.2 -0.246572626068 0.074904589073 1.846707485218 0.211109936053 0.802587762547 0.035350102638 -0.556808628303
21.3 -0.124194319012 0.031677087379 0.970651563853 0.046693101197 0.886750759317 0.318136236795 0.332087608906
21.4 -0.114810481150 0.034187034465 0.920076832171 0.248393837203 -0.357906087183 -0.051505823464 0.898638350253
21.5 -0.114992305833 0.033359146725 0.927006589087 0.061000048177 0.891557049121 0.262208541754 0.364213814835
21.6 -0.000000000001 0.000000000000 0.000000000004 -0.201046543627 -0.971740966847 -0.050530781322 0.112900047770
21.7 -0.122430990220 0.034808788586 0.973413790160 0.059263448083 0.892372546534 0.270440406710 0.356400151981
21.8 -0.120152394324 0.032068448974 0.959322822547 0.060915699913 0.873372766193 0.286651711521 0.389024530149
21.9 -0.113635878771 0.033339722353 0.892313891852 0.042157512248 0.879536932769 0.303919469391 0.363690093599
22.0 -0.209649143751 0.049688957273 1.497787957546 -0.246105323077 -0.945450295484 -0.212625402519 -0.018610398316
22.1 -0.087753624943 -0.018554518039 0.809173815564 -0.491488752564 0.226119852863 0.720063987458 0.434530174108
22.2 -0.139268189817 0.033526930106 1.150234896350 -0.078629649540 -0.902648835999 -0.361609741764 -0.219729041650
22.3 -0.120290577911 -0.029833578844 0.974802786572 0.175145583228 0.300083866850 0.930146500881 0.118748408118
22.4 -0.117438310913 0.036797355618 0.942277476150 0.044261553931 0.860233264433 0.249789297115 0.442317705562
22.5 -0.124999692434 0.035167525828 0.995887011859 0.075401550461 0.869161634878 0.247940561859 0.421186581494
22.6 -0.192582191797 0.016068967713 1.489132787071 -0.544592317995 0.508108116414 0.357642297154 0.563327024473
22.7 -0.115439765619 0.033246613793 0.958257745649 0.063410644896 0.880476616290 0.282942295780 0.375078225892
22.8 -0.136450741036 0.035217489387 1.066962153997 0.051264414309 0.864814500611 0.279308476308 0.414070784312
22.9 -0.119078971813 0.031842598699 0.961518176511 0.073392048164 0.886513773290 0.253971251065 0.379744046254
23.0 -0.166669765366 0.019642504266 1.286904196230 0.097736814263 -0.928352769336 -0.267531101952 -0.238821607674
23.1 -0.130811204696 0.037904498049 1.124110380423 -0.091733984493 0.777954253889 0.344962207495 0.517081357570
23.2 -0.131564184877 0.032030597556 1.004092232986 0.065375047614 0.864474511887 0.310978584917 0.389489718952
23.3 -0.128270585087 0.035752822828 0.969260016162 0.067249392155 0.869196875667 0.292890424214 0.392669721254
23.4 -0.140012968831 0.037018072937 1.061854535565 0.074349794820 0.858886185216 0.321904706950 0.391361710567
23.5 -0.125143573054 0.036216396964 0.963737531941 0.063572209079 0.870691939167 0.288430125444 0.393271132985
23.6 0.000000000000 0.000000000000 0.000000000000 0.000000000000 0.000000000000 0.000000000000 0.000000000000
23.7 0.000000000000 0.000000000000 0.000000000000 0.000000000000 0.000000000000 0.000000000000 0.000000000000
23.8 0.000000000000 0.000000000000 0.000000000000 0.000000000000 0.000000000000 0.000000000000 0.000000000000
23.9 -0.181191733148 0.021208060658 1.149267631374 0.481621853373 -0.441316624020 0.301474023789 0.694545492172
24.0 0.238189146140 -0.261576216270 1.969889563050 0.658986721155 -0.515839951513 0.267866329365 0.477381687287
24.1 -0.175943628934 0.004575983199 1.233757362585 -0.001769805611 -0.476482034355 0.594715728562 0.647514432987
24.2 -0.117200796177 0.042542298748 0.919002978391 0.064834509023 0.883605562752 0.264852570470 0.380645257200
24.3 0.000000000000 0.000000000000 0.000000000000 0.000000000000 0.000000000000 0.000000000000 0.000000000000
24.4 -0.125114228963 0.039715898133 0.926934236642 0.042879512909 0.815789216543 0.250499181299 0.519518490252
24.5 -0.112936971961 0.042285151275 0.911080462730 0.057912269380 0.883851217384 0.274052002983 0.374631411183
24.6 -0.126835105056 0.038694774297 0.990452343922 0.052017945500 0.865366980686 0.315893909097 0.385545276563
24.7 0.000000000000 0.000000000000 0.000000000000 0.000000000000 0.000000000000 0.000000000000 0.000000000000
24.8 -0.133133259691 0.035586204361 1.029083934875 0.099830966827 0.850831255373 0.296691353154 0.422012077915
24.9 -0.118822293299 0.036181163896 0.965947095545 0.065875905149 0.872536766568 0.276316232194 0.397478673559
25.0 -0.109657520193 0.028810591278 0.909844989835 0.086124651942 0.871473058249 0.274557037284 0.397159522549
25.1 -0.111940509763 0.029773006130 0.945555281083 0.065761140049 0.864508913232 0.283852927632 0.409545268410
25.2 -0.119736697219 0.024666183471 0.984586799874 0.059499217903 0.847553184122 0.326563462986 0.414089057808
25.3 -0.112720107388 0.024766028297 0.935189460296 0.070950670839 0.853964578865 0.273637996895 0.436844076309
25.4 -0.109128229443 0.022197583718 0.920038715019 0.075138177895 0.870206759976 0.286748920346 0.393534630997
25.5 -0.108508034142 0.022928838156 0.915279330784 0.063692407307 0.874495683844 0.274378611484 0.394863208910
25.6 -0.114175741411 0.014987823817 0.931876902351 0.088241360689 0.844025072153 0.330357682780 0.413157283936
25.7 -0.113560566284 0.014986077365 0.935174787471 0.083826401013 0.849101049573 0.313733770207 0.416619326891
25.8 0.000000000000 0.000000000000 0.000000000000 0.000000000000 0.000000000000 0.000000000000 0.000000000000
25.9 0.000000000000 0.000000000000 0.000000000000 0.000000000000 0.000000000000 0.000000000000 0.000000000000
26.0 -0.108873260680 0.015422670281 0.933899749731 0.066937326845 0.868251742866 0.268635496534 0.411695609991
26.1 -0.108032919959 0.013401151522 0.901045210251 0.085031690906 0.844582004009 0.303952057710 0.432508955583
26.2 -0.106176028440 0.017769705494 0.891737563689 0.282688828513 -0.378798993353 -0.044102214073 0.880143933446
26.3 -0.000000000000 0.000000000000 0.000000000000 -0.959518297458 -0.030508509790 -0.279342513816 0.019016509903
26.4 0.000000000000 0.000000000000 0.000000000000 0.000000000000 0.000000000000 0.000000000000 0.000000000000
26.5 -0.107766394319 0.018685590308 0.919861853757 0.063889065661 0.845841845559 0.286637122386 0.445318896592
26.6 -0.050209424672 0.038466302601 0.550311235837 -0.227944384144 0.519112962875 -0.577743212533 0.587176183002
26.7 -0.105008342168 0.018735396994 0.922830096862 0.081015579832 0.872550973400 0.268886522960 0.399739055403
26.8 -0.105299235843 0.018367787103 0.940509839475 0.083871704023 0.878471740792 0.271324041050 0.384234567213
26.9 -0.020079729372 -0.044538204832 0.154617800821 -0.742561510219 -0.006616647783 0.103916847215 0.661634273884
27.0 -0.104630772243 0.015372823665 0.948790703323 0.074755279876 0.865642508382 0.289924008329 0.401271435823
27.1 -0.124800502378 0.012972757878 0.957302488443 0.430732781702 -0.406106655663 0.141162576939 0.793485842259
27.2 -0.101335441293 0.013452688299 0.947383859334 0.067950185661 0.854303842586 0.300750338535 0.418445875452
27.3 -0.081553408061 0.003593003996 0.799637167546 -0.262797848080 -0.559590149329 0.101304804587 0.779444348486
27.4 -0.181158839386 0.022779991979 1.463908762182 0.269398844933 0.913387799185 0.164887690247 0.256824921405
27.5 0.394400112967 -0.290979336369 1.819793108702 0.183808015545 0.262697039441 0.944729087223 -0.068496938946
27.6 -0.536495789982 -0.184106928140 4.138932619783 -0.849553665984 0.008808392312 -0.423657282870 -0.314158379657
27.7 -0.085353812159 0.014263917951 0.911883360245 0.080596675900 0.879969074329 0.286128450036 0.370525456802
27.8 -0.091895747892 0.015129481025 0.956168965506 0.068569105963 0.874185767840 0.285129951825 0.387038023436
27.9 -0.171114792204 0.017444396496 1.770025686678 0.038211685481 -0.511161777881 0.144824656171 -0.846332867666
28.0 -0.087761098903 0.016373757499 0.940208008458 0.070969449774 0.865137738723 0.288944758401 0.403746153949
28.1 -0.084072299215 0.020957517508 0.899621593151 0.199180443699 -0.399006316081 -0.037464761203 0.894269256009
28.2 -0.175443208025 0.025488066014 1.586995731630 0.240476297204 0.767123048304 -0.256981069024 0.536333953249
28.3 -0.166126810662 0.026059240052 1.556746286220 0.240940194424 0.749048766775 -0.290693140213 0.544399913609
28.4 -0.086222054206 0.015386187028 0.902569769584 0.062975591602 0.851654863811 0.300959626099 0.424430643648
28.5 -0.091087627769 0.015171468902 0.940363200954 0.065911317199 0.878876434748 0.280457061796 0.380231175994
28.6 -0.083743500542 0.014238133988 0.889539824036 0.078471185378 0.883296676776 0.265636019015 0.378241667804
28.7 -0.087165097703 0.013356701023 0.921142732119 0.069985528456 0.878364660776 0.274842467466 0.384758582208
28.8 -0.083833558787 0.012612792285 0.893868306742 0.089548498210 0.879837021961 0.276103973945 0.376343562224
28.9 -0.086862404944 0.010294251739 0.899729502932 0.069242723499 0.848668903347 0.310762570787 0.422366147237
29.0 -0.082807663433 0.012713038994 0.882427796996 0.071221335082 0.880379998423 0.262633872540 0.388435359875
29.1 -0.085967025943 0.013187820703 0.896482397573 0.069006244781 0.873929676685 0.277121337258 0.393304999749
29.2 -0.085433179874 0.013926391419 0.890351565247 0.066897931941 0.865199200023 0.279687054523 0.410767772001
29.3 -0.085805283254 0.016833490186 0.880575827592 0.067448577822 0.872520017349 0.266855231295 0.403667925659
29.4 -0.088888987065 0.017730164597 0.926478016903 0.083499626757 0.849454657883 0.297939727530 0.427418431157
29.5 -0.083830456840 0.022651686981 0.898851131126 0.083593814566 0.869930819350 0.288952148406 0.390818499618
29.6 -0.089347285503 0.024073336380 0.957367316090 0.091561617876 0.878423608380 0.281033424077 0.375511183487
29.7 -0.086579944434 0.025522720030 0.916750804813 0.077127569327 0.871247345700 0.290228824623 0.388261033351
29.8 -0.150691639416 0.038031782241 1.551801026253 0.019835636015 -0.477005619749 0.122185009622 -0.870139649537
29.9 -0.075378739712 0.028785284911 0.848935397223 0.073890885788 0.874349506963 0.260678351250 0.402616286134
30.0 -0.081459856723 0.030844967848 0.890615918049 0.079387722822 0.870363284339 0.268176396533 0.405273689107
30.1 -0.081022799892 0.031523673312 0.906679362175 0.065250165644 0.864757128454 0.272878245003 0.416503286992
30.2 -0.071156415860 0.028050325358 0.862083871071 0.084588807818 0.870433846572 0.302704688440 0.378892496534
30.3 -0.077800694165 0.025517968177 0.898462997133 0.083692201405 0.867133759229 0.294863898662 0.392593861764
30.4 -0.078162515391 0.024662100638 0.906873625814 0.080339480701 0.878911865252 0.269379698077 0.385349295087
30.5 -0.201381969520 0.081507368216 2.270352136890 0.052617724653 0.689001102701 0.118549815373 0.713060163523
30.6 -0.069619012890 0.028448822105 0.883980002304 0.078526830939 0.873580535107 0.256940284733 0.405798318856
30.7 -0.063571042943 0.029007014393 0.873950160838 0.064585831770 0.881154175791 0.263623825562 0.387167234430
30.8 -0.069276580839 0.026800882485 0.896514844491 0.064032122297 0.852150921319 0.283194122025 0.435361670177
30.9 -0.066344481408 0.022694738020 0.888304869621 0.085707346350 0.864584434469 0.288275500251 0.402548434863
31.0 -0.091770649978 0.026906053496 1.071205504221 -0.155497047120 -0.620999126253 0.208264779127 0.739463680856
31.1 -0.057935001246 0.023185593478 0.856733246354 0.072054425481 0.869448554025 0.272737313068 0.405563471893
31.2 -0.058853574874 0.024643575744 0.895300989104 0.094420843043 0.886222880169 0.261907201045 0.370267915305
31.3 -0.062506330996 0.023389492977 0.920059756016 0.072073429084 0.854907279514 0.289904982268 0.424139205345
31.4 -0.105385094658 0.037760850585 1.321474527992 0.185170979796 0.886892957854 0.191645137964 0.377365513323
31.5 -0.053014022461 0.026047315296 0.883562570543 0.081780413788 0.874109056079 0.273538261116 0.392965827658
31.6 -0.054154325712 0.029098901862 0.891325613654 0.055907983238 0.847758306469 0.274324618763 0.450473256435
31.7 -0.048583646042 0.031914306196 0.881135987452 0.082535806744 0.872192617789 0.259966011356 0.406061018837
31.8 -0.047981680785 0.032794503935 0.872391941247 0.070026762763 0.864005419894 0.281164262077 0.411749371125
31.9 -0.046317921411 0.034797050584 0.863636939054 0.070703942707 0.864755426826 0.278295334839 0.412008144175
32.0 -0.043540617358 0.037547460833 0.876677126555 0.071523413297 0.884513651511 0.261650799678 0.379550867036
32.1 -0.044625703536 0.039731840858 0.863122291544 0.042224107828 0.850307148602 0.271131854344 0.449090631514
32.2 -0.030654445208 0.026708767944 0.710604068093 0.120039849462 0.838628416181 0.351388620777 0.398520829197
32.3 -0.042252850504 0.039304777596 0.830432688566 0.064416696345 0.847393854195 0.290048218027 0.440052469966
32.4 -0.033405546006 0.033402846240 0.788486550686 0.103160055296 0.872000261074 0.304831246636 0.368851540259
32.5 -0.048539450904 0.038666536550 0.847191942318 0.048381968412 0.814510022004 0.250413346559 0.521081342069
32.6 -0.032714354018 0.031512271838 0.801838602322 0.106092419645 0.873455067013 0.285674761708 0.379750674688
32.7 -0.028882019683 0.022345591448 0.736583915514 -0.129704210429 -0.849388127878 -0.335594751904 -0.386125353365
32.8 0.000000000000 0.000000000000 0.000000000000 0.000000000000 0.000000000000 0.000000000000 0.000000000000
32.9 0.000000000000 0.000000000000 0.000000000000 0.000000000000 0.000000000000 0.000000000000 0.000000000000
33.0 -0.033594049877 0.026855676678 0.796145657001 0.114269166923 0.865222650695 0.319192317871 0.369389477959
33.1 0.000000000000 0.000000000000 0.000000000000 0.000000000000 0.000000000000 0.000000000000 0.000000000000
33.2 -0.045823866555 0.031018217938 0.799266628076 0.071823825207 0.837136034489 0.272315232194 0.468923247673
33.3 0.000000000000 0.000000000000 0.000000000000 0.000000000000 0.000000000000 0.000000000000 0.000000000000
33.4 -0.040734120302 0.027742163532 0.790911413307 0.094656068585 0.858475643863 0.295207679337 0.408548924408
33.5 -0.045565832536 0.031149369671 0.838627061651 0.081477934279 0.859142393872 0.285955865503 0.416491219910
33.6 -0.044435664393 0.029234027486 0.842928383742 0.113782140784 0.858791025294 0.310733542822 0.391121802867
33.7 -0.061325801864 0.029994880523 0.844365475860 0.085586855196 0.787644247802 0.232192690396 0.564249930128
33.8 0.000000000000 0.000000000000 0.000000000000 0.000000000000 0.000000000000 0.000000000000 0.000000000000
33.9 -0.046904447755 0.033406434337 0.799536495421 0.087374115272 0.869784631035 0.295802264587 0.385151242841
34.0 -0.053168696468 0.034675866000 0.824753870948 0.062730143015 0.837707873562 0.263588261112 0.474164187106
34.1 -0.049446364225 0.037194506324 0.837342671530 0.081612237494 0.876701153343 0.297401731186 0.369170341044
34.2 -0.045929518713 0.035610299889 0.781835220872 0.100812207887 0.872032767820 0.266979268296 0.397640315976
34.3 -0.053090434481 0.040949580698 0.849058122272 0.057417857432 0.849426174919 0.273809052479 0.447444930456
34.4 -0.048720599704 0.038406714416 0.801579967597 0.110280130697 0.869288816583 0.290585120005 0.384363804446
34.5 -0.055121990806 0.041775754559 0.836499223463 0.079307411027 0.853861430275 0.282992630904 0.429588364948
34.6 -0.055706406708 0.043678029317 0.847283286730 0.112944579533 0.868972701149 0.306929699152 0.371381375935
34.7 0.000000000000 0.000000000000 0.000000000000 0.000000000000 0.000000000000 0.000000000000 0.000000000000
34.8 0.000000000000 0.000000000000 0.000000000000 0.000000000000 0.000000000000 0.000000000000 0.000000000000
34.9 0.000000000000 0.000000000000 0.000000000000 0.000000000000 0.000000000000 0.000000000000 0.000000000000
35.0 0.000000000000 0.000000000000 0.000000000000 0.000000000000 0.000000000000 0.000000000000 0.000000000000
35.1 -0.061556329384 0.039762559362 0.841514054288 0.088165517508 0.847592925384 0.301423337596 0.427734784550
35.2 0.000000000000 0.000000000000 0.000000000000 0.000000000000 0.000000000000 0.000000000000 0.000000000000
35.3 -0.061989015588 0.034311335100 0.798468624346 0.075259661692 0.848568771831 0.296976353961 0.431360716782
35.4 -0.058232956412 0.032214299713 0.787441478401 0.080689087888 0.857326174731 0.280784689885 0.423840841760
35.5 -0.061263843151 0.036546607240 0.799440346133 0.042007396600 0.848983571039 0.280402923990 0.445910837449
35.6 -0.062078283101 0.030512228162 0.752652519172 0.109727603859 0.853537710004 0.242323471161 0.448009560028
35.7 -0.066872365300 0.033825156907 0.821808687060 0.092512834726 0.844522931481 0.271410314418 0.452281809099
35.8 -0.062785711044 0.033680161335 0.807611170684 0.083258507457 0.857938663624 0.273566464034 0.426814550070
35.9 0.000000000000 0.000000000000 0.000000000000 0.000000000000 0.000000000000 0.000000000000 0.000000000000
36.0 -0.000000000000 0.000000000000 0.000000000000 0.271763222405 0.912506067713 0.294194545359 0.083228581720
36.1 -0.059170281934 0.027677613420 0.767138940251 0.114808252183 0.855144168606 0.269571197508 0.427643409400
36.2 -0.067755407351 0.030545877811 0.823839063984 0.068927676918 0.842442041586 0.278595114386 0.455988096515
36.3 -0.097123029442 0.020108649461 1.043362028715 -0.058300159551 0.692248560676 -0.699605965735 -0.167166127988
36.4 -0.066296952069 0.031050428083 0.785528181146 0.081975367701 0.832475158989 0.262576115892 0.480956268406
36.5 -0.062229949740 0.025707409939 0.783674048945 0.117870570231 0.838989199651 0.301951072569 0.437068874798
36.6 0.000000000000 0.000000000000 0.000000000000 0.000000000000 0.000000000000 0.000000000000 0.000000000000
36.7 0.000000000000 0.000000000000 0.000000000000 0.000000000000 0.000000000000 0.000000000000 0.000000000000
36.8 -0.061762234020 0.032306053733 0.780179510181 0.079853726869 0.848930842982 0.284668720288 0.438067946589
36.9 -0.065713025828 0.024136212544 0.707336215020 -0.127337661108 -0.812336864872 -0.215951987488 -0.526553584294
37.0 -0.067343166863 0.033103300507 0.814727500119 0.078738860997 0.838337662375 0.295757569882 0.451129266918
37.1 -0.039195060513 0.016616068590 0.630427897251 0.112309556809 0.857801583193 0.326215492195 0.380980918122
37.2 -0.063410776255 0.028313985722 0.786874950992 0.069166112856 0.837387163634 0.280428640910 0.464067413605
37.3 -0.063702028049 0.026404767902 0.802422481561 0.091174926583 0.840411786505 0.324043678426 0.424724447540
37.4 -0.064368527510 0.026915318191 0.810843115897 0.085762695891 0.837672316365 0.295146474712 0.451484671782
37.5 -0.072844664968 0.024110780607 0.807953955440 0.072028709021 0.815801182741 0.277763920111 0.502122992901
37.6 -0.069324215791 0.022096343273 0.814064551904 0.074612760165 0.835128692170 0.293059180072 0.459466343175
37.7 -0.068406167099 0.022404385265 0.786804392543 0.058327254687 0.839674298091 0.282693303778 0.460032064628
37.8 -0.069528026020 0.020393397446 0.797906159910 0.071524581210 0.839749587612 0.295246359916 0.450038277644
37.9 -0.050390174344 0.013416376649 0.675169689315 0.076313423726 0.863481219699 0.298545098524 0.399308488182
38.0 -0.072302625655 0.022088349202 0.782359346961 0.089790899571 0.849633277597 0.260585152302 0.449617911513
38.1 -0.080209740458 0.019283941403 0.799085526409 0.073508268158 0.819474885188 0.271658083390 0.499258783386
38.2 -0.072111811292 0.014815207057 0.726597151711 0.090746556930 0.842231853261 0.269970702838 0.457740524060
38.3 -0.081259315710 0.018776326749 0.802831768554 0.074757979981 0.824406451012 0.299469556579 0.474429375820
38.4 -0.058722545601 0.005873476397 0.640532753430 0.093668623258 0.835648273532 0.314554532258 0.440424338787
38.5 -0.070176786943 0.010163873620 0.697247353451 -0.124527080212 -0.814407414626 -0.332978017052 -0.458649331687
38.6 -0.058393610060 0.014226540412 0.656044052415 0.125471555281 0.823082800317 0.391153956781 0.392160904135
38.7 0.000000000000 0.000000000000 0.000000000000 0.000000000000 0.000000000000 0.000000000000 0.000000000000
38.8 -0.088306445168 0.025574404880 0.817310989136 0.059868390696 0.820087423880 0.306139093317 0.479740813911
38.9 -0.086503964444 0.024074404132 0.778317917273 0.074361894881 0.824700684756 0.289960992907 0.479855928113
39.0 -0.089961818786 0.024589138727 0.800892219224 0.069404188294 0.829673301297 0.314015502059 0.456310789078
39.1 -0.074474439186 0.021088873554 0.682041577489 0.108971104337 0.857346948943 0.290147628813 0.410969416200
39.2 0.000000000000 0.000000000000 0.000000000000 0.000000000000 0.000000000000 0.000000000000 0.000000000000
39.3 0.000000000000 0.000000000000 0.000000000000 0.000000000000 0.000000000000 0.000000000000 0.000000000000
39.4 -0.091416993969 0.027007687266 0.803977034651 0.071518131070 0.824649301861 0.290715078618 0.479920231844
39.5 -0.088678753360 0.028391712214 0.786224242632 0.082690502971 0.855875339488 0.258600683239 0.440187881027
39.6 0.000000000000 0.000000000000 0.000000000000 0.000000000000 0.000000000000 0.000000000000 0.000000000000
39.7 -0.076388757705 0.006026255661 0.649808180008 0.211388249541 0.775413754858 0.360748880923 0.473189984726
39.8 -0.088346326327 0.030454936863 0.753213435156 0.060381730473 0.837090826020 0.275667229756 0.468658270019
39.9 -0.104529679154 0.035541039066 0.875548191917 0.062929087144 0.825630572895 0.273882149368 0.489247028964
40.0 -0.090354178132 0.028823336494 0.790037717538 0.073874369218 0.841065059599 0.288356118217 0.451666793313
40.1 -0.094502875136 0.027775254317 0.789367083109 0.054505639056 0.830482077831 0.271229528928 0.483490637294
40.2 -0.098563834273 0.023997395330 0.807977792511 0.059131732910 0.824015803508 0.306011173589 0.473136930889
40.3 -0.101029104092 0.023207117712 0.809181883941 0.001024384953 0.815555200786 0.260352932369 0.516802685474
40.4 -0.102550915114 0.022015356801 0.789149020713 0.080536491468 0.829320182151 0.259801736339 0.488103438642
40.5 -0.107619745672 0.022018891350 0.805477041427 0.044607349395 0.800573693806 0.288166995289 0.523499501425
40.6 -0.105366670904 0.018830778560 0.816681386597 0.081734193018 0.832189796336 0.292646045204 0.463829663554
40.7 -0.108127172953 0.018695675059 0.798322036892 0.063630456898 0.813721001487 0.273295048490 0.509037437881
40.8 -0.115312196842 0.019657257856 0.804798682123 0.062979895110 0.799224639952 0.253239404373 0.541427106615
40.9 0.000000000000 0.000000000000 0.000000000000 0.000000000000 0.000000000000 0.000000000000 0.000000000000
41.0 -0.111063688943 0.015105344817 0.787206167253 0.081911688298 0.846042731764 0.273884545441 0.449988252200
41.1 -0.115161083324 0.015265770363 0.778230928576 0.059992274679 0.825656198885 0.269482915296 0.492007852158
41.2 -0.115643214772 0.012215019577 0.739475881897 0.094956154788 0.801034420852 0.253988610313 0.533682462808
41.3 -0.123636443950 0.015215758715 0.721417557525 0.113556049953 0.744143164943 0.202936486870 0.626236980611
41.4 -0.129178273963 0.011782970892 0.829653955616 0.077701748928 0.809623918793 0.305465615469 0.495138673603
41.5 -0.127739254275 0.012570936566 0.813787297944 0.068315978914 0.806738988812 0.285459457685 0.512852833641
41.6 -0.123247653463 0.011086854620 0.786094199244 0.068544113729 0.819948913262 0.274468000608 0.497647265396
41.7 -0.132149581869 0.010988719525 0.801821511821 0.043859123721 0.773552762936 0.225138509477 0.590766579768
41.8 -0.130838679909 0.008810082896 0.813745194363 0.076546891995 0.799227891159 0.286029191867 0.523032171782
41.9 -0.132232572413 0.008966262552 0.803314920719 0.069956380428 0.812992467683 0.271674602256 0.510237457286
42.0 -0.101957324584 -0.001376516783 0.661596521855 0.110778141190 0.823767432078 0.322715676195 0.452758228661
42.1 0.000000000000 0.000000000000 0.000000000000 0.000000000000 0.000000000000 0.000000000000 0.000000000000
42.2 -0.173363841077 0.017617195467 1.085499514726 0.040085383368 0.547226839469 -0.697227754209 -0.461312699765
42.3 -0.145518472912 0.007589622595 0.857349379271 0.100279777848 0.841335217832 0.265956232043 0.459745908115
42.4 -0.143524918075 0.008021579522 0.815523886724 0.076726426944 0.808181302236 0.262695337024 0.521485568381
42.5 -0.144744177216 0.007865715325 0.812056976802 0.087375989093 0.793091802788 0.279145007433 0.534274174657
42.6 -0.138554327956 0.003626822259 0.764786004422 0.087486451525 0.793753371649 0.302009194301 0.520665105757
42.7 -0.156966472674 0.010589534762 0.840287941730 0.072020142345 0.786307185284 0.271758017750 0.550165147257
42.8 -0.155666542601 0.012533110804 0.848358779619 0.085818052109 0.809008143582 0.247942994417 0.525989883049
42.9 -0.153113656129 0.013045047458 0.844664729518 0.050544072772 0.808135238001 0.271215185379 0.520389332163
43.0 -0.000000000000 0.000000000000 0.000000000000 0.086808314035 -0.922180998340 0.353267755225 -0.131333225167
43.1 -0.161766699353 0.012900011395 0.872431587070 0.076789323896 0.791943129158 0.265205854337 0.544605669030
43.2 -0.131084373728 -0.007727699510 0.440418807768 0.065387229850 0.090041458378 0.250139604825 0.961793753382
43.3 0.000000000000 0.000000000000 0.000000000000 0.000000000000 0.000000000000 0.000000000000 0.000000000000
43.4 -0.161184661715 0.009681385171 0.863861571652 0.070565427138 0.790313646156 0.279384448851 0.540711744770
43.5 0.000000000000 0.000000000000 0.000000000000 0.000000000000 0.000000000000 0.000000000000 0.000000000000
43.6 -0.156818607848 0.007844062545 0.826347501034 0.059428573377 0.795554126241 0.272045542897 0.538101384013
43.7 -0.158682308142 0.007981415407 0.837978762525 0.059376914561 0.794917521561 0.241824572012 0.553264306009
43.8 -0.158339799781 0.008072071186 0.848445573384 0.094267712462 0.814666817171 0.270705264046 0.504133152456
43.9 -0.157615151001 0.009789694081 0.825861117991 0.074988508984 0.804683872001 0.253429874856 0.531633227134
44.0 -0.163023748656 0.010037286278 0.826860982297 0.053007424553 0.782866116758 0.212263173289 0.582456179845
44.1 -0.202922188126 0.002808720123 1.012947963605 0.212072061462 0.670289494195 0.384986711240 0.597931991858
44.2 -0.161951709375 0.011109572161 0.829850740947 0.097268740998 0.811922618356 0.232788991736 0.526431134293
44.3 -0.227721994582 0.012211083463 1.261708193883 -0.237218471835 -0.615621967360 0.469047591157 0.587138269196
44.4 -0.156235067619 0.009649143345 0.759374899688 0.117635500271 0.765924447500 0.215249086363 0.594297451297
44.5 -0.166038579931 0.013093265695 0.832675604042 0.056818987207 0.777399730331 0.234849814696 0.580746783471
44.6 -0.162938443943 0.012905203670 0.836565137293 0.083988499084 0.697506901793 0.404241406814 0.585678187223
44.7 0.000000000000 0.000000000000 0.000000000000 0.000000000000 0.000000000000 0.000000000000 0.000000000000
44.8 -0.166665409316 0.012661375318 0.843193453736 0.085712246562 0.790606538081 0.238396337786 0.557460221776
44.9 -0.165482814042 0.014681712075 0.833472632054 0.084091289895 0.802272630119 0.261542124369 0.529983961179
45.0 -0.164062420771 0.013958060737 0.860850048611 0.095222858327 0.823301963758 0.254138594829 0.498517861609
45.1 -0.168901889689 0.014740557802 0.873405403431 0.085230623692 0.805728122110 0.238308455359 0.535487641436
45.2 -0.171270017382 0.013937227554 0.891167523971 0.092305757775 0.794866151978 0.256983604635 0.541873485667
45.3 -0.159853756583 0.014038392257 0.829251334500 0.061340435513 0.785137979683 0.248133644148 0.564114703294
45.4 -0.162401404438 0.013357784406 0.863425837219 0.092808095162 0.794915806601 0.264212856978 0.538225867174
45.5 -0.160474381537 0.014658545938 0.846372677636 0.069766358948 0.794295529448 0.223913182694 0.560437466336
45.6 -0.162905371490 0.014144145270 0.874371130569 0.040829796146 0.783641067484 0.261665196889 0.561934987197
45.7 -0.163185904735 0.014862273280 0.867678385691 0.074049914815 0.777379790487 0.265063735353 0.565631052595
45.8 -0.157877845319 0.018997594126 0.844051129819 0.083105769140 0.802925453922 0.241447251958 0.538616163052
45.9 -0.164631148028 0.019812231125 0.881770222289 0.078460218542 0.788934400957 0.248212724137 0.556612027062
46.0 -0.155967423935 0.020048888349 0.829128810542 0.054474835130 0.784419700004 0.223109540932 0.576142655363
46.1 -0.159910393907 0.021660579606 0.846572385104 0.045916267546 0.783024393113 0.222117863429 0.579161593089
46.2 -0.120165517704 0.005042411541 0.679939343276 0.163866158535 0.792083249040 0.305693591415 0.502298155327
46.3 -0.164685878282 0.022911866921 0.868506892921 0.070762938604 0.788766570079 0.250917940551 0.556668744907
46.4 -0.159529796302 0.025308288180 0.830164230532 0.052559158451 0.774682618360 0.209448436622 0.594336376197
46.5 -0.170994082007 0.025932382703 0.880153572639 0.050932731114 0.760894056901 0.250556212620 0.596378801930
46.6 -0.170097931887 0.026683839776 0.890749814226 0.090526429130 0.778477900166 0.246110369909 0.570269068428
46.7 0.000000000000 0.000000000000 0.000000000000 0.000000000000 0.000000000000 0.000000000000 0.000000000000
46.8 -0.000000000000 0.000000000000 0.000000000000 0.393953252653 0.907749463412 0.116973070565 -0.084315165674
46.9 -0.181844549687 0.032646693719 0.844407213842 0.075623641486 0.768227157809 0.246317395558 0.586033991760
47.0 -0.000000000000 0.000000000000 0.000000000000 -0.577052728093 -0.776246972330 -0.206438454478 0.147763160026
47.1 -0.000000000000 0.000000000000 0.000000000000 -0.063291704448 0.174511441599 0.201335849034 0.961771174861
47.2 -0.000000000000 0.000000000000 0.000000000000 -0.041953749219 0.173509635691 0.142081835603 0.973625719278
47.3 0.000000000000 0.000000000000 0.000000000000 0.000000000000 0.000000000000 0.000000000000 0.000000000000
47.4 -0.184503899270 0.038779820913 0.812095113710 0.061555591504 0.752703072881 0.200812128624 0.623957917033
47.5 -0.191873866925 0.040234938819 0.828325728734 0.050415604438 0.744383466817 0.210705518211 0.631628613787
47.6 -0.197119677260 0.042381672240 0.873804809651 0.088108653767 0.770862619406 0.217476025447 0.592209308851
47.7 0.000000000000 0.000000000000 0.000000000000 0.000000000000 0.000000000000 0.000000000000 0.000000000000
47.8 -0.196727288201 0.040620799168 0.866762842694 0.060468511598 0.758150839442 0.205705207217 0.615821590626
47.9 -0.182953733537 0.039199938194 0.797259542013 0.062295977445 0.751428201130 0.199280869406 0.625908942922
48.0 -0.198736856456 0.041174984170 0.874926114438 0.047062476778 0.755710809781 0.232733249597 0.610345418424
48.1 -0.180147292478 0.040603377419 0.825721276419 0.116169299365 0.795638162540 0.176113089871 0.567845742936
48.2 -0.193214391294 0.041638793992 0.879746565406 0.110205149374 0.766293074594 0.206947227710 0.598182742834
48.3 -0.191503293410 0.037701770725 0.862389808557 0.057178834415 0.750824278210 0.222047094147 0.619426002139
48.4 -0.199621248406 0.032731158051 0.898151445112 0.081010875284 0.760209770259 0.232984908861 0.601029429838
48.5 -0.000000000000 0.000000000000 0.000000000000 -0.123265255337 0.115755485274 0.159133388293 0.972667933668
48.6 0.000000000000 0.000000000000 0.000000000000 0.000000000000 0.000000000000 0.000000000000 0.000000000000
48.7 -0.186334074343 0.033721698042 0.835545608137 0.061198569949 0.760861018615 0.196859619731 0.615297924186
48.8 -0.192680216399 0.034670900342 0.866761282499 0.051004599078 0.763674752026 0.202189573685 0.610998183536
48.9 -0.198902670257 0.033193294548 0.907789156807 0.055924185024 0.753983818554 0.207130789133 0.620868523184
49.0 0.000000000000 0.000000000000 0.000000000000 0.000000000000 0.000000000000 0.000000000000 0.000000000000
49.1 -0.184959226812 0.031661799940 0.859648139457 0.064816402516 0.762529254900 0.203827856399 0.610575281470
49.2 -0.180647844734 0.032235624357 0.849459419237 0.053553900301 0.754702851897 0.192826863745 0.624798676151
49.3 -0.205529550971 0.034650613022 1.074937234739 -0.088104993826 0.682849517134 0.235601168405 0.685890761316
49.4 -0.182741991129 0.036641798475 0.912919334428 0.078673543087 0.766534352234 0.213541654883 0.600529368219
49.5 -0.179220281066 0.036651538144 0.906309233715 0.081261608505 0.771249285883 0.210564540719 0.595175322237
49.6 -0.170041235775 0.037542231232 0.881276137628 0.067989303901 0.765325301059 0.205648704427 0.606104981403
49.7 -0.165562588007 0.035824721288 0.868086093345 0.084214302478 0.781736487292 0.187244945851 0.588842377846
49.8 -0.158558954936 0.035984799682 0.845157033030 0.065610932174 0.778946377031 0.201621804952 0.590157940773
49.9 -0.163900884899 0.034128697284 0.897059753799 0.075436470070 0.772511834925 0.199305505391 0.598173987570
50.0 -0.148597841945 0.030835560661 0.834369941771 0.071496132738 0.779256920578 0.173076340659 0.598073185354
50.1 -0.159709944924 0.030558707520 0.923509067855 0.078264284103 0.778792971248 0.222742507906 0.581155732090
50.2 -0.157302090046 0.029250855725 0.927305054805 0.085016757188 0.773421725458 0.222045399577 0.587611118099
50.3 -0.147417155484 0.028093983163 0.858293199295 0.057972706962 0.769490269732 0.198396477211 0.604286958213
50.4 -0.133725066364 0.028982449460 0.824860640335 0.065924567865 0.771252312872 0.202725158251 0.599771899520
50.5 -0.126910539975 0.030043732542 0.813870511771 0.060814096832 0.757998956589 0.187885916438 0.621641464061
50.6 -0.123749903043 0.033145701642 0.838955063322 0.083640274288 0.794172155633 0.159123606540 0.580495107280
50.7 -0.134488423721 0.031216992942 0.884639027871 0.066302577640 0.775813460913 0.208030604727 0.591980328695
50.8 -0.136847078201 0.034983516169 0.919744011663 0.083658482557 0.775728119917 0.213576530069 0.587904931150
50.9 -0.127927920899 0.035438121743 0.869890376228 0.068235255918 0.764867226856 0.213344999842 0.603991710352
51.0 -0.125743851156 0.033254965230 0.870155907339 0.101593075055 0.775640819292 0.217658057703 0.583682393487
51.1 -0.120502117540 0.033858605142 0.847187454612 0.078877976608 0.777445082235 0.200939182104 0.590746014807
51.2 -0.121849294793 0.035037545766 0.851601982524 0.063912703498 0.772146435734 0.214924265987 0.594569262580
51.3 -0.121328407934 0.034111943980 0.864515333440 0.070303787848 0.774300960464 0.195362792736 0.597786566638
51.4 -0.122429991015 0.035598708926 0.863438404935 0.056803534868 0.774424543603 0.190346303698 0.600673180157
51.5 -0.118442287056 0.031186522660 0.836655434268 0.075079610306 0.784355986371 0.188711312603 0.586120106511
51.6 -0.129033726640 0.032456369364 0.918962953853 0.079673855978 0.772120282271 0.220150945844 0.590775682831
51.7 -0.121687048105 0.032967951688 0.853766348215 0.066339248577 0.776059817547 0.195826445328 0.595803882999
51.8 -0.121148243325 0.032237521488 0.849197250278 0.078835992905 0.765322056979 0.204760872456 0.605095050744
51.9 -0.121952320144 0.033344417007 0.851472827881 0.066613513789 0.766014631993 0.198461889985 0.607780471533
52.0 -0.125667538831 0.034544251207 0.853214345391 0.079012534453 0.769832923950 0.190722457310 0.603936447716
52.1 -0.124934884719 0.034113234917 0.844911490319 0.055078332661 0.760118287225 0.199828720622 0.615836868912
52.2 -0.124723687963 0.036556045517 0.846437623782 0.059458166062 0.780274872148 0.181413940487 0.595587804257
52.3 0.000000000000 0.000000000000 0.000000000000 0.000000000000 0.000000000000 0.000000000000 0.000000000000
52.4 -0.116319016974 0.033719914047 0.769630386703 0.075011649043 0.753308471432 0.193494566310 0.624066865156
52.5 -0.113597025489 0.029353288855 0.749049045247 0.070442242102 0.759341203531 0.184233826686 0.620077998523
52.6 -0.127560068935 0.029878682921 0.841220331097 0.079199987244 0.768815636434 0.203877333610 0.600902581153
52.7 -0.126912466059 0.029939379426 0.836121907419 0.087549526952 0.780866665939 0.198878149264 0.585687469646
52.8 -0.123332223245 0.028843084663 0.820591385382 0.082651252695 0.771393361495 0.184574491592 0.603368303213
52.9 -0.131270474604 0.028095065645 0.869728944004 0.095733760985 0.768955673086 0.210222315147 0.596111397350
53.0 -0.125514455138 0.025390957962 0.835219257012 0.088083702064 0.759049972881 0.224358624935 0.604770706563
53.1 -0.116565584737 0.020250438128 0.770765958011 0.092659009081 0.752481417509 0.191149469703 0.623416317217
53.2 -0.121142177976 0.024627370631 0.799029995200 0.092209787067 0.771429200580 0.190701670156 0.600022680122
53.3 -0.101104202405 0.007816061625 0.688723617225 0.171376743778 0.757546473018 0.269469155129 0.569332703561
53.4 -0.120075474984 0.024497782537 0.773373493391 0.102465772739 0.744779128772 0.179619992490 0.634461561531
53.5 -0.118123758897 0.026034594064 0.805810720141 0.067928602276 0.771717071017 0.201847311201 0.599246301827
53.6 -0.118863575683 0.023360783586 0.818771319119 0.094135170949 0.768395566570 0.193933402418 0.602575022957
53.7 0.000000000000 0.000000000000 0.000000000000 0.000000000000 0.000000000000 0.000000000000 0.000000000000
53.8 0.000000000000 0.000000000000 0.000000000000 0.000000000000 0.000000000000 0.000000000000 0.000000000000
53.9 -0.118485698974 0.023915438258 0.816722486076 0.067611859501 0.766032339936 0.187203925394 0.611210095584
54.0 -0.117117581867 0.024242271066 0.793250369364 0.068067086145 0.754438869213 0.199866455259 0.621483921325
54.1 -0.119674284466 0.026623396878 0.820436454300 0.083224524152 0.761829915126 0.206515922827 0.608309158749
54.2 -0.116532809892 0.027052009381 0.800343769485 0.054360691242 0.765799359644 0.196689736195 0.609843753507
54.3 -0.119809001959 0.028935206194 0.823573455958 0.092583854020 0.763601303023 0.190472048578 0.609968588295
54.4 -0.122515612472 0.026437481702 0.853937950757 0.081227241346 0.769540074111 0.206397072573 0.598840928823
54.5 0.000000000000 0.000000000000 0.000000000000 0.000000000000 0.000000000000 0.000000000000 0.000000000000
54.6 0.000000000000 0.000000000000 0.000000000000 0.000000000000 0.000000000000 0.000000000000 0.000000000000
54.7 0.000000000000 0.000000000000 0.000000000000 0.000000000000 0.000000000000 0.000000000000 0.000000000000
54.8 -0.120536550851 0.022940668765 0.857915522034 0.101183129322 0.761318117353 0.200578231514 0.608214659124
54.9 -0.000000000000 0.000000000000 0.000000000000 0.480349000519 0.437202072654 0.748040339435 0.136216136878
55.0 0.000000000000 0.000000000000 0.000000000000 0.000000000000 0.000000000000 0.000000000000 0.000000000000
55.1 0.000000000000 0.000000000000 0.000000000000 0.000000000000 0.000000000000 0.000000000000 0.000000000000
55.2 -0.158261177978 0.028487587838 0.794062986696 -0.107118793621 0.205129548919 0.106830264752 0.966971936897
55.3 0.000000000000 0.000000000000 0.000000000000 0.000000000000 0.000000000000 0.000000000000 0.000000000000
55.4 0.000000000000 0.000000000000 0.000000000000 0.000000000000 0.000000000000 0.000000000000 0.000000000000
55.5 -0.104879188987 0.017997528478 0.804296502210 0.097349142085 0.759448576690 0.219441005315 0.604654156592
55.6 -0.104873632370 0.017608351294 0.817011942725 0.080944277484 0.760934061197 0.214343497991 0.607029030049
55.7 -0.101895327173 0.017365237407 0.787209926852 0.058489144423 0.768194927164 0.199258415919 0.605600245665
55.8 -0.102911743976 0.016186387942 0.795856790567 0.085090765138 0.775255443109 0.181956238291 0.598857651671
55.9 -0.082970881389 0.012556938081 0.670859790640 -0.225248336634 -0.466778533500 0.108235764258 0.848331307239
56.0 0.155772548121 0.018032513708 1.499914999513 -0.060732297437 -0.088008987287 -0.201180663095 0.973700337374
56.1 -0.102740807116 0.009921316804 0.755700737729 0.088999577381 0.726882703211 0.222002601395 0.643766616075
56.2 -0.097801303654 0.011737645156 0.751440323074 0.094938106519 0.770385710542 0.195744032350 0.599313679739
56.3 0.000000000000 0.000000000000 0.000000000000 0.000000000000 0.000000000000 0.000000000000 0.000000000000
56.4 0.000000000000 0.000000000000 0.000000000000 0.000000000000 0.000000000000 0.000000000000 0.000000000000
56.5 0.000000000000 0.000000000000 0.000000000000 0.000000000000 0.000000000000 0.000000000000 0.000000000000
56.6 -0.097784496854 0.008908244382 0.787120313363 0.083425779598 0.761069445918 0.213223173204 0.606917882582
56.7 -0.093856207596 0.010865556470 0.762859400354 0.069266275040 0.783923957761 0.199355895292 0.583885809557
56.8 -0.096393577605 0.003296440185 0.783626597420 0.095432504925 0.749550415196 0.226534457229 0.614612847060
56.9 0.000000000000 0.000000000000 0.000000000000 0.000000000000 0.000000000000 0.000000000000 0.000000000000
57.0 0.000000000000 0.000000000000 0.000000000000 0.000000000000 0.000000000000 0.000000000000 0.000000000000
57.1 -0.097099399987 0.002920047975 0.776908583338 0.093254850937 0.762040202233 0.198596792546 0.609227032352
57.2 -0.094898560150 0.005436051472 0.760543839304 0.070858373139 0.759495854795 0.191810051774 0.617538696394
57.3 -0.069149043133 -0.004823458468 0.655375114671 0.149237882203 0.798208681211 0.254145466566 0.525358008961
57.4 -0.096179023053 0.007019051006 0.756497156702 0.077330768199 0.765174829701 0.188720663602 0.610665164727
57.5 -0.096778387637 0.003946602928 0.774508813529 0.098803898626 0.758963205537 0.230659728865 0.600840021750
57.6 -0.100699214321 0.009030116636 0.777314048141 0.065317817128 0.760197257207 0.176356372776 0.621877916220
57.7 -0.099288310239 0.007338049721 0.741225142804 0.091114492078 0.741464944151 0.172577405361 0.641985143978
57.8 -0.100681974960 0.011805014333 0.783122677456 0.063531056820 0.765279852653 0.189404973953 0.611912009838
57.9 -0.097682839924 0.013450996011 0.753453007001 0.070272348135 0.765275272250 0.182795247904 0.613189572738
58.0 -0.103304291286 0.010817933573 0.778751268825 0.065630822920 0.744775311399 0.223612410355 0.625299784542
58.1 0.000000000000 0.000000000000 0.000000000000 0.000000000000 0.000000000000 0.000000000000 0.000000000000
58.2 0.000000000000 0.000000000000 0.000000000000 0.000000000000 0.000000000000 0.000000000000 0.000000000000
58.3 0.000000000000 0.000000000000 0.000000000000 0.000000000000 0.000000000000 0.000000000000 0.000000000000
58.4 0.000000000000 0.000000000000 0.000000000000 0.000000000000 0.000000000000 0.000000000000 0.000000000000
58.5 0.000000000000 0.000000000000 0.000000000000 0.000000000000 0.000000000000 0.000000000000 0.000000000000
58.6 0.000000000000 0.000000000000 0.000000000000 0.000000000000 0.000000000000 0.000000000000 0.000000000000
58.7 -0.102941752637 -0.001798173063 0.670411021083 0.132845614913 0.716216888333 0.250223632689 0.637788009537
58.8 -0.111122467865 0.006119184833 0.772812203642 0.094239766992 0.748707251200 0.214517038318 0.620111891991
58.9 -0.115467796528 0.008711379716 0.783396092507 0.070931694936 0.755102534361 0.204918039328 0.618706274748
59.0 0.000000000000 0.000000000000 0.000000000000 0.000000000000 0.000000000000 0.000000000000 0.000000000000
59.1 0.000000000000 0.000000000000 0.000000000000 0.000000000000 0.000000000000 0.000000000000 0.000000000000
59.2 0.000000000000 0.000000000000 0.000000000000 0.000000000000 0.000000000000 0.000000000000 0.000000000000
59.3 -0.117315024148 0.010726178613 0.742130041356 0.039358933180 0.741863191361 0.211211923791 0.635200285683
59.4 0.000000000000 0.000000000000 0.000000000000 0.000000000000 0.000000000000 0.000000000000 0.000000000000
59.5 0.000000000000 0.000000000000 0.000000000000 0.000000000000 0.000000000000 0.000000000000 0.000000000000
59.6 -0.118547993163 0.005389088079 0.701347830878 0.076734122808 0.737642843110 0.233533767069 0.628853631653
59.7 -0.136519137391 0.010687560022 0.806111058953 0.036064059805 0.735967973507 0.222817404526 0.638281230965
59.8 -0.118818972755 0.009056218398 0.712367048408 0.010988771318 0.763359453715 0.234103401980 0.601961118770
59.9 0.000000000000 0.000000000000 0.000000000000 0.000000000000 0.000000000000 0.000000000000 0.000000000000
60.0 0.000000000000 0.000000000000 0.000000000000 0.000000000000 0.000000000000 0.000000000000 0.000000000000
60.1 0.000000000000 0.000000000000 0.000000000000 0.000000000000 0.000000000000 0.000000000000 0.000000000000
60.2 -0.119420250326 0.010953274635 0.721695866361 0.069083955971 0.752998215915 0.198233327848 0.623638229734
60.3 0.000000000000 0.000000000000 0.000000000000 0.000000000000 0.000000000000 0.000000000000 0.000000000000
60.4 0.000000000000 0.000000000000 0.000000000000 0.000000000000 0.000000000000 0.000000000000 0.000000000000
60.5 0.000000000000 0.000000000000 0.000000000000 0.000000000000 0.000000000000 0.000000000000 0.000000000000
60.6 0.000000000000 0.000000000000 0.000000000000 0.000000000000 0.000000000000 0.000000000000 0.000000000000
60.7 0.000000000000 0.000000000000 0.000000000000 0.000000000000 0.000000000000 0.000000000000 0.000000000000
60.8 -0.114229188976 0.010415851202 0.741072315616 0.090169270639 0.749937935173 0.214923068845 0.619088580495
60.9 0.000000000000 0.000000000000 0.000000000000 0.000000000000 0.000000000000 0.000000000000 0.000000000000
61.0 0.000000000000 0.000000000000 0.000000000000 0.000000000000 0.000000000000 0.000000000000 0.000000000000
61.1 -0.110828979400 0.008481237391 0.741292462542 0.067827708366 0.752923851820 0.202075978774 0.622631812663
61.2 0.000000000000 0.000000000000 0.000000000000 0.000000000000 0.000000000000 0.000000000000 0.000000000000
61.3 0.000000000000 0.000000000000 0.000000000000 0.000000000000 0.000000000000 0.000000000000 0.000000000000
61.4 0.000000000000 0.000000000000 0.000000000000 0.000000000000 0.000000000000 0.000000000000 0.000000000000
61.5 0.000000000000 0.000000000000 0.000000000000 0.000000000000 0.000000000000 0.000000000000 0.000000000000
61.6 0.000000000000 0.000000000000 0.000000000000 0.000000000000 0.000000000000 0.000000000000 0.000000000000
61.7 0.000000000000 0.000000000000 0.000000000000 0.000000000000 0.000000000000 0.000000000000 0.000000000000
61.8 0.000000000000 0.000000000000 0.000000000000 0.000000000000 0.000000000000 0.000000000000 0.000000000000
61.9 0.000000000000 0.000000000000 0.000000000000 0.000000000000 0.000000000000 0.000000000000 0.000000000000
62.0 -0.096905072368 0.003125400639 0.673319072868 0.170332514069 0.709753386752 0.279916650309 0.623605350783
62.1 0.000000000000 0.000000000000 0.000000000000 0.000000000000 0.000000000000 0.000000000000 0.000000000000
62.2 -0.099466631007 0.012914272062 0.728048005806 0.075420598692 0.780503656328 0.178888921194 0.594242820424
62.3 0.000000000000 0.000000000000 0.000000000000 0.000000000000 0.000000000000 0.000000000000 0.000000000000
62.4 0.000000000000 0.000000000000 0.000000000000 0.000000000000 0.000000000000 0.000000000000 0.000000000000
62.5 0.000000000000 0.000000000000 0.000000000000 0.000000000000 0.000000000000 0.000000000000 0.000000000000
62.6 0.000000000000 0.000000000000 0.000000000000 0.000000000000 0.000000000000 0.000000000000 0.000000000000
62.7 0.000000000000 0.000000000000 0.000000000000 0.000000000000 0.000000000000 0.000000000000 0.000000000000
62.8 0.000000000000 0.000000000000 0.000000000000 0.000000000000 0.000000000000 0.000000000000 0.000000000000
62.9 0.000000000000 0.000000000000 0.000000000000 0.000000000000 0.000000000000 0.000000000000 0.000000000000
63.0 0.000000000000 0.000000000000 0.000000000000 0.000000000000 0.000000000000 0.000000000000 0.000000000000
63.1 0.000000000000 0.000000000000 0.000000000000 0.000000000000 0.000000000000 0.000000000000 0.000000000000
63.2 0.000000000000 0.000000000000 0.000000000000 0.000000000000 0.000000000000 0.000000000000 0.000000000000
63.3 0.000000000000 0.000000000000 0.000000000000 0.000000000000 0.000000000000 0.000000000000 0.000000000000
63.4 0.000000000000 0.000000000000 0.000000000000 0.000000000000 0.000000000000 0.000000000000 0.000000000000
63.5 0.000000000000 0.000000000000 0.000000000000 0.000000000000 0.000000000000 0.000000000000 0.000000000000
63.6 0.000000000000 0.000000000000 0.000000000000 0.000000000000 0.000000000000 0.000000000000 0.000000000000
63.7 -0.081337232240 0.006319035414 0.673728376909 0.128751429055 0.724309856632 0.274264960702 0.619335960875
63.8 0.000000000000 0.000000000000 0.000000000000 0.000000000000 0.000000000000 0.000000000000 0.000000000000
63.9 0.000000000000 0.000000000000 0.000000000000 0.000000000000 0.000000000000 0.000000000000 0.000000000000
64.0 0.000000000000 0.000000000000 0.000000000000 0.000000000000 0.000000000000 0.000000000000 0.000000000000
64.1 0.000000000000 0.000000000000 0.000000000000 0.000000000000 0.000000000000 0.000000000000 0.000000000000
64.2 0.000000000000 0.000000000000 0.000000000000 0.000000000000 0.000000000000 0.000000000000 0.000000000000
64.3 -0.078658741082 0.020270531600 0.745847926997 0.088129550622 0.759748595268 0.212603186159 0.608124279676
64.4 -0.078328430885 0.023918652716 0.744872220500 0.048938402615 0.766760013400 0.183323622578 0.613250816555
64.5 -0.078737277360 0.025178247091 0.760520621246 0.051075327984 0.769096801949 0.200325685863 0.604773544136
64.6 -0.078815238465 0.026317294879 0.743116182719 0.051803126019 0.759735793172 0.199603021430 0.616665707287
64.7 0.000000000000 0.000000000000 0.000000000000 0.000000000000 0.000000000000 0.000000000000 0.000000000000
64.8 0.000000000000 0.000000000000 0.000000000000 0.000000000000 0.000000000000 0.000000000000 0.000000000000
64.9 -0.079011292585 0.026873210565 0.726080230727 0.060840015899 0.757300448941 0.200715212024 0.618472251730
65.0 0.000000000000 0.000000000000 0.000000000000 0.000000000000 0.000000000000 0.000000000000 0.000000000000
65.1 0.000000000000 0.000000000000 0.000000000000 0.000000000000 0.000000000000 0.000000000000 0.000000000000
65.2 0.000000000000 0.000000000000 0.000000000000 0.000000000000 0.000000000000 0.000000000000 0.000000000000
65.3 0.000000000000 0.000000000000 0.000000000000 0.000000000000 0.000000000000 0.000000000000 0.000000000000
65.4 -0.085667316578 0.028858760335 0.749312834882 0.088992557620 0.742354967330 0.192794446397 0.635468117695
65.5 -0.068467292510 0.016497698457 0.645730607126 0.042921625116 0.793693579255 0.145221374724 0.589168047904
65.6 0.000000000000 0.000000000000 0.000000000000 0.000000000000 0.000000000000 0.000000000000 0.000000000000
65.7 0.000000000000 0.000000000000 0.000000000000 0.000000000000 0.000000000000 0.000000000000 0.000000000000
65.8 0.000000000000 0.000000000000 0.000000000000 0.000000000000 0.000000000000 0.000000000000 0.000000000000
65.9 -0.082380191294 0.025693459392 0.754842469330 0.039551063244 0.769108818904 0.179775472624 0.612036042667
66.0 0.000000000000 0.000000000000 0.000000000000 0.000000000000 0.000000000000 0.000000000000 0.000000000000
66.1 0.000000000000 0.000000000000 0.000000000000 0.000000000000 0.000000000000 0.000000000000 0.000000000000
66.2 0.000000000000 0.000000000000 0.000000000000 0.000000000000 0.000000000000 0.000000000000 0.000000000000
66.3 -0.080159699363 0.004033474705 0.696004262580 0.105650039135 0.711288664882 0.296986544994 0.628255916433
66.4 -0.077805463506 0.001237776727 0.658455045611 0.112043906251 0.712986425591 0.293962873156 0.626643717914
66.5 0.000000000000 0.000000000000 0.000000000000 0.000000000000 0.000000000000 0.000000000000 0.000000000000
66.6 0.000000000000 0.000000000000 0.000000000000 0.000000000000 0.000000000000 0.000000000000 0.000000000000
66.7 0.000000000000 0.000000000000 0.000000000000 0.000000000000 0.000000000000 0.000000000000 0.000000000000
66.8 -0.080181719379 0.013675067017 0.708113377646 0.029413150282 0.776913509988 0.197328289748 0.597161461126
66.9 0.000000000000 0.000000000000 0.000000000000 0.000000000000 0.000000000000 0.000000000000 0.000000000000
67.0 0.000000000000 0.000000000000 0.000000000000 0.000000000000 0.000000000000 0.000000000000 0.000000000000
67.1 -0.083346634147 0.015857243059 0.719299891470 0.068571234295 0.746857149212 0.216730949121 0.624924059539
67.2 0.000000000000 0.000000000000 0.000000000000 0.000000000000 0.000000000000 0.000000000000 0.000000000000
67.3 0.000000000000 0.000000000000 0.000000000000 0.000000000000 0.000000000000 0.000000000000 0.000000000000
67.4 0.000000000000 0.000000000000 0.000000000000 0.000000000000 0.000000000000 0.000000000000 0.000000000000
67.5 0.000000000000 0.000000000000 0.000000000000 0.000000000000 0.000000000000 0.000000000000 0.000000000000
67.6 -0.092994907551 0.021322875370 0.745354824150 0.050507560306 0.750071223742 0.193719928929 0.630329068663
67.7 0.000000000000 0.000000000000 0.000000000000 0.000000000000 0.000000000000 0.000000000000 0.000000000000
67.8 -0.230638062529 -0.215036390301 1.701092172202 0.405863858128 -0.192084583816 0.893092663145 0.027632161736
67.9 0.000000000000 0.000000000000 0.000000000000 0.000000000000 0.000000000000 0.000000000000 0.000000000000
68.0 0.000000000000 0.000000000000 0.000000000000 0.000000000000 0.000000000000 0.000000000000 0.000000000000
68.1 0.000000000000 0.000000000000 0.000000000000 0.000000000000 0.000000000000 0.000000000000 0.000000000000
68.2 0.000000000000 0.000000000000 0.000000000000 0.000000000000 0.000000000000 0.000000000000 0.000000000000
68.3 0.000000000000 0.000000000000 0.000000000000 0.000000000000 0.000000000000 0.000000000000 0.000000000000
68.4 0.000000000000 0.000000000000 0.000000000000 0.000000000000 0.000000000000 0.000000000000 0.000000000000
68.5 0.000000000000 0.000000000000 0.000000000000 0.000000000000 0.000000000000 0.000000000000 0.000000000000
68.6 0.000000000000 0.000000000000 0.000000000000 0.000000000000 0.000000000000 0.000000000000 0.000000000000
68.7 0.000000000000 0.000000000000 0.000000000000 0.000000000000 0.000000000000 0.000000000000 0.000000000000
68.8 0.000000000000 0.000000000000 0.000000000000 0.000000000000 0.000000000000 0.000000000000 0.000000000000
68.9 0.000000000000 0.000000000000 0.000000000000 0.000000000000 0.000000000000 0.000000000000 0.000000000000
69.0 0.000000000000 0.000000000000 0.000000000000 0.000000000000 0.000000000000 0.000000000000 0.000000000000
69.1 0.000000000000 0.000000000000 0.000000000000 0.000000000000 0.000000000000 0.000000000000 0.000000000000
69.2 0.000000000000 0.000000000000 0.000000000000 0.000000000000 0.000000000000 0.000000000000 0.000000000000
69.3 0.000000000000 0.000000000000 0.000000000000 0.000000000000 0.000000000000 0.000000000000 0.000000000000
69.4 0.000000000000 0.000000000000 0.000000000000 0.000000000000 0.000000000000 0.000000000000 0.000000000000
69.5 0.000000000000 0.000000000000 0.000000000000 0.000000000000 0.000000000000 0.000000000000 0.000000000000
69.6 0.000000000000 0.000000000000 0.000000000000 0.000000000000 0.000000000000 0.000000000000 0.000000000000
69.7 0.000000000000 0.000000000000 0.000000000000 0.000000000000 0.000000000000 0.000000000000 0.000000000000
69.8 0.000000000000 0.000000000000 0.000000000000 0.000000000000 0.000000000000 0.000000000000 0.000000000000
69.9 0.000000000000 0.000000000000 0.000000000000 0.000000000000 0.000000000000 0.000000000000 0.000000000000
70.0 0.000000000000 0.000000000000 0.000000000000 0.000000000000 0.000000000000 0.000000000000 0.000000000000
70.1 0.000000000000 0.000000000000 0.000000000000 0.000000000000 0.000000000000 0.000000000000 0.000000000000
70.2 0.000000000000 0.000000000000 0.000000000000 0.000000000000 0.000000000000 0.000000000000 0.000000000000
70.3 0.000000000000 0.000000000000 0.000000000000 0.000000000000 0.000000000000 0.000000000000 0.000000000000
70.4 0.000000000000 0.000000000000 0.000000000000 0.000000000000 0.000000000000 0.000000000000 0.000000000000
70.5 0.000000000000 0.000000000000 0.000000000000 0.000000000000 0.000000000000 0.000000000000 0.000000000000
70.6 0.000000000000 0.000000000000 0.000000000000 0.000000000000 0.000000000000 0.000000000000 0.000000000000
70.7 0.000000000000 0.000000000000 0.000000000000 0.000000000000 0.000000000000 0.000000000000 0.000000000000
70.8 0.000000000000 0.000000000000 0.000000000000 0.000000000000 0.000000000000 0.000000000000 0.000000000000
70.9 0.000000000000 0.000000000000 0.000000000000 0.000000000000 0.000000000000 0.000000000000 0.000000000000
71.0 0.000000000000 0.000000000000 0.000000000000 0.000000000000 0.000000000000 0.000000000000 0.000000000000
71.1 0.000000000000 0.000000000000 0.000000000000 0.000000000000 0.000000000000 0.000000000000 0.000000000000
71.2 0.000000000000 0.000000000000 0.000000000000 0.000000000000 0.000000000000 0.000000000000 0.000000000000
71.3 0.000000000000 0.000000000000 0.000000000000 0.000000000000 0.000000000000 0.000000000000 0.000000000000
71.4 0.000000000000 0.000000000000 0.000000000000 0.000000000000 0.000000000000 0.000000000000 0.000000000000
71.5 0.000000000000 0.000000000000 0.000000000000 0.000000000000 0.000000000000 0.000000000000 0.000000000000
71.6 0.000000000000 0.000000000000 0.000000000000 0.000000000000 0.000000000000 0.000000000000 0.000000000000
71.7 0.000000000000 0.000000000000 0.000000000000 0.000000000000 0.000000000000 0.000000000000 0.000000000000
71.8 0.000000000000 0.000000000000 0.000000000000 0.000000000000 0.000000000000 0.000000000000 0.000000000000
71.9 0.000000000000 0.000000000000 0.000000000000 0.000000000000 0.000000000000 0.000000000000 0.000000000000
72.0 0.000000000000 0.000000000000 0.000000000000 0.000000000000 0.000000000000 0.000000000000 0.000000000000
72.1 0.000000000000 0.000000000000 0.000000000000 0.000000000000 0.000000000000 0.000000000000 0.000000000000
72.2 0.000000000000 0.000000000000 0.000000000000 0.000000000000 0.000000000000 0.000000000000 0.000000000000
72.3 0.000000000000 0.000000000000 0.000000000000 0.000000000000 0.000000000000 0.000000000000 0.000000000000
72.4 0.000000000000 0.000000000000 0.000000000000 0.000000000000 0.000000000000 0.000000000000 0.000000000000
72.5 0.000000000000 0.000000000000 0.000000000000 0.000000000000 0.000000000000 0.000000000000 0.000000000000
72.6 0.000000000000 0.000000000000 0.000000000000 0.000000000000 0.000000000000 0.000000000000 0.000000000000
72.7 0.000000000000 0.000000000000 0.000000000000 0.000000000000 0.000000000000 0.000000000000 0.000000000000
72.8 0.000000000000 0.000000000000 0.000000000000 0.000000000000 0.000000000000 0.000000000000 0.000000000000
72.9 0.000000000000 0.000000000000 0.000000000000 0.000000000000 0.000000000000 0.000000000000 0.000000000000
73.0 0.000000000000 0.000000000000 0.000000000000 0.000000000000 0.000000000000 0.000000000000 0.000000000000
73.1 0.000000000000 0.000000000000 0.000000000000 0.000000000000 0.000000000000 0.000000000000 0.000000000000
73.2 0.000000000000 0.000000000000 0.000000000000 0.000000000000 0.000000000000 0.000000000000 0.000000000000
73.3 0.000000000000 0.000000000000 0.000000000000 0.000000000000 0.000000000000 0.000000000000 0.000000000000
73.4 0.000000000000 0.000000000000 0.000000000000 0.000000000000 0.000000000000 0.000000000000 0.000000000000
73.5 0.000000000000 0.000000000000 0.000000000000 0.000000000000 0.000000000000 0.000000000000 0.000000000000
73.6 0.000000000000 0.000000000000 0.000000000000 0.000000000000 0.000000000000 0.000000000000 0.000000000000
73.7 0.000000000000 0.000000000000 0.000000000000 0.000000000000 0.000000000000 0.000000000000 0.000000000000
73.8 0.000000000000 0.000000000000 0.000000000000 0.000000000000 0.000000000000 0.000000000000 0.000000000000
73.9 0.000000000000 0.000000000000 0.000000000000 0.000000000000 0.000000000000 0.000000000000 0.000000000000
74.0 0.000000000000 0.000000000000 0.000000000000 0.000000000000 0.000000000000 0.000000000000 0.000000000000
74.1 0.000000000000 0.000000000000 0.000000000000 0.000000000000 0.000000000000 0.000000000000 0.000000000000
74.2 0.000000000000 0.000000000000 0.000000000000 0.000000000000 0.000000000000 0.000000000000 0.000000000000
74.3 0.000000000000 0.000000000000 0.000000000000 0.000000000000 0.000000000000 0.000000000000 0.000000000000
74.4 0.000000000000 0.000000000000 0.000000000000 0.000000000000 0.000000000000 0.000000000000 0.000000000000
74.5 0.000000000000 0.000000000000 0.000000000000 0.000000000000 0.000000000000 0.000000000000 0.000000000000
74.6 0.000000000000 0.000000000000 0.000000000000 0.000000000000 0.000000000000 0.000000000000 0.000000000000
74.7 0.000000000000 0.000000000000 0.000000000000 0.000000000000 0.000000000000 0.000000000000 0.000000000000
74.8 0.000000000000 0.000000000000 0.000000000000 0.000000000000 0.000000000000 0.000000000000 0.000000000000
74.9 0.000000000000 0.000000000000 0.000000000000 0.000000000000 0.000000000000 0.000000000000 0.000000000000
75.0 0.000000000000 0.000000000000 0.000000000000 0.000000000000 0.000000000000 0.000000000000 0.000000000000
75.1 0.000000000000 0.000000000000 0.000000000000 0.000000000000 0.000000000000 0.000000000000 0.000000000000
75.2 0.000000000000 0.000000000000 0.000000000000 0.000000000000 0.000000000000 0.000000000000 0.000000000000
75.3 0.000000000000 0.000000000000 0.000000000000 0.000000000000 0.000000000000 0.000000000000 0.000000000000
75.4 0.000000000000 0.000000000000 0.000000000000 0.000000000000 0.000000000000 0.000000000000 0.000000000000
75.5 0.000000000000 0.000000000000 0.000000000000 0.000000000000 0.000000000000 0.000000000000 0.000000000000
75.6 0.000000000000 0.000000000000 0.000000000000 0.000000000000 0.000000000000 0.000000000000 0.000000000000
75.7 0.000000000000 0.000000000000 0.000000000000 0.000000000000 0.000000000000 0.000000000000 0.000000000000
75.8 0.000000000000 0.000000000000 0.000000000000 0.000000000000 0.000000000000 0.000000000000 0.000000000000
75.9 0.000000000000 0.000000000000 0.000000000000 0.000000000000 0.000000000000 0.000000000000 0.000000000000
76.0 0.000000000000 0.000000000000 0.000000000000 0.000000000000 0.000000000000 0.000000000000 0.000000000000
76.1 0.000000000000 0.000000000000 0.000000000000 0.000000000000 0.000000000000 0.000000000000 0.000000000000
76.2 0.000000000000 0.000000000000 0.000000000000 0.000000000000 0.000000000000 0.000000000000 0.000000000000
76.3 0.000000000000 0.000000000000 0.000000000000 0.000000000000 0.000000000000 0.000000000000 0.000000000000
76.4 0.000000000000 0.000000000000 0.000000000000 0.000000000000 0.000000000000 0.000000000000 0.000000000000
76.5 0.000000000000 0.000000000000 0.000000000000 0.000000000000 0.000000000000 0.000000000000 0.000000000000
76.6 0.000000000000 0.000000000000 0.000000000000 0.000000000000 0.000000000000 0.000000000000 0.000000000000
76.7 0.000000000000 0.000000000000 0.000000000000 0.000000000000 0.000000000000 0.000000000000 0.000000000000
76.8 0.000000000000 0.000000000000 0.000000000000 0.000000000000 0.000000000000 0.000000000000 0.000000000000
76.9 0.000000000000 0.000000000000 0.000000000000 0.000000000000 0.000000000000 0.000000000000 0.000000000000
77.0 0.000000000000 0.000000000000 0.000000000000 0.000000000000 0.000000000000 0.000000000000 0.000000000000
77.1 0.000000000000 0.000000000000 0.000000000000 0.000000000000 0.000000000000 0.000000000000 0.000000000000
77.2 0.000000000000 0.000000000000 0.000000000000 0.000000000000 0.000000000000 0.000000000000 0.000000000000
77.3 0.000000000000 0.000000000000 0.000000000000 0.000000000000 0.000000000000 0.000000000000 0.000000000000
77.4 0.000000000000 0.000000000000 0.000000000000 0.000000000000 0.000000000000 0.000000000000 0.000000000000
77.5 0.000000000000 0.000000000000 0.000000000000 0.000000000000 0.000000000000 0.000000000000 0.000000000000
77.6 0.000000000000 0.000000000000 0.000000000000 0.000000000000 0.000000000000 0.000000000000 0.000000000000
77.7 0.000000000000 0.000000000000 0.000000000000 0.000000000000 0.000000000000 0.000000000000 0.000000000000
77.8 0.000000000000 0.000000000000 0.000000000000 0.000000000000 0.000000000000 0.000000000000 0.000000000000
77.9 0.000000000000 0.000000000000 0.000000000000 0.000000000000 0.000000000000 0.000000000000 0.000000000000
78.0 0.000000000000 0.000000000000 0.000000000000 0.000000000000 0.000000000000 0.000000000000 0.000000000000
78.1 0.000000000000 0.000000000000 0.000000000000 0.000000000000 0.000000000000 0.000000000000 0.000000000000
78.2 0.000000000000 0.000000000000 0.000000000000 0.000000000000 0.000000000000 0.000000000000 0.000000000000
78.3 0.000000000000 0.000000000000 0.000000000000 0.000000000000 0.000000000000 0.000000000000 0.000000000000
78.4 0.000000000000 0.000000000000 0.000000000000 0.000000000000 0.000000000000 0.000000000000 0.000000000000
78.5 0.000000000000 0.000000000000 0.000000000000 0.000000000000 0.000000000000 0.000000000000 0.000000000000
78.6 0.000000000000 0.000000000000 0.000000000000 0.000000000000 0.000000000000 0.000000000000 0.000000000000
78.7 0.000000000000 0.000000000000 0.000000000000 0.000000000000 0.000000000000 0.000000000000 0.000000000000
78.8 0.000000000000 0.000000000000 0.000000000000 0.000000000000 0.000000000000 0.000000000000 0.000000000000
78.9 0.000000000000 0.000000000000 0.000000000000 0.000000000000 0.000000000000 0.000000000000 0.000000000000
79.0 0.000000000000 0.000000000000 0.000000000000 0.000000000000 0.000000000000 0.000000000000 0.000000000000
79.1 0.000000000000 0.000000000000 0.000000000000 0.000000000000 0.000000000000 0.000000000000 0.000000000000
79.2 0.000000000000 0.000000000000 0.000000000000 0.000000000000 0.000000000000 0.000000000000 0.000000000000
79.3 0.000000000000 0.000000000000 0.000000000000 0.000000000000 0.000000000000 0.000000000000 0.000000000000
79.4 0.000000000000 0.000000000000 0.000000000000 0.000000000000 0.000000000000 0.000000000000 0.000000000000
79.5 0.117462206862 0.021797479612 1.778085973034 -0.546424266209 -0.696520603630 0.315729302267 0.341459481794
79.6 0.000000000000 0.000000000000 0.000000000000 0.000000000000 0.000000000000 0.000000000000 0.000000000000
79.7 0.000000000000 0.000000000000 0.000000000000 0.000000000000 0.000000000000 0.000000000000 0.000000000000
79.8 0.000000000000 0.000000000000 0.000000000000 0.000000000000 0.000000000000 0.000000000000 0.000000000000
79.9 -0.403075999741 -0.247264306650 1.809014937263 0.345818180157 0.398639410288 -0.547879007237 0.649095524763
80.0 0.000000000000 0.000000000000 0.000000000000 0.000000000000 0.000000000000 0.000000000000 0.000000000000
80.1 0.000000000000 0.000000000000 0.000000000000 0.000000000000 0.000000000000 0.000000000000 0.000000000000
80.2 0.000000000000 0.000000000000 0.000000000000 0.000000000000 0.000000000000 0.000000000000 0.000000000000
80.3 0.000000000000 0.000000000000 0.000000000000 0.000000000000 0.000000000000 0.000000000000 0.000000000000
80.4 0.000000000000 0.000000000000 0.000000000000 0.000000000000 0.000000000000 0.000000000000 0.000000000000
80.5 0.000000000000 0.000000000000 0.000000000000 0.000000000000 0.000000000000 0.000000000000 0.000000000000
80.6 0.000000000000 0.000000000000 0.000000000000 0.000000000000 0.000000000000 0.000000000000 0.000000000000
80.7 0.000000000000 0.000000000000 0.000000000000 0.000000000000 0.000000000000 0.000000000000 0.000000000000
80.8 0.000000000000 0.000000000000 0.000000000000 0.000000000000 0.000000000000 0.000000000000 0.000000000000
80.9 0.000000000000 0.000000000000 0.000000000000 0.000000000000 0.000000000000 0.000000000000 0.000000000000
81.0 0.000000000000 0.000000000000 0.000000000000 0.000000000000 0.000000000000 0.000000000000 0.000000000000
81.1 0.000000000000 0.000000000000 0.000000000000 0.000000000000 0.000000000000 0.000000000000 0.000000000000
81.2 0.000000000000 0.000000000000 0.000000000000 0.000000000000 0.000000000000 0.000000000000 0.000000000000
81.3 0.000000000000 0.000000000000 0.000000000000 0.000000000000 0.000000000000 0.000000000000 0.000000000000
81.4 0.000000000000 0.000000000000 0.000000000000 0.000000000000 0.000000000000 0.000000000000 0.000000000000
81.5 0.000000000000 0.000000000000 0.000000000000 0.000000000000 0.000000000000 0.000000000000 0.000000000000
81.6 0.000000000000 0.000000000000 0.000000000000 0.000000000000 0.000000000000 0.000000000000 0.000000000000
81.7 0.000000000000 0.000000000000 0.000000000000 0.000000000000 0.000000000000 0.000000000000 0.000000000000
81.8 0.000000000000 0.000000000000 0.000000000000 0.000000000000 0.000000000000 0.000000000000 0.000000000000
81.9 0.000000000000 0.000000000000 0.000000000000 0.000000000000 0.000000000000 0.000000000000 0.000000000000
82.0 0.000000000000 0.000000000000 0.000000000000 0.000000000000 0.000000000000 0.000000000000 0.000000000000
82.1 0.000000000000 0.000000000000 0.000000000000 0.000000000000 0.000000000000 0.000000000000 0.000000000000
82.2 0.000000000000 0.000000000000 0.000000000000 0.000000000000 0.000000000000 0.000000000000 0.000000000000
82.3 0.000000000000 0.000000000000 0.000000000000 0.000000000000 0.000000000000 0.000000000000 0.000000000000
82.4 0.000000000000 0.000000000000 0.000000000000 0.000000000000 0.000000000000 0.000000000000 0.000000000000
82.5 0.000000000000 0.000000000000 0.000000000000 0.000000000000 0.000000000000 0.000000000000 0.000000000000
82.6 0.000000000000 0.000000000000 0.000000000000 0.000000000000 0.000000000000 0.000000000000 0.000000000000
82.7 0.000000000000 0.000000000000 0.000000000000 0.000000000000 0.000000000000 0.000000000000 0.000000000000
82.8 0.000000000000 0.000000000000 0.000000000000 0.000000000000 0.000000000000 0.000000000000 0.000000000000
82.9 0.000000000000 0.000000000000 0.000000000000 0.000000000000 0.000000000000 0.000000000000 0.000000000000
83.0 0.000000000000 0.000000000000 0.000000000000 0.000000000000 0.000000000000 0.000000000000 0.000000000000
83.1 0.000000000000 0.000000000000 0.000000000000 0.000000000000 0.000000000000 0.000000000000 0.000000000000
83.2 0.000000000000 0.000000000000 0.000000000000 0.000000000000 0.000000000000 0.000000000000 0.000000000000
83.3 0.000000000000 0.000000000000 0.000000000000 0.000000000000 0.000000000000 0.000000000000 0.000000000000
83.4 0.000000000000 0.000000000000 0.000000000000 0.000000000000 0.000000000000 0.000000000000 0.000000000000
83.5 0.000000000000 0.000000000000 0.000000000000 0.000000000000 0.000000000000 0.000000000000 0.000000000000
