0.1
0.4
0.6
1.5
1.6
1.7
2.6
2.7
3.0
3.1
3.4
3.5
3.6
3.7
3.8
3.9
4.5
4.6
4.8
5.1
5.2
5.4
5.7
5.8
6.2
6.4
6.6
8.0
8.2
8.7
9.3
9.5
9.6
9.7
10.0
11.1
11.2
11.3
23.5
24.4
25.5
25.7
25.8
25.9
26.0
26.1
26.5
26.7
26.8
26.9
27.0
27.1
27.3
27.7
28.0
28.1
28.3
29.0
29.2
30.0
30.3
30.4
30.6
30.7
70.9
72.1
72.4
74.1
74.6
74.7
74.8
74.9
75.0
75.1
75.2
75.4
75.5
75.6
75.7
76.4
76.5
76.8
77.1
77.2
77.4
77.5
77.6
78.0
78.1
78.5
78.8
78.9
79.1
79.3
79.6
80.0
80.1
80.2
80.3
80.4
80.5
80.8
81.0
81.2
81.3
81.4
81.7
81.9
82.0
82.2
82.3
82.4
82.8
82.9
83.0
83.1
83.8
83.9
84.0
84.1
84.3
84.4
84.6
86.3
