0.0 0.098282574842 0.085470961400 0.716153783260 0.605502216859 0.719807904419 0.321301654888 -0.109585093337
0.3 0.123027460189 0.072269407016 0.900967689974 0.657504901753 0.601338690301 0.369341046473 -0.263943696854
0.4 0.118190443535 0.077209318889 0.869382479827 0.675402451098 0.638173221016 0.333597224514 -0.158994845277
0.6 0.115117995277 0.085069661492 0.873700155340 0.674084478121 0.662303864343 0.285891029256 -0.158839626741
0.8 0.109852644450 0.072943486774 0.864807375744 0.680438674381 0.626018448074 0.331433673504 -0.187765367267
0.9 0.109155802701 0.056963095055 0.869999601221 0.693293954092 0.565531381256 0.387938605212 -0.221407742911
1.7 0.107093588203 0.100020177823 0.882167927396 0.668560817593 0.636750967948 0.338557403143 -0.181531051816
2.4 0.118145389604 0.098088851917 0.913388558405 0.691137149176 0.622616788205 0.341486061093 -0.134406272747
2.6 0.122255268940 0.102375658140 0.926510729018 0.650993092583 0.636652791113 0.359764619727 -0.203594291104
2.7 0.124703182979 0.104201963414 0.902922660491 0.677384042585 0.645961395206 0.323086216492 -0.139642513112
2.8 0.122901612247 0.100852145049 0.895939687198 0.670244900761 0.636023826736 0.348689299948 -0.157038966278
3.4 0.137016375120 0.090553840019 0.941558668777 0.684736811030 0.628652971689 0.316649480341 -0.188849271660
3.5 0.134229030187 0.090861737553 0.943027746377 0.701940971723 0.632412477925 0.313743290010 -0.094331744149
3.6 0.132358169542 0.090696411748 0.900856779813 0.658431626591 0.660633207051 0.338167666265 -0.125196598753
3.8 0.125897261873 0.076369663859 0.869749332093 0.690623388078 0.632057745829 0.336891826229 -0.100230929346
3.9 0.132282761332 0.079685784088 0.870165144991 0.652944708060 0.641193912243 0.355219005805 -0.190664713657
4.1 0.126358082815 0.072815085919 0.871135400821 0.647183953913 0.649418929642 0.361676813627 -0.169109036140
4.3 0.140631393765 0.079682881235 0.947719430433 0.702372424267 0.610610959331 0.328944649019 -0.160070771400
4.6 0.131493374908 0.071760946955 0.857736472726 0.673102798100 0.635546670185 0.357898861185 -0.122153421438
4.9 0.142209753984 0.078753194569 0.903846553019 0.679786952956 0.637011589939 0.317754399568 -0.176459838006
5.0 0.135940072613 0.075303828553 0.907462413101 0.669706618276 0.620676721785 0.350043350361 -0.209100706213
5.2 0.129922253616 0.077848879807 0.903702346409 0.665017694566 0.638628346534 0.355838784682 -0.152591153847
5.4 0.123902321470 0.084461945475 0.878793612978 0.669757581349 0.661983008873 0.307607845675 -0.136311010076
5.5 0.135871338673 0.082124497535 0.943541515457 0.693362205653 0.620328260220 0.327357638171 -0.165162580735
5.6 0.127255781230 0.081701595120 0.932450242758 0.680401849231 0.631302462838 0.339916312145 -0.151550073294
5.7 0.121884668374 0.078589620204 0.923426197410 0.667096805249 0.633110455826 0.356335875099 -0.164856747719
5.8 0.128510504236 0.078977353063 0.985842097044 0.659428161778 0.622160996616 0.386537322517 -0.169289964395
6.0 0.127358152933 0.078315226579 0.924264864512 0.679892116105 0.623663981574 0.352459686291 -0.156723061755
6.1 0.123711803302 0.078450935994 0.892448640786 0.670400013914 0.641485504661 0.352586967562 -0.121419104589
6.2 0.143511621036 0.081482152002 1.049009595535 0.686858484999 0.607079918255 0.330864687287 -0.224071312626
6.3 0.127930485129 0.081215839983 0.935064120028 0.685217670601 0.632415891051 0.329603676577 -0.147946953428
6.4 0.125128892600 0.081343114276 0.905514398381 0.670885654415 0.653803480959 0.334767511891 -0.101902698530
6.5 0.130972689013 0.078803445131 0.936913076079 0.680409489022 0.633153226199 0.348475014396 -0.121346956056
6.6 0.132582722508 0.083291350043 0.905220872884 0.665610154284 0.657762170395 0.316712438935 -0.154936376412
6.7 0.146737052378 0.084530409556 0.971309509992 0.715695076898 0.611000759982 0.290016550707 -0.174209725677
6.8 0.134283980567 0.080270543365 0.971630583729 0.696305893019 0.619340158144 0.337244658856 -0.133573619885
7.0 0.124432466654 0.077365190634 0.922244606599 0.678000867714 0.629567146157 0.357018952663 -0.128442591447
7.1 0.129575142988 0.085343622751 0.952381073805 0.693534270937 0.646565484248 0.297512733928 -0.111577160589
7.3 0.123364183931 0.081836732227 0.952977035438 0.691742361749 0.653100734030 0.280080781437 -0.128478371879
7.4 0.119753784282 0.073946203881 0.931256297021 0.680077773484 0.640865512267 0.332397737318 -0.127661119473
7.5 0.111317582119 0.073569434401 0.913524657271 0.663641182388 0.658371417770 0.346116951321 -0.079564522939
7.7 0.115791822586 0.072006993354 0.981330155037 0.660298662121 0.625397068039 0.368526721334 -0.192541527343
7.8 0.107574546943 0.071104904147 0.971787742284 0.677638383840 0.626804042204 0.351408045783 -0.156317941336
7.9 0.106563626365 0.075173321702 0.925836073132 0.668328627325 0.658415127791 0.334980545523 -0.087260526679
8.1 0.106190835031 0.077631338690 0.929814593334 0.674725364502 0.649781790990 0.327061926164 -0.124738939587
8.2 0.104664438021 0.085747155811 0.949604763005 0.658998823610 0.673628179677 0.314442073163 -0.114332010613
8.3 0.114604255874 0.079662157700 0.979774122432 0.746390667152 0.594557530992 0.289607516035 -0.074362631646
8.4 0.104182992014 0.084394437221 0.913753587626 0.665018371706 0.651915115205 0.356757694603 -0.074035094392
8.6 0.116687835992 0.088984561590 0.945887404757 0.689145076707 0.618329730096 0.362717509245 -0.105751674299
8.7 0.122268400250 0.095993951521 1.001512666246 0.692528174532 0.638110929366 0.308090504294 -0.135275313588
8.9 0.107350089348 0.086303960852 0.928169642997 0.681497070489 0.647598577854 0.336530751785 -0.054082141039
9.1 0.116103230911 0.093781204568 1.030215011628 0.694002193373 0.659378323607 0.277635380666 -0.080621196677
9.2 0.112037811239 0.087789327023 1.033211766890 0.687337324596 0.649600368940 0.297155588981 -0.131473643094
9.3 0.100342403552 0.079815656590 0.959623617597 0.687234676692 0.649108156917 0.314839008123 -0.085108746550
9.4 0.103996966153 0.050196093566 0.839677628922 0.762605953841 0.566884376954 0.304309090155 -0.066859853288
9.5 0.107380117594 0.077839451108 1.007443184195 0.699804692682 0.659366789887 0.262078133936 -0.082606780636
9.6 0.101880184770 0.072111129965 0.973450861342 0.687413000636 0.654101289364 0.306931537748 -0.073538431751
9.7 0.093204688050 0.070178009770 0.957424844656 0.670538624562 0.652059986475 0.350194290595 -0.050593337935
9.8 0.099745229504 0.074162200280 0.979595406895 0.698895408139 0.660218852983 0.265214679944 -0.072920835086
9.9 0.090775125324 0.068803898347 0.934815920610 0.677877847008 0.651763244594 0.336570590137 -0.049056451013
10.0 0.100764752875 0.075906403250 0.961739876967 0.718115540231 0.655552628182 0.220909088011 -0.075894646690
10.1 0.097885924974 0.072734197705 0.995902590420 0.707892145370 0.616137201806 0.342917883143 -0.040877677216
10.2 0.100539789166 0.076840161707 0.966462295819 0.691408706715 0.657273950525 0.293883603799 -0.059811216821
10.3 0.097505351950 0.074792170083 0.972027249972 0.679295286085 0.675115135575 0.280682325400 -0.063205223113
10.4 0.111045902504 0.077246412556 1.012327442750 0.700596543076 0.639315564617 0.304712880439 -0.087121485082
10.5 0.108250674120 0.078172764115 0.988693885708 0.689298183862 0.650108428510 0.315106642991 -0.054174241551
10.6 0.104447522399 0.075735114184 0.945367672136 0.665862878263 0.662043538203 0.341658540054 -0.039930225185
10.7 0.125208220059 0.088047726764 1.060745276682 0.727013100254 0.654774271030 0.206304973544 -0.012683215136
10.8 0.122619669444 0.078988272772 1.041038817286 0.700877678476 0.661101996601 0.258934240391 -0.068320487825
10.9 0.129726023160 0.085026389557 1.042921437947 0.736895157576 0.653902287726 0.171107577146 -0.010932606766
11.0 0.122496213221 0.077850962603 1.033635349990 0.710190162776 0.647528944372 0.272955234662 -0.042797649085
11.1 0.115023937481 0.066131667210 0.955154247893 0.684502115976 0.652343150776 0.320431262239 -0.056824933256
11.4 0.137982896488 0.072030510768 0.971527300395 0.704347991852 0.656117425663 0.264560381022 -0.058409202266
11.5 0.137369330615 0.069118121416 0.970065315593 0.686590637639 0.653793813432 0.314323275895 -0.048454350219
11.6 0.145857569893 0.066763131497 0.994387865907 0.690299968235 0.642408258336 0.312551787868 -0.114494381416
11.7 0.137843908541 0.070130670165 0.972234236202 0.715360893535 0.658338833604 0.227305962256 -0.056398330586
11.8 0.146984454809 0.064566741881 1.001273690475 0.697075533582 0.632719514007 0.332262043640 -0.057910719491
11.9 0.159589647313 0.077627501009 1.014956446066 0.708043431958 0.653770563768 0.262632875874 -0.047775735701
12.0 0.148101282056 0.072625651715 0.952997286495 0.680194835814 0.656642625923 0.323852749133 -0.035704958080
12.1 0.158542907325 0.078011930870 0.988001457469 0.690355151178 0.651461803883 0.307076636158 -0.068638348236
12.2 0.167330420236 0.080660759450 1.006163896756 0.696308995534 0.657065098563 0.283318761581 -0.056122351386
12.3 0.169114662838 0.076957993230 0.984544298774 0.705625797457 0.637832127601 0.302029451772 -0.063565880985
12.4 0.160557515490 0.074750307578 0.957510325633 0.685486074547 0.649030333955 0.328078520418 -0.035113411239
12.5 0.154856394316 0.073326200021 0.934042454258 0.684475240720 0.647685007270 0.333986010245 -0.021239612989
12.6 0.175345495656 0.075827751038 1.038265708557 0.711534310681 0.625710836204 0.298522472415 -0.114408075087
12.7 0.158766121742 0.076208414350 0.959540946701 0.684393639207 0.653085057979 0.321960594303 -0.037770747584
12.8 0.157602523572 0.077780048810 0.955136266139 0.680707648716 0.662035237095 0.313361199599 -0.012296357608
12.9 0.169217430448 0.080236419602 1.014564700333 0.699025992515 0.655213300921 0.283819925679 -0.038787135410
13.0 0.152265696911 0.069012620067 0.950629014289 0.688052894439 0.644838446638 0.329585420031 -0.046260599823
13.1 0.157550730483 0.072423386765 0.981813456757 0.679562924463 0.665039396082 0.308159237648 -0.030898504921
13.2 0.146721705938 0.065047803243 0.924237085995 0.676553787103 0.648361316747 0.349096896723 -0.005825186785
13.3 0.158721850685 0.064888423425 0.968146053568 0.691219325816 0.639133630271 0.335905739424 -0.029855995986
13.4 0.165753078865 0.068173654614 1.003016415584 0.692950993325 0.653603047512 0.303384762978 -0.024076185848
13.5 0.155299174396 0.056321642134 0.958268527973 0.666862556177 0.640081684401 0.368355652249 -0.099518249180
13.6 0.155767592813 0.054837467686 0.938946791685 0.697394976557 0.637354022643 0.325503401265 -0.038309688839
13.7 0.157215275082 0.058051472825 0.959902901011 0.683492821629 0.645804719425 0.337552193436 -0.042805885787
13.8 0.171912163111 0.056414408152 1.029752558673 0.713422530391 0.610617039112 0.332009979636 -0.089131914025
13.9 0.159911295947 0.056856800118 0.966355953189 0.700498991609 0.627016607339 0.339992007566 -0.023596009565
14.0 0.164379693361 0.058268171088 0.972842703335 0.690171557143 0.633800524253 0.344118973207 -0.059516799701
14.6 0.159130639638 0.057034377298 0.935816777932 0.698903693148 0.639898802173 0.318397733372 -0.026192251989
14.7 0.159405711611 0.056557080165 0.956809033349 0.703014015114 0.632224475266 0.324086139274 -0.032119803204
14.8 0.153438943762 0.055605372439 0.987386407568 0.673409639889 0.653962497750 0.326842056534 -0.109666670063
15.1 0.156875261794 0.054617039812 0.992148490216 0.694633941620 0.642762540125 0.321858195761 -0.027336897829
15.2 0.155476097883 0.052324647902 0.988526599694 0.693189053851 0.637805291243 0.333598011198 -0.037492839430
15.4 0.151396390316 0.046738671442 0.989486160615 0.695786170185 0.652317547266 0.297433068219 -0.043554481276
15.6 0.162460158940 0.045819688130 1.001200385716 0.732017285013 0.638833883756 0.235200650547 -0.026881543659
15.7 0.154682312566 0.040699238057 0.979008430185 0.703412797164 0.643974941611 0.300265830403 -0.018631759339
16.0 0.147637894242 0.030424942607 1.004636367801 0.666276144851 0.633347283411 0.378283245652 -0.108853587249
16.1 0.150421710524 0.035509669221 0.971535675456 0.702902354634 0.635809954928 0.317005961192 -0.034368614074
16.2 0.152894766836 0.038424824359 1.003853286531 0.710324309680 0.637254865675 0.296643107585 -0.036721628148
16.3 0.144422072409 0.035622035933 0.972977399426 0.705323632481 0.641700646906 0.298382922475 -0.041309621149
16.5 0.142641613930 0.033724598402 0.971601923546 0.703982314999 0.619632448958 0.345776139284 -0.030056444711
16.6 0.136385913119 0.037217759628 0.951524376014 0.684606417565 0.645432311264 0.338543511596 -0.010930478579
16.9 0.144155116684 0.026967781583 1.004654859695 0.686503707453 0.633064947316 0.347526496415 -0.084656756507
17.0 0.142501055369 0.026166331677 0.991663775673 0.708247395744 0.605288329138 0.354768192504 -0.078429551943
17.1 0.118356730152 0.023149769331 0.889751713793 0.671241829720 0.613625684081 0.415544791829 0.014847621165
17.2 0.127522245668 0.022753228712 0.926006136383 0.701704567712 0.614700033072 0.359008335132 -0.029454783991
17.3 0.148942227476 0.025485431499 0.997547109916 0.738861742518 0.626117785200 0.247066504881 -0.031905903289
17.9 0.146574565644 0.012268794902 0.954436493266 0.699220365733 0.622364203127 0.351698529534 -0.007862768865
18.0 0.145569046935 0.013592246389 0.961089090494 0.713666949411 0.628431276724 0.304908005150 -0.052770485578
18.1 0.149796797809 0.006567371867 0.957819105526 0.700187419585 0.590653206788 0.399466189128 -0.035960123892
18.2 0.163082153449 0.015192062156 1.019954369455 0.720334472078 0.613381578905 0.321267332422 -0.040848355099
18.3 0.141761172567 0.016934520924 0.921649441075 0.712376902553 0.600083598429 0.363363411346 0.019643189653
18.5 0.141051827495 0.025857890561 0.942709047017 0.692328186269 0.624438047935 0.361577833386 0.004503020392
18.8 0.150796013932 0.035764017298 1.010697105432 0.715956816577 0.616422883798 0.327364193442 -0.016166322345
18.9 0.160391365785 0.039523199574 1.048967420562 0.740375468498 0.616093866462 0.267404582539 -0.027700227300
19.0 0.150179150098 0.036712681894 1.015920424544 0.706660202527 0.620913899384 0.335313113288 -0.051598486164
19.2 0.134240934958 0.036637212834 0.923352608710 0.701695602317 0.619799778913 0.351180929581 -0.011977914951
19.3 0.136453289463 0.035348312875 0.929130811665 0.697634977832 0.614386855013 0.367192659497 0.031682501538
19.4 0.151305066179 0.035421340617 0.990432896537 0.719217214392 0.602009631027 0.344956862344 0.036273486116
19.7 0.164221485200 0.032319626856 1.013534070098 0.720857720314 0.615578719939 0.317938333247 -0.018498726313
20.1 0.150254479616 0.022961554216 0.941850097492 0.708178255317 0.597604797441 0.375967376349 0.000772459149
20.2 0.177937697171 0.024699178030 1.061212943639 0.746085051398 0.580690707057 0.320982931086 -0.055904890387
20.7 0.144995279544 0.034216532708 0.909544902083 0.730811600058 0.579237181261 0.358897024896 0.039895094770
20.8 0.161338476103 0.035917459230 0.982972303166 0.709417417714 0.620795246581 0.333228466601 0.017290989389
21.0 0.166313928570 0.031523596582 1.010609391207 0.736689411373 0.599497718023 0.312577259666 0.013662137273
21.3 0.145181455429 0.033973559403 0.935278879369 0.731335508715 0.583302464039 0.348356155963 0.059620447335
21.5 0.137993932844 0.033199467764 0.903375609359 0.714680755370 0.595305781851 0.356693293435 0.087248715848
21.7 0.139990743442 0.031319296201 0.918420049041 0.726591955878 0.582962766315 0.360410563547 0.048195107919
21.9 0.153042616305 0.035094496255 0.972057821389 0.730237570530 0.590833123137 0.340158869316 0.044286056683
22.0 0.135752392654 0.033789295123 0.898436734918 0.708729596202 0.594057240783 0.374808487529 0.065703514495
22.7 0.119318761802 0.042169014929 0.911836832674 0.707322083312 0.596940233843 0.360798354189 0.114814525619
22.9 0.126047009015 0.042106173955 0.945874843991 0.729056103006 0.587980173125 0.341496702380 0.078335923724
23.1 0.129043395349 0.040638159521 0.928363342150 0.734414115903 0.577689195844 0.340400960615 0.105063244663
23.2 0.129008660685 0.039759279011 0.924086266684 0.735319307500 0.574133020578 0.350141775551 0.084128043561
23.3 0.128665847612 0.042988179045 0.951593018351 0.755529345700 0.547539489284 0.357755109452 0.037245095266
23.6 0.115466622636 0.046461862892 0.862000054204 0.708750541184 0.593976374247 0.356157903196 0.134224756280
24.2 0.121526047907 0.059060655788 0.885176044789 0.727223383814 0.567992492375 0.361987620190 0.132271090826
24.3 0.117903760839 0.060223557717 0.881529013002 0.710637542308 0.581629612574 0.379321643615 0.113209398565
24.5 0.121828960560 0.062291058161 0.867084452487 0.706698348885 0.579606550503 0.380079009481 0.142033928515
24.6 0.128430162541 0.058834928684 0.892127624578 0.726682606704 0.574535891226 0.361762740372 0.104731172460
24.8 0.143838340417 0.052553438335 0.958150666619 0.719023590391 0.581882573878 0.377211228137 0.046145812874
25.0 0.145907006152 0.044493830784 0.926220414913 0.713177804813 0.586702072489 0.380870622055 0.045778445965
25.5 0.165161352382 0.043737557447 0.938367788468 0.732736727771 0.574359612230 0.352743860833 0.093700012056
25.7 0.154475662566 0.047861923291 0.886701595315 0.711448108521 0.577648536176 0.382284161171 0.118416965229
25.8 0.148805195372 0.055252122701 0.882944247267 0.713799671703 0.588029319795 0.366939374930 0.100334649323
25.9 0.146694380830 0.057393159936 0.882598645713 0.713361947370 0.587954452793 0.367078747164 0.103331912704
26.0 0.144241487752 0.058951849096 0.883698688284 0.713458156997 0.587051710546 0.367361101759 0.106740653582
26.1 0.142071191350 0.060657703183 0.883715795476 0.712940554066 0.587006786420 0.367763796643 0.109034805184
26.2 0.138827694224 0.062505849964 0.884419976401 0.711714048824 0.587668840733 0.368385332719 0.111358421964
26.3 0.135664691760 0.063767578209 0.884092164637 0.710748985738 0.587590434408 0.369654455566 0.113705532925
26.4 0.132300607036 0.064998430047 0.884718601185 0.710277254109 0.587146075048 0.370189664871 0.117155120841
26.5 0.129379100618 0.065326280166 0.885475809034 0.710226349095 0.586248105933 0.370705177555 0.120288672881
26.6 0.128279820162 0.065062081150 0.886403061977 0.710276216934 0.585420692362 0.371090419200 0.122809664075
26.7 0.129681172749 0.062962526421 0.886898606267 0.711182822738 0.584149049297 0.370972840334 0.123967864325
26.8 0.132924198446 0.060590290288 0.886724128927 0.710658935614 0.584709376192 0.371488363128 0.122781168337
26.9 0.136814548262 0.057763014774 0.887003840558 0.710683872178 0.585089345962 0.371379776396 0.121144353244
27.0 0.141329218738 0.055403236270 0.887081675837 0.711261225847 0.585064067605 0.370878120226 0.119402337096
27.1 0.145367720239 0.053966771530 0.886726200392 0.711485561687 0.585383130507 0.370196994702 0.118613114649
27.2 0.149017506699 0.052303883587 0.887381511353 0.712269437165 0.585102888152 0.369504100261 0.117446049743
27.3 0.151936129371 0.051764305276 0.887606979263 0.712536563062 0.585162644060 0.369079260303 0.116862412876
27.4 0.153905097575 0.052127248287 0.887584527072 0.713036784928 0.584910156699 0.368199810373 0.117845427046
27.5 0.154323428170 0.052755703450 0.888001462101 0.712728316949 0.585077460896 0.368286763249 0.118606784523
27.6 0.152940629330 0.053979099704 0.889272749030 0.712247401035 0.585138831489 0.368469079174 0.120609782845
27.7 0.151357332595 0.053919121276 0.890129475880 0.711667022238 0.585033307206 0.369065843982 0.122704839085
27.8 0.150561639907 0.052641195971 0.889589473864 0.710939688149 0.584962079027 0.370102763826 0.124129220250
27.9 0.151117280299 0.051089999946 0.889472381473 0.710609452709 0.584991562679 0.370549970085 0.124546376006
28.0 0.152447289399 0.049957465212 0.888641726711 0.709696158169 0.585857402174 0.371089658323 0.124076296856
28.1 0.153114962135 0.048980511624 0.889204869691 0.709761584162 0.585738101838 0.371140032736 0.124114663160
28.2 0.152283997227 0.049061483091 0.888739804644 0.708543546052 0.586526859676 0.372018224668 0.124718569162
28.3 0.149777909517 0.050148473943 0.889183476186 0.707585049759 0.586709628564 0.372955839204 0.126487728948
28.4 0.146654436724 0.051898300570 0.891086321205 0.706416078128 0.587228663087 0.373312340680 0.129524944447
28.5 0.144725972475 0.051999903535 0.891403296645 0.706147436399 0.586536997587 0.373871984982 0.132475986032
28.6 0.144567766375 0.051462115316 0.891965806969 0.706218218226 0.585904422944 0.374480973012 0.133175958634
28.7 0.145161667786 0.050826657579 0.892543014709 0.707210490670 0.584440352801 0.374111768004 0.135363138160
28.8 0.146728677540 0.049880418996 0.892594243503 0.707720210049 0.583906487430 0.373891733919 0.135610797339
28.9 0.148009559400 0.048140906950 0.892542162637 0.707912907683 0.583968322587 0.373671839899 0.134943192859
29.0 0.147255205180 0.046762314807 0.892854022995 0.707343186573 0.583714686799 0.375102523776 0.135058787991
29.1 0.146059754526 0.045921865825 0.893099288189 0.707156340267 0.582981855939 0.376107923092 0.136399765208
29.2 0.145752758302 0.044935181418 0.894151284752 0.707516215490 0.581919428546 0.376476356728 0.138043977599
29.3 0.145425253890 0.043273169073 0.894439687406 0.707186402220 0.581524869227 0.377696074176 0.138064824016
29.4 0.145430913911 0.043155799038 0.894205506433 0.707140589374 0.581306953333 0.377835516384 0.138833460068
29.5 0.145092739013 0.041977896185 0.894743537161 0.707287032113 0.580558119884 0.378475800019 0.139475392851
29.6 0.144398101024 0.040514809118 0.894820745739 0.707123126763 0.579877942885 0.379389607717 0.140648444960
29.7 0.143470352826 0.039732075826 0.895413722618 0.706641202628 0.579630616320 0.380603908409 0.140809154947
29.8 0.141793900052 0.039938367177 0.895292977529 0.705904459193 0.579417431097 0.381806663717 0.142119708894
29.9 0.140051105193 0.039490459563 0.896186755115 0.705825937343 0.578809101712 0.382277177402 0.143714757016
30.0 0.140160252373 0.038467172946 0.896868326856 0.705795789159 0.578274901105 0.382920666836 0.144299018984
30.1 0.141868094711 0.037745155656 0.896241410979 0.705620857246 0.578431616349 0.383023150146 0.144254427860
30.2 0.142854924664 0.037722399640 0.895825066484 0.705384349356 0.578831854104 0.382840055081 0.144291698913
30.3 0.143301238330 0.038284123092 0.896011137835 0.704886385521 0.579014689764 0.383190587790 0.145059100797
30.4 0.143169445657 0.039153872363 0.896623886201 0.704383997878 0.579440334810 0.383076516595 0.146097441809
30.5 0.140910153433 0.039978163836 0.897550948439 0.703812637066 0.579307683655 0.383535838268 0.148157489072
30.6 0.137530397136 0.041129505391 0.897706174449 0.703286856561 0.578485504567 0.384474869040 0.151397482722
30.7 0.133869577726 0.042524658528 0.898431400831 0.702684991757 0.577845713068 0.385578359418 0.153809807084
30.8 0.131564162036 0.043182955220 0.898737176451 0.702824623784 0.576456525525 0.386085338342 0.157078118066
30.9 0.131504366612 0.043651594802 0.898043842583 0.702556336263 0.576242782790 0.386375260390 0.158344583375
31.0 0.132724152873 0.043274134795 0.898730947721 0.702927163294 0.575799547038 0.385839579241 0.159612346218
31.1 0.134576294078 0.043406351784 0.899013223663 0.703125521660 0.575800952176 0.385453963118 0.159665285340
31.2 0.135185406817 0.044022136035 0.898583159661 0.702690878119 0.576380733388 0.385459182889 0.159474149419
31.3 0.134441428781 0.045404530026 0.898662593344 0.701400222113 0.577090547006 0.386265004424 0.160634911706
31.4 0.133738489444 0.045524307238 0.899151711727 0.700861525837 0.577076891334 0.386846086718 0.161633804884
31.5 0.133065482234 0.045134584703 0.899845907319 0.700586909149 0.576996126737 0.387096278669 0.162511295661
31.6 0.131889508563 0.043460569977 0.900247011683 0.700059774957 0.576361424098 0.388798026125 0.162972131867
31.7 0.131887066443 0.042611532982 0.900620939190 0.699915893015 0.576066634316 0.389260181070 0.163528227535
31.8 0.131941552380 0.040670553141 0.900430329145 0.699865506186 0.575408458091 0.390006554765 0.164281060723
31.9 0.132069154361 0.038876059734 0.901016787079 0.699813382208 0.574912772748 0.390923107174 0.164059942159
32.0 0.132110506099 0.036795649710 0.900750630570 0.700021026460 0.574032563899 0.391814661789 0.164129386689
32.1 0.132236358547 0.034354526508 0.902134541164 0.700314844462 0.573285862629 0.392395661565 0.164097778611
32.2 0.132390286576 0.030507127019 0.900910964106 0.701273521441 0.571173551248 0.393723097865 0.164189953898
32.3 0.133269354026 0.029268744313 0.901748403914 0.701533208513 0.570471492248 0.394114689537 0.164581413607
32.4 0.133319366494 0.029339619534 0.901001159182 0.700524561942 0.571123082613 0.395024374044 0.164436921596
32.5 0.133080135765 0.029974333829 0.901695540406 0.699818222290 0.571686788695 0.395381871654 0.164626366600
32.6 0.132080866566 0.031400447605 0.902509164092 0.698770943670 0.572408458671 0.395660903592 0.165892048932
32.7 0.130060817172 0.033419251842 0.902983757469 0.697405327382 0.573282195893 0.395987532833 0.167830916364
32.9 0.171540050706 0.016864411719 1.055894681015 0.712602386982 0.553782548405 0.390028803588 0.182757378843
33.0 0.163246471365 0.023736031122 1.034838715165 0.689841270603 0.575430699387 0.389393701148 0.203398812882
33.1 0.124776978570 0.035443478802 0.904101171737 0.694953237184 0.572638116417 0.398550062187 0.174021359550
33.2 0.126131154764 0.036042819288 0.902661265107 0.694250473832 0.573281099434 0.398877967520 0.173958108770
33.3 0.127451770965 0.036903417078 0.902344321689 0.693646474155 0.573997153217 0.398711290093 0.174387911026
33.4 0.128383376697 0.037861979610 0.901490362991 0.693374056121 0.574122370574 0.398472856177 0.175599824360
33.5 0.129402569808 0.039023566237 0.902333027010 0.692840223080 0.574577553834 0.398403797325 0.176373113033
33.6 0.130742513427 0.039809554900 0.901711834252 0.692590454371 0.575117309852 0.397991504609 0.176525662340
33.7 0.130862492816 0.040573126712 0.902004236688 0.692453443072 0.574890753757 0.397944807029 0.177901042880
33.8 0.131153486777 0.041116732863 0.902844998959 0.691748735324 0.575447152876 0.398280043415 0.178093430452
34.0 0.130852084033 0.039914740764 0.901962777460 0.690950430894 0.575196696568 0.399276001062 0.179763582157
34.1 0.132151766855 0.038251406127 0.901628007125 0.691108523406 0.574463913709 0.399879971152 0.180156140613
34.2 0.148693164139 0.021745874579 0.882711527093 0.682627974555 0.571982641303 0.404412567404 0.208099451535
34.3 0.135601717429 0.035807646812 0.900450189382 0.691797356567 0.573713927971 0.399869653746 0.179924984785
34.4 0.136713108970 0.034637597386 0.899213913720 0.691373078922 0.573697968527 0.400774276658 0.179593668492
34.5 0.150306289796 0.022316831760 0.875056797093 0.649897793309 0.597350425511 0.417547804575 0.215543866276
34.6 0.137359988257 0.033385424479 0.898311021750 0.690335443004 0.574261340627 0.401744508875 0.179616931971
34.7 0.136542541923 0.033030095216 0.898229572294 0.689542703257 0.573795139590 0.403127920501 0.181046604534
34.8 0.166647570329 0.027053268181 0.959775260595 0.655889985671 0.612269297857 0.380146913336 0.224550568647
34.9 0.148615193436 0.026334014603 0.883843068875 0.634755451909 0.609581484310 0.424852705000 0.212122863720
35.0 0.159304004953 0.016363516760 0.955496913788 0.668345662248 0.587957743002 0.424885684206 0.164596244048
35.1 0.160923156647 0.015055447171 0.960548198590 0.670963191806 0.582444406405 0.423600844484 0.176434784672
35.4 0.170754546259 0.016010521750 0.990835802431 0.676447126661 0.568982112607 0.422013227243 0.201453409991
35.6 0.166754634462 0.014315084722 0.965009806357 0.672671710485 0.574807529142 0.422459801477 0.196562434079
35.7 0.170786087961 0.013597742147 0.973699346819 0.683017226250 0.559427054026 0.423394473462 0.203140246410
35.9 0.162795840660 0.016252903641 0.967486584086 0.654043223013 0.588565825272 0.445946686028 0.164162373806
36.2 0.128594801690 0.034854824693 0.895570161716 0.684522684657 0.569676941311 0.410247611980 0.196452994254
37.3 0.188004061070 0.010923741999 1.092941116197 0.696948095876 0.546942456618 0.404106658507 0.227629324459
37.4 0.164064974093 0.010162041028 0.959675197855 0.687468207640 0.549411260095 0.415497337483 0.229992811428
38.2 0.190908110384 -0.001805990362 1.053071450709 0.703286756256 0.541368167261 0.404376549408 0.220879723472
38.3 0.170177426487 0.001381004410 0.928665963001 0.669531100990 0.554006828884 0.438025976304 0.230082121081
38.7 0.173440610211 -0.004030623960 0.945510018747 0.679192173811 0.554826286980 0.428018890999 0.218324554870
39.0 0.187656746510 -0.011570488313 0.975145661219 0.712255258391 0.533216641882 0.398432398160 0.222764637703
39.1 0.167097866255 -0.007051637768 0.905332139598 0.675066186058 0.552149077143 0.443698130687 0.206274113443
39.4 0.181604741793 -0.013958780214 1.036552958988 0.689708952639 0.569771482172 0.425172652932 0.137441747488
40.5 0.178877217607 -0.003507766416 1.019557864865 0.695117946861 0.540195811651 0.420735118328 0.219046764944
40.9 0.174817167056 -0.005455443090 1.044733924591 0.682555648494 0.554210972431 0.445453704065 0.168934846258
41.2 0.178600350180 -0.005461091740 1.018620550252 0.688159371212 0.551583214316 0.437579375569 0.175262453407
42.2 0.208113703178 -0.015167035407 1.062211009168 0.682602556102 0.555026361107 0.447457683277 0.160564973004
42.6 0.187633065210 -0.009654904979 0.941513827334 0.653715196150 0.558294962313 0.463043508723 0.215763496468
45.7 0.267472119946 -0.042431253509 1.072804693951 0.716743233518 0.511223292049 0.400955243787 0.253307669353
46.5 0.266219561799 -0.036173669423 1.043369994079 0.683757105775 0.528111644991 0.456399468151 0.212776493527
46.9 0.261894375049 -0.027299018599 0.999036776333 0.702426013165 0.516218446592 0.427021938640 0.240350734027
47.2 0.212655050045 -0.012455361173 0.830660657684 0.644648152392 0.560804099003 0.466856309337 0.227975236794
48.6 0.238337195481 -0.004713646763 0.964369122864 0.705663631772 0.495676057676 0.418437058369 0.285051772182
53.6 0.195836417554 -0.004959896714 0.971385863972 0.696193226967 0.501363607303 0.484654122858 0.170469660625
60.2 0.164175285291 0.014850633023 0.875361652304 0.721802028715 0.423150894652 0.533100355465 0.125495668053
99.1 0.096757648807 0.077064468631 0.784075688305 0.654248209789 0.680582620482 0.214495450619 -0.250516024138
99.5 0.086807191855 0.089541709497 0.859089394376 0.609364053151 0.669151343353 0.269310244820 -0.329217135719
102.0 0.077463108111 0.071703902293 0.824139310844 0.634201195385 0.648908335452 0.261642327690 -0.329013842129
102.2 0.076586563088 0.079030878451 1.013167120470 0.653011736394 0.646406628523 0.229855091471 -0.320781513898
102.3 0.073757409900 0.068717196120 0.892811800902 0.598160194388 0.662878754795 0.296425501075 -0.339010413710
102.4 0.069364007588 0.071222545877 0.877349991164 0.593645467036 0.685112920487 0.278059886461 -0.317628785205
102.8 0.065257291891 0.055787153144 0.820920803664 0.612777358686 0.674180416631 0.254848748717 -0.324093797829
103.6 0.052348175582 0.059580800245 0.759609294590 0.625678028667 0.693920032404 0.216400605126 -0.283147966922
103.8 0.036746887773 0.068334810188 0.964896707614 0.589618324065 0.695360987273 0.269174874468 -0.310432305439
103.9 0.044493499424 0.062201857253 0.834339519695 0.606122586150 0.683720525660 0.242721069231 -0.325926580538
104.0 0.047796096044 0.049739483087 0.895203240434 0.659670248568 0.587463433957 0.236872603684 -0.404491342976
104.3 0.032700319192 0.065525199825 0.821216441386 0.612384204808 0.701957347735 0.224394088951 -0.286162122769
104.6 0.020695446105 0.069131435072 0.965206387275 0.619043410760 0.688817403922 0.248431593849 -0.283897134235
104.7 0.032585895209 0.063264513952 0.794741229482 0.621458776396 0.690138653470 0.221704917348 -0.297228124258
104.8 0.033796989823 0.065108404884 0.764786524524 0.619691275704 0.706325342195 0.218011718039 -0.263738743053
104.9 0.016344175790 0.081877829540 1.004922643346 0.609818697432 0.707505630528 0.199061839919 -0.296532161700
105.1 0.027167150180 0.074367801267 0.861295070532 0.610079926425 0.712285648533 0.227998794448 -0.261664265801
105.2 0.025421589615 0.076712132643 0.845537089998 0.583452745783 0.714653092602 0.243911804746 -0.298932905812
105.4 0.031590230683 0.078671446575 0.818115595122 0.616126460299 0.675127928556 0.171375950347 -0.367723739573
105.5 0.031951252579 0.081573048813 0.818113343995 0.621063368351 0.680340138453 0.155886431466 -0.356534723397
105.7 0.025099526199 0.092765453507 0.978708419062 0.621685697947 0.692091749256 0.190066557754 -0.313672770899
105.9 0.031727343624 0.095190347028 0.832009783488 0.563074825835 0.695522950940 0.126157845185 -0.428110690505
106.0 0.034230064289 0.098015536101 0.829104285841 0.581140227905 0.691927260974 0.069410360848 -0.422723198841
106.1 0.031586304828 0.092480748747 0.984420061856 0.620852751913 0.700524483090 0.212322146238 -0.280582635331
106.2 0.037858539486 0.092562490699 0.930828554261 0.626718763974 0.682896962167 0.189284055833 -0.324109358323
106.3 0.032707133867 0.101487048513 1.019800226025 0.609863972829 0.714453196900 0.181259001816 -0.291148996813
106.5 0.044086109240 0.101242041720 0.885425985343 0.538952463328 0.700093640121 0.222959669512 -0.411932182654
106.6 0.050273597307 0.089915137842 0.783836491943 0.597681333551 0.712624379418 0.183507726287 -0.318227012960
106.8 0.046637761910 0.098468166293 0.896160310038 0.564814579820 0.755952769610 0.128326779199 -0.305044485744
107.0 0.050390052979 0.085929767964 1.065462477321 0.645270004828 0.673235260749 0.209395387173 -0.294167429169
107.1 0.050304853506 0.099990421900 0.868284845469 0.532675782701 0.750301707876 0.128309362971 -0.369919673789
107.2 0.055693503870 0.094416484799 0.948095425260 0.599450529921 0.717818349100 0.154703811672 -0.318531961547
107.3 0.057681185591 0.093447598688 0.898173029058 0.558762690646 0.735455758489 0.147031566095 -0.353936154439
107.4 0.053201363398 0.094869679928 0.842782638547 0.554168095649 0.704647578944 0.086060357467 -0.434698891334
107.5 0.053097536229 0.095517967083 0.873190827240 0.525379654049 0.729493926396 0.167130523857 -0.404823688113
107.7 0.055983642239 0.092548288980 0.891518486096 0.542637856517 0.719408218569 0.193597249073 -0.387964014930
107.8 0.055772671203 0.089328971359 0.916629539173 0.565480071132 0.712541307280 0.191575870143 -0.368532034632
107.9 0.057158884083 0.095853243061 0.889910711516 0.561052879843 0.742177391486 0.108661806441 -0.350121403813
108.0 0.056906115534 0.097479499388 0.906615847598 0.550826722724 0.738605929281 0.142524526620 -0.361577048601
108.1 0.053048373667 0.096391290409 0.936136233775 0.560983174216 0.728698855109 0.159460359410 -0.358982242718
108.2 0.054550495679 0.096386489102 0.979036400112 0.582649125143 0.716631532316 0.154260107171 -0.350945954808
108.3 0.055121181389 0.099931015649 0.904553288443 0.549207606002 0.752154263695 0.112956477308 -0.346230852684
108.4 0.055196156396 0.101698965375 0.907577366801 0.552528052994 0.756415346341 0.106184622484 -0.333576678476
108.5 0.050666630034 0.102252036532 0.895551737561 0.513981159313 0.741072679601 0.153060706811 -0.403988949663
108.6 0.050019682538 0.106295798778 0.968607947866 0.550112811951 0.740628379893 0.136370318077 -0.360899755294
108.7 0.055635324820 0.093046897026 0.896456486093 0.558055170747 0.693169984326 0.150273222633 -0.430706115341
108.8 0.054722724976 0.088923560062 0.903638717194 0.570443445419 0.725856963741 0.171370850838 -0.344031939289
108.9 0.054642226013 0.103825953745 0.935549605775 0.549222657319 0.760211605358 0.109388504180 -0.329343199292
109.0 0.053760383724 0.098820003867 0.910770778601 0.532716219198 0.752532600008 0.160018756607 -0.352565048271
109.1 0.055950313935 0.094239487470 0.904350527910 0.545325729510 0.746815236915 0.169549046153 -0.340793150744
109.2 0.056652927857 0.093619906018 0.903965853295 0.562453540370 0.708944905941 0.171531473534 -0.389384243201
109.3 0.057228089567 0.104128297739 0.930036168472 0.548302809323 0.747670910758 0.112920370577 -0.357213141420
109.4 0.058871155982 0.097385627553 0.960079519336 0.613617855130 0.682626522837 0.081592374495 -0.388377191155
109.5 0.057268906219 0.102015005446 0.879332481916 0.551689699954 0.741546337782 0.110197826556 -0.365518731269
109.6 0.053276405649 0.109932991214 0.907523081345 0.507258893106 0.724677163306 0.129931256956 -0.447938938710
109.7 0.057913002701 0.111159578587 0.952912064727 0.518019563541 0.745632845798 0.145494239261 -0.393088816170
109.8 0.058640941557 0.113720948908 0.938850123138 0.538524336924 0.751080412832 0.099999541825 -0.368605268052
109.9 0.064789751480 0.101566160273 0.891874849839 0.575941783643 0.731098371819 0.151465833138 -0.332932927133
110.0 0.061841272265 0.112948641885 0.991079125356 0.547163124362 0.720769307538 0.166284117564 -0.391731684824
110.1 0.066382561144 0.118092378170 0.935132718926 0.531599033490 0.746282038532 0.124911592277 -0.380608303472
110.2 0.070555581978 0.123625973317 0.961192451983 0.530322824309 0.759438215934 0.114526998372 -0.359019309843
110.3 0.075182934351 0.121578510582 0.891893327084 0.518545889612 0.688823463874 0.084027836484 -0.499571535097
110.4 0.079888270685 0.125935798025 0.966490462704 0.513927334723 0.732849433709 0.152911253515 -0.418841916103
110.5 0.085190160871 0.118812941835 0.935291504548 0.534372012459 0.721954227276 0.139946302374 -0.416705745666
110.6 0.092314597002 0.124804546323 0.960274795102 0.532683827461 0.730954337640 0.127549160981 -0.407044110361
110.7 0.093372193020 0.128584756230 0.923254356213 0.523901370939 0.734361841313 0.091487097010 -0.421746547860
110.8 0.102188124292 0.135621819252 0.963958217298 0.536065161845 0.753105220006 0.093921765768 -0.369655747649
110.9 0.105980572591 0.138733504772 0.956209542512 0.533735449126 0.747460476738 0.070918100691 -0.389101438003
111.0 0.112751510161 0.127876442106 0.935774832210 0.559959254136 0.717309529238 0.132818257236 -0.392774723623
111.1 0.110312028301 0.144367120021 0.966760460402 0.510952620634 0.763830458599 0.072414620135 -0.387616527995
111.2 0.114128132443 0.144463184012 0.970891425632 0.518916877321 0.750850731482 0.089916948873 -0.398576712528
111.3 0.115388990709 0.133051461442 0.948030783072 0.550157682509 0.723304895491 0.149430550697 -0.389649923718
111.4 0.107800036478 0.136550279609 0.898235585498 0.528352359380 0.697302265110 0.048496680809 -0.481935065502
111.5 0.112280211833 0.144158898393 0.982681510917 0.514258215118 0.753815412091 0.100265114344 -0.396544725753
111.6 0.108700158411 0.146827734961 0.992061920357 0.509826901371 0.757460935311 0.076899151566 -0.400519640722
111.7 0.108232250844 0.129988713695 0.951292373726 0.558281949819 0.720837174326 0.135921326028 -0.387608598649
111.8 0.109462680886 0.128318567080 0.962499330851 0.538135882825 0.717390949994 0.166575389367 -0.409893444860
111.9 0.110733613888 0.127223027992 0.972078117239 0.550014555450 0.722253171445 0.128457730290 -0.399165324971
112.0 0.106532769434 0.122434291289 0.939175130093 0.545458179843 0.736380370084 0.111027972911 -0.384567437295
112.1 0.106777890695 0.119865831273 0.971745211865 0.553067907017 0.723631487808 0.128446979811 -0.392396143531
112.2 0.106520551481 0.118310943890 0.965610257685 0.547139707803 0.734054824886 0.098321299026 -0.390044326153
112.3 0.106509850294 0.114095806486 0.963304483271 0.548763858433 0.728576236693 0.108445217300 -0.395315734379
112.4 0.107062017698 0.113210736016 0.970980949947 0.533551876519 0.741038967882 0.127556730516 -0.387185903209
112.5 0.106829276440 0.116164656365 0.979112426750 0.538849589591 0.754970039192 0.075224527303 -0.366063696931
112.6 0.109408262812 0.112058724053 0.979284564116 0.536520126811 0.731207144501 0.129618282177 -0.400850803021
112.7 0.106891646782 0.112326840724 0.978550700636 0.522278577099 0.739088820443 0.104686096371 -0.412327084517
112.8 0.109111447259 0.100504728772 0.946663541987 0.546112754865 0.726415481259 0.147220163809 -0.390394199405
112.9 0.112023190849 0.107722486996 0.992402774465 0.523982310127 0.724388888277 0.142246654583 -0.424816626880
113.0 0.113222420012 0.102118573543 0.976390953073 0.544121679447 0.730256995549 0.127820992089 -0.392833441027
113.1 0.111894437111 0.109836326509 0.999136345507 0.515792212995 0.743007351357 0.119983060184 -0.409270734493
113.2 0.112449920128 0.103567651617 1.000971342030 0.513629270784 0.734477862426 0.134970541967 -0.422504668141
113.3 0.115829232435 0.095590550582 1.006824065856 0.533432066212 0.737854271743 0.120702344564 -0.395540451059
113.4 0.115551793453 0.087578574056 0.979230799507 0.551582616427 0.718860884060 0.125363549750 -0.404078738637
113.5 0.114793919250 0.096373291774 1.012953084698 0.513961704273 0.748220625413 0.102107088702 -0.406919408094
113.6 0.111615750543 0.092956078874 1.015500659441 0.511585434995 0.750823080452 0.094967800782 -0.406849064612
113.7 0.110811799663 0.085092213371 1.004091029076 0.526946867026 0.739523920327 0.107892992162 -0.404710356722
113.8 0.109783104637 0.077745902300 0.977016193946 0.537503404302 0.724238859842 0.132471989886 -0.411119612953
113.9 0.107548576410 0.080227380689 0.998380814962 0.526010255191 0.722315149315 0.135871298215 -0.427917079379
114.0 0.102275815405 0.084791211410 1.055460179315 0.507806532823 0.782562464795 0.061064178361 -0.354964336289
114.1 0.098095732719 0.067386060283 0.990158693406 0.546478477629 0.722040409376 0.136494012016 -0.401731633557
114.2 0.084768562859 0.083150766566 1.027516047414 0.516319733701 0.806059522583 0.060962840738 -0.282781736844
114.3 0.083684657726 0.065126786147 1.027143862017 0.516261888622 0.728708913636 0.152200960566 -0.423428682479
114.4 0.076916333937 0.063786248396 1.029078135707 0.515963794912 0.756287100496 0.102344245926 -0.389020358450
114.5 0.075201516421 0.055075906027 1.002364029034 0.534514064243 0.719699400209 0.168019547160 -0.409996244176
114.6 0.071369334936 0.055316293566 1.011660384150 0.546356076604 0.722101445328 0.160897675628 -0.392653127062
114.7 0.065173257373 0.059232777402 1.044757729042 0.516265754284 0.728559541160 0.144682536919 -0.426306966222
114.8 0.061970840958 0.050184493623 0.996767407085 0.540660474604 0.720080155057 0.162701993598 -0.403359495702
114.9 0.057126690699 0.063476600960 1.026816129859 0.510698241095 0.768819586035 0.079393130823 -0.376564046942
115.0 0.057198650712 0.052376660432 1.003613376208 0.528766551674 0.728396366764 0.170699458277 -0.400881979715
115.1 0.054581375979 0.052385900055 1.003025889739 0.538176229075 0.721467553380 0.163210479766 -0.403996602923
115.2 0.051950743342 0.053264851958 1.002486575951 0.532710871559 0.725580662261 0.148207789801 -0.409617237086
115.3 0.049610563903 0.053746134528 1.001183227379 0.526538114556 0.723821588326 0.155756860300 -0.417827383811
115.4 0.045464782074 0.058489134494 0.997346887895 0.525319336090 0.732973887643 0.159001051007 -0.401880008139
115.5 0.041801438309 0.063706749570 0.999950629965 0.521956079853 0.737282182610 0.155550614124 -0.399725956570
115.6 0.039241658356 0.065203388976 1.011270580337 0.523771362955 0.734047440545 0.151411053130 -0.404861219886
115.7 0.033155432737 0.065098898490 1.009390442558 0.517220062011 0.730264454217 0.174254729996 -0.410892350177
115.8 0.030061585494 0.069936309251 1.024061898669 0.517800761419 0.750080766619 0.130985914593 -0.390005006637
115.9 0.025774393992 0.066998890234 1.009475099023 0.522680967726 0.731828145785 0.157204062051 -0.408067462422
116.0 0.021773139941 0.068110895705 0.997317894541 0.518060607179 0.734765155393 0.141345887284 -0.414433002858
116.1 0.020884642246 0.069415127559 1.000056006243 0.513941627859 0.737215042154 0.141234046985 -0.415248032804
116.2 0.019050424685 0.072137132703 1.004483389649 0.523475899348 0.733999103077 0.133391852863 -0.411612576428
116.3 0.015960118424 0.074327252972 0.997730710407 0.523665379822 0.735154261189 0.137894082604 -0.407808783885
116.4 0.015494073242 0.074866091001 1.005258818593 0.524693663199 0.729319412302 0.132759816328 -0.418526684702
116.5 0.013564889910 0.076192615047 1.004096818132 0.521363459531 0.732256352969 0.137874161307 -0.415898415777
116.6 0.011156988442 0.077018986043 0.999023855208 0.516017342692 0.732834169219 0.143850343508 -0.419508356459
116.7 0.010612665678 0.080945989136 0.994568071653 0.521653111135 0.735828031241 0.123828542612 -0.413644330455
116.8 0.009129653360 0.081761483271 1.002792346262 0.527415399518 0.728258314434 0.132938435693 -0.416893506934
116.9 0.007186679208 0.082555813912 0.995400368018 0.523302260164 0.730265649679 0.134498894955 -0.418063240028
117.0 0.006155602572 0.085694339516 1.003056164949 0.533979612748 0.726866286321 0.111045979996 -0.417372693531
117.1 0.003493123694 0.084371826962 0.999762819865 0.517957696071 0.731111445889 0.141504360386 -0.420918513208
117.2 0.000388245520 0.085479066225 0.999000113998 0.521523742823 0.737196594309 0.138412064295 -0.406689399258
117.3 -0.001179280774 0.085492741689 0.994325086841 0.526718536820 0.730599118670 0.122336890090 -0.416924688754
117.4 -0.002731023676 0.085808137029 0.999480771481 0.525991040955 0.732487479343 0.126716908159 -0.413204964428
117.5 -0.004488845462 0.085726504309 0.997061182101 0.517840644899 0.737599088459 0.128943668031 -0.413717514338
117.6 -0.005101231881 0.085541143771 0.997093607463 0.520855037131 0.736167568814 0.136821970268 -0.409935469768
117.7 -0.006426683980 0.087203890310 0.991337940236 0.530878760588 0.731517216099 0.114333896254 -0.412283960729
117.8 -0.008456427979 0.088296204966 0.992333787149 0.524955187236 0.730976636612 0.123436042962 -0.418161154843
117.9 -0.010896638903 0.088999179485 1.001257447485 0.522862844656 0.726561690767 0.129040349057 -0.426697953478
118.0 -0.013504686138 0.090250687232 0.992817439081 0.518221962915 0.731678960552 0.130204751745 -0.423247703433
118.1 -0.016518770752 0.092421795523 0.996044696172 0.518111262920 0.733815339112 0.127226267972 -0.420582030116
118.2 -0.018881731394 0.093571856847 0.990263305506 0.523871073345 0.730075665269 0.122740190957 -0.421287867163
118.3 -0.020332168831 0.095248728030 0.988934846029 0.514684012896 0.731399515757 0.128392530223 -0.428567933241
118.4 -0.022902061339 0.099838194080 0.988932906368 0.520758541094 0.735644733771 0.125897116331 -0.414472295398
118.5 -0.025799996266 0.102082679409 0.999936313090 0.522439850973 0.737396238596 0.119069858596 -0.411249022119
118.6 -0.027808741348 0.102424679078 0.985261106174 0.523423136646 0.732909927728 0.113209108224 -0.419589031883
118.7 -0.029900175368 0.105646901637 0.997137640093 0.526090892687 0.734151961656 0.100621344109 -0.417282416283
118.8 -0.031511618550 0.107989959026 0.987419320996 0.513721541379 0.738927880409 0.124740174421 -0.417750708392
118.9 -0.032287171897 0.110813345918 1.007652386642 0.519067642208 0.732201391998 0.126715980590 -0.422365913199
119.0 -0.032609640804 0.110249887545 0.994641920867 0.515124295202 0.734227011192 0.131300463030 -0.422276976566
119.1 -0.031780602704 0.113050400870 0.991765621328 0.507939737984 0.733762026451 0.138539903074 -0.429414958253
119.2 -0.032457284952 0.117330178276 1.004037241864 0.516677664523 0.735355110654 0.122069294655 -0.421184210910
119.3 -0.032614799827 0.118677244852 0.988156799461 0.525560223825 0.731036989762 0.107286068317 -0.421735782544
119.4 -0.033428346462 0.119764509355 0.991220496613 0.517068866848 0.734286195327 0.121707922698 -0.422670973503
119.5 -0.036413954477 0.122694887871 0.986759329647 0.515533415401 0.739519105879 0.117325103257 -0.416619262387
119.6 -0.037295814410 0.125902998429 1.001674839266 0.520414314008 0.733975935216 0.112140386570 -0.421749691166
119.7 -0.038464780492 0.127344700676 0.999356081422 0.518326698531 0.729420023594 0.124892679321 -0.428585675708
119.8 -0.039424700278 0.128889773641 0.992946679972 0.516553653177 0.731326333849 0.112940823003 -0.430788216306
119.9 -0.041422487083 0.131716814669 1.006766424844 0.516090283990 0.734849996317 0.124999294945 -0.421925915236
120.0 -0.041097142885 0.134254419629 0.998571628922 0.526171619470 0.734067586322 0.105179874284 -0.416203555513
120.1 -0.041619610801 0.137343606160 0.997724372206 0.520816334461 0.737547862395 0.099945025181 -0.418072348257
120.2 -0.040319587203 0.139073250249 0.996542995918 0.514969538738 0.733130354647 0.113076976242 -0.429581022288
120.3 -0.038573200358 0.140547767543 0.970665443500 0.525132735282 0.738529367489 0.053517455035 -0.419459015516
120.4 -0.039284232842 0.144507026014 0.984795305382 0.519936678564 0.740322670093 0.090353099636 -0.416442687313
120.5 -0.036026959900 0.145576949598 0.954404286480 0.537818618798 0.724913643089 0.057694513485 -0.426523957652
120.6 -0.035545816951 0.147644126001 0.973859826936 0.527903765023 0.726002437199 0.077463658987 -0.433863408911
120.7 -0.033802715013 0.149917012112 0.968059899262 0.528886461755 0.720819065773 0.076113457454 -0.441481286789
120.8 -0.033007966624 0.154277947126 0.975377222871 0.529818866066 0.721541472110 0.079626296324 -0.438553903322
120.9 -0.026170670684 0.151857972183 0.937323164747 0.538821078347 0.699971100134 0.048482990518 -0.466220660350
121.0 -0.029444691285 0.158666404772 0.968574581665 0.528055200029 0.720300983620 0.056060410695 -0.446297467023
121.1 -0.021790951436 0.153554046779 0.919808057275 0.542245451196 0.694941468366 0.044906180083 -0.470116646368
121.2 -0.020880594329 0.156580725912 0.924493501581 0.544927210813 0.697167935727 0.049172186425 -0.463242161717
121.3 -0.019528923723 0.157483728456 0.915951498189 0.546005374188 0.698391543798 0.041004386429 -0.460918673089
121.4 -0.017233440152 0.159867417544 0.909131451219 0.550565243595 0.688871636811 0.029587786377 -0.470593607521
121.5 -0.021617424436 0.168783442904 0.956976593045 0.534378778087 0.712790447698 0.059310047517 -0.450390294594
121.6 -0.022398035185 0.170867829569 0.968167206975 0.526918167813 0.722037245889 0.065994251039 -0.443468396628
121.7 -0.020873869754 0.170927576375 0.968459402519 0.522765550556 0.723848727588 0.077570015030 -0.443556187523
121.8 -0.020330336640 0.171888336515 0.962478187301 0.529876473633 0.717151703039 0.057305403966 -0.449043926800
121.9 -0.018518033782 0.170685824713 0.935747805761 0.542213593223 0.706981227781 0.024823817876 -0.453393582835
122.0 -0.020012859533 0.171425139953 0.942554308686 0.536537212952 0.716286870945 0.031631588665 -0.445039751289
122.1 -0.019764248317 0.172362908098 0.956918397948 0.526755571148 0.716633233898 0.046385642007 -0.454767796301
122.2 -0.018036910871 0.172636807710 0.942127585510 0.542359908701 0.708218092625 0.022016923515 -0.451428973141
122.3 -0.019874999319 0.171811137194 0.946789107873 0.533818222926 0.718889230006 0.030349251502 -0.444201871661
122.4 -0.016071485767 0.170533533464 0.935281163058 0.540935960573 0.702712798335 0.021475805000 -0.461651166374
122.5 -0.015759730365 0.172476294953 0.955745014279 0.532140217418 0.706016225961 0.039187835879 -0.465652436056
122.6 -0.013874282900 0.171860637749 0.942975603197 0.537660424462 0.706973301930 0.026644059337 -0.458693920200
122.7 -0.011103921780 0.171672421228 0.940174314733 0.538219209146 0.708406349011 0.025109085703 -0.455905759343
122.8 -0.012092460962 0.172858758836 0.948338383285 0.536358525285 0.712985567440 0.018718469309 -0.451243539436
122.9 -0.011003093698 0.173392365324 0.951861518514 0.533993074208 0.713907731652 0.016082921180 -0.452690277156
123.0 -0.002760576593 0.169100596018 0.909392419831 0.542580411743 0.689007785185 0.007204095074 -0.480440287404
123.1 -0.008843747086 0.176757524477 0.911322953577 0.504557417262 0.715320944860 -0.001691359358 -0.483461371605
123.2 -0.014426798573 0.184950975248 0.934776089331 -0.474416983792 -0.715722297843 0.010407485983 0.512407847418
123.3 -0.005889073375 0.177825683669 0.941423807026 0.518835813809 0.702426702795 0.029076899927 -0.486375019300
123.4 -0.011319697127 0.187649712781 0.977962052424 0.491953923007 0.717474439390 0.000023267047 -0.493165049369
123.9 -0.001119412866 0.183008289299 0.968885500944 0.510205954513 0.702438267097 -0.009413364303 -0.496167062056
124.0 -0.011971530709 0.204506089841 1.116927262727 -0.497130900523 -0.706060500445 0.002645306345 0.504313830676
124.1 0.011074133647 0.175748036216 0.956077497168 0.516694469525 0.708664747518 0.037428860303 -0.478978267987
124.2 0.002178529597 0.187735750529 0.993634748692 -0.504920389649 -0.689773127281 0.052241573521 0.516274395061
124.3 0.020299644918 0.168048909568 0.890191364910 0.551316381476 0.670628474882 -0.034075721789 -0.495122753849
124.4 0.018997995631 0.167309917552 0.900420690679 0.540063265410 0.684266345278 -0.010965109677 -0.489888767420
124.5 0.016204871025 0.171989730340 0.961152053046 0.525786420981 0.702927691153 0.029178193193 -0.478110796327
124.6 0.018335351478 0.170262184459 0.946237645442 0.531708820897 0.695530741636 0.013247178396 -0.483060275208
124.7 0.018971804146 0.167973586965 0.929889040753 0.532845086225 0.699425203601 -0.006198460850 -0.476279411413
124.8 0.018661537984 0.170762321733 0.968590390375 0.514578771870 0.715029701272 0.023519805833 -0.472639431886
124.9 0.021094903003 0.168767124146 0.996497463180 0.491171277575 0.714380023205 0.083123234829 -0.491429024746
125.0 0.021427963966 0.162928149573 0.946021954100 0.516283893370 0.709261696944 0.012857496482 -0.479826501435
125.1 0.023203770043 0.159857566035 0.935524681744 0.528494157121 0.693806233531 0.001990137178 -0.489206373177
125.2 0.021193037342 0.158132109768 0.985315684551 0.487001267001 0.725080813195 0.089961017102 -0.478533797843
125.3 0.029532766307 0.148440125101 0.885893749321 -0.551020927225 -0.666203140298 0.040204475690 0.500932045044
125.4 0.024158539174 0.152125997549 0.945797872268 0.523634107762 0.699701969035 0.005587211665 -0.485997179809
125.5 0.023737061895 0.145561210770 0.970468073313 -0.477542433045 -0.708609644914 -0.088411358243 0.511868173955
125.6 0.026095703704 0.145895226123 0.917784269899 0.538825919412 0.689841224034 -0.035768152196 -0.482189126258
125.7 0.030739014729 0.143148260744 0.957812304089 0.524630097428 0.693412947203 0.005386814888 -0.493875214755
125.8 0.030136319678 0.137518012595 0.972617517651 0.495713812564 0.710997214401 0.048286021717 -0.496406322738
125.9 0.033742089872 0.133962118592 0.951209790830 -0.521245616659 -0.690560647870 -0.006299058126 0.501387395725
126.0 0.033825814082 0.132583850066 0.987880616036 0.516620030819 0.699455345080 0.036899578353 -0.492447342477
126.1 0.033460857435 0.130639366924 0.984402596847 0.513826179150 0.695911335290 0.041407085908 -0.499975523673
126.2 0.030450036667 0.131340065603 1.028882638471 0.501298802688 0.713705395864 0.045712715735 -0.487067208872
126.3 0.028684491144 0.125503780145 0.993713548547 0.536131350111 0.692348411497 -0.006168764720 -0.482885906677
126.4 0.025545719999 0.123277498478 1.001051107017 0.513924714387 0.705046818498 0.028910695828 -0.487805845942
126.5 0.022608468635 0.114444362831 0.985322159951 -0.505295478036 -0.700827953646 -0.041009397688 0.501831534051
126.6 0.020821302032 0.108135924142 0.962499692900 0.513617923614 0.697834179631 0.028202051843 -0.498426253875
126.7 0.013080438659 0.118757228050 1.046176797095 -0.480479406995 -0.717421424431 -0.004704496881 0.504404507246
126.8 0.015517369567 0.103495474692 0.975596474839 0.514762692912 0.703660818073 0.031434192143 -0.488766523669
126.9 0.012860525953 0.097933975675 0.966541967318 -0.504553929949 -0.702679117759 -0.036248575759 0.500353305169
127.0 0.010608341965 0.097267415385 0.979063504892 0.515071739127 0.701662917648 0.024418795553 -0.491705171799
127.1 0.006327658940 0.095950084634 1.004532776975 0.507245050331 0.708426928863 0.052339476063 -0.487949100441
127.2 0.005799450384 0.092379483326 0.993362039193 -0.514468591770 -0.693790065264 -0.044242202715 0.502015976762
127.3 0.002089922407 0.090393920819 0.973525467514 0.513866644986 0.698669613464 0.021783322279 -0.497320147655
127.4 -0.000586441660 0.090152595402 0.974686362860 0.524132155013 0.692055353266 0.017765561759 -0.496013363643
127.5 -0.006772235385 0.089645437262 1.019986192458 0.502423276257 0.713123456845 0.055661623199 -0.485723759431
127.6 -0.013160104615 0.088120550561 1.023388707697 0.497463737035 0.727852003359 0.062736086696 -0.467787852522
127.7 -0.010739186756 0.083022524572 0.968528413268 -0.512381781666 -0.694421011888 -0.048286551150 0.502904341842
127.8 -0.014666549236 0.086453667392 1.003445463715 0.501750817394 0.713468144461 0.048806624032 -0.486648988013
127.9 -0.018077818952 0.087153291545 1.020228109927 0.508235954729 0.717488878084 0.039575071255 -0.474699629115
128.0 -0.017611886391 0.081939272230 0.976777474266 -0.513085821044 -0.693009421757 -0.049140952080 0.504049648773
128.1 -0.020342294782 0.083023925870 0.979992834937 -0.512949796488 -0.695760011093 -0.041198697591 0.501101966234
128.2 -0.022598239964 0.080222109644 0.963150082235 -0.512443367284 -0.692389729626 -0.037775984332 0.506528609898
128.3 -0.027412505662 0.080359455506 0.985703894961 0.508030631620 0.705128614216 0.051549754079 -0.491976765309
128.4 -0.030837976395 0.080024487317 0.995501557488 0.501441356600 0.714585874361 0.058171334735 -0.484292979374
128.5 -0.031634937388 0.080107635833 1.004319095210 0.509638405672 0.702078705935 0.050161217004 -0.494811113906
128.6 -0.040906093828 0.081455133169 1.045402537038 0.481379964029 0.737676684895 0.105230638564 -0.461554927935
128.7 -0.039458267110 0.079877081430 0.986697153874 0.504866231822 0.717676292983 0.057992487363 -0.476117315234
128.8 -0.042633424779 0.078191511505 0.997775264181 0.508052192041 0.712654318603 0.033534184811 -0.482578750866
128.9 -0.045892818562 0.075632336271 0.996692342286 0.502762311709 0.712670135601 0.052415878168 -0.486398922144
129.0 -0.047113110360 0.074295898908 0.977245514074 0.501709798059 0.715347335108 0.041621900400 -0.484595796610
129.1 -0.046055815503 0.074049780845 0.974973500706 0.509600420408 0.703625424111 0.048470954141 -0.492817654583
129.2 -0.048465934988 0.074057794138 0.964345470044 0.508428818361 0.710389779427 0.027346973141 -0.485899826102
129.3 -0.049861109937 0.075256748715 0.987320677444 0.505452124689 0.702178684872 0.051805997591 -0.498777889217
129.4 -0.052809949022 0.072810212065 0.983244456141 -0.507982472684 -0.698764138460 -0.059732621665 0.500114487048
129.5 -0.059448121152 0.073657481053 1.003114117024 0.501364937078 0.713080528051 0.062527504560 -0.486044927508
129.6 -0.060056793142 0.073939282623 0.985221578946 0.507876298736 0.710586771380 0.047223685653 -0.484662799310
129.7 -0.067760561613 0.073958727443 1.001872153941 0.501584300833 0.727957684852 0.075822336512 -0.461239386337
129.8 -0.068565815928 0.075382900600 0.993139190985 0.499808426579 0.718309478794 0.048916290806 -0.481487513741
129.9 -0.068345998890 0.076254574593 0.990198509156 0.520834444485 0.695267369057 0.047934464800 -0.492987884280
130.0 -0.068512083036 0.075592620343 0.943020088841 -0.518396991847 -0.691562115525 -0.033590836599 0.501874541009
130.1 -0.082614026917 0.077142787729 1.027299049608 0.536349358289 0.684815634575 0.035447359573 -0.492036987638
130.2 -0.082729775854 0.076263626240 0.989620018802 0.509992822267 0.713140261857 0.044344276402 -0.478927837263
130.3 -0.085040010457 0.076157419691 1.003812366403 0.511839291604 0.705372341933 0.064373075355 -0.486134246866
130.4 -0.085469495521 0.075915343475 0.969874348898 0.515156515927 0.700703476544 0.062533286655 -0.489610038823
130.5 -0.096903730150 0.080495621688 1.044866836355 0.496125063669 0.723080234814 0.072686952142 -0.475112094362
130.6 -0.094535398088 0.076935145484 0.971179682798 0.508441719351 0.730142867043 0.051479173167 -0.453572823767
130.7 -0.107632240371 0.074952178408 1.011536564321 0.465988287084 0.755809337453 0.113195472801 -0.445863147902
130.9 -0.109011394704 0.078318125564 0.998555596810 0.496757943898 0.724328547405 0.071952917207 -0.472654713606
131.0 -0.115432621781 0.078950749344 1.015053351852 0.470615103954 0.749104869113 0.104252256472 -0.454416973740
131.1 -0.108325122335 0.083319390827 0.977398510491 0.500897979199 0.718539600866 0.060812195258 -0.478648026560
131.2 -0.113337319735 0.085194227313 1.010175983555 0.494951662306 0.722615584088 0.079100771555 -0.476017476101
131.3 -0.116148585472 0.083229413387 0.987543062684 0.472271375859 0.742927345649 0.093353803342 -0.465084695548
131.4 -0.118520024102 0.091127459096 1.005086843343 0.487210582197 0.740247100214 0.097679873600 -0.452900343909
131.5 -0.114448649844 0.094582808085 0.982606637514 0.495575546204 0.730238791400 0.066248270176 -0.465582809216
131.6 -0.123323340425 0.099771465475 1.032466672692 0.479914607492 0.740345233299 0.095008523039 -0.461025254837
131.7 -0.115490989132 0.099740401925 0.979104747126 0.507473744292 0.716291961187 0.066357941542 -0.474334110926
131.8 -0.111015110679 0.101590054128 0.945702938576 0.520043358291 0.710080590653 0.027977854835 -0.473875194450
131.9 -0.116696383109 0.105731475889 0.983603473290 0.505388076037 0.719679309406 0.055494946681 -0.472826495773
132.0 -0.118292719078 0.109734008425 0.991539853990 0.510649967440 0.722468144364 0.040241796802 -0.464388833762
132.1 -0.118563979709 0.109884737394 0.992689782179 0.500849655692 0.724079354269 0.063122337340 -0.469972639249
132.2 -0.119086400086 0.109482963097 0.981941370006 0.492971686238 0.725798606866 0.067435296516 -0.475023977945
132.3 -0.114904413398 0.113854491750 0.964129912051 0.517803547609 0.710594221881 0.038500040055 -0.474819002177
132.4 -0.119501629118 0.116426780192 0.986300587729 0.509605451001 0.714684335459 0.062866429859 -0.474948836146
132.5 -0.119799401433 0.118928184740 0.983634796957 0.507907282499 0.719032601829 0.044740413536 -0.472250574682
132.6 -0.117132201411 0.119682128875 0.974909989225 0.511161490203 0.711094967549 0.054722943448 -0.479649119170
132.7 -0.118175832336 0.124023978628 0.984054085273 0.515626268508 0.717306045172 0.031769687200 -0.467538528636
132.8 -0.119105910633 0.125131646894 0.986169346755 0.510000806716 0.717852068928 0.053489472983 -0.470878392544
132.9 -0.125724528327 0.126040658422 0.981082963949 0.499186904428 0.753985927860 0.067079873298 -0.421684651883
133.0 -0.111021726587 0.123838737571 0.930579541113 0.525142810082 0.695446053530 0.029183720433 -0.489620389803
133.1 -0.111201626190 0.127519990262 0.933501783465 0.523803800317 0.698259941930 0.035860316546 -0.486597030371
133.2 -0.109251229931 0.128008852007 0.923640798540 0.528201482785 0.692982491603 0.027398598215 -0.489926297244
133.3 -0.124953163014 0.130548524739 0.992235486449 0.471393387398 0.740433385827 0.111755607115 -0.465894150799
133.4 -0.113606657345 0.137544932759 0.957527697476 0.517847590937 0.720143676604 0.046163355085 -0.459451740942
133.5 -0.115081948066 0.136396055033 0.960502104310 0.510606655806 0.711079726048 0.044321066290 -0.481333677747
133.6 -0.128071132062 0.139510039185 1.020490025251 0.440101231020 0.756927432572 0.144484577818 -0.460972857170
133.7 -0.110284352623 0.140732991964 0.941052892441 0.514975945295 0.705297512722 0.035972453436 -0.485861273317
133.8 -0.116696126157 0.147242617795 0.984052613933 0.509867890211 0.719188559971 0.042606139766 -0.470092827634
133.9 -0.113425394444 0.149349774099 0.985879042329 -0.510227415340 -0.693017389105 -0.047664075509 0.507072991725
134.0 -0.110209772218 0.147315232073 0.939977226139 0.514250010319 0.715266491993 0.026728726503 -0.472468356081
134.1 -0.105798716259 0.145956431846 0.928847826772 0.522570370658 0.694081969729 0.018798904341 -0.494789882883
134.2 -0.109075658883 0.148923704815 0.945034071913 0.509604826188 0.713176695399 0.040962370812 -0.479587329319
134.3 -0.111365757895 0.153106209705 0.967803349809 0.507916818515 0.724436682999 0.039187871223 -0.464409634421
134.4 -0.102984444877 0.153919304537 0.938968860619 -0.518716562780 -0.687029568307 -0.025776042102 0.508191986774
134.5 -0.108990050448 0.158673729904 0.968604316515 0.505852448107 0.720903286358 0.047401854544 -0.471343629053
134.6 -0.106343209036 0.161037269050 0.964623402131 0.503187943342 0.714088513267 0.052335160967 -0.483880687590
134.7 -0.103007275093 0.161341840335 0.948124007210 0.511703405487 0.709391915506 0.025268855178 -0.484029152000
134.8 -0.099768959737 0.164848207935 0.946109609558 0.517805747221 0.704138028964 0.020130749911 -0.485449891565
134.9 -0.107288413035 0.185358119348 1.044128369511 0.479972168223 0.739906265826 0.074539416047 -0.465413054156
135.0 -0.096207985468 0.173531476958 0.969653548067 0.555436622635 0.684681465168 0.013275138689 -0.471725789187
135.7 -0.062702533438 0.199538677439 0.932858572515 0.524433335444 0.711969752791 0.013452291645 -0.466784515205
135.8 -0.065838401959 0.203485338750 0.955659551268 0.551593775757 0.678406993604 -0.040028168828 -0.483638297983
136.0 -0.057522541555 0.200358180942 0.937382163903 0.555555614219 0.669016150638 -0.049584433835 -0.491239995945
136.1 -0.056018083919 0.202944485505 0.952028814666 0.554410713011 0.679144150972 -0.050955463409 -0.478325751186
137.0 -0.026809735181 0.199768355331 0.940289697197 -0.557317083247 -0.651926507699 0.030730376960 0.513269072918
137.1 -0.022570478821 0.196191394384 0.899464440663 -0.535203063285 -0.671999769764 0.019414231258 0.511465617720
137.2 -0.041606872063 0.218815056480 0.977609785854 -0.507372921952 -0.665774568573 0.113017077976 0.535298124410
137.4 -0.021410905246 0.196385765098 0.919993220167 0.555042238270 0.663366673959 -0.048951363521 -0.499476259322
137.5 -0.007319312956 0.183156369632 0.838540646449 0.565595581474 0.683959858198 -0.025137895654 -0.460074599161
137.6 -0.013841955649 0.188073094658 0.888447252850 -0.562548852558 -0.622179147607 0.054857917144 0.541684876744
137.7 -0.018395280903 0.194593021421 0.920986088792 0.548743058306 0.672011720057 -0.037423629551 -0.495863666765
137.8 -0.010646075325 0.184665029858 0.868080803290 -0.559213405799 -0.637358090849 0.050183701348 0.527765693204
137.9 -0.015573166870 0.190419301337 0.897817042033 0.548493936036 0.675585992263 -0.046891172313 -0.490447945402
138.0 -0.025681407663 0.202691844567 0.996711702007 -0.583794350800 -0.613604104077 0.119138779333 0.518150664086
138.3 -0.009120719793 0.184030068015 0.872707536357 -0.554841734892 -0.659121867693 0.080074940726 0.501295338716
138.5 -0.005322676348 0.184172403826 0.868059962412 -0.557718038648 -0.650451293359 0.066781154298 0.511276815202
138.8 0.002287311718 0.191428971259 0.897263171221 -0.559232148006 -0.648521229612 0.040612452250 0.514810885764
