0.000000 0.0000000 0.0000000 0.0000000 0.0000000 0.0000000 0.0000000 1.0000000
2.700000 0.0016930 -0.0087027 0.0076199 0.0108034 -0.0019268 0.0047917 0.9999283
2.800000 0.0022175 -0.0088546 0.0084557 0.0113570 -0.0032780 0.0036207 0.9999236
3.900000 0.0047460 -0.0106084 0.0076467 0.0132348 0.0015464 0.0026071 0.9999079
6.600000 -0.0010589 0.0007716 0.0062183 0.0034896 0.0236288 -0.0110928 0.9996532
8.300000 -0.0230804 0.0006617 0.0108374 -0.0119476 0.0432300 -0.0277289 0.9986088
8.600000 -0.0248142 0.0045909 0.0068365 -0.0139460 0.0549086 -0.0231481 0.9981256
9.700000 -0.0327590 0.0138186 0.0015577 -0.0280349 0.0942612 -0.0089884 0.9951121
10.400000 -0.0370541 0.0217916 -0.0050049 -0.0443361 0.1088862 -0.0000556 0.9930650
12.900000 -0.0714181 0.0254964 -0.0066656 -0.0560641 0.1183168 0.0485046 0.9902046
13.400000 -0.0788834 0.0298935 -0.0058360 -0.0651313 0.1181991 0.0477966 0.9896981
13.700000 -0.0854200 0.0308727 -0.0086619 -0.0686086 0.1149310 0.0502998 0.9897240
14.500000 -0.0990386 0.0300008 -0.0036307 -0.0692982 0.1061412 0.0395234 0.9911457
15.700000 -0.1176493 0.0131649 0.0027378 -0.0598940 0.0924807 0.0266044 0.9935554
17.500000 -0.1363487 0.0038294 0.0119245 -0.0420180 0.0864835 0.0177795 0.9952080
19.600000 -0.1566504 -0.0065344 0.0096272 -0.0269694 0.0927145 0.0233357 0.9950538
20.700000 -0.1706509 -0.0125962 0.0053795 -0.0145527 0.0959758 0.0259222 0.9949396
22.800000 -0.1867250 -0.0126109 -0.0038618 0.0030449 0.1373242 0.0338454 0.9899431
23.800000 -0.1979434 -0.0124284 -0.0043181 0.0071532 0.1564167 0.0397370 0.9868656
26.800000 -0.2283677 -0.0095486 0.0061164 0.0069083 0.1719112 0.0524432 0.9836913
27.800000 -0.2386026 -0.0089802 0.0064798 0.0219401 0.1748205 0.0542884 0.9828577
29.800000 -0.2508277 -0.0156001 0.0126496 0.0281076 0.1877452 0.0512226 0.9804784
31.800000 -0.2700597 -0.0201087 0.0196681 0.0208583 0.2285408 0.0526697 0.9718847
36.200000 -0.3213396 -0.0284899 0.0396786 0.0205073 0.2628908 0.0480445 0.9634104
38.800000 -0.3369583 -0.0355870 0.0336085 0.0243339 0.2871025 0.0535171 0.9560941
41.000000 -0.3512929 -0.0261176 0.0494413 0.0013235 0.2983245 0.0640148 0.9523144
44.200000 -0.3854290 -0.0359563 0.0722859 -0.0022209 0.2970089 0.0543448 0.9533244
47.600000 -0.4022631 -0.0449460 0.0907601 -0.0009806 0.3074274 0.0559481 0.9499249
49.700000 -0.4253339 -0.0555429 0.1186998 0.0030158 0.3232295 0.0692220 0.9437807
51.000000 -0.4281251 -0.0650939 0.1329597 0.0074666 0.3356912 0.0717912 0.9392027
53.400000 -0.4177676 -0.0836787 0.1485799 0.0111817 0.3588929 0.0649374 0.9310499
61.900000 -0.4103438 -0.0938621 0.2180537 -0.0007115 0.3958814 0.1151973 0.9110472
65.900000 -0.4339635 -0.1138197 0.2522694 0.0098258 0.4659195 0.1499884 0.8719667
70.900000 -0.4893965 -0.1226956 0.3015019 0.0311042 0.5365657 0.1465354 0.8304560
79.900000 -0.5432146 -0.1449820 0.3892528 0.0149926 0.5663005 0.2037600 0.7984741
82.200000 -0.5561010 -0.1601250 0.3954806 -0.0064011 0.5987004 0.2103283 0.7728382
83.100000 -0.5657437 -0.1573883 0.4110695 -0.0145865 0.6163713 0.2170256 0.7568181
87.300000 -0.5823160 -0.1884995 0.4491173 0.0068431 0.6384049 0.2104784 0.7403318
89.300000 -0.5832072 -0.2063454 0.4747386 0.0244382 0.6430108 0.2083539 0.7365654
94.500000 -0.5981017 -0.2307666 0.5353953 0.0366350 0.6169562 0.2206916 0.7545317
95.900000 -0.6026798 -0.2399847 0.5595638 0.0344633 0.6122074 0.2269318 0.7566482
98.500000 -0.6344371 -0.2512059 0.5838552 0.0286098 0.6338961 0.2442767 0.7332708
100.900000 -0.6534800 -0.2596357 0.6000158 0.0278957 0.6519920 0.2514176 0.7147849
102.700000 -0.6544843 -0.2553612 0.6045200 0.0209846 0.6568341 0.2635240 0.7061754
105.800000 -0.6673956 -0.2544214 0.6069360 0.0227331 0.6663007 0.2755245 0.6925408
109.600000 -0.6469091 -0.2773002 0.6478541 0.0212238 0.6850745 0.2884937 0.6685760
110.700000 -0.6330447 -0.2829034 0.6560276 0.0139984 0.6932208 0.2901816 0.6595784
117.300000 -0.5813720 -0.3098322 0.7036198 0.0295924 0.7166752 0.2779179 0.6389543
120.000000 -0.5728143 -0.3179366 0.7222334 0.0304988 0.7135162 0.2834754 0.6400048
121.800000 -0.5931137 -0.3244135 0.7389709 0.0208284 0.7107878 0.3043704 0.6338024
122.900000 -0.5998262 -0.3350968 0.7496813 0.0236058 0.7255471 0.3025589 0.6176424
123.700000 -0.6000291 -0.3439486 0.7613313 0.0250969 0.7326462 0.3041140 0.6083702
126.800000 -0.6095773 -0.3585051 0.8021880 0.0274478 0.7394243 0.3283669 0.5870891
128.500000 -0.6028211 -0.3717155 0.8276764 0.0292332 0.7451929 0.3293453 0.5791068
129.700000 -0.6066014 -0.3783285 0.8453227 0.0285302 0.7544383 0.3345570 0.5639862
131.300000 -0.6121846 -0.3881510 0.8647593 0.0293523 0.7635723 0.3366761 0.5502227
135.700000 -0.6232219 -0.4044653 0.9132134 0.0322714 0.7808720 0.3352725 0.5261081
139.100000 -0.6326193 -0.4029303 0.9202856 0.0371935 0.7851601 0.3446786 0.5131637
140.800000 -0.6147375 -0.4088566 0.9376088 0.0400095 0.7900897 0.3514081 0.5006695
144.200000 -0.5710095 -0.4221082 0.9654365 0.0444113 0.7982827 0.3649021 0.4770942
145.400000 -0.5596823 -0.4271381 0.9767952 0.0412654 0.8018467 0.3666554 0.4700031
148.100000 -0.5337747 -0.4354252 0.9944044 0.0423375 0.8136219 0.3708608 0.4457457
150.600000 -0.4986683 -0.4391069 1.0080843 0.0426558 0.8314378 0.3761486 0.4066989
152.100000 -0.4737349 -0.4386284 1.0140452 0.0428547 0.8373771 0.3780261 0.3925038
153.100000 -0.4645187 -0.4385087 1.0192010 0.0459593 0.8413941 0.3785714 0.3829195
158.300000 -0.4246062 -0.4294966 1.0309753 0.0438320 0.8561119 0.3689613 0.3591918
159.000000 -0.4164763 -0.4328000 1.0385309 0.0438841 0.8577706 0.3735774 0.3503479
159.900000 -0.4092701 -0.4361658 1.0467231 0.0488806 0.8634639 0.3734887 0.3354800
160.400000 -0.4070841 -0.4367618 1.0502207 0.0455008 0.8663985 0.3740411 0.3276836
161.300000 -0.3989886 -0.4390289 1.0571156 0.0411826 0.8704578 0.3764243 0.3145027
162.100000 -0.3845391 -0.4436815 1.0631484 0.0395868 0.8722354 0.3759769 0.3102897
164.600000 -0.3658735 -0.4481546 1.0839435 0.0345731 0.8757606 0.3824261 0.2925721
166.000000 -0.3621028 -0.4528805 1.0980642 0.0308053 0.8804051 0.3780167 0.2846774
168.600000 -0.3420069 -0.4535885 1.1220663 0.0289541 0.8817522 0.3726111 0.2878118
170.100000 -0.3322840 -0.4510863 1.1384550 0.0304878 0.8862062 0.3705940 0.2763498
170.800000 -0.3259434 -0.4513526 1.1451257 0.0293995 0.8881811 0.3715050 0.2688011
171.900000 -0.3139156 -0.4522623 1.1532310 0.0282039 0.8886758 0.3718441 0.2668179
173.600000 -0.2913826 -0.4553483 1.1681848 0.0264359 0.8893079 0.3717653 0.2649966
174.800000 -0.2793557 -0.4532625 1.1728972 0.0259281 0.8923872 0.3739045 0.2513330
175.900000 -0.2698314 -0.4509312 1.1792397 0.0325315 0.8932729 0.3799808 0.2379491
176.600000 -0.2658752 -0.4517652 1.1806931 0.0375217 0.8968877 0.3770320 0.2281040
177.200000 -0.2646131 -0.4522611 1.1841286 0.0388935 0.8993428 0.3744316 0.2224205
181.000000 -0.2369439 -0.4581512 1.2054899 0.0409939 0.9074277 0.3684993 0.1977440
182.000000 -0.2304947 -0.4583329 1.2107471 0.0415358 0.9094882 0.3669990 0.1908343
183.400000 -0.2188515 -0.4589731 1.2229308 0.0436851 0.9099618 0.3669948 0.1880850
184.200000 -0.2122669 -0.4606147 1.2280817 0.0443683 0.9115395 0.3648950 0.1843332
185.000000 -0.2076487 -0.4609333 1.2324355 0.0445707 0.9129794 0.3629919 0.1808836
185.600000 -0.2044603 -0.4592557 1.2344464 0.0453335 0.9135346 0.3633761 0.1770793
189.000000 -0.1760683 -0.4598438 1.2282213 0.0356389 0.9127710 0.3733696 0.1617838
190.300000 -0.1670344 -0.4628150 1.2202023 0.0375913 0.9093274 0.3867576 0.1487584
191.300000 -0.1637115 -0.4709932 1.2124510 0.0448140 0.9064306 0.3915262 0.1519295
192.200000 -0.1605389 -0.4706397 1.2029407 0.0491329 0.9037257 0.3996995 0.1452796
192.900000 -0.1537910 -0.4730494 1.1920688 0.0498760 0.9040231 0.4017951 0.1371694
195.200000 -0.1333277 -0.4810858 1.1684482 0.0581920 0.9059250 0.4022863 0.1186562
198.000000 -0.1083159 -0.4890099 1.1438233 0.0473666 0.9047536 0.4116373 0.0986506
199.100000 -0.0965043 -0.4907331 1.1353161 0.0402878 0.9039958 0.4153978 0.0928067
199.800000 -0.0900931 -0.4915628 1.1306365 0.0437450 0.9038112 0.4167824 0.0866263
200.800000 -0.0802211 -0.4930405 1.1267105 0.0454338 0.9020082 0.4201287 0.0883673
202.000000 -0.0713127 -0.4950077 1.1186128 0.0437654 0.8988221 0.4277937 0.0848292
203.200000 -0.0646098 -0.4932968 1.1058563 0.0440286 0.8939542 0.4382749 0.0825985
203.800000 -0.0620605 -0.4938395 1.0993407 0.0432133 0.8932278 0.4410509 0.0758349
204.600000 -0.0610194 -0.4950273 1.0915892 0.0452175 0.8901537 0.4488048 0.0644667
205.900000 -0.0549144 -0.4996894 1.0873879 0.0431993 0.8857124 0.4569018 0.0699155
206.800000 -0.0494091 -0.4990839 1.0786638 0.0443179 0.8842151 0.4599016 0.0684850
208.100000 -0.0431319 -0.4931908 1.0668802 0.0497709 0.8805992 0.4682285 0.0531972
210.700000 -0.0260077 -0.4784685 1.0435898 0.0537244 0.8771182 0.4748615 0.0477901
211.300000 -0.0196887 -0.4777453 1.0319006 0.0534892 0.8797743 0.4715806 0.0273449
212.000000 -0.0137343 -0.4754196 1.0235939 0.0538135 0.8788087 0.4738697 0.0157105
212.700000 -0.0051473 -0.4756114 1.0201879 0.0622517 0.8765896 0.4770067 0.0134169
213.700000 0.0073788 -0.4741836 1.0147870 0.0610006 0.8762966 0.4778399 0.0072216
214.400000 0.0176057 -0.4721519 1.0129566 0.0598121 0.8765095 0.4776472 -0.0025963
215.400000 0.0285855 -0.4728762 1.0071133 0.0561673 0.8737754 0.4830464 -0.0052951
216.600000 0.0342199 -0.4755453 0.9954614 0.0560222 0.8657451 0.4972590 -0.0089623
217.600000 0.0431563 -0.4775242 0.9837530 0.0522662 0.8633711 0.5017938 -0.0078466
218.800000 0.0525396 -0.4719315 0.9700929 0.0548636 0.8588911 0.5091147 -0.0099104
221.600000 0.0554659 -0.4666547 0.9559872 0.0571841 0.8634937 0.4989066 -0.0469140
222.700000 0.0623227 -0.4688495 0.9437181 0.0536737 0.8635852 0.4977702 -0.0597049
223.400000 0.0723025 -0.4697173 0.9300519 0.0540783 0.8624954 0.4997226 -0.0587762
224.100000 0.0784044 -0.4687231 0.9219679 0.0529141 0.8614458 0.5017337 -0.0580904
224.800000 0.0847944 -0.4645296 0.9112033 0.0507118 0.8591347 0.5054703 -0.0617705
225.500000 0.0967807 -0.4586825 0.8958490 0.0505501 0.8581006 0.5076072 -0.0586769
226.200000 0.1083929 -0.4517047 0.8797431 0.0534569 0.8572140 0.5090513 -0.0565090
226.900000 0.1210620 -0.4433513 0.8634220 0.0490986 0.8540855 0.5141223 -0.0616887
227.500000 0.1419671 -0.4270391 0.8390222 0.0458668 0.8489388 0.5218460 -0.0698281
229.500000 0.1537286 -0.4115870 0.8177780 0.0496839 0.8413386 0.5292677 -0.0977577
