0.000000 0.0000000 0.0000000 0.0000000 0.0000000 0.0000000 0.0000000 1.0000000
0.100000 -0.0005177 -0.0000290 0.0001727 0.0000132 0.0009831 0.0006577 0.9999993
0.200000 -0.0013944 0.0000975 0.0006735 0.0001313 0.0017185 0.0009511 0.9999980
0.400000 -0.0008443 -0.0011886 0.0006828 0.0004877 0.0026970 0.0010904 0.9999956
1.000000 -0.0012446 -0.0009622 -0.0019960 0.0024405 0.0040140 0.0053320 0.9999747
2.700000 -0.0054212 0.0043405 -0.0093818 0.0081031 0.0126642 0.0170278 0.9997420
3.600000 -0.0048298 0.0075943 -0.0140092 0.0142079 0.0090573 0.0241742 0.9995658
4.400000 0.0010225 0.0128210 -0.0175628 0.0146293 0.0113642 0.0227955 0.9995685
5.000000 -0.0015555 0.0172930 -0.0217919 0.0153562 0.0070642 0.0197071 0.9996629
7.700000 -0.0064244 0.0381269 -0.0366684 0.0294597 0.0030644 0.0135729 0.9994691
12.400000 -0.0181063 0.0853383 -0.0676726 0.0416353 -0.0024640 0.0228640 0.9988682
14.700000 -0.0441148 0.0999811 -0.0710062 0.0613079 0.0107376 0.0323806 0.9975357
19.000000 -0.0884936 0.1382258 -0.0133347 0.0978441 0.0484461 0.0423803 0.9931180
20.500000 -0.1063037 0.1464295 0.0046888 0.1011508 0.0611982 0.0418531 0.9921046
22.400000 -0.1281590 0.1488667 0.0360790 0.1072188 0.0878908 0.0538948 0.9888754
24.800000 -0.1527200 0.1467285 0.0750321 0.1085418 0.1057114 0.0611659 0.9865609
27.300000 -0.1616026 0.1453917 0.1029480 0.1011080 0.1086022 0.0673579 0.9866335
30.900000 -0.1591702 0.1382063 0.1437461 0.1091229 0.1238633 0.0702479 0.9837760
36.900000 -0.0884791 0.1360232 0.1466219 0.0942273 0.0719951 0.0712686 0.9903831
40.300000 -0.0258170 0.1099241 0.1367259 0.0741794 0.0304448 0.0326096 0.9962465
42.300000 0.0060863 0.1346104 0.1116343 0.0835060 0.0127706 0.0298044 0.9959796
43.700000 0.0347440 0.1589296 0.0765239 0.1018092 -0.0164434 0.0274866 0.9942882
46.100000 0.0591533 0.1637789 0.0626545 0.1085929 -0.0347269 0.0126918 0.9933985
50.100000 0.0991742 0.1919496 0.0298663 0.1270954 -0.0619510 -0.0056488 0.9899378
51.400000 0.1094101 0.1940248 0.0281446 0.1277654 -0.0597280 -0.0036152 0.9899977
52.600000 0.1169018 0.1960471 0.0230864 0.1349568 -0.0640131 -0.0010142 0.9887810
56.900000 0.1546287 0.2320331 -0.0093349 0.1456710 -0.0967083 -0.0274331 0.9842128
58.400000 0.1672545 0.2406884 -0.0201126 0.1494866 -0.1068457 -0.0300686 0.9825140
58.900000 0.1724158 0.2431035 -0.0224595 0.1452219 -0.1135634 -0.0329508 0.9823076
64.000000 0.2322452 0.2460495 -0.0367310 0.1480460 -0.1431039 -0.0439001 0.9775870
65.900000 0.2574516 0.2389589 -0.0377476 0.1437262 -0.1556428 -0.0520904 0.9759122
66.400000 0.2641164 0.2351005 -0.0389692 0.1423663 -0.1612903 -0.0538848 0.9750968
67.800000 0.2801395 0.2305188 -0.0462356 0.1450619 -0.1676592 -0.0618544 0.9731503
70.600000 0.3180682 0.2241953 -0.0619321 0.1330629 -0.1878846 -0.0683972 0.9707294
71.200000 0.3262218 0.2206648 -0.0648691 0.1324403 -0.1866632 -0.0646918 0.9713039
71.700000 0.3315392 0.2217159 -0.0682685 0.1357212 -0.1911071 -0.0652943 0.9699456
72.200000 0.3340275 0.2247563 -0.0717900 0.1338734 -0.1940699 -0.0704032 0.9692565
72.900000 0.3398776 0.2201160 -0.0758120 0.1241057 -0.1999820 -0.0832449 0.9683363
76.300000 0.3669055 0.1775050 -0.0817103 0.1017799 -0.2067602 -0.1075549 0.9671210
78.500000 0.3833767 0.1482924 -0.0792837 0.0945273 -0.2201489 -0.1275449 0.9624611
79.200000 0.3950685 0.1385615 -0.0834797 0.1035970 -0.2257138 -0.1302650 0.9598708
80.700000 0.4127823 0.1229515 -0.0831554 0.0987970 -0.2274200 -0.1395276 0.9586716
81.700000 0.4201299 0.1065358 -0.0832328 0.0899026 -0.2295783 -0.1507381 0.9573345
82.400000 0.4253963 0.0920335 -0.0847697 0.0897851 -0.2299354 -0.1566554 0.9563093
82.800000 0.4300337 0.0831449 -0.0861864 0.0908995 -0.2296427 -0.1603296 0.9556652
83.200000 0.4309234 0.0746548 -0.0886622 0.0951476 -0.2314683 -0.1668123 0.9536996
83.600000 0.4369027 0.0697483 -0.0915990 0.1011693 -0.2344002 -0.1712847 0.9515687
84.400000 0.4437768 0.0639270 -0.0954761 0.1005956 -0.2348405 -0.1775497 0.9503718
86.200000 0.4581729 0.0402845 -0.1053839 0.0972884 -0.2636000 -0.2111769 0.9361914
86.600000 0.4642943 0.0360621 -0.1054005 0.0997988 -0.2728161 -0.2197847 0.9312928
87.000000 0.4664385 0.0297424 -0.1073078 0.0992127 -0.2812444 -0.2232910 0.9280084
87.400000 0.4714963 0.0259845 -0.1071440 0.1007135 -0.2900799 -0.2285926 0.9238268
87.800000 0.4766472 0.0192761 -0.1083835 0.1021345 -0.3017161 -0.2374727 0.9176833
88.300000 0.4826843 0.0140633 -0.1087067 0.0986114 -0.3100153 -0.2478288 0.9125498
88.800000 0.4927866 0.0107091 -0.1079772 0.0981402 -0.3119129 -0.2552315 0.9099097
89.200000 0.4993824 0.0060082 -0.1066485 0.0945563 -0.3113879 -0.2564851 0.9101165
89.600000 0.5074399 0.0065146 -0.1051127 0.0928272 -0.3075913 -0.2574733 0.9113058
90.300000 0.5192742 0.0023593 -0.1023873 0.0914537 -0.3051158 -0.2615012 0.9111299
91.400000 0.5455483 -0.0028668 -0.0927231 0.0979894 -0.2957494 -0.2672317 0.9118758
93.400000 0.5491843 -0.0394506 -0.0637826 0.0924235 -0.2819885 -0.2563582 0.9199026
93.900000 0.5302650 -0.0495281 -0.0556897 0.0829874 -0.2830193 -0.2539782 0.9211451
95.700000 0.4955755 -0.0892456 -0.0350250 0.0477255 -0.2773682 -0.2615638 0.9232408
96.600000 0.4922001 -0.1085706 -0.0257827 0.0336377 -0.2765659 -0.2594438 0.9246992
97.500000 0.5013139 -0.1427917 -0.0130512 0.0168418 -0.2855903 -0.2591651 0.9224901
98.200000 0.4977947 -0.1597775 -0.0058301 0.0004286 -0.2822877 -0.2683889 0.9210216
98.900000 0.4971415 -0.1708878 0.0025001 -0.0084795 -0.2906689 -0.2895413 0.9119241
99.500000 0.5012217 -0.1800126 0.0087359 -0.0144573 -0.3080899 -0.3093382 0.8995452
100.100000 0.5092376 -0.1809832 0.0128653 -0.0159052 -0.3089624 -0.3217289 0.8948630
100.700000 0.5245416 -0.1775565 0.0201676 -0.0124798 -0.3169153 -0.3457251 0.8831099
101.300000 0.5398159 -0.1731344 0.0264087 -0.0104558 -0.3268185 -0.3711703 0.8690875
101.900000 0.5573648 -0.1746909 0.0254059 0.0008826 -0.3361022 -0.3733150 0.8646794
102.500000 0.5793633 -0.1682596 0.0241937 0.0186302 -0.3359148 -0.3792890 0.8619478
103.100000 0.5940191 -0.1661958 0.0304771 0.0258567 -0.3420317 -0.3821112 0.8581007
103.700000 0.6073265 -0.1622472 0.0379486 0.0330164 -0.3468479 -0.3773445 0.8580313
104.300000 0.6198208 -0.1621509 0.0443300 0.0462026 -0.3522168 -0.3715781 0.8577519
104.900000 0.6302866 -0.1518368 0.0495628 0.0591249 -0.3581114 -0.3695444 0.8553932
105.500000 0.6445911 -0.1475045 0.0590515 0.0676661 -0.3700396 -0.3688721 0.8499561
106.800000 0.6649840 -0.1373287 0.0685439 0.0898774 -0.3742832 -0.3647309 0.8478240
107.400000 0.6740674 -0.1318189 0.0746605 0.0974026 -0.3777684 -0.3646887 0.8454620
108.000000 0.6814831 -0.1267554 0.0855239 0.1053945 -0.3862314 -0.3652449 0.8404246
109.400000 0.6967650 -0.1261660 0.1149772 0.1198851 -0.4018087 -0.3622532 0.8324361
110.400000 0.7069023 -0.1206266 0.1332923 0.1218760 -0.4085990 -0.3554492 0.8317746
111.200000 0.7119188 -0.1168769 0.1470869 0.1273533 -0.4178203 -0.3466583 0.8300815
111.800000 0.7157215 -0.1111898 0.1586872 0.1315681 -0.4241393 -0.3426329 0.8278879
117.600000 0.7288269 -0.0694525 0.2376122 0.1376445 -0.4371293 -0.3181584 0.8299079
119.000000 0.7364774 -0.0581929 0.2511866 0.1413905 -0.4487070 -0.3149679 0.8242972
123.800000 0.7480083 -0.0303742 0.3036690 0.1520939 -0.4658040 -0.3052585 0.8165239
128.600000 0.7580119 -0.0155394 0.3419920 0.1747196 -0.4826553 -0.2994431 0.8042703
129.400000 0.7567546 -0.0115272 0.3539277 0.1737980 -0.4904545 -0.2968419 0.8007082
130.200000 0.7540910 -0.0105756 0.3666631 0.1779851 -0.4977825 -0.2948881 0.7959742
131.600000 0.7557367 -0.0062532 0.3788294 0.1919657 -0.4912743 -0.3063312 0.7924392
133.200000 0.7454270 0.0002901 0.3842352 0.2035017 -0.4806419 -0.3073416 0.7956830
134.100000 0.7475035 -0.0022066 0.3876782 0.2099895 -0.4842729 -0.3066905 0.7920386
135.000000 0.7402967 0.0066928 0.3965408 0.2106517 -0.4792791 -0.3052808 0.7954376
135.900000 0.7308178 0.0057996 0.4060983 0.2091006 -0.4686263 -0.3092033 0.8006620
136.700000 0.7201596 0.0093014 0.4118207 0.2095560 -0.4628648 -0.3133579 0.8022776
139.300000 0.6876786 0.0103072 0.4184967 0.2139671 -0.4660840 -0.3025948 0.8033805
141.000000 0.6640452 0.0138917 0.4266008 0.2023956 -0.4596141 -0.2947178 0.8129774
142.100000 0.6463047 0.0166209 0.4271599 0.2016111 -0.4505375 -0.2881866 0.8205591
143.200000 0.6335000 0.0153109 0.4371163 0.2007634 -0.4449528 -0.2828447 0.8256572
144.500000 0.6164662 0.0172522 0.4470331 0.2032913 -0.4374807 -0.2709252 0.8329962
145.300000 0.6108489 0.0196663 0.4502040 0.2022489 -0.4298840 -0.2644539 0.8392611
146.100000 0.6038964 0.0214927 0.4557190 0.1989839 -0.4229273 -0.2573391 0.8457627
146.900000 0.5902152 0.0224758 0.4646843 0.1914772 -0.4217294 -0.2507705 0.8500558
147.900000 0.5747855 0.0232650 0.4776351 0.1884606 -0.4224424 -0.2484204 0.8510654
149.700000 0.5524920 0.0239808 0.4890720 0.1983620 -0.4127228 -0.2440774 0.8548325
152.200000 0.5141811 0.0246476 0.5003442 0.2036755 -0.4112599 -0.2381679 0.8559542
153.500000 0.4987910 0.0289254 0.5015600 0.2000887 -0.4073079 -0.2381828 0.8586814
154.800000 0.4874713 0.0310576 0.4917191 0.1879605 -0.3973832 -0.2352436 0.8668436
155.800000 0.4773186 0.0329394 0.4778668 0.1792562 -0.3974892 -0.2408670 0.8670943
156.700000 0.4689218 0.0311636 0.4642214 0.1734464 -0.3940618 -0.2435255 0.8690955
157.600000 0.4614501 0.0310295 0.4513265 0.1654868 -0.3897478 -0.2462259 0.8718277
158.500000 0.4505830 0.0321175 0.4358790 0.1538291 -0.3886811 -0.2463137 0.8744102
159.400000 0.4419202 0.0327580 0.4234603 0.1534898 -0.3876317 -0.2487570 0.8742439
160.300000 0.4331443 0.0334709 0.4155623 0.1476651 -0.3818835 -0.2474505 0.8781391
161.200000 0.4237502 0.0381746 0.4082385 0.1466943 -0.3785996 -0.2432726 0.8808869
162.500000 0.4117682 0.0426320 0.4013740 0.1458969 -0.3776483 -0.2441139 0.8811948
164.400000 0.3963045 0.0537100 0.3917203 0.1432878 -0.3795164 -0.2470181 0.8800102
165.300000 0.3872433 0.0596108 0.3844304 0.1464557 -0.3825472 -0.2497338 0.8774061
166.800000 0.3747296 0.0646052 0.3823346 0.1481130 -0.3854958 -0.2493226 0.8759531
169.300000 0.3676280 0.0703507 0.3743086 0.1566439 -0.3877160 -0.2500778 0.8732698
171.700000 0.3855176 0.0720103 0.3622566 0.1656481 -0.3801258 -0.2327677 0.8797070
172.800000 0.3920957 0.0781320 0.3575023 0.1607481 -0.3748276 -0.2232115 0.8853480
174.300000 0.4064479 0.0819359 0.3431070 0.1584241 -0.3664363 -0.2131432 0.8917378
175.400000 0.4139704 0.0836267 0.3361314 0.1609075 -0.3621788 -0.2050883 0.8949157
176.800000 0.4217092 0.0870304 0.3254309 0.1695687 -0.3624401 -0.2076143 0.8926253
177.800000 0.4307579 0.1023279 0.3065126 0.1978098 -0.3442410 -0.1928503 0.8973172
178.800000 0.4352509 0.1066041 0.3028618 0.1951323 -0.3590853 -0.2016780 0.8901163
