0.000000 0.0000000 0.0000000 0.0000000 0.0000000 0.0000000 0.0000000 1.0000000
0.200000 -0.0009079 0.0012854 0.0005036 0.0003210 0.0022076 0.0006429 0.9999973
0.300000 -0.0002833 0.0013625 0.0000228 0.0002718 0.0021704 0.0007467 0.9999973
9.100000 -0.0881283 0.0401679 -0.0602799 0.0316086 0.0626509 0.0434647 0.9965875
9.500000 -0.0911220 0.0457079 -0.0633241 0.0278136 0.0669570 0.0491247 0.9961576
13.900000 -0.1523554 0.0932571 -0.0488297 0.0587711 0.0712696 0.0749265 0.9929011
17.800000 -0.1913835 0.0979557 -0.0112915 0.0481786 0.1023160 0.1109725 0.9873679
19.200000 -0.2032776 0.0989815 0.0063777 0.0648754 0.1168986 0.1194772 0.9837942
22.200000 -0.2291365 0.1070000 0.0447489 0.0829248 0.1364810 0.1518594 0.9754154
23.900000 -0.2434510 0.1038057 0.0723030 0.0977446 0.1591570 0.1633621 0.9687248
24.400000 -0.2503641 0.1044112 0.0791910 0.1062453 0.1645803 0.1657518 0.9665152
28.900000 -0.3256419 0.1287162 0.1099317 0.1240848 0.1878142 0.1717494 0.9590781
30.400000 -0.3467677 0.1294031 0.1191557 0.1234144 0.2012289 0.1775882 0.9553733
30.700000 -0.3502012 0.1303109 0.1206727 0.1261679 0.2081770 0.1804075 0.9529938
31.300000 -0.3589298 0.1302814 0.1255907 0.1298724 0.2131625 0.1824923 0.9509950
31.900000 -0.3677391 0.1310853 0.1293143 0.1281983 0.2184637 0.1847531 0.9495815
32.300000 -0.3729394 0.1308668 0.1320335 0.1252527 0.2196061 0.1895259 0.9487702
34.300000 -0.4000716 0.1287859 0.1514179 0.1315623 0.2362642 0.1871655 0.9443726
36.200000 -0.4211575 0.1235956 0.1739289 0.1335449 0.2551768 0.1922213 0.9381373
37.200000 -0.4294689 0.1182027 0.1858862 0.1327472 0.2649947 0.1948227 0.9349867
38.600000 -0.4431163 0.1134589 0.2018185 0.1274048 0.2688441 0.2008065 0.9333636
39.800000 -0.4491074 0.1095321 0.2128456 0.1274613 0.2748702 0.2026947 0.9311900
41.800000 -0.4607992 0.1053714 0.2206414 0.1291596 0.2834057 0.2044493 0.9280084
42.200000 -0.4663340 0.1046777 0.2234819 0.1278862 0.2823854 0.2042870 0.9285313
43.200000 -0.4755854 0.1027092 0.2319985 0.1273709 0.2800746 0.2027815 0.9296314
43.800000 -0.4815316 0.1021037 0.2377274 0.1273478 0.2816488 0.2007687 0.9295958
44.800000 -0.4917494 0.1007682 0.2462689 0.1233906 0.2782314 0.2012472 0.9310541
47.200000 -0.4955520 0.0844833 0.2589783 0.1205429 0.2820203 0.2005515 0.9304370
48.400000 -0.4838433 0.0686503 0.2528352 0.1145740 0.2819065 0.2013776 0.9310471
49.100000 -0.4761352 0.0584412 0.2447417 0.1106078 0.2834230 0.2093832 0.9292986
49.900000 -0.4651318 0.0438869 0.2428183 0.1036215 0.2831256 0.2211366 0.9274703
50.700000 -0.4516955 0.0276000 0.2455382 0.0956030 0.2843340 0.2288262 0.9260955
51.700000 -0.4322252 0.0095806 0.2452050 0.0862839 0.2794807 0.2413372 0.9253118
52.400000 -0.4183113 -0.0018054 0.2419120 0.0784476 0.2748382 0.2517076 0.9246368
53.400000 -0.3994169 -0.0151647 0.2457545 0.0706986 0.2730315 0.2594261 0.9236631
54.800000 -0.3766616 -0.0295752 0.2466897 0.0561831 0.2693797 0.2663134 0.9237723
56.400000 -0.3496691 -0.0440486 0.2490967 0.0475906 0.2600402 0.2757244 0.9241700
58.000000 -0.3261745 -0.0549800 0.2507205 0.0381582 0.2541159 0.2758889 0.9262043
60.400000 -0.2897844 -0.0657390 0.2538247 0.0253556 0.2408710 0.2722447 0.9312471
64.100000 -0.2551050 -0.0742813 0.2540518 0.0205189 0.2235906 0.2234086 0.9485119
67.000000 -0.2256437 -0.0715682 0.2479227 0.0254963 0.1948135 0.2062386 0.9585736
71.600000 -0.1745787 -0.0646833 0.2244473 0.0213923 0.1541463 0.1797216 0.9713297
73.700000 -0.1408736 -0.0599967 0.2119437 0.0230031 0.1344100 0.1671772 0.9764510
75.400000 -0.1222622 -0.0524384 0.2053403 0.0246943 0.1195598 0.1424209 0.9822484
77.000000 -0.1022045 -0.0455231 0.1956363 0.0296893 0.1003762 0.1270856 0.9863531
78.400000 -0.0827214 -0.0383788 0.1870060 0.0269551 0.0892689 0.1184968 0.9885661
80.900000 -0.0387276 -0.0213571 0.1502700 0.0240154 0.0411657 0.0921476 0.9946042
88.900000 0.0817694 0.0098294 0.1390672 0.0044587 -0.0567474 0.0124560 0.9983009
89.600000 0.0977671 0.0146064 0.1366499 0.0038856 -0.0667178 -0.0099272 0.9977149
90.200000 0.0975992 0.0120937 0.1428421 0.0000605 -0.0671395 -0.0180127 0.9975810
91.200000 0.1264864 -0.0038938 0.1159259 -0.0147130 -0.0940565 -0.0227971 0.9951971
91.800000 0.1332625 -0.0139091 0.1107372 -0.0218964 -0.0939664 -0.0300328 0.9948813
93.000000 0.1440329 -0.0296282 0.0906097 -0.0254321 -0.1085664 -0.0386120 0.9930134
97.400000 0.2180050 -0.0411767 0.0235870 -0.0292691 -0.1441441 -0.0950031 0.9845508
99.700000 0.2574344 -0.0589930 0.0203090 -0.0214501 -0.1623163 -0.1094398 0.9804164
102.900000 0.3152349 -0.0698433 0.0093553 -0.0382301 -0.1797580 -0.1431354 0.9724905
103.600000 0.3396915 -0.0732149 0.0047092 -0.0329212 -0.1860770 -0.1489159 0.9706264
107.800000 0.4403281 -0.0917474 0.0080672 -0.0165695 -0.2520287 -0.1761592 0.9514068
109.200000 0.4713275 -0.1016169 0.0087221 -0.0120432 -0.2694241 -0.1925376 0.9435014
112.100000 0.5206740 -0.1202180 -0.0210786 -0.0027213 -0.3135210 -0.2170947 0.9244280
114.700000 0.5505149 -0.1386785 -0.0448889 -0.0342843 -0.2936807 -0.2305998 0.9270383
116.900000 0.5777175 -0.1796853 -0.0177463 -0.0224180 -0.2945972 -0.2552214 0.9206367
118.200000 0.6023678 -0.2020968 0.0071223 -0.0196164 -0.3035017 -0.2597861 0.9165223
118.800000 0.6103705 -0.2127820 0.0188058 -0.0151661 -0.3078701 -0.2605487 0.9149319
125.800000 0.6912861 -0.2701170 0.1322111 -0.0154915 -0.4160457 -0.2780363 0.8656569
126.600000 0.7004354 -0.2731462 0.1425103 -0.0292382 -0.4133994 -0.2809026 0.8656442
128.300000 0.7164130 -0.2866782 0.1689802 -0.0410415 -0.4031233 -0.2844445 0.8688490
130.700000 0.7375245 -0.3076869 0.2059204 -0.0416199 -0.3928831 -0.2839528 0.8736598
131.400000 0.7350078 -0.3122974 0.2096446 -0.0365122 -0.3899617 -0.2807133 0.8762401
132.000000 0.7400050 -0.3143084 0.2152003 -0.0291821 -0.3943422 -0.2761178 0.8760146
133.600000 0.7378323 -0.3258869 0.2301752 -0.0173740 -0.4065178 -0.2744086 0.8712872
135.400000 0.7425983 -0.3304117 0.2522373 0.0087158 -0.4430479 -0.2722786 0.8541059
135.900000 0.7544174 -0.3282454 0.2626318 0.0090435 -0.4574169 -0.2641750 0.8490580
137.700000 0.7522342 -0.3177716 0.2790318 -0.0010751 -0.4795690 -0.2528206 0.8402941
141.100000 0.7386502 -0.2848418 0.3272469 0.0114976 -0.5273685 -0.2331577 0.8169380
141.600000 0.7333503 -0.2807650 0.3253400 0.0228102 -0.5349697 -0.2295436 0.8127710
142.100000 0.7201388 -0.2725033 0.3187565 0.0315876 -0.5386364 -0.2277028 0.8105705
142.500000 0.7181764 -0.2595870 0.3195520 0.0433305 -0.5471397 -0.2207562 0.8062427
143.000000 0.7235349 -0.2466351 0.3258047 0.0611617 -0.5505390 -0.2084824 0.8060404
143.500000 0.7239775 -0.2304320 0.3336422 0.0665805 -0.5548344 -0.1973171 0.8054761
