0.000000 0.0000000 0.0000000 0.0000000 0.0000000 0.0000000 0.0000000 1.0000000
0.400000 0.0001580 -0.0010174 0.0031346 -0.0006192 0.0016199 0.0043977 0.9999888
0.500000 0.0025695 -0.0004477 0.0023316 -0.0005331 0.0013098 0.0057125 0.9999827
1.300000 -0.0034383 -0.0053702 0.0089281 -0.0057816 0.0059203 0.0248415 0.9996572
18.800000 -0.1982528 0.0451876 -0.1229283 0.0537108 0.0966283 0.0777031 0.9908281
24.700000 -0.2135762 0.0206523 -0.1621773 0.0400416 0.0821130 0.0914693 0.9916086
27.300000 -0.2400071 0.0250382 -0.1393467 0.0409042 0.1058428 0.0830023 0.9900681
29.200000 -0.2542939 0.0097642 -0.1119902 0.0325597 0.1134050 0.0857254 0.9893080
31.800000 -0.2865103 -0.0078576 -0.0682843 0.0271489 0.1459610 0.0924531 0.9845866
33.100000 -0.3057702 -0.0209967 -0.0373069 0.0274036 0.1664893 0.0945693 0.9811152
34.000000 -0.3219622 -0.0297923 -0.0170854 0.0220195 0.1794603 0.0953493 0.9788859
35.200000 -0.3420253 -0.0357459 0.0051734 0.0147653 0.1902483 0.0937168 0.9771411
37.400000 -0.3732968 -0.0509650 0.0422976 0.0019792 0.2080737 0.0936147 0.9736209
38.300000 -0.3896348 -0.0535958 0.0565320 -0.0000383 0.2113281 0.0940781 0.9728770
40.200000 -0.4167853 -0.0572791 0.0863191 -0.0023726 0.2220245 0.0894351 0.9709278
41.400000 -0.4289665 -0.0591359 0.0986905 -0.0041140 0.2271137 0.0885297 0.9698273
43.000000 -0.4382123 -0.0630138 0.1166863 -0.0033116 0.2345811 0.0884003 0.9680631
44.100000 -0.4460455 -0.0717574 0.1322927 -0.0029524 0.2387744 0.0952845 0.9663845
46.500000 -0.4434220 -0.1033970 0.1669154 -0.0090405 0.2523626 0.1175810 0.9604197
48.300000 -0.4379242 -0.1317765 0.1845839 -0.0187623 0.2573548 0.1357782 0.9565462
50.200000 -0.4365185 -0.1538778 0.2033244 -0.0275543 0.2590646 0.1459756 0.9543675
51.500000 -0.4239159 -0.1803815 0.2076998 -0.0292526 0.2584140 0.1586242 0.9524730
52.600000 -0.4145835 -0.1949626 0.2089054 -0.0347233 0.2548491 0.1574947 0.9534367
54.500000 -0.3867047 -0.2167458 0.1924573 -0.0455921 0.2419917 0.1649550 0.9550661
58.200000 -0.3305750 -0.2497136 0.1440036 -0.0621257 0.2072238 0.1676680 0.9618140
60.600000 -0.2918740 -0.2412235 0.1017671 -0.0553008 0.1883817 0.1511156 0.9688231
62.200000 -0.2685973 -0.2311911 0.0761335 -0.0549131 0.1612992 0.1425950 0.9750045
63.700000 -0.2352757 -0.2199527 0.0546265 -0.0485745 0.1365510 0.1347075 0.9802287
64.600000 -0.2076695 -0.2059297 0.0362708 -0.0504101 0.1303977 0.1322286 0.9813108
65.600000 -0.1762798 -0.1952783 0.0174282 -0.0503912 0.1170812 0.1299594 0.9832920
74.200000 -0.0130399 -0.1470118 -0.0359345 -0.0355135 0.0373050 0.0896758 0.9946383
75.700000 0.0328428 -0.1510297 -0.0231922 -0.0340533 0.0221458 0.0869360 0.9953853
76.900000 0.0702177 -0.1444622 -0.0249087 -0.0360360 0.0051741 0.0717684 0.9967567
77.800000 0.0962906 -0.1422781 -0.0278639 -0.0333818 -0.0047019 0.0666170 0.9972090
81.500000 0.1799465 -0.1244516 -0.0310129 -0.0308533 -0.0558584 0.0376576 0.9972512
82.000000 0.1884664 -0.1299625 -0.0224059 -0.0325667 -0.0570852 0.0376041 0.9971292
82.400000 0.1978807 -0.1269666 -0.0233110 -0.0286669 -0.0560483 0.0398802 0.9972193
84.300000 0.2373496 -0.1143166 -0.0420819 -0.0215529 -0.0737371 0.0231489 0.9967760
91.500000 0.3748799 -0.0663587 -0.0990226 -0.0013792 -0.1500494 -0.0103267 0.9886236
92.900000 0.4001436 -0.0678968 -0.1035698 0.0102668 -0.1591833 -0.0131028 0.9871087
93.700000 0.4137355 -0.0607825 -0.1106218 0.0178934 -0.1663637 -0.0159849 0.9857725
96.900000 0.4948647 -0.0345489 -0.1418778 0.0218249 -0.2120170 -0.0380846 0.9762797
98.400000 0.5291047 -0.0359077 -0.1383302 0.0144515 -0.2156374 -0.0376228 0.9756414
99.900000 0.5440084 -0.0348491 -0.1419896 0.0182154 -0.2270757 -0.0535824 0.9722313
100.500000 0.5502343 -0.0386551 -0.1404486 0.0185726 -0.2410514 -0.0650959 0.9681486
110.200000 0.6459728 -0.0687767 -0.0690425 0.0261286 -0.2805532 -0.1030925 0.9539283
116.100000 0.6741874 -0.0710901 -0.0323698 0.0394365 -0.3001195 -0.1162430 0.9459707
120.200000 0.6833361 -0.0800019 -0.0048493 0.0336949 -0.3034190 -0.1370617 0.9423458
125.100000 0.6972980 -0.1170215 0.0586327 0.0267931 -0.3273491 -0.1522340 0.9321746
128.200000 0.7243071 -0.1482287 0.0950083 -0.0055781 -0.3478975 -0.1767066 0.9207122
132.700000 0.7953243 -0.1392941 0.0383454 -0.0048945 -0.3591293 -0.1713774 0.9174050
135.200000 0.8262770 -0.1426834 0.0284820 0.0011261 -0.3527548 -0.1601514 0.9219080
138.300000 0.8353833 -0.1744301 0.0769806 0.0083132 -0.3730770 -0.1816370 0.9098091
139.600000 0.8447088 -0.1929480 0.1077824 -0.0012469 -0.3779481 -0.1853880 0.9070750
140.600000 0.8477558 -0.2077978 0.1258829 -0.0081279 -0.3808563 -0.1867596 0.9055403
141.400000 0.8503880 -0.2167252 0.1400157 -0.0081119 -0.3863725 -0.1854577 0.9034688
142.400000 0.8533680 -0.2263469 0.1585219 -0.0178482 -0.3912465 -0.1929804 0.8996478
143.100000 0.8555527 -0.2343371 0.1728482 -0.0206470 -0.3912754 -0.1967646 0.8987552
144.000000 0.8570061 -0.2434116 0.1890673 -0.0234744 -0.3954215 -0.2010932 0.8959087
145.200000 0.8574319 -0.2544431 0.2073450 -0.0211201 -0.4054245 -0.2055921 0.8904588
147.800000 0.8575176 -0.2713159 0.2380066 -0.0219525 -0.4220832 -0.2268198 0.8774490
149.300000 0.8471237 -0.2860257 0.2610206 -0.0295206 -0.4350187 -0.2469231 0.8653995
150.500000 0.8467599 -0.2938293 0.2788358 -0.0223895 -0.4485858 -0.2628643 0.8539156
151.900000 0.8421676 -0.3085995 0.3017527 -0.0189278 -0.4465260 -0.2625414 0.8551773
153.300000 0.8377715 -0.3133953 0.3196578 -0.0104599 -0.4460311 -0.2692888 0.8534814
154.400000 0.8307592 -0.3209691 0.3405123 -0.0104218 -0.4481263 -0.2734831 0.8510471
155.800000 0.8230374 -0.3282652 0.3589969 -0.0067189 -0.4524471 -0.2743046 0.8485302
