0.000000 0.0000000 0.0000000 0.0000000 0.0000000 0.0000000 0.0000000 1.0000000
0.200000 -0.0005605 -0.0009675 0.0000249 -0.0001397 0.0005040 -0.0005392 0.9999997
0.300000 -0.0018996 -0.0008080 -0.0003656 0.0000954 0.0005509 -0.0005229 0.9999997
0.700000 -0.0018181 -0.0014531 -0.0004712 0.0004594 -0.0019249 -0.0005765 0.9999979
1.400000 -0.0039215 -0.0019173 -0.0016880 0.0032666 -0.0031838 -0.0014642 0.9999885
2.800000 -0.0093740 0.0023539 -0.0028402 0.0031484 -0.0112479 -0.0012306 0.9999310
3.400000 -0.0101747 0.0027588 -0.0014889 0.0018260 -0.0122606 -0.0037267 0.9999162
3.800000 -0.0120507 0.0018812 -0.0036282 0.0043426 -0.0140392 -0.0044478 0.9998821
4.500000 -0.0149686 0.0042948 -0.0035335 0.0024409 -0.0182438 -0.0056363 0.9998147
20.400000 -0.0409681 0.0062483 0.0395005 -0.0108498 -0.0048952 0.0002125 0.9999291
42.700000 -0.1306150 0.0213631 0.0603622 0.0121011 0.0439605 0.0428006 0.9980426
47.200000 -0.1635709 0.0263882 0.0511350 0.0127285 0.0579946 0.0489960 0.9970326
52.400000 -0.1832175 0.0317178 0.0394460 0.0121007 0.0716751 0.0545980 0.9958591
67.000000 -0.2114652 0.0449333 0.0100828 0.0266744 0.0775963 0.0612607 0.9947434
76.400000 -0.2329340 0.0520022 0.0108446 0.0244247 0.0819141 0.0599712 0.9945335
90.700000 -0.2667091 0.0518725 0.0295643 0.0312679 0.0958957 0.0781430 0.9918266
98.400000 -0.2830503 0.0501612 0.0438595 0.0363914 0.1086394 0.0853754 0.9897395
118.400000 -0.3080703 0.0471145 0.0905592 0.0352205 0.1189177 0.0911786 0.9880812
130.600000 -0.3235158 0.0481079 0.1223126 0.0444586 0.1301341 0.0983993 0.9855994
154.000000 -0.3424213 0.0326498 0.1725956 0.0444603 0.1727579 0.1264715 0.9757986
172.500000 -0.3675586 0.0146104 0.2317738 0.0326155 0.2028419 0.1538331 0.9665023
184.800000 -0.3932456 -0.0320993 0.2681989 0.0155526 0.2385555 0.1734479 0.9553875
202.300000 -0.4450606 -0.0878876 0.3225506 -0.0063252 0.2908358 0.2020970 0.9351639
221.600000 -0.5129626 -0.1369716 0.3914222 -0.0219822 0.3676087 0.2264202 0.9017286
