0.000000 0.0000000 0.0000000 0.0000000 0.0000000 0.0000000 0.0000000 1.0000000
4.600000 -0.0007064 0.0090297 -0.0001355 0.0023884 -0.0040753 -0.0109869 0.9999285
4.700000 -0.0007591 0.0091160 0.0001407 0.0021043 -0.0041368 -0.0114350 0.9999238
5.500000 -0.0020209 0.0081318 0.0005368 0.0051674 -0.0054597 -0.0107271 0.9999142
6.500000 -0.0009608 0.0083477 -0.0034867 0.0085098 -0.0082532 -0.0108859 0.9998705
11.900000 0.0125434 0.0120747 -0.0148942 0.0031986 -0.0295604 -0.0162537 0.9994257
15.200000 0.0289042 0.0080449 -0.0237584 -0.0234365 -0.0598514 -0.0167856 0.9977909
21.100000 0.0632635 -0.0137299 -0.0333831 -0.0195092 -0.0878451 -0.0354450 0.9953122
24.900000 0.0816012 -0.0259501 -0.0445170 -0.0156161 -0.0880426 -0.0383828 0.9952545
29.500000 0.1070028 -0.0403111 -0.0531316 -0.0195661 -0.0854607 -0.0388867 0.9953901
32.700000 0.1288587 -0.0441005 -0.0593732 -0.0213614 -0.0999040 -0.0407239 0.9939339
33.800000 0.1374589 -0.0463016 -0.0572810 -0.0208225 -0.1025100 -0.0406539 0.9936827
35.100000 0.1462934 -0.0487841 -0.0587232 -0.0201154 -0.1089966 -0.0426123 0.9929246
37.000000 0.1609486 -0.0511129 -0.0574055 -0.0220671 -0.1149691 -0.0419111 0.9922392
37.900000 0.1680872 -0.0526528 -0.0561088 -0.0216526 -0.1180055 -0.0410714 0.9919269
42.000000 0.1985431 -0.0548938 -0.0520258 -0.0296842 -0.1308024 -0.0428878 0.9900355
43.800000 0.2081946 -0.0583588 -0.0526311 -0.0240954 -0.1351377 -0.0373101 0.9898309
46.000000 0.2166978 -0.0593074 -0.0502305 -0.0226405 -0.1387849 -0.0392101 0.9892870
48.500000 0.2279676 -0.0580830 -0.0478558 -0.0246216 -0.1473142 -0.0454356 0.9877388
51.300000 0.2419535 -0.0585647 -0.0451736 -0.0249547 -0.1533307 -0.0511279 0.9865358
59.000000 0.2864028 -0.0611779 -0.0317100 -0.0267836 -0.1767607 -0.0665596 0.9816355
59.400000 0.2888865 -0.0607472 -0.0306149 -0.0284657 -0.1788467 -0.0679648 0.9811139
62.100000 0.2999712 -0.0607100 -0.0247973 -0.0269392 -0.1881686 -0.0732038 0.9790342
63.900000 0.3090482 -0.0605426 -0.0196831 -0.0243147 -0.1942839 -0.0779483 0.9775411
86.200000 0.4283826 -0.0724671 -0.0247183 -0.0052932 -0.2591702 -0.0921452 0.9614115
87.000000 0.4344866 -0.0756676 -0.0232415 -0.0037928 -0.2714679 -0.0935678 0.9578809
88.200000 0.4421170 -0.0847286 -0.0168077 -0.0039810 -0.2783675 -0.0997949 0.9552678
88.700000 0.4451342 -0.0867280 -0.0153991 -0.0023735 -0.2813930 -0.1013696 0.9542204
90.500000 0.4653746 -0.0855166 -0.0228878 -0.0072204 -0.2803493 -0.1015289 0.9544863
98.100000 0.5101511 -0.0901155 -0.0197737 -0.0103438 -0.2961073 -0.0961888 0.9502427
102.100000 0.5182445 -0.0956771 0.0211783 -0.0220290 -0.3179504 -0.0899404 0.9435745
104.000000 0.5149275 -0.0968951 0.0294446 -0.0193624 -0.3377274 -0.0965116 0.9360827
109.000000 0.5680786 -0.0978844 0.0090133 -0.0061546 -0.3359421 -0.1011019 0.9364206
110.300000 0.5867661 -0.0974802 0.0140760 -0.0105657 -0.3465317 -0.1005803 0.9325705
113.400000 0.6505472 -0.0999910 0.0178169 -0.0061090 -0.3731532 -0.0941133 0.9229637
114.800000 0.6670725 -0.1011465 0.0181845 -0.0121083 -0.3769711 -0.0893571 0.9218251
125.300000 0.6470919 -0.1248812 0.0838898 -0.0337063 -0.4244052 -0.1091991 0.8982314
133.800000 0.6255335 -0.1390895 0.1431214 -0.0483241 -0.4216281 -0.1078921 0.8990294
147.900000 0.6843960 -0.1274955 0.1376474 0.0011530 -0.4278918 -0.1273838 0.8948076
152.500000 0.7028258 -0.1317211 0.1478147 0.0054738 -0.4347569 -0.1509748 0.8877855
164.100000 0.7582035 -0.1198086 0.1905671 0.0327542 -0.4690546 -0.1420844 0.8710493
166.400000 0.7717605 -0.1189096 0.2046527 0.0298864 -0.4751710 -0.1289219 0.8698842
168.700000 0.7770295 -0.1159406 0.2187167 0.0250313 -0.4731900 -0.1240929 0.8718174
172.800000 0.7787303 -0.1122811 0.2547097 0.0206458 -0.4898921 -0.1232183 0.8627843
175.800000 0.7811063 -0.1095805 0.2757050 0.0172958 -0.4990519 -0.1295966 0.8566520
180.000000 0.7792575 -0.1057941 0.3119627 0.0088572 -0.5096644 -0.1186358 0.8521087
184.300000 0.7829343 -0.1042249 0.3446435 0.0089887 -0.5135611 -0.1105813 0.8508502
185.100000 0.7832221 -0.1036940 0.3520353 0.0066014 -0.5119000 -0.1090109 0.8520747
193.900000 0.7514342 -0.1070476 0.4068522 0.0029014 -0.5285124 -0.1142856 0.8411927
195.700000 0.7405434 -0.1069164 0.4117589 0.0025599 -0.5406440 -0.1159002 0.8332254
199.800000 0.7403902 -0.1106220 0.4348866 0.0043461 -0.5473881 -0.1084645 0.8298089
203.500000 0.7265965 -0.1107959 0.4611582 -0.0017547 -0.5532641 -0.1156875 0.8249316
208.700000 0.7138929 -0.1116757 0.4885823 -0.0042002 -0.5609806 -0.1157750 0.8196824
211.700000 0.7043370 -0.1108106 0.5037020 -0.0051925 -0.5695032 -0.1174530 0.8135379
215.700000 0.6913533 -0.1122470 0.5249138 -0.0108933 -0.5777391 -0.1157302 0.8079019
219.600000 0.6819592 -0.1147854 0.5473242 -0.0121720 -0.5939502 -0.1138149 0.7963173
