0.000000 0.0000000 0.0000000 0.0000000 0.0000000 0.0000000 0.0000000 1.0000000
12.800000 0.0467581 -0.0223545 -0.0105851 -0.0270617 -0.0291299 -0.0002175 0.9992092
12.900000 0.0475693 -0.0230790 -0.0104684 -0.0277825 -0.0293406 -0.0002692 0.9991832
13.800000 0.0509864 -0.0245995 -0.0081878 -0.0311607 -0.0323626 -0.0001987 0.9989903
16.600000 0.0613508 -0.0276697 -0.0020322 -0.0294229 -0.0382157 -0.0054103 0.9988216
21.100000 0.0825787 -0.0236746 -0.0105577 -0.0150152 -0.0652214 -0.0300681 0.9973047
27.600000 0.1271447 -0.0265961 -0.0281557 -0.0044188 -0.0812896 -0.0508628 0.9953821
31.600000 0.1503807 -0.0265931 -0.0270622 -0.0112299 -0.0869027 -0.0543836 0.9946679
36.900000 0.1864554 -0.0253577 -0.0149656 -0.0119031 -0.1031679 -0.0693229 0.9921739
41.500000 0.2144808 -0.0282996 -0.0187160 -0.0102539 -0.1215977 -0.0856587 0.9888232
51.800000 0.2787472 -0.0267581 -0.0110473 -0.0002707 -0.1566049 -0.0898161 0.9835690
56.000000 0.2987624 -0.0202262 0.0029679 0.0096910 -0.1720448 -0.1025799 0.9796857
58.800000 0.3079110 -0.0182814 0.0105256 0.0217153 -0.1805469 -0.1127154 0.9768451
64.400000 0.3232643 -0.0110906 0.0430419 0.0257229 -0.1900340 -0.1328022 0.9724140
72.500000 0.3522471 -0.0006022 0.0879027 0.0362448 -0.2102819 -0.1351300 0.9675783
75.900000 0.3614162 0.0043693 0.1013830 0.0477234 -0.2115213 -0.1413897 0.9659142
85.400000 0.3855252 0.0264613 0.1603303 0.0431219 -0.2337723 -0.1583553 0.9583395
90.200000 0.3924763 0.0364627 0.1825348 0.0627824 -0.2597339 -0.1548489 0.9511144
94.000000 0.4086367 0.0427484 0.2006686 0.0676538 -0.2588231 -0.1573526 0.9506176
101.700000 0.4295504 0.0547956 0.2353384 0.0716924 -0.2820879 -0.1587610 0.9434413
105.800000 0.4402630 0.0556933 0.2537349 0.0754081 -0.2945398 -0.1590121 0.9392950
114.900000 0.4618492 0.0662555 0.2828352 0.0823621 -0.2962674 -0.1594434 0.9380938
118.500000 0.4695044 0.0697851 0.2931002 0.0878531 -0.3124633 -0.1601909 0.9321949
133.700000 0.4997683 0.0669335 0.2983149 0.1025763 -0.3287894 -0.1808265 0.9212369
137.700000 0.5063829 0.0526966 0.3075328 0.0876512 -0.3568711 -0.1839445 0.9116604
141.000000 0.5150335 0.0454302 0.3117569 0.0792703 -0.3711414 -0.1799401 0.9075196
147.200000 0.5314966 0.0382135 0.3315137 0.0808360 -0.3599545 -0.1722464 0.9133616
151.500000 0.5353414 0.0320013 0.3485327 0.0753984 -0.3582781 -0.1630163 0.9161755
154.500000 0.5289427 0.0196176 0.3646660 0.0718820 -0.3637632 -0.1542010 0.9158227
158.800000 0.5140728 0.0052473 0.3714184 0.0589768 -0.3643250 -0.1737810 0.9130111
160.200000 0.5053062 0.0038234 0.3758900 0.0515555 -0.3653383 -0.1827314 0.9113063
164.600000 0.4825579 -0.0112741 0.3757777 0.0437125 -0.3659148 -0.1917308 0.9096345
173.500000 0.4447142 -0.0310308 0.3911942 0.0330356 -0.3787365 -0.1935247 0.9044421
183.000000 0.4078531 -0.0264302 0.4289525 0.0026266 -0.3445901 -0.1850857 0.9203228
195.800000 0.3514400 -0.0065536 0.4118164 0.0420071 -0.2912038 -0.1552339 0.9430473
