0.000000 0.0000000 0.0000000 0.0000000 0.0000000 0.0000000 0.0000000 1.0000000
4.800000 -0.0068037 0.0199125 -0.0221355 0.0097604 -0.0299096 0.0064427 0.9994842
11.100000 -0.2653337 0.1104733 -0.0573575 0.0996671 0.1432218 0.3180113 0.9318920
12.100000 -0.2876460 0.1431762 -0.0518792 0.1137501 0.1595415 0.3222888 0.9261411
13.400000 -0.2952788 0.1365241 -0.0246487 0.0847613 0.1598457 0.3399897 0.9228607
14.900000 -0.3302702 0.0936076 -0.0093716 0.0938393 0.1288600 0.3134247 0.9361380
19.400000 -0.3515513 -0.0200562 -0.0311949 0.0623364 0.1735487 0.3907827 0.9018226
19.700000 -0.3608004 -0.0234389 -0.0220655 0.0427804 0.1694971 0.4074319 0.8963481
20.100000 -0.3605315 -0.0428407 -0.0168740 0.0330270 0.1654765 0.4034406 0.8993122
21.000000 -0.3523671 -0.0765759 -0.0354627 0.0694750 0.1381558 0.3864412 0.9092576
24.500000 -0.2762588 -0.0471824 0.0443132 0.0220288 0.1984049 0.3744275 0.9055133
28.900000 -0.1590051 0.1143500 -0.0549373 0.1036478 0.0555050 0.0801467 0.9898247
30.700000 -0.0982471 0.1120496 -0.0249458 0.0855574 0.0334642 -0.0517980 0.9944230
31.900000 -0.0608287 0.1398564 0.0176230 0.0992027 0.0148089 -0.1153934 0.9882428
34.700000 -0.0013429 0.1222097 0.0351069 0.0903228 -0.0125018 -0.1762767 0.9801082
35.200000 0.0112411 0.1264710 0.0264409 0.0902998 0.0011492 -0.1959844 0.9764398
37.700000 0.0703695 0.0834917 -0.0066379 0.0550909 -0.0359109 -0.2355172 0.9696427
39.600000 0.1114389 0.0899589 -0.0323275 0.0876228 -0.0668272 -0.2459514 0.9629976
40.000000 0.1115945 0.0570806 -0.0385048 0.0562071 -0.0769637 -0.2685811 0.9585309
43.200000 0.1412460 0.0072674 -0.0416826 0.0305051 -0.0810942 -0.2945877 0.9516886
43.500000 0.1468453 0.0178357 -0.0465931 0.0338485 -0.0732744 -0.2919475 0.9530225
43.800000 0.1335550 -0.0030315 -0.0448345 -0.0038487 -0.0580640 -0.2942069 0.9539686
44.100000 0.1221801 -0.0057084 -0.0493773 0.0018063 -0.0570927 -0.2929539 0.9544188
45.100000 0.1203213 -0.0061492 -0.0504783 0.0443076 -0.0751222 -0.2966408 0.9509983
46.400000 0.1114837 -0.0412717 -0.0059886 0.0411768 -0.1010479 -0.3636191 0.9251351
48.600000 0.0730856 -0.0488262 -0.0256622 -0.0068522 -0.0634594 -0.4061106 0.9115921
52.400000 0.0397501 -0.0660028 -0.0309611 -0.0421762 -0.0482492 -0.3552694 0.9325647
