0.000000 0.0000000 0.0000000 0.0000000 0.0000000 0.0000000 0.0000000 1.0000000
1.000000 -0.0024236 0.0126729 0.0040103 -0.0060824 -0.0061314 -0.0162187 0.9998311
1.100000 -0.0022173 0.0061232 0.0043476 -0.0084172 -0.0080991 -0.0189642 0.9997519
1.600000 0.0103870 0.0102714 -0.0060270 0.0071637 -0.0297829 -0.0212279 0.9993053
3.300000 0.0724692 -0.0026950 0.0269917 0.0213986 -0.1019314 -0.0617689 0.9926413
4.800000 0.0833799 -0.0020962 0.0520302 0.0140031 -0.1067860 -0.0892051 0.9901733
5.200000 0.1047504 -0.0112942 0.0513353 0.0320284 -0.1094253 -0.0851567 0.9898225
6.700000 0.1546995 0.0091735 0.0800182 0.0173415 -0.0966712 -0.0941550 0.9907012
8.400000 0.2112916 0.0268568 0.0782398 0.0260159 -0.1366583 -0.1224635 0.9826751
9.100000 0.2544940 0.0001526 0.1185743 0.0278242 -0.1714820 -0.1461666 0.9738865
9.400000 0.2689129 -0.0208617 0.1416981 0.0225444 -0.1848633 -0.1601113 0.9693718
9.700000 0.2884365 -0.0386070 0.1616420 0.0145944 -0.1934741 -0.1746011 0.9653338
10.000000 0.3102318 -0.0510876 0.1721032 0.0121280 -0.2062475 -0.1876797 0.9602558
10.300000 0.3275235 -0.0682508 0.1879269 0.0104312 -0.2258762 -0.2093633 0.9513349
10.600000 0.3589007 -0.0843345 0.2101748 0.0107684 -0.2500277 -0.2230408 0.9421374
11.700000 0.4010465 -0.1036817 0.2335867 0.0194511 -0.2680510 -0.2529210 0.9294091
12.100000 0.4130786 -0.1080319 0.2367340 0.0185507 -0.2686987 -0.2738532 0.9232883
13.900000 0.4330059 -0.1404686 0.2774129 0.0361864 -0.2690245 -0.3596098 0.8927470
18.800000 0.5233110 -0.0909838 0.3652627 0.0783054 -0.3161092 -0.3757697 0.8676061
20.000000 0.5354105 -0.1203292 0.3928172 0.0868544 -0.3406448 -0.4042777 0.8443796
21.000000 0.5093005 -0.1488882 0.3963483 0.0898652 -0.3311054 -0.4647767 0.8162574
21.600000 0.4874731 -0.1581282 0.3889220 0.0887758 -0.3134334 -0.4750680 0.8174282
22.100000 0.4852925 -0.1606381 0.3753878 0.0786811 -0.3006959 -0.4512594 0.8365144
22.700000 0.4645717 -0.1549603 0.3675024 0.0661923 -0.2874544 -0.4147224 0.8608100
23.700000 0.3618733 -0.1394248 0.3403619 0.0012670 -0.2360704 -0.3342839 0.9124272
25.000000 0.2640747 -0.0949000 0.2034778 -0.0354757 -0.1807578 -0.2390407 0.9533769
29.600000 0.0639498 0.0441401 -0.0356717 0.0286778 -0.0846415 0.0327385 0.9954605
29.700000 0.0578523 0.0283399 -0.0398927 0.0320982 -0.0786214 0.0376847 0.9956748
30.600000 -0.0168928 0.1025135 0.0162870 0.0696796 -0.0102142 0.0908591 0.9933705
32.000000 -0.0618795 0.1190538 0.0271893 0.0567014 0.0309659 0.1142779 0.9913459
32.700000 -0.1059289 0.1238943 0.0376119 0.0531091 0.0486484 0.1328882 0.9885107
33.400000 -0.1274958 0.1276504 0.0216197 0.0831755 0.0348763 0.1380667 0.9863078
34.400000 -0.1621004 0.1487445 0.0313535 0.1056180 0.0586907 0.1321395 0.9838391
36.500000 -0.2345378 0.1406765 0.0644734 0.0964643 0.1004655 0.1509044 0.9786875
37.000000 -0.2451812 0.1341536 0.0813556 0.0956050 0.1079737 0.1613208 0.9763078
38.100000 -0.2746776 0.1098029 0.1359623 0.0769679 0.1074794 0.1671479 0.9770290
38.900000 -0.2465841 0.0888437 0.1441545 0.0865004 0.0618196 0.1394629 0.9845030
39.400000 -0.2367741 0.0782980 0.1616302 0.0974757 0.0716341 0.1394929 0.9828066
39.900000 -0.2314966 0.0716787 0.1810479 0.1003885 0.0914800 0.1452719 0.9800254
40.700000 -0.2364249 0.0641288 0.2035668 0.0817874 0.1241588 0.1467478 0.9779369
42.200000 -0.2053023 0.0176848 0.2580038 0.0389120 0.0821588 0.1263325 0.9878137
42.800000 -0.1930106 -0.0008397 0.2646147 0.0332255 0.0674475 0.1236338 0.9894754
45.100000 -0.1264592 -0.0496939 0.2267639 -0.0188159 0.0291563 0.0802594 0.9961698
45.700000 -0.1242969 -0.0695916 0.2218566 -0.0626939 0.0043688 0.0243018 0.9977273
46.200000 -0.0969429 -0.0886277 0.2093489 -0.0537872 -0.0193832 0.0067458 0.9983415
46.800000 -0.0784764 -0.0802392 0.1847188 -0.0289212 -0.0344183 -0.0094639 0.9989442
48.600000 0.0358583 -0.0498644 0.1481385 0.0327541 -0.0704139 -0.0845413 0.9933891
54.300000 0.1667089 0.0315796 0.1850928 0.0484136 -0.1091054 -0.2637086 0.9571885
56.500000 0.2016378 -0.0054632 0.1900158 0.0394555 -0.1335447 -0.2304686 0.9630646
58.100000 0.1773628 -0.0175500 0.1934185 0.0296413 -0.0916769 -0.2397734 0.9660360
58.700000 0.1877341 0.0156235 0.1500357 0.0329955 -0.0880353 -0.2271874 0.9693023
60.500000 0.1806486 0.0216425 0.1128463 0.0430250 -0.1204102 -0.2296027 0.9648486
61.300000 0.2011513 -0.0283499 0.1101321 0.0157322 -0.1125116 -0.2354683 0.9652193
62.300000 0.1924607 -0.0200342 0.1145710 0.0245192 -0.1017284 -0.2398912 0.9651437
