0.000000 0.0000000 0.0000000 0.0000000 0.0000000 0.0000000 0.0000000 1.0000000
3.000000 0.0401863 0.0309567 -0.0007140 0.0092817 -0.0447822 0.0124749 0.9988757
3.100000 0.0432098 0.0384748 0.0001584 0.0145459 -0.0480615 0.0104346 0.9986839
8.200000 0.1812200 0.0744448 0.0419743 0.0500893 -0.1094783 -0.0826928 0.9892762
9.300000 0.2080238 0.1243801 0.0096887 0.1019502 -0.1276712 -0.0831233 0.9830548
9.900000 0.2107200 0.1529846 0.0149878 0.1100702 -0.1309378 -0.0882068 0.9813049
10.900000 0.2753161 0.0935771 0.0680446 0.0725013 -0.1583780 -0.1428596 0.9742952
12.100000 0.3104700 0.0882592 0.1283337 0.0886812 -0.2017369 -0.1851515 0.9576830
13.100000 0.3209520 0.1358284 0.1534091 0.1100539 -0.2055509 -0.1705636 0.9573635
13.700000 0.3460180 0.1532997 0.1764938 0.1300061 -0.2219891 -0.1676924 0.9516820
14.500000 0.3551214 0.1595349 0.1931817 0.1406010 -0.2299363 -0.1672226 0.9483656
14.800000 0.3468217 0.1492370 0.2020973 0.1396277 -0.2417349 -0.1866743 0.9419241
15.200000 0.3547516 0.1512605 0.2308181 0.1471893 -0.2603913 -0.2038534 0.9321885
15.600000 0.3632799 0.1490934 0.2373084 0.1405997 -0.2502244 -0.2038703 0.9359788
16.100000 0.3729163 0.1592609 0.2579365 0.1371246 -0.2558812 -0.2084403 0.9339563
16.600000 0.3694234 0.1362033 0.2734066 0.1177969 -0.2479821 -0.2013456 0.9402599
17.600000 0.3806224 0.1433647 0.2889833 0.1530406 -0.2482904 -0.2004168 0.9352880
19.600000 0.3716969 0.0943350 0.2824139 0.1275414 -0.2507279 -0.2593929 0.9238961
20.200000 0.3680869 0.0742829 0.2670204 0.1463526 -0.2474548 -0.2855334 0.9142306
21.600000 0.3725889 0.0526357 0.2159149 0.1285285 -0.2325114 -0.3231285 0.9082989
22.100000 0.3763543 0.0389809 0.2085978 0.1218023 -0.2304664 -0.3432039 0.9023638
22.600000 0.3747136 0.0303035 0.2061011 0.1009385 -0.2204814 -0.3340653 0.9108236
25.400000 0.3232772 0.0541135 0.1050022 0.0630840 -0.1682730 -0.1343071 0.9745082
30.900000 -0.0183452 0.0267480 0.0181829 0.0013594 0.0325807 0.2362937 0.9711344
32.600000 -0.1143998 -0.0163454 0.0366244 -0.0151228 0.0914570 0.3286042 0.9399076
33.900000 -0.1523071 -0.0116009 0.0314250 -0.0018846 0.1206184 0.3787217 0.9176151
35.900000 -0.2072008 -0.0511122 0.0424444 -0.0070316 0.1464427 0.4553949 0.8781347
41.600000 -0.3262956 -0.0623371 0.1370097 0.0107967 0.2179758 0.5127661 0.8303258
42.000000 -0.3389711 -0.0524376 0.1099798 0.0229440 0.2015429 0.5081891 0.8370172
42.700000 -0.3673898 -0.0196556 0.0595130 0.0737361 0.2063823 0.4853797 0.8463899
43.100000 -0.3739569 0.0327843 0.0379052 0.1071915 0.2042494 0.4697504 0.8521307
43.600000 -0.3970277 0.0692435 0.0324766 0.1272865 0.2104246 0.4566675 0.8549704
44.100000 -0.3820533 0.0825293 0.0295593 0.1259412 0.2034951 0.4734919 0.8476638
44.900000 -0.4420007 0.0685146 0.0766974 0.1101922 0.2662683 0.4944196 0.8200659
46.000000 -0.4866626 0.0690991 0.0677994 0.1013073 0.2537696 0.4701692 0.8392132
47.800000 -0.5180372 0.0962149 0.0932048 0.1517417 0.2661047 0.4072002 0.8604363
54.600000 -0.3893997 0.0714314 0.1561071 0.1165675 0.2180616 0.2019924 0.9476604
59.000000 -0.2740297 0.0663238 0.0413855 0.0715639 0.1550013 0.0931733 0.9809036
62.600000 -0.2245408 0.0750895 0.0133866 0.0809221 0.0997640 0.2242590 0.9660262
65.700000 -0.2193838 0.0275887 0.0296200 0.0213554 0.1138162 0.1835819 0.9761596
68.500000 -0.1416925 -0.0942520 0.1422708 -0.0141631 0.1152727 0.1621721 0.9799040
69.100000 -0.1176816 -0.1224119 0.1565119 -0.0391760 0.1121241 0.1686901 0.9784871
70.300000 -0.0781433 -0.1472827 0.1430899 -0.0875649 0.0821522 0.1503883 0.9813087
71.300000 -0.0596443 -0.1719308 0.1500549 -0.1084816 0.0860580 0.1428728 0.9800067
72.900000 -0.0385417 -0.1973987 0.1185234 -0.1127985 0.0703283 0.1221375 0.9835715
74.800000 -0.0274925 -0.2040012 0.0845714 -0.1204733 0.0397028 -0.0211884 0.9916960
76.600000 -0.0286580 -0.1443870 0.0692197 -0.0970496 0.0310955 -0.1132339 0.9883282
78.000000 -0.0133773 -0.1562043 0.0592280 -0.1075069 0.0049803 -0.1006932 0.9890795
78.500000 0.0001776 -0.1533195 0.0552498 -0.1171544 0.0132241 -0.0856767 0.9893227
79.000000 -0.0228061 -0.1673282 0.0612723 -0.1290512 0.0373889 -0.0779020 0.9878659
