0.000000 0.0000000 0.0000000 0.0000000 0.0000000 0.0000000 0.0000000 1.0000000
0.100000 0.0002377 0.0022489 0.0000002 -0.0007826 0.0001305 -0.0013035 0.9999988
0.200000 -0.0026522 0.0026447 0.0016491 -0.0024173 0.0005267 -0.0029655 0.9999925
0.400000 -0.0070472 0.0073680 0.0020415 -0.0038761 -0.0023379 -0.0047766 0.9999784
1.000000 0.0102254 -0.0054985 -0.0006381 -0.0019517 -0.0060021 0.0058153 0.9999632
3.500000 0.0877864 -0.0336351 0.0223193 -0.0041665 -0.0439055 -0.0304625 0.9985625
4.600000 0.1073063 -0.0356672 0.0356908 -0.0050355 -0.0730944 -0.0691605 0.9949114
5.100000 0.1155124 -0.0168546 0.0318124 0.0184547 -0.0857223 -0.0754781 0.9932845
5.800000 0.1171282 -0.0083514 0.0426480 0.0167705 -0.0878140 -0.1015382 0.9908065
6.400000 0.1326968 0.0239069 0.0574494 0.0349445 -0.1053923 -0.1262063 0.9857704
6.700000 0.1261110 0.0141014 0.0616230 0.0328614 -0.1085057 -0.1345319 0.9844023
6.900000 0.1475671 0.0383315 0.0697907 0.0438646 -0.1216280 -0.1379195 0.9819678
7.700000 0.1491598 0.0264227 0.0942021 0.0348207 -0.1172128 -0.1331779 0.9835204
8.100000 0.1543510 0.0427714 0.0965518 0.0487439 -0.1226575 -0.1234148 0.9835385
8.500000 0.1591985 0.0593225 0.1013316 0.0515004 -0.1268410 -0.1352505 0.9813085
9.100000 0.1649336 0.0669507 0.1223801 0.0489959 -0.1286930 -0.1530370 0.9785792
10.000000 0.1648997 0.0598311 0.1499829 0.0367940 -0.1319474 -0.1815654 0.9737916
11.100000 0.1735711 0.0678369 0.1730760 0.0485080 -0.1212655 -0.1718462 0.9764274
12.100000 0.1927604 0.0775650 0.2104780 0.0499255 -0.1370915 -0.1783776 0.9730852
12.900000 0.2076157 0.0651056 0.2237251 0.0593364 -0.1440372 -0.1847855 0.9703540
13.300000 0.2196157 0.0476978 0.2371336 0.0629804 -0.1521672 -0.1856627 0.9687146
13.800000 0.2452638 0.0244067 0.2644523 0.0560403 -0.1675733 -0.1983361 0.9640754
14.100000 0.2469346 0.0152682 0.2669491 0.0486999 -0.1699152 -0.2035924 0.9629679
14.400000 0.2588476 0.0084551 0.2683825 0.0382807 -0.1830021 -0.2202243 0.9573641
15.000000 0.2901727 0.0107516 0.2419630 0.0436610 -0.1823474 -0.2332610 0.9541658
15.700000 0.3438392 0.0056015 0.2188581 0.0552657 -0.2116231 -0.2356476 0.9469063
16.000000 0.3741852 0.0224325 0.2053443 0.0572117 -0.2151724 -0.2384965 0.9452762
16.300000 0.3933013 0.0108146 0.1996881 0.0502826 -0.2221790 -0.2389853 0.9439249
16.600000 0.4149511 -0.0021762 0.2054853 0.0534289 -0.2232319 -0.2349496 0.9445166
16.900000 0.4317700 -0.0167073 0.2211725 0.0544629 -0.2450906 -0.2474485 0.9358064
17.200000 0.4462895 -0.0234790 0.2402805 0.0537508 -0.2677712 -0.2588805 0.9264936
17.700000 0.4605799 -0.0528635 0.2655556 0.0402378 -0.2968824 -0.2902339 0.9088488
18.200000 0.4707252 -0.0818687 0.2919992 0.0317682 -0.2954869 -0.3039361 0.9051526
18.800000 0.4777430 -0.1041076 0.2969796 0.0272534 -0.2983387 -0.3237442 0.8974636
19.300000 0.4959495 -0.1189722 0.3067779 0.0304131 -0.3048657 -0.3385572 0.8896690
19.900000 0.5038205 -0.1411676 0.3152285 0.0292287 -0.3094759 -0.3554483 0.8814913
20.600000 0.5087284 -0.1617032 0.3243157 0.0213581 -0.3186595 -0.3794321 0.8683497
21.000000 0.5031655 -0.1745306 0.3297119 0.0289143 -0.3241223 -0.3870560 0.8627261
21.400000 0.5078962 -0.1811298 0.3413826 0.0383330 -0.3359000 -0.3847508 0.8588763
22.500000 0.5043523 -0.2015009 0.3704535 0.0288576 -0.3441468 -0.3892812 0.8539264
22.900000 0.4914534 -0.2186832 0.3734064 0.0199186 -0.3317690 -0.3808209 0.8628488
24.300000 0.4963372 -0.2401128 0.2858995 0.0057121 -0.3275606 -0.3859221 0.8624010
26.200000 0.5133857 -0.2647947 0.2638255 0.0099178 -0.3301316 -0.4513143 0.8289934
26.700000 0.5139973 -0.2670901 0.2693138 0.0108363 -0.3343606 -0.4759637 0.8133536
27.200000 0.4833991 -0.2706382 0.2535149 -0.0153681 -0.3087858 -0.4714590 0.8259187
27.700000 0.4645694 -0.2594616 0.2360698 -0.0211026 -0.2902228 -0.4401347 0.8494744
28.400000 0.4957787 -0.2805681 0.2598253 -0.0174701 -0.3211883 -0.4516744 0.8321797
29.100000 0.5341324 -0.3176589 0.2789195 -0.0107104 -0.3417474 -0.4694928 0.8140458
29.700000 0.5492985 -0.3445618 0.3061344 -0.0020952 -0.3574792 -0.4845277 0.7983966
30.200000 0.5497833 -0.3617044 0.3244969 -0.0001702 -0.3754770 -0.5097610 0.7740548
30.700000 0.5548688 -0.3771420 0.3432100 0.0086785 -0.3989558 -0.5313825 0.7472560
31.300000 0.5561867 -0.3987729 0.3599762 0.0094633 -0.4114882 -0.5529181 0.7244788
31.800000 0.5741216 -0.4111272 0.3623809 0.0185710 -0.4260008 -0.5589905 0.7111315
32.300000 0.5804809 -0.4237747 0.3744538 0.0150306 -0.4237805 -0.5670875 0.7061132
33.000000 0.5644903 -0.4330757 0.3855998 0.0146847 -0.4132781 -0.5775767 0.7038400
33.300000 0.5360203 -0.4396774 0.3918897 0.0086441 -0.4100313 -0.5797723 0.7040339
33.900000 0.5398631 -0.4202022 0.3632249 0.0081720 -0.3937156 -0.5359749 0.7467611
34.500000 0.5950692 -0.3814231 0.3187518 0.0059264 -0.3847420 -0.5114336 0.7683581
36.000000 0.5958281 -0.2448700 0.1695236 0.0073105 -0.3107691 -0.3800775 0.8711545
36.600000 0.6001961 -0.1918090 0.1268588 0.0208339 -0.2998011 -0.3445613 0.8893609
38.200000 0.6003585 -0.0751321 0.1050252 0.0517063 -0.2645790 -0.2274003 0.9357422
38.800000 0.6106266 -0.0449029 0.0951441 0.0632611 -0.2596746 -0.2001814 0.9425999
39.600000 0.5881965 -0.0206003 0.0746252 0.0765068 -0.2565455 -0.1948832 0.9435844
40.400000 0.4715022 0.0088252 0.0548844 0.0647364 -0.1997594 -0.1622078 0.9641545
41.200000 0.4127915 0.0208889 0.0418440 0.0613525 -0.1546673 -0.1502104 0.9745516
42.100000 0.3676068 0.0508941 0.0175368 0.0591791 -0.1299930 -0.1263075 0.9816548
43.000000 0.3240399 0.0580680 0.0063803 0.0522041 -0.1479345 -0.1241622 0.9797826
44.000000 0.3223677 0.1029909 -0.0212604 0.0628358 -0.1470862 -0.0946894 0.9825738
44.900000 0.3076927 0.1325105 -0.0506808 0.0854055 -0.1173995 -0.0789536 0.9862503
45.600000 0.2333513 0.1294225 -0.0416816 0.0709155 -0.0810665 -0.0538295 0.9927244
47.000000 0.1245294 0.0951041 -0.0514246 0.0382967 -0.0365918 -0.0460482 0.9975339
48.400000 0.0892518 0.0729045 -0.0782497 0.0350817 -0.0388003 -0.0334143 0.9980718
51.900000 0.0266750 0.0673778 -0.0698939 0.0413780 -0.0308145 0.0188433 0.9984905
57.000000 -0.0903506 0.0715480 -0.0165974 0.0476026 0.0540123 0.1330956 0.9884848
58.500000 -0.1297716 0.0929927 -0.0450721 0.0687967 0.0793915 0.1373535 0.9849355
59.200000 -0.1604831 0.0908183 -0.0293855 0.0557656 0.1256012 0.1496675 0.9791395
59.900000 -0.2020271 0.0706827 -0.0337382 0.0417461 0.1200691 0.1460936 0.9810695
60.700000 -0.2420643 0.0459544 -0.0345667 0.0477443 0.1136778 0.1433163 0.9819665
62.300000 -0.2671936 -0.0009904 -0.0141284 0.0290751 0.1308767 0.1621974 0.9776083
63.100000 -0.2932716 -0.0232933 -0.0143118 0.0353176 0.1238846 0.1694774 0.9770787
63.900000 -0.3043557 -0.0324545 -0.0222400 0.0416068 0.1312398 0.1876208 0.9725448
64.900000 -0.3390222 -0.0466782 -0.0009623 0.0311141 0.1581083 0.2191495 0.9622927
65.900000 -0.3635826 -0.0498901 0.0019581 0.0325993 0.1702349 0.2383016 0.9555991
66.800000 -0.3939069 -0.0591253 0.0208487 0.0276569 0.1862862 0.2478996 0.9503043
67.600000 -0.4098245 -0.0731671 0.0245505 0.0350398 0.1877456 0.2372049 0.9525007
68.400000 -0.4198879 -0.0714907 0.0185559 0.0542770 0.1879657 0.2354681 0.9519862
69.400000 -0.3867052 -0.0457138 -0.0457378 0.0939628 0.2058711 0.2721992 0.9352517
70.200000 -0.3937858 -0.0288775 -0.0564031 0.0672297 0.2193385 0.2819465 0.9315991
71.000000 -0.3993948 -0.0297678 -0.0796378 0.0474345 0.2330469 0.2829823 0.9291717
71.800000 -0.3605743 -0.0351860 -0.1181523 0.0288166 0.2107319 0.2558191 0.9430367
72.900000 -0.3232651 -0.0288808 -0.1299767 0.0184785 0.1818234 0.1791595 0.9666957
73.700000 -0.2493570 -0.0240498 -0.1132852 0.0042616 0.1275126 0.1321020 0.9829911
74.900000 -0.1678014 -0.0127681 -0.1243967 0.0211673 0.0517464 0.0574529 0.9967815
75.700000 -0.1025555 -0.0166501 -0.1277652 0.0293280 0.0191564 0.0135451 0.9992945
77.100000 -0.0263401 -0.0227601 -0.1096890 0.0151452 -0.0081770 -0.0232186 0.9995822
77.900000 -0.0142371 -0.0624750 -0.0804577 -0.0161626 -0.0306542 -0.0673281 0.9971289
78.100000 -0.0424866 -0.0407386 -0.0713962 -0.0055620 -0.0222936 -0.0769199 0.9967725
80.400000 0.0574925 -0.0691624 -0.0470625 -0.0253631 -0.0880054 -0.1656744 0.9819184
81.500000 0.1033828 -0.0761313 -0.0426348 -0.0199675 -0.0883874 -0.1634063 0.9823886
82.400000 0.1250619 -0.0863583 -0.0187338 -0.0288349 -0.1075983 -0.1912590 0.9751980
83.800000 0.1715567 -0.0773362 -0.0526051 -0.0254185 -0.1155188 -0.2041174 0.9717743
84.700000 0.1799737 -0.0819547 -0.0483517 -0.0395076 -0.1081977 -0.2104997 0.9707844
