0.000000 0.0000000 0.0000000 0.0000000 0.0000000 0.0000000 0.0000000 1.0000000
1.100000 -0.0075971 0.0101532 -0.0174393 0.0091513 -0.0123000 -0.0018991 0.9998807
1.200000 -0.0070509 0.0117577 -0.0172632 0.0072451 -0.0141921 0.0001318 0.9998730
2.700000 0.0315132 0.0198325 -0.0154889 0.0093248 -0.0288766 -0.0052371 0.9995258
5.100000 0.0992839 -0.0161346 0.0339102 0.0053267 -0.1215366 -0.0681463 0.9902306
5.200000 0.1059330 -0.0176555 0.0378770 0.0144990 -0.1304973 -0.0700712 0.9888631
5.400000 0.1285997 -0.0175164 0.0528852 0.0216679 -0.1423944 -0.0814820 0.9862124
7.600000 0.2933877 -0.0203849 0.0589488 0.0440261 -0.2029049 -0.1345477 0.9689109
7.900000 0.3147862 -0.0221825 0.0516810 0.0473093 -0.2036848 -0.1380354 0.9681015
8.600000 0.3372522 -0.0267909 0.0465494 0.0384294 -0.2363558 -0.1567254 0.9581734
9.000000 0.3576613 -0.0570923 0.0740671 0.0264765 -0.2573513 -0.1912786 0.9468272
9.400000 0.3942575 -0.0862383 0.0868244 0.0249858 -0.2766092 -0.2118767 0.9370012
9.700000 0.4083695 -0.1049905 0.1044865 0.0086201 -0.2933831 -0.2339761 0.9268804
10.400000 0.4321053 -0.1212404 0.1182987 0.0073153 -0.3094531 -0.2363848 0.9210361
11.200000 0.4403098 -0.1386354 0.1477157 -0.0104178 -0.3107543 -0.2375496 0.9202682
12.400000 0.4038161 -0.1394348 0.2168075 -0.0186850 -0.3158252 -0.2272460 0.9210128
15.700000 0.4127844 -0.1154682 0.2888523 0.0037160 -0.3347805 -0.2574674 0.9064319
16.100000 0.4207105 -0.1085815 0.2875159 0.0070401 -0.3408015 -0.2662111 0.9016299
16.400000 0.4174211 -0.0846654 0.2707152 0.0035010 -0.3237599 -0.2579252 0.9102977
16.700000 0.4135295 -0.0658463 0.2591134 0.0010500 -0.3135715 -0.2505983 0.9158997
17.500000 0.4355993 -0.1014776 0.2715174 0.0192366 -0.3464530 -0.2738057 0.8970121
17.800000 0.4437809 -0.1186015 0.2755477 0.0086818 -0.3568442 -0.2985488 0.8851302
18.400000 0.4548914 -0.1346743 0.2961162 0.0131143 -0.3699203 -0.3219057 0.8714148
19.200000 0.4837431 -0.1541497 0.2929006 0.0195912 -0.3702261 -0.3362491 0.8657282
19.800000 0.4997672 -0.1768727 0.2809759 0.0114495 -0.3749781 -0.3523502 0.8573854
20.400000 0.5085466 -0.1947623 0.2943338 0.0160746 -0.3825243 -0.3681093 0.8472971
21.400000 0.5132989 -0.2039343 0.2957326 0.0071989 -0.3624255 -0.3695403 0.8555909
22.700000 0.5154953 -0.1702420 0.2879178 0.0076918 -0.3522332 -0.3507720 0.8676587
23.400000 0.4763957 -0.0966496 0.2126216 0.0038925 -0.3001173 -0.2653689 0.9162390
23.800000 0.4477888 -0.0631117 0.1804458 0.0089446 -0.2575376 -0.2119061 0.9427037
24.600000 0.4383250 -0.0142619 0.1690529 0.0433290 -0.2493226 -0.1723444 0.9519760
25.000000 0.4419070 0.0389227 0.1467913 0.0766475 -0.2341154 -0.1421639 0.9586994
27.500000 0.3618211 0.2145209 0.0266553 0.1382182 -0.1188682 -0.0083749 0.9832069
27.900000 0.3051836 0.2231873 0.0247036 0.1491977 -0.0821470 0.0324001 0.9848564
28.200000 0.2752681 0.2403214 0.0176917 0.1463979 -0.0553712 0.0379599 0.9869452
38.000000 -0.0599748 0.2620480 0.1450206 0.1866601 0.0807094 0.1382773 0.9692901
39.900000 -0.1029226 0.2370583 0.0980410 0.1529959 0.0474061 0.1889027 0.9688450
41.300000 -0.1309001 0.2050179 0.0885929 0.1169218 0.0554276 0.2158246 0.9678206
47.700000 -0.2401949 0.0643956 0.0461930 0.1280516 0.0979726 0.3486155 0.9232938
48.600000 -0.2525522 0.0608603 0.0291120 0.1299313 0.0896487 0.3660221 0.9171199
51.200000 -0.3210433 0.0358674 -0.0000752 0.0988839 0.1498146 0.3370150 0.9242285
51.800000 -0.3293702 0.0261935 0.0130143 0.0914667 0.1405664 0.3597647 0.9178476
53.700000 -0.3394633 0.0000834 -0.0170166 0.1163721 0.1140666 0.4026096 0.9007507
54.200000 -0.3496685 -0.0049559 -0.0359276 0.1366332 0.1254060 0.3794693 0.9064258
55.800000 -0.3414320 0.0515346 -0.1313723 0.1557751 0.1446417 0.3794833 0.9004473
56.800000 -0.3070016 0.1055137 -0.1760739 0.1563451 0.1557687 0.3692455 0.9027458
57.300000 -0.3016031 0.1401365 -0.1989643 0.1601373 0.1570218 0.3576309 0.9065320
58.400000 -0.2711012 0.1824958 -0.2085102 0.1706547 0.1252022 0.2834506 0.9353380
59.400000 -0.2245453 0.2318385 -0.2261172 0.1831135 0.1060785 0.2262055 0.9508143
60.400000 -0.1621275 0.2902186 -0.2109352 0.1946489 0.1077520 0.1720259 0.9596397
63.200000 -0.0748638 0.3150887 -0.1449447 0.2244100 0.0499750 0.0774350 0.9701270
64.500000 -0.0267906 0.3422736 -0.1132398 0.2038780 0.0304035 0.0022469 0.9785215
66.900000 -0.0433832 0.3183158 -0.0196231 0.1740082 0.0564837 -0.0717267 0.9805030
68.300000 -0.0408615 0.3047015 -0.0212386 0.1590908 0.0371203 -0.0601612 0.9847298
69.400000 -0.0108876 0.2374323 -0.0213826 0.0898527 -0.0225515 -0.0715096 0.9931285
69.600000 0.0264827 0.2247570 -0.0050820 0.0929044 -0.0530694 -0.0727932 0.9915915
70.200000 0.0333869 0.1942479 -0.0253239 0.1110537 -0.0701334 -0.0560900 0.9897486
72.500000 0.0882930 0.0526481 0.0172065 0.0401334 -0.1123871 0.0047944 0.9928421
74.500000 0.1081262 -0.0411657 0.0630108 0.0050304 -0.0976448 0.0366525 0.9945335
75.700000 0.0962636 -0.0559230 0.0578892 0.0050724 -0.0742916 0.0814479 0.9938920
77.900000 0.0734925 -0.0791367 0.0863900 -0.0059414 -0.0353791 0.0730214 0.9966850
78.000000 0.0757252 -0.0771025 0.0870069 -0.0058245 -0.0477747 0.0559390 0.9972735
78.700000 0.0698241 -0.0812227 0.0978928 -0.0023747 -0.0700129 0.0093817 0.9974991
79.400000 0.0730760 -0.0646320 0.1128085 0.0070125 -0.0974871 -0.0528173 0.9938095
80.200000 0.0897910 -0.0398157 0.1223989 0.0383713 -0.1248049 -0.0788926 0.9882951
80.800000 0.0995410 -0.0066301 0.1464297 0.0416394 -0.1328429 -0.0764338 0.9873078
81.500000 0.1131210 0.0161067 0.1680097 0.0545086 -0.1448792 -0.0861169 0.9841863
82.500000 0.1462263 0.0492864 0.2064370 0.0761787 -0.1504892 -0.0779284 0.9825869
83.100000 0.1588932 0.0638847 0.2383156 0.0773744 -0.1510738 -0.0838855 0.9819130
83.700000 0.1721499 0.0826790 0.2622217 0.0866132 -0.1517430 -0.0869344 0.9807724
84.900000 0.1703661 0.0779990 0.2760895 0.0931888 -0.1536381 -0.0851122 0.9800342
85.700000 0.1709124 0.0886230 0.3051420 0.1017997 -0.1624356 -0.0991470 0.9764330
