0.000000 0.0000000 0.0000000 0.0000000 0.0000000 0.0000000 0.0000000 1.0000000
0.300000 -0.0038057 0.0146838 0.0015871 0.0117564 -0.0077611 -0.0052726 0.9998869
0.700000 -0.0086741 0.0158945 0.0026030 0.0076123 -0.0182455 -0.0089168 0.9997648
2.400000 0.0038280 0.0380658 -0.0050548 0.0185677 -0.0258364 0.0002888 0.9994937
3.700000 0.1151057 0.0219904 0.0208085 0.0210235 -0.0885596 -0.0509717 0.9945437
7.200000 0.1844177 0.0591753 0.0020284 0.0368507 -0.1477782 -0.0895280 0.9842705
7.800000 0.1719860 0.0958743 -0.0032966 0.0452735 -0.1437815 -0.0780039 0.9854910
14.200000 0.2926460 -0.0564360 0.1722758 0.0507485 -0.3174680 -0.3298224 0.8876125
19.300000 0.4315792 -0.0369078 0.1666421 0.0880286 -0.3858056 -0.3854813 0.8335521
21.100000 0.4126604 -0.1345092 0.2443777 0.0766118 -0.4080952 -0.4560156 0.7871713
21.400000 0.4053634 -0.1487983 0.2474790 0.0794802 -0.4073499 -0.4685198 0.7798963
21.700000 0.4080886 -0.1598959 0.2599523 0.0766812 -0.4121071 -0.4805908 0.7702729
24.200000 0.4250383 -0.2004527 0.2795778 0.0953623 -0.4302733 -0.5401915 0.7169129
27.800000 0.4385820 -0.2571165 0.2933930 0.0997984 -0.4432887 -0.6058892 0.6530190
28.200000 0.4287321 -0.2805972 0.2968870 0.0922447 -0.4383469 -0.6214271 0.6427841
31.900000 0.3883457 -0.3616998 0.2705233 0.1102361 -0.4135387 -0.7292037 0.5339435
34.600000 0.3782941 -0.3653678 0.2537288 -0.1630595 0.4309469 0.7737365 -0.4347736
35.100000 0.3820044 -0.3594936 0.2493155 -0.1615083 0.4251398 0.7824447 -0.4253839
35.400000 0.3884175 -0.3602000 0.2587675 -0.1512105 0.4263486 0.7829528 -0.4270212
35.600000 0.3911040 -0.3593245 0.2678162 -0.1403126 0.4297639 0.7773792 -0.4373752
37.500000 0.4251867 -0.3441273 0.3580505 -0.1219379 0.4757544 0.7223822 -0.4867780
37.700000 0.4208054 -0.3277499 0.3765106 -0.1268243 0.4741610 0.7240693 -0.4845726
38.000000 0.4264953 -0.3259562 0.3939773 -0.1283222 0.4851009 0.7130289 -0.4896941
40.000000 0.4323624 -0.3126102 0.4978929 -0.1514455 0.5695952 0.6577792 -0.4689906
40.300000 0.4335653 -0.3148851 0.5141753 -0.1489552 0.5784876 0.6519073 -0.4670989
40.500000 0.4303010 -0.3124655 0.5231041 -0.1445001 0.5737699 0.6586708 -0.4648231
41.000000 0.4143060 -0.3002725 0.5578174 -0.1382556 0.5710797 0.6519279 -0.4793155
41.300000 0.4033935 -0.3024485 0.5704995 -0.1353419 0.5779093 0.6500686 -0.4744620
41.600000 0.4089248 -0.3208005 0.5551730 -0.1483394 0.5700766 0.6523424 -0.4769249
41.700000 0.4133087 -0.3259072 0.5619130 -0.1514606 0.5811169 0.6382589 -0.4816517
41.800000 0.4105667 -0.3154539 0.5636200 -0.1588902 0.5816379 0.6301872 -0.4891988
42.500000 0.3985640 -0.3103972 0.5761188 -0.1523417 0.5869860 0.6226347 -0.4945355
42.800000 0.3816610 -0.3021848 0.5827328 -0.1514805 0.5937627 0.6193613 -0.4908066
43.600000 0.3623283 -0.2836122 0.5840709 -0.1451023 0.6084662 0.6121701 -0.4836961
43.700000 0.3594416 -0.2820394 0.5800892 -0.1462443 0.6046115 0.6161247 -0.4831643
43.900000 0.3547281 -0.2778260 0.5846512 -0.1477089 0.6039537 0.6153508 -0.4845259
44.000000 0.3500845 -0.2754886 0.5859424 -0.1414141 0.6012332 0.6184266 -0.4858696
44.400000 0.3352710 -0.2590663 0.5866438 -0.1518333 0.6073772 0.6106045 -0.4849760
46.700000 0.3409134 -0.2362634 0.4994785 0.1046192 -0.5611532 -0.5709036 0.5901110
46.800000 0.3430716 -0.2354160 0.4962640 0.1017477 -0.5599489 -0.5693374 0.5932618
47.000000 0.3457201 -0.2349184 0.4876280 0.0906337 -0.5535889 -0.5677229 0.6025077
47.200000 0.3447914 -0.2313969 0.4747480 0.0857223 -0.5452638 -0.5627112 0.6153821
47.300000 0.3453894 -0.2294337 0.4703231 0.0831836 -0.5409505 -0.5617217 0.6204206
47.700000 0.3408098 -0.2155117 0.4559582 0.0608057 -0.5211109 -0.5402715 0.6579155
48.100000 0.3509960 -0.2055603 0.4440363 0.0625710 -0.5031598 -0.5281793 0.6811327
48.300000 0.3528700 -0.2043318 0.4413534 0.0620260 -0.4970784 -0.5194226 0.6922904
48.400000 0.3511104 -0.2026516 0.4388920 0.0591904 -0.4911235 -0.5174277 0.6982570
48.500000 0.3540758 -0.2079003 0.4304762 0.0648056 -0.4824409 -0.5225495 0.6999950
48.700000 0.3479766 -0.2067883 0.4249096 0.0592710 -0.4754182 -0.5154516 0.7104746
48.900000 0.3435408 -0.2033165 0.4234536 0.0520683 -0.4744825 -0.5090678 0.7162439
49.000000 0.3386338 -0.2044549 0.4225276 0.0485136 -0.4737071 -0.5111926 0.7154930
49.100000 0.3383675 -0.2044439 0.4207518 0.0483920 -0.4697847 -0.5079607 0.7203725
49.200000 0.3346195 -0.2034786 0.4212551 0.0447655 -0.4669582 -0.5058149 0.7239457
49.300000 0.3321175 -0.2018684 0.4203084 0.0424508 -0.4648568 -0.5030031 0.7273884
49.400000 0.3304424 -0.2003827 0.4196348 0.0407659 -0.4625527 -0.5000436 0.7309853
49.800000 0.3198579 -0.1802547 0.4033788 0.0204086 -0.4350957 -0.4665577 0.7698046
50.700000 0.3084476 -0.1002319 0.3435840 0.0124180 -0.3895709 -0.4174039 0.8208863
50.900000 0.3110346 -0.0810880 0.3314748 0.0236603 -0.3789372 -0.4063942 0.8310779
51.000000 0.3108495 -0.0769338 0.3292975 0.0235678 -0.3767827 -0.3997875 0.8352541
51.100000 0.3114540 -0.0725397 0.3242278 0.0250520 -0.3721921 -0.3935371 0.8402226
51.300000 0.3113134 -0.0659449 0.3191568 0.0298568 -0.3642032 -0.3808742 0.8493524
51.400000 0.3116944 -0.0655659 0.3166078 0.0280548 -0.3609639 -0.3765518 0.8527172
51.500000 0.3123274 -0.0596394 0.3143832 0.0302842 -0.3560227 -0.3727042 0.8564007
51.600000 0.3127296 -0.0552882 0.3117591 0.0298047 -0.3522013 -0.3679392 0.8600504
51.700000 0.3112375 -0.0526753 0.3097767 0.0292767 -0.3494035 -0.3645609 0.8626444
51.900000 0.3103239 -0.0446111 0.3030485 0.0330533 -0.3418565 -0.3524633 0.8705235
52.200000 0.3097667 -0.0334596 0.2931156 0.0388217 -0.3323696 -0.3371779 0.8799627
52.800000 0.3100611 -0.0084378 0.2697558 0.0534831 -0.3233919 -0.3211637 0.8884881
52.900000 0.3100966 -0.0046177 0.2663404 0.0565515 -0.3210779 -0.3176526 0.8903975
53.000000 0.3097481 -0.0018869 0.2642783 0.0557847 -0.3197747 -0.3143846 0.8920732
53.100000 0.3095387 0.0015881 0.2638229 0.0573516 -0.3194791 -0.3144981 0.8920397
53.400000 0.3054806 0.0117426 0.2583120 0.0636197 -0.3186476 -0.3219772 0.8892395
53.500000 0.3034771 0.0114360 0.2602371 0.0591226 -0.3186694 -0.3206228 0.8900311
53.600000 0.3021693 0.0134856 0.2609693 0.0587971 -0.3185484 -0.3206997 0.8900683
54.000000 0.2804333 0.0137761 0.2518193 0.0547753 -0.3163143 -0.3126417 0.8939800
54.300000 0.2634901 0.0216983 0.2484773 0.0551291 -0.3174589 -0.3067055 0.8956072
54.400000 0.2582563 0.0233364 0.2486264 0.0540543 -0.3167273 -0.3041458 0.8968039
54.700000 0.2385545 0.0249862 0.2430880 0.0440722 -0.3043846 -0.2859023 0.9075614
54.900000 0.2290744 0.0285861 0.2410685 0.0370675 -0.2937618 -0.2738393 0.9150639
55.200000 0.2172858 0.0292479 0.2371862 0.0286644 -0.2778195 -0.2534266 0.9261585
55.300000 0.2139149 0.0324442 0.2344892 0.0291255 -0.2718630 -0.2478114 0.9294255
55.500000 0.2045187 0.0351145 0.2309636 0.0208588 -0.2624070 -0.2394262 0.9345494
55.600000 0.1987974 0.0386990 0.2284684 0.0182764 -0.2579396 -0.2339652 0.9372265
55.700000 0.1938698 0.0424370 0.2241763 0.0162378 -0.2538757 -0.2272048 0.9400327
55.800000 0.1865644 0.0439642 0.2210356 0.0114489 -0.2484268 -0.2189508 0.9435113
55.900000 0.1827700 0.0471024 0.2208690 0.0114078 -0.2437952 -0.2142071 0.9458060
56.000000 0.1790100 0.0494556 0.2202272 0.0107607 -0.2350135 -0.2080857 0.9493963
56.100000 0.1764478 0.0495324 0.2198216 0.0063110 -0.2290994 -0.1985695 0.9529133
56.400000 0.1702844 0.0463496 0.2160281 0.0060047 -0.2314270 -0.1774401 0.9565148
56.900000 0.1536881 0.0499538 0.2073303 0.0036078 -0.2063270 -0.1635486 0.9647114
57.000000 0.1564699 0.0511114 0.2071488 0.0067693 -0.2056009 -0.1599852 0.9654467
57.200000 0.1502736 0.0592254 0.1932017 0.0112245 -0.1900617 -0.1342927 0.9724793
57.300000 0.1417632 0.0647088 0.1815551 0.0056194 -0.1780795 -0.1244610 0.9760971
57.400000 0.1464418 0.0550888 0.1817837 -0.0138068 -0.1850665 -0.1163357 0.9757181
57.500000 0.1387029 0.0713115 0.1783984 -0.0061775 -0.1774855 -0.1029765 0.9787015
57.600000 0.1331049 0.0755156 0.1710513 -0.0058950 -0.1729318 -0.0966150 0.9801660
57.700000 0.1335081 0.0791479 0.1658001 -0.0029190 -0.1773229 -0.0870521 0.9802908
57.800000 0.1243554 0.0818395 0.1593881 -0.0008532 -0.1706694 -0.0820775 0.9819035
58.000000 0.1190160 0.0875981 0.1508326 0.0059728 -0.1626511 -0.0713412 0.9840830
58.100000 0.1240084 0.0867797 0.1451716 0.0061549 -0.1624509 -0.0631709 0.9846732
58.200000 0.1157124 0.0929612 0.1422336 0.0137469 -0.1499045 -0.0550682 0.9870700
58.300000 0.1222576 0.0873186 0.1380730 0.0108022 -0.1523667 -0.0478982 0.9871036
58.400000 0.1117483 0.0969123 0.1320838 0.0258202 -0.1399542 -0.0383471 0.9890782
58.600000 0.1081116 0.0989130 0.1237722 0.0378089 -0.1359014 -0.0258610 0.9896628
59.200000 0.0934777 0.0953784 0.1093309 0.0529936 -0.1150949 0.0029863 0.9919354
59.600000 0.0840069 0.0992666 0.0983643 0.0594831 -0.0987307 0.0219412 0.9930924
60.300000 0.0739122 0.1016973 0.0834350 0.0674464 -0.0901003 0.0603069 0.9918145
61.100000 0.0476179 0.1064383 0.0622305 0.0750864 -0.0910993 0.0847275 0.9893858
61.700000 0.0299846 0.1075949 0.0552706 0.0765425 -0.0864239 0.0996527 0.9883024
62.500000 0.0129497 0.0680320 0.0784268 0.0590822 -0.0944508 0.1072391 0.9879717
62.900000 0.0113754 0.0457474 0.0991402 0.0474443 -0.0713511 0.1208571 0.9889649
63.600000 0.0225779 0.0235159 0.1222456 0.0214781 -0.0622806 0.1457399 0.9871270
63.900000 0.0155691 0.0160905 0.1314235 0.0142772 -0.0604971 0.1447671 0.9875114
64.400000 0.0161485 0.0012535 0.1530624 0.0019434 -0.0674525 0.1413901 0.9876513
64.900000 0.0220980 -0.0056687 0.1701931 -0.0037706 -0.0641873 0.1416104 0.9878321
65.000000 0.0207146 -0.0054634 0.1700633 -0.0014117 -0.0605696 0.1425864 0.9879264
65.200000 0.0231872 -0.0016112 0.1656018 0.0022922 -0.0531890 0.1464514 0.9877842
65.400000 0.0052428 0.0193927 0.1521845 0.0138723 -0.0301031 0.1556811 0.9872511
65.800000 0.0066679 0.0317246 0.1388320 -0.0064156 -0.0215329 0.1942998 0.9806849
66.200000 -0.0044952 0.0431008 0.1241100 0.0077092 -0.0181488 0.1861046 0.9823321
66.600000 -0.0181689 0.0473939 0.1206441 0.0219040 -0.0150004 0.1653984 0.9858695
66.700000 -0.0290074 0.0413044 0.1179845 0.0200731 -0.0114384 0.1669116 0.9857011
67.200000 -0.0387822 0.0319057 0.1245787 0.0300202 -0.0018882 0.1780708 0.9835578
67.500000 -0.0384474 0.0283598 0.1197496 0.0346759 0.0069120 0.1930842 0.9805449
67.600000 -0.0369324 0.0308951 0.1167728 0.0384263 0.0163045 0.2007331 0.9787562
67.800000 -0.0419539 0.0346245 0.1136429 0.0387759 0.0408107 0.2080787 0.9764907
68.000000 -0.0346151 0.0318319 0.1100544 0.0391330 0.0569070 0.2136395 0.9744682
68.100000 -0.0406436 0.0327846 0.1090574 0.0455616 0.0696069 0.2148197 0.9731041
68.200000 -0.0394057 0.0330098 0.1071141 0.0487890 0.0672464 0.2173004 0.9725627
68.400000 -0.0454447 0.0270351 0.1013094 0.0484572 0.0648146 0.2173259 0.9727386
68.600000 -0.0569074 0.0209414 0.1028450 0.0419089 0.0689882 0.2127703 0.9737623
69.000000 -0.0605613 0.0231974 0.1081743 0.0342125 0.0614983 0.2073847 0.9757249
