0.000000 0.000000000 0.000000000 0.000000000 0.000000000 0.000000000 0.000000000 1.000000000
0.100000 0.000175104 0.004720690 0.000148396 0.001195715 -0.001013068 0.000219068 0.999998748
0.200000 -0.003972151 0.003546651 0.002705592 -0.000549773 -0.000140868 0.000066698 0.999999821
0.300000 -0.006402248 0.004633454 0.002941242 -0.000706315 -0.001876216 -0.000678131 0.999997735
0.400000 -0.003322122 0.002066378 0.002430773 -0.002617569 -0.006130583 -0.000814170 0.999977469
0.500000 -0.004649048 -0.000042468 0.002978925 -0.003440028 -0.006750978 -0.001837839 0.999969602
0.600000 -0.004260296 0.003267293 0.001779479 -0.000011612 -0.009519484 -0.001369698 0.999953747
0.700000 -0.005952133 0.000982007 0.001648964 -0.001053459 -0.010815549 -0.002692580 0.999937356
0.800000 -0.001406429 -0.001390173 0.000021555 -0.000885328 -0.015491188 -0.003559820 0.999873281
0.900000 0.001759005 0.003857908 -0.001472980 0.002411487 -0.017773993 0.000014905 0.999839127
1.000000 0.002950541 -0.002821747 -0.002310077 -0.001304048 -0.018237321 0.000790285 0.999832511
1.100000 0.003348689 -0.002892666 -0.003789341 0.000664766 -0.018022651 0.002460867 0.999834359
1.200000 0.001958013 0.002277447 -0.004924327 0.004846416 -0.018376293 0.004852983 0.999807596
1.300000 0.002186586 -0.000283964 -0.006195331 0.005050265 -0.021677675 0.006639136 0.999730229
1.400000 0.000335943 0.006721107 -0.006833115 0.009386177 -0.024509823 0.010869124 0.999596417
1.500000 0.006119506 0.001842975 -0.005709610 0.004338454 -0.029384149 0.012063302 0.999485970
1.600000 -0.000406703 0.017039930 -0.005774645 0.010251637 -0.027529929 0.016993146 0.999423981
1.700000 0.002509320 0.016216908 -0.001881671 0.003484391 -0.033299167 0.014596465 0.999332786
1.800000 0.000140485 0.007242066 -0.000670958 -0.001428985 -0.033953521 0.016337225 0.999288857
1.900000 0.002534246 0.002401315 -0.000783812 -0.003095108 -0.037937745 0.018650252 0.999101222
2.000000 -0.005972862 -0.009137254 0.000793097 -0.006214938 -0.035995144 0.021858975 0.999093533
2.100000 0.003341681 0.001026341 0.000265488 0.005014577 -0.044420835 0.024026249 0.998711348
2.200000 0.004687182 0.006419841 -0.002312443 0.010341264 -0.049659282 0.024432326 0.998413801
2.300000 0.002074642 0.003597146 -0.004296227 0.009258699 -0.050932623 0.020691730 0.998444796
2.400000 0.001384642 0.000668866 -0.003882802 0.008068637 -0.051428355 0.021492273 0.998412788
2.500000 0.003779685 0.004586173 -0.004231819 0.011214778 -0.052606266 0.023022503 0.998286903
2.600000 0.002740956 0.005641143 -0.003777659 0.011553969 -0.052966047 0.024439586 0.998230338
2.700000 0.001776247 0.006015319 -0.003771232 0.010866515 -0.054575782 0.026006255 0.998111725
2.800000 -0.003420257 0.002962041 -0.000139372 0.009410431 -0.055124864 0.028121866 0.998039007
2.900000 -0.003028946 0.003719660 -0.001112830 0.009694228 -0.059660017 0.028456159 0.997765958
3.000000 -0.003068354 0.003114057 0.000403964 0.010575313 -0.064305089 0.028490735 0.997467458
3.100000 -0.002916424 -0.000136316 0.001454319 0.010413392 -0.066545606 0.029289290 0.997299016
3.200000 0.011930412 -0.002598792 0.002164483 0.010487819 -0.073143028 0.029011924 0.996844232
3.300000 -0.001757787 -0.014626779 0.004659513 0.005864476 -0.059980243 0.030000187 0.997731388
3.400000 0.006654189 -0.002892195 0.002560402 0.017415356 -0.061449923 0.032425277 0.997431278
3.500000 0.006655212 -0.005753750 0.000775691 0.018661797 -0.055683061 0.033848662 0.997700036
3.600000 0.004266123 -0.001727021 0.001741924 0.024240986 -0.048364662 0.037189607 0.997842729
3.700000 0.012457395 -0.006527661 -0.002526701 0.022045970 -0.047698110 0.038895451 0.997860730
3.800000 0.006853916 -0.001011385 -0.001138210 0.025789572 -0.038305990 0.042461384 0.998030365
3.900000 0.002399653 0.006899958 0.000821293 0.029094646 -0.031154331 0.047302097 0.997970641
4.000000 0.000447186 0.003667332 0.000582831 0.024521170 -0.026711203 0.050885748 0.998046041
4.100000 -0.001211542 0.004592896 0.002178543 0.023502054 -0.024175700 0.052186485 0.998068035
4.200000 -0.006521042 0.007868149 0.002367405 0.023799611 -0.019918719 0.053586882 0.998080790
4.300000 -0.007712568 0.009884032 0.002677904 0.022388762 -0.018243203 0.055099729 0.998063087
4.400000 -0.011876589 0.010350654 0.003861035 0.020958895 -0.014863498 0.057977013 0.997987211
4.500000 -0.010289496 0.013859016 0.002126193 0.019526212 -0.014112711 0.059157088 0.997957945
4.600000 -0.015454093 0.012127344 0.003840656 0.014461407 -0.008338426 0.060393050 0.998035073
4.700000 -0.021499300 0.013899732 0.005170770 0.013119452 -0.003577471 0.059554283 0.998132467
4.800000 -0.024229908 0.012058957 0.004534584 0.010721268 -0.000958252 0.059367124 0.998178184
4.900000 -0.025760803 0.013067993 0.003826543 0.010362646 -0.000077022 0.061706819 0.998040557
5.000000 -0.028005809 0.013907397 0.003801663 0.010139287 0.001545178 0.063197233 0.997948349
5.100000 -0.029138561 0.012288429 0.002647447 0.009108246 0.002891451 0.062649257 0.997989833
5.200000 -0.031434197 0.015246234 0.003021721 0.011119955 0.004368434 0.062199827 0.997992218
5.300000 -0.032731168 0.017948352 0.001560531 0.012129059 0.005334837 0.061964583 0.997990370
5.400000 -0.034984071 0.021199128 0.001715300 0.012515273 0.006281556 0.062877238 0.997923017
5.500000 -0.035708375 0.021580981 0.001127079 0.011069103 0.006472304 0.062437665 0.997966468
5.600000 -0.034735583 0.022640850 0.000293842 0.009668075 0.005756858 0.062886864 0.997957230
5.700000 -0.038288794 0.022699790 0.001368818 0.009105915 0.007518219 0.063815385 0.997891843
5.800000 -0.037325490 0.023430269 -0.000293009 0.008860985 0.006992335 0.064666897 0.997843087
5.900000 -0.037984673 0.025324253 0.001750423 0.008940365 0.007332041 0.068207130 0.997604191
6.000000 -0.042158771 0.022447014 0.001422656 0.007845269 0.009552220 0.070458509 0.997438133
6.100000 -0.046440654 0.025967110 0.002125285 0.010942424 0.011528843 0.071074136 0.997344375
6.200000 -0.047038089 0.022126628 0.001227884 0.009295366 0.011745991 0.072888546 0.997227609
6.300000 -0.049337100 0.021867482 0.000485934 0.012312935 0.013298748 0.073632471 0.997120738
6.400000 -0.054449491 0.022787780 0.000613943 0.016633298 0.016735572 0.075680196 0.996852934
6.500000 -0.054561358 0.032335926 0.000956315 0.022744672 0.016280472 0.077683739 0.996585608
6.600000 -0.053784221 0.034710322 0.003488609 0.021530023 0.016029241 0.076609641 0.996699810
6.700000 -0.054378264 0.037133079 0.008251850 0.019200388 0.017787458 0.074423991 0.996883154
6.800000 -0.057974204 0.030719694 0.011632275 0.013375597 0.020532576 0.074053779 0.996953130
6.900000 -0.066057153 0.029640567 0.014914511 0.013985969 0.023902819 0.075802855 0.996738136
7.000000 -0.068398818 0.033066127 0.015587457 0.017064409 0.020836800 0.078318134 0.996564567
7.100000 -0.071057342 0.031625319 0.015985215 0.016629806 0.017751781 0.079325020 0.996551991
7.200000 -0.075913429 0.032412261 0.018244162 0.019379111 0.019135196 0.079917505 0.996429384
7.300000 -0.079626113 0.031020468 0.019443437 0.021194296 0.020351944 0.080144033 0.996350110
7.400000 -0.093130998 0.039572161 0.022317588 0.027248647 0.024479024 0.083774284 0.995811284
7.500000 -0.092844158 0.037773281 0.022079144 0.025000937 0.020737223 0.084273025 0.995913148
7.600000 -0.092110440 0.033572193 0.021883827 0.022062188 0.017045522 0.084035628 0.996072650
7.700000 -0.095744252 0.030980604 0.021651095 0.021822054 0.018077863 0.084606491 0.996011436
7.800000 -0.100931369 0.034708008 0.022960745 0.024897652 0.018802239 0.086989380 0.995720565
7.900000 -0.108122773 0.027572796 0.023141704 0.023838704 0.020117717 0.088783763 0.995562375
8.000000 -0.109246872 0.030890428 0.021935336 0.028674118 0.018657183 0.091249347 0.995240271
8.100000 -0.111035727 0.038299609 0.022282463 0.033799909 0.016974198 0.094297431 0.994825304
8.200000 -0.112107150 0.039018452 0.023096580 0.031542238 0.016474694 0.097099915 0.994638264
8.300000 -0.116584413 0.037017301 0.025012754 0.028514486 0.017577324 0.097507000 0.994670987
8.400000 -0.116447471 0.036801733 0.025341365 0.028932724 0.015501522 0.097224064 0.994721115
8.500000 -0.119603463 0.030231956 0.024881229 0.027718958 0.016913200 0.098237984 0.994633019
8.600000 -0.119154617 0.030150756 0.024089005 0.031792082 0.016275179 0.101431638 0.994201183
8.700000 -0.121617831 0.034195486 0.023212548 0.035947315 0.016047386 0.104469404 0.993748665
8.800000 -0.122100107 0.033715777 0.022678910 0.036569677 0.015053344 0.106388167 0.993537903
8.900000 -0.120260231 0.036432993 0.021651488 0.038945276 0.013284138 0.108641587 0.993228972
9.000000 -0.124189004 0.037364084 0.022888094 0.040072128 0.015408820 0.111347191 0.992853761
9.100000 -0.127982214 0.036821235 0.023864657 0.041425850 0.015928254 0.112516463 0.992658138
9.200000 -0.127503172 0.030341648 0.022522977 0.040654056 0.014160695 0.114441097 0.992496848
9.300000 -0.129802778 0.031492803 0.022425588 0.046546083 0.014545458 0.116847515 0.991951942
9.400000 -0.129781365 0.030940382 0.022740725 0.050731327 0.014734496 0.122552268 0.991055071
9.500000 -0.127126724 0.034876071 0.022954050 0.056013089 0.013246572 0.126690283 0.990270972
9.600000 -0.126354307 0.031893607 0.022667667 0.057619695 0.016588651 0.132173195 0.989411473
9.700000 -0.129510894 0.033720907 0.024103828 0.061748073 0.021358784 0.135418206 0.988631845
9.800000 -0.131230563 0.031774838 0.022844739 0.064073250 0.024941221 0.138055682 0.988035023
9.900000 -0.129149377 0.037164368 0.021300772 0.068932742 0.026136030 0.141109392 0.987245321
10.000000 -0.131049365 0.040827066 0.021267470 0.070960604 0.030512162 0.142892554 0.986719489
10.100000 -0.130852595 0.044064764 0.021158706 0.069433652 0.034122683 0.142511234 0.986765027
10.200000 -0.129337117 0.053197872 0.022339579 0.070715122 0.036428999 0.140755728 0.986843467
10.300000 -0.124896772 0.052103732 0.022594299 0.064482570 0.039864846 0.138769686 0.987418711
10.400000 -0.126516163 0.050294582 0.022112912 0.060567942 0.046184987 0.139421076 0.987299442
10.500000 -0.128184080 0.046316497 0.021660045 0.056274325 0.054437771 0.139848560 0.987072468
10.600000 -0.133337900 0.050147545 0.022343457 0.057160970 0.061108977 0.142550603 0.986244202
10.700000 -0.141971618 0.046868566 0.022056960 0.051850256 0.068238050 0.144496277 0.985786974
10.800000 -0.146062121 0.045285609 0.022097956 0.049878892 0.068599589 0.144082814 0.985924125
10.900000 -0.145499468 0.048097149 0.021944819 0.050471175 0.066223085 0.142848283 0.986236036
11.000000 -0.146437362 0.045190983 0.022044551 0.048036013 0.065985166 0.143213034 0.986320734
11.100000 -0.146201149 0.045732338 0.022289827 0.048662048 0.065866277 0.143873766 0.986201823
11.200000 -0.148616746 0.045032758 0.022527743 0.048602723 0.067619666 0.145127654 0.985902250
11.300000 -0.150328130 0.048010934 0.023456216 0.049883399 0.067291021 0.147817671 0.985461056
11.400000 -0.157330245 0.053965002 0.027045511 0.052822411 0.069079131 0.151492059 0.984625816
11.500000 -0.157554284 0.055679981 0.028866785 0.051943630 0.067389645 0.153379932 0.984497368
11.600000 -0.156666845 0.040809549 0.028473461 0.043449048 0.065631889 0.154451430 0.984860063
11.700000 -0.157460853 0.043567494 0.028693845 0.047681253 0.064556859 0.156604394 0.984395206
11.800000 -0.161523864 0.049201660 0.030779023 0.051806863 0.064362660 0.159090966 0.983800590
11.900000 -0.165869743 0.057604235 0.032922201 0.055867303 0.063599445 0.159134820 0.983620882
12.000000 -0.167028308 0.052154496 0.032552101 0.051895268 0.063036732 0.158965394 0.983902037
12.100000 -0.166632712 0.052274264 0.032966424 0.052363746 0.061423011 0.160862938 0.983670890
12.200000 -0.169805005 0.058656674 0.034923043 0.056221381 0.062668562 0.166131616 0.982502997
12.300000 -0.174013585 0.063716412 0.034874558 0.055893406 0.064107373 0.167859972 0.982134998
12.400000 -0.176286831 0.061095361 0.037636772 0.050144672 0.064941756 0.169796556 0.982057631
12.500000 -0.179760799 0.060082402 0.039966922 0.048791055 0.064743787 0.174315855 0.981346846
12.600000 -0.185453355 0.059745260 0.042758673 0.046600468 0.065465227 0.178494319 0.980654120
12.700000 -0.186543480 0.061068896 0.045402870 0.043419994 0.063057095 0.181133240 0.980473995
12.800000 -0.192324862 0.057938378 0.046838939 0.040881779 0.063186206 0.182957768 0.980235994
12.900000 -0.195942789 0.055398636 0.048019908 0.040740374 0.060482062 0.182750031 0.980451226
13.000000 -0.197368696 0.053285737 0.046084203 0.043245129 0.054904729 0.182952866 0.980634272
13.100000 -0.198522091 0.050731730 0.042738125 0.044604629 0.050391115 0.183014110 0.980804265
13.200000 -0.201477483 0.054240894 0.041720361 0.048473809 0.047586892 0.186313987 0.980139196
13.300000 -0.204492941 0.048740376 0.041709617 0.047748838 0.046271302 0.189424321 0.979641497
13.400000 -0.206859618 0.052317504 0.042586692 0.052120153 0.044181276 0.190527484 0.979301155
13.500000 -0.210200429 0.052577224 0.041282374 0.053518884 0.040435042 0.189977944 0.979494333
13.600000 -0.208861023 0.048060093 0.040786669 0.052496530 0.038035773 0.191041723 0.979438901
13.700000 -0.209464788 0.043968998 0.039789557 0.053893711 0.038189780 0.191063404 0.979352713
13.800000 -0.209880665 0.042526033 0.037290446 0.059477795 0.038233586 0.193443477 0.978560269
13.900000 -0.207539588 0.038389817 0.035558198 0.063711867 0.038269076 0.189683989 0.979028225
14.000000 -0.206447333 0.038113151 0.032230180 0.069257744 0.039080046 0.187813103 0.978980243
14.100000 -0.204265356 0.039020382 0.030821942 0.072860964 0.040836081 0.184775516 0.979225039
14.200000 -0.206154153 0.040436920 0.030912224 0.077987663 0.045083053 0.184198916 0.978752375
14.300000 -0.200871184 0.042961765 0.027883260 0.082177453 0.045304336 0.186129451 0.978033841
14.400000 -0.201564327 0.038947422 0.026637536 0.081674829 0.050300710 0.189630270 0.977158844
14.500000 -0.202054635 0.035157815 0.027421027 0.082235940 0.055456296 0.192916512 0.976189017
14.600000 -0.200929120 0.038268082 0.029525476 0.085406944 0.058836967 0.193589658 0.975585401
14.700000 -0.208543196 0.038861286 0.034595735 0.086988032 0.066258557 0.198108330 0.974061608
14.800000 -0.214920327 0.044075433 0.040033035 0.085970365 0.070317864 0.195559874 0.974382281
14.900000 -0.212015584 0.038277920 0.043891635 0.077233419 0.068447925 0.195320591 0.975294709
15.000000 -0.214917362 0.035601016 0.047866121 0.073170707 0.068364955 0.193534359 0.975969672
15.100000 -0.214046180 0.022224890 0.051796786 0.061837450 0.066147059 0.192192465 0.977170825
15.200000 -0.202833384 0.015040238 0.050608326 0.058385581 0.056363933 0.193424314 0.977753162
15.300000 -0.204721898 0.008568283 0.052934155 0.057510424 0.053683978 0.194460750 0.977750242
15.400000 -0.203124762 0.007872747 0.058001526 0.057995167 0.049317479 0.194221020 0.977999270
15.500000 -0.203106314 0.002743698 0.064796865 0.054193597 0.048976161 0.193411276 0.978394806
15.600000 -0.204004124 -0.002026070 0.071271449 0.050468605 0.049138490 0.191083640 0.979043067
15.700000 -0.204685703 -0.011379487 0.077277213 0.044245195 0.047812376 0.189601898 0.979697645
15.800000 -0.199327439 -0.021044938 0.082866818 0.039550073 0.045852266 0.187190130 0.980455637
15.900000 -0.192938924 -0.022788005 0.087234452 0.041734412 0.046247661 0.184311166 0.980891824
16.000000 -0.190670118 -0.027160466 0.089310162 0.040651366 0.052201889 0.182987273 0.980886400
16.100000 -0.186776578 -0.039045330 0.091792777 0.037385833 0.059828553 0.186358780 0.979945540
16.200000 -0.184686601 -0.030984674 0.097251087 0.046960376 0.066558935 0.186229184 0.979123771
16.300000 -0.183568403 -0.025569143 0.095064417 0.048725624 0.068982176 0.183855042 0.979318440
16.400000 -0.179015771 -0.021575062 0.092636332 0.047208883 0.068555787 0.183390439 0.979509771
16.500000 -0.181576341 -0.016727211 0.094965905 0.043406103 0.072139688 0.185317487 0.979065478
16.600000 -0.173003361 -0.020676939 0.094365209 0.032355182 0.070392758 0.191797867 0.978371918
16.700000 -0.165284559 -0.021114962 0.097466573 0.022936964 0.071552232 0.196344346 0.977651834
16.800000 -0.156866014 -0.029536080 0.099848226 0.012057164 0.071281843 0.202211678 0.976669788
16.900000 -0.157679632 -0.032394677 0.103794336 0.009461741 0.076637603 0.207881674 0.975101173
17.000000 -0.159091383 -0.029663507 0.104964107 0.010450361 0.077840135 0.211791977 0.974153936
17.100000 -0.154613718 -0.037107013 0.107684433 0.001761000 0.077554084 0.210514158 0.974508107
17.200000 -0.155730382 -0.039715573 0.112435572 0.000079618 0.080023661 0.211241305 0.974152625
17.300000 -0.154846519 -0.040785246 0.117296681 -0.001171675 0.081220530 0.211427093 0.974012554
17.400000 -0.155834496 -0.046301480 0.121234328 -0.003434745 0.083887845 0.212597817 0.973526180
17.500000 -0.161648631 -0.046330143 0.126553357 -0.001858630 0.088033132 0.214048445 0.972846329
17.600000 -0.154322341 -0.057446748 0.123312734 -0.010370716 0.082402870 0.213322490 0.973445296
17.700000 -0.160783187 -0.049243387 0.128814995 -0.002862901 0.082640499 0.212169692 0.973728120
17.800000 -0.161310062 -0.049507860 0.128691405 -0.004143422 0.080218524 0.209937021 0.974409699
17.900000 -0.157156229 -0.046856269 0.128961101 -0.004158050 0.075445697 0.209573418 0.974869072
18.000000 -0.154385775 -0.046489585 0.128903881 -0.006361184 0.074142888 0.209661052 0.974938273
18.100000 -0.144629285 -0.052581150 0.124990299 -0.012740139 0.072636828 0.210953131 0.974710405
18.200000 -0.147431552 -0.054629348 0.126100227 -0.014637789 0.079048738 0.210615247 0.974257767
18.300000 -0.149703398 -0.049377698 0.126576915 -0.012099810 0.082083009 0.209518895 0.974278092
18.400000 -0.153658390 -0.044117227 0.129075661 -0.011335490 0.086300328 0.206776649 0.974508703
18.500000 -0.157841712 -0.043139342 0.129951581 -0.014259705 0.089652605 0.205566764 0.974423587
18.600000 -0.162898839 -0.045372583 0.131046161 -0.018126553 0.093050182 0.208111599 0.973500192
18.700000 -0.168812141 -0.045389757 0.129050523 -0.019021336 0.095404655 0.211552799 0.972513020
18.800000 -0.176436305 -0.042830031 0.128240764 -0.020603925 0.097023010 0.214837372 0.971600175
18.900000 -0.178018779 -0.045685016 0.126180559 -0.026770223 0.094325170 0.218636230 0.970867813
19.000000 -0.182012901 -0.046790928 0.124730855 -0.029934676 0.093498945 0.221549034 0.970194757
19.100000 -0.183662504 -0.051054846 0.122895747 -0.035348456 0.090183116 0.223503485 0.969878197
19.200000 -0.182752103 -0.053040944 0.120856807 -0.035223726 0.085041210 0.224689364 0.970073164
19.300000 -0.181622431 -0.052847788 0.119730905 -0.033323888 0.077419855 0.222182512 0.971355081
19.400000 -0.183512077 -0.054345563 0.117573939 -0.033245038 0.072393231 0.219936252 0.972256184
19.500000 -0.182813868 -0.056110356 0.114652500 -0.031917181 0.065085210 0.219124526 0.973000348
19.600000 -0.179384857 -0.056771990 0.109995291 -0.030648883 0.058283839 0.218585327 0.973593414
19.700000 -0.179031238 -0.057149254 0.107958190 -0.027708530 0.055154346 0.218523845 0.973877609
19.800000 -0.178155586 -0.060750738 0.105223253 -0.026178559 0.051904373 0.218311727 0.974146128
19.900000 -0.177447036 -0.066042133 0.103591025 -0.024933707 0.051099233 0.217390507 0.974427283
20.000000 -0.174676150 -0.064298697 0.101137213 -0.020044059 0.048240107 0.217955738 0.974559605
20.100000 -0.173914462 -0.066572502 0.097326830 -0.017368788 0.047823004 0.219034538 0.974389672
20.200000 -0.171445712 -0.068673447 0.094267219 -0.014719011 0.046555813 0.220329896 0.974202573
20.300000 -0.171213195 -0.068020187 0.092368200 -0.009452076 0.048093140 0.222099259 0.973791361
20.400000 -0.166963369 -0.064138852 0.090306088 -0.003981109 0.047724795 0.225270763 0.973118484
20.500000 -0.164011717 -0.066647545 0.087818742 -0.002123372 0.049679924 0.228204533 0.972342610
20.600000 -0.163685337 -0.065677769 0.084951334 0.000699446 0.050660983 0.229808763 0.971916080
20.700000 -0.163325682 -0.073569946 0.081902333 -0.001670427 0.054207161 0.232721522 0.971030116
20.800000 -0.161727518 -0.070203900 0.079470247 0.001674186 0.055516597 0.235916540 0.970184743
20.900000 -0.158380836 -0.073230065 0.079258919 0.000099097 0.057332691 0.238548532 0.969436705
21.000000 -0.157785907 -0.074606374 0.077892959 0.000675024 0.060137659 0.241541192 0.968525112
21.100000 -0.162039280 -0.075065091 0.077504709 0.002339286 0.064649269 0.246998847 0.966853976
21.200000 -0.158663899 -0.075065151 0.075887971 0.002300883 0.063002653 0.253055394 0.965395451
21.300000 -0.158114836 -0.067608029 0.075552084 0.004867203 0.063683495 0.256674826 0.964385152
21.400000 -0.159899816 -0.063580737 0.075628117 0.003021402 0.066069432 0.260367841 0.963241518
21.500000 -0.161827743 -0.067641065 0.076937705 -0.003430696 0.069619000 0.265386194 0.961619258
21.600000 -0.160251260 -0.068930358 0.076682322 -0.006452171 0.070114791 0.270666361 0.960094810
21.700000 -0.161789671 -0.068979293 0.077245720 -0.007741261 0.072179928 0.274795145 0.958758414
21.800000 -0.164833695 -0.068941258 0.077205084 -0.008964260 0.073311947 0.277429193 0.957902968
21.900000 -0.168022618 -0.068711363 0.076911405 -0.010224416 0.074007303 0.278924018 0.957402647
22.000000 -0.173562825 -0.068654478 0.077722214 -0.010638474 0.075365834 0.281482756 0.956542909
22.100000 -0.175372466 -0.068161070 0.076430276 -0.010888965 0.073032752 0.283546090 0.956111491
22.200000 -0.179317310 -0.065945491 0.075437874 -0.010933230 0.072370894 0.284989148 0.955732226
22.300000 -0.181278199 -0.067170322 0.075715080 -0.013819051 0.071870968 0.286687881 0.955224395
22.400000 -0.181475118 -0.066570349 0.074265972 -0.015758308 0.070832051 0.287375718 0.955065310
22.500000 -0.182305962 -0.069182552 0.074373305 -0.018442340 0.072483592 0.288259566 0.954626858
22.600000 -0.184443071 -0.071288973 0.072998732 -0.018024258 0.075301416 0.290313929 0.953793824
22.700000 -0.185556993 -0.067587875 0.071697459 -0.013914964 0.076855853 0.292697042 0.953009963
22.800000 -0.187647283 -0.068394005 0.069480360 -0.013930405 0.078236423 0.294782728 0.952254236
22.900000 -0.192236036 -0.064383753 0.067992717 -0.011005744 0.079830080 0.297196239 0.951409698
23.000000 -0.192812696 -0.063485235 0.067120627 -0.011805602 0.079341017 0.299763620 0.950635254
23.100000 -0.197732806 -0.061624698 0.067566440 -0.010449531 0.080995582 0.302357435 0.949689686
23.200000 -0.203112051 -0.061606772 0.066732727 -0.009938293 0.080935240 0.305546403 0.948679149
23.300000 -0.205419227 -0.061257780 0.067190230 -0.010050140 0.079271741 0.308367878 0.947905183
23.400000 -0.203778535 -0.062132075 0.067091286 -0.011524310 0.076319084 0.310508966 0.947431684
23.500000 -0.207811385 -0.062199041 0.067819133 -0.010615099 0.077677235 0.311584085 0.946978867
23.600000 -0.214082405 -0.062796012 0.069130197 -0.009901350 0.080021523 0.311560899 0.946798980
23.700000 -0.217559919 -0.065049700 0.070619315 -0.010658547 0.081850231 0.311352849 0.946702838
23.800000 -0.218762845 -0.070541359 0.072655782 -0.013643679 0.081174321 0.310512781 0.946998596
23.900000 -0.218362898 -0.071637385 0.071290970 -0.012917537 0.076318234 0.307301998 0.948458850
24.000000 -0.216497242 -0.077868700 0.069165528 -0.012613722 0.073747084 0.302800953 0.950112581
24.100000 -0.216630325 -0.083220921 0.069302782 -0.009098936 0.073459581 0.296871066 0.952044368
24.200000 -0.216659576 -0.085920759 0.067929387 -0.001390688 0.073485516 0.290764570 0.953967452
24.300000 -0.213503525 -0.084728517 0.064511679 0.008091535 0.071858071 0.286311030 0.955404103
24.400000 -0.214233413 -0.082604013 0.064911835 0.015258274 0.074381031 0.282739311 0.956186771
24.500000 -0.212976083 -0.078337006 0.061296090 0.021575943 0.074746013 0.280569792 0.956675529
24.600000 -0.214150190 -0.076456584 0.061654143 0.024475712 0.077276878 0.279455483 0.956730843
24.700000 -0.215720370 -0.073545411 0.061130300 0.027341980 0.079087861 0.278593898 0.956756473
24.800000 -0.215336353 -0.076539189 0.059936382 0.025843358 0.079480402 0.278087854 0.956912816
24.900000 -0.213722348 -0.074743025 0.058627553 0.028543515 0.078219101 0.277573138 0.957089424
25.000000 -0.211144552 -0.075732894 0.057420820 0.027696239 0.077824563 0.275373757 0.957781613
25.100000 -0.209938899 -0.077158503 0.057161987 0.027850619 0.078961700 0.271747589 0.958719254
25.200000 -0.209827885 -0.072425969 0.057461575 0.030118804 0.080017231 0.269190341 0.959284425
25.300000 -0.208134696 -0.076139301 0.058606278 0.027196553 0.080595665 0.266092718 0.960187137
25.400000 -0.203381538 -0.076863766 0.058488715 0.027405152 0.079255506 0.264001966 0.960869670
25.500000 -0.202738345 -0.081539437 0.058897827 0.026331015 0.081066690 0.260764956 0.961632252
25.600000 -0.198768318 -0.085641608 0.058900654 0.027141167 0.079187527 0.255026817 0.963303685
25.700000 -0.195452645 -0.085733287 0.058569513 0.029050440 0.077079281 0.248488322 0.965126097
25.800000 -0.196595177 -0.085035332 0.061084837 0.032372441 0.079984821 0.239798993 0.966980278
25.900000 -0.192083359 -0.081105351 0.060798991 0.033365369 0.078850269 0.233665511 0.968540072
26.000000 -0.189714596 -0.080086678 0.063075535 0.030597258 0.080312222 0.227043360 0.970085084
26.100000 -0.188259259 -0.077507481 0.065581694 0.028179478 0.083505981 0.221324995 0.971209466
26.200000 -0.184143245 -0.076772295 0.065891445 0.025107931 0.084253147 0.216234937 0.972375154
26.300000 -0.181496933 -0.077358223 0.067123070 0.023335399 0.085286841 0.212610275 0.973128200
26.400000 -0.178612888 -0.079746574 0.066278696 0.021570276 0.085817307 0.206510216 0.974435031
26.500000 -0.170721725 -0.073604025 0.061632648 0.023921113 0.080407731 0.198683009 0.976466835
26.600000 -0.170074075 -0.070723258 0.063292459 0.023048760 0.083320215 0.191071063 0.977761924
26.700000 -0.172884554 -0.067839779 0.064842395 0.023505883 0.085692190 0.186218590 0.978481948
26.800000 -0.167785674 -0.065634832 0.063449785 0.022495287 0.081871584 0.182015896 0.979623020
26.900000 -0.164089739 -0.061734229 0.063095003 0.023730533 0.079451822 0.176406935 0.980818450
27.000000 -0.160354942 -0.064978369 0.063347384 0.019570002 0.078280516 0.170826107 0.981991649
27.100000 -0.152357236 -0.066693053 0.064094007 0.017914224 0.075270921 0.163984969 0.983423769
27.200000 -0.144178569 -0.057694737 0.063757174 0.022603272 0.071326017 0.159435451 0.984368861
27.300000 -0.136342868 -0.059232894 0.064900637 0.018387390 0.069039658 0.153645575 0.985539675
27.400000 -0.132048458 -0.060112886 0.067622207 0.016746534 0.068198554 0.148579746 0.986403823
27.500000 -0.123396263 -0.050008535 0.065806530 0.021497576 0.060665004 0.142291769 0.987730026
27.600000 -0.119614929 -0.042808015 0.069152817 0.022245103 0.056424644 0.136628956 0.988763869
27.700000 -0.103845045 -0.051683616 0.066344924 0.012621300 0.047670692 0.131324902 0.990112126
27.800000 -0.095735379 -0.044236444 0.069764420 0.015309251 0.045791745 0.129659444 0.990382314
27.900000 -0.080775537 -0.052052792 0.068732850 0.008180552 0.041536834 0.126202062 0.991100788
28.000000 -0.076416537 -0.045970656 0.073312573 0.009709559 0.045458119 0.124911070 0.991078436
28.100000 -0.072334155 -0.046304487 0.078414157 0.007952091 0.048402216 0.123993985 0.991069853
28.200000 -0.071122885 -0.039957970 0.079869092 0.009092250 0.049815804 0.124469355 0.990930438
28.300000 -0.066189520 -0.037146859 0.080624074 0.006229978 0.048262864 0.126832291 0.990729749
28.400000 -0.055242963 -0.035148017 0.079133309 0.002543845 0.044734109 0.128633142 0.990679502
28.500000 -0.049506512 -0.031711690 0.078198038 0.001242318 0.044939220 0.130506128 0.990427732
28.600000 -0.040758684 -0.019856771 0.080523610 0.003692837 0.043359037 0.131055132 0.990419567
28.700000 -0.032299343 -0.019340746 0.080310360 0.001382824 0.045044206 0.130826294 0.990380466
28.800000 -0.030292923 -0.018734157 0.078182459 0.001118054 0.048742868 0.129979149 0.990317225
28.900000 -0.029231196 -0.018924357 0.075452566 0.003416622 0.048130497 0.128172293 0.990577400
29.000000 -0.023234889 -0.008739877 0.066029578 0.010841693 0.042676512 0.122993059 0.991430223
29.100000 -0.022017080 -0.001034998 0.063657925 0.015869638 0.038618799 0.116718151 0.992287040
29.200000 -0.015036805 -0.005007074 0.057655990 0.013428416 0.030870892 0.106921017 0.993697405
29.300000 -0.017486298 -0.006429757 0.055058695 0.015555734 0.028052142 0.094659068 0.994992852
29.400000 -0.009894546 -0.005269962 0.049786258 0.020481048 0.018325651 0.085269570 0.995978773
29.500000 0.001535607 -0.001701362 0.043062519 0.025993824 0.007650960 0.075303465 0.996792436
29.600000 0.010713995 0.000163462 0.036476918 0.028382404 0.001889485 0.066598676 0.997374296
29.700000 0.021095656 0.007117983 0.032197896 0.030635983 -0.002475201 0.058410149 0.997819424
29.800000 0.040984683 0.019698668 0.030515883 0.034473043 -0.009893551 0.049348444 0.998137474
29.900000 0.041567266 0.019921726 0.029349193 0.029777352 -0.001332667 0.046042301 0.998494685
30.000000 0.042587675 0.015401293 0.028400498 0.025946913 0.003016951 0.046128396 0.998593926
30.100000 0.051073726 0.018859008 0.026332395 0.025862725 0.002978501 0.044475455 0.998671174
30.200000 0.046701051 0.022040499 0.026389144 0.027253240 0.006634522 0.045056567 0.998590589
30.300000 0.054314803 0.022812033 0.024176041 0.027560463 0.002719998 0.042757861 0.998701572
30.400000 0.058425203 0.029648295 0.023650622 0.030891495 0.001288807 0.042091928 0.998635232
30.500000 0.061229572 0.027215090 0.024942886 0.027452365 -0.000643821 0.037313435 0.998926282
30.600000 0.065085299 0.027500875 0.024056176 0.028076818 -0.004068222 0.035784081 0.998956740
30.700000 0.063642196 0.027283203 0.029736396 0.027396636 -0.005768205 0.033755220 0.999037921
30.800000 0.065733768 0.015817916 0.030286601 0.023358919 -0.011103137 0.029145328 0.999240518
30.900000 0.069827832 0.018584672 0.033079565 0.027739761 -0.016716253 0.022189720 0.999229074
31.000000 0.073909186 0.015758691 0.037448633 0.027036130 -0.023065852 0.016084410 0.999238849
31.100000 0.079999037 0.009667052 0.041026533 0.026592769 -0.030377626 0.009294221 0.999141455
31.200000 0.083242245 0.009190060 0.043321062 0.027621796 -0.033555653 0.001607696 0.999053776
31.300000 0.088204220 -0.001738871 0.046466921 0.020751255 -0.036849421 -0.004359944 0.999095798
31.400000 0.102388285 -0.002068723 0.050230037 0.021463165 -0.045512795 -0.006539163 0.998711705
31.500000 0.099707134 0.001707546 0.050661623 0.024360346 -0.043922268 -0.011048456 0.998676777
31.600000 0.106050439 -0.001068169 0.050501734 0.021525424 -0.046773404 -0.013982809 0.998575687
31.700000 0.110570826 -0.001995795 0.049628604 0.019841891 -0.049456388 -0.015950827 0.998451769
31.800000 0.116839647 -0.000451109 0.048205450 0.020095626 -0.053077947 -0.016758099 0.998247504
31.900000 0.125186294 -0.000641318 0.047281377 0.020448610 -0.058580309 -0.016363090 0.997939110
32.000000 0.134030655 0.005991637 0.044679292 0.024145469 -0.062690236 -0.020038007 0.997539699
32.100000 0.139263585 0.000520922 0.042097688 0.020941392 -0.064434163 -0.030052686 0.997249484
32.200000 0.145742476 0.000989015 0.040642291 0.022835258 -0.067234941 -0.034911908 0.996864676
32.300000 0.153168902 0.002220750 0.040528864 0.023425739 -0.071898289 -0.038311347 0.996400535
32.400000 0.160172269 0.005559694 0.041421399 0.024669025 -0.077147767 -0.041561440 0.995847523
32.500000 0.168929771 -0.002837229 0.041795325 0.019986300 -0.085969679 -0.047172014 0.994979680
32.600000 0.177565143 -0.006864024 0.040629193 0.020438669 -0.094396330 -0.053813159 0.993869066
32.700000 0.186980322 -0.006934833 0.042840593 0.020902567 -0.102115802 -0.059115868 0.992794394
32.800000 0.196780533 -0.003552123 0.045435004 0.024173509 -0.109540060 -0.062389798 0.991727829
32.900000 0.202708691 -0.007862182 0.050860200 0.021217413 -0.114032693 -0.067950368 0.990923405
33.000000 0.211934090 -0.012332968 0.056201883 0.021018354 -0.119312786 -0.071550734 0.990052104
33.100000 0.219214842 -0.016637597 0.061312303 0.023012323 -0.124193594 -0.074700952 0.989174485
33.200000 0.228182599 0.004069721 0.065582462 0.039874755 -0.130418107 -0.078827761 0.987515688
33.300000 0.232137576 0.020785417 0.070300743 0.048136860 -0.134560749 -0.091304839 0.985514939
33.400000 0.226201922 0.028275998 0.073260337 0.045911580 -0.134497255 -0.101153769 0.984667718
33.500000 0.223333299 0.022965593 0.075782746 0.039253678 -0.139151484 -0.107712217 0.983612776
33.600000 0.233586252 0.013566899 0.078184716 0.033567701 -0.148230389 -0.114558734 0.981721520
33.700000 0.241058305 0.012536961 0.079667598 0.033382885 -0.152816445 -0.115153641 0.980954766
33.800000 0.237995490 0.010849056 0.080387548 0.032786205 -0.152450323 -0.117067397 0.980805337
33.900000 0.237112045 0.003122820 0.081795909 0.031185718 -0.155331522 -0.119941629 0.980057955
34.000000 0.240896493 0.002743817 0.085043207 0.035117891 -0.159453422 -0.120705083 0.979168832
34.100000 0.244738609 0.006829848 0.091537625 0.043528650 -0.162844539 -0.120446034 0.978304505
34.200000 0.247510985 0.006726926 0.097375028 0.046639588 -0.162306309 -0.125866994 0.977567852
34.300000 0.240760744 0.010419075 0.100310951 0.052629266 -0.158321530 -0.126814291 0.977794766
34.400000 0.248230219 0.028784720 0.105451837 0.061725490 -0.162277207 -0.128980726 0.976329863
34.500000 0.253498375 0.032793254 0.111443743 0.056664821 -0.164322317 -0.133261919 0.975719512
34.600000 0.248720661 0.036863502 0.114839733 0.050038945 -0.158522040 -0.138566807 0.976302266
34.700000 0.239304885 0.030803021 0.113125637 0.040702652 -0.151668653 -0.142052591 0.977323413
34.800000 0.242459238 0.031526696 0.112715833 0.040091727 -0.154279232 -0.139896005 0.977251053
34.900000 0.244544819 0.030422430 0.108466938 0.039040573 -0.156115204 -0.139749303 0.977023005
35.000000 0.251029462 0.043251142 0.107972547 0.046824634 -0.156778306 -0.139046937 0.976674974
35.100000 0.252224594 0.047022071 0.106384367 0.046916194 -0.155150890 -0.142502591 0.976432323
35.200000 0.253520906 0.048341285 0.105823644 0.048311584 -0.152851105 -0.148599058 0.975818038
35.300000 0.250819325 0.048093978 0.103618652 0.049665522 -0.151649252 -0.149428934 0.975810885
35.400000 0.248015881 0.049162660 0.102119401 0.053354528 -0.154195160 -0.150977820 0.974978387
35.500000 0.243476048 0.054780435 0.101542778 0.060115494 -0.154476538 -0.151889428 0.974398613
35.600000 0.250267237 0.049941231 0.101910867 0.061637074 -0.162044749 -0.153614566 0.972802579
35.700000 0.248576239 0.052521385 0.099963807 0.069263645 -0.162837222 -0.155633017 0.971835852
35.800000 0.252040654 0.067112304 0.099457584 0.082640618 -0.164425790 -0.156358659 0.970405400
35.900000 0.255490243 0.075321428 0.097467773 0.084722161 -0.165440917 -0.156826705 0.969977796
36.000000 0.253725946 0.079573914 0.096977763 0.083809167 -0.162330195 -0.157212332 0.970520079
36.100000 0.255337417 0.079120874 0.095643513 0.082770012 -0.161548346 -0.156130478 0.970914304
36.200000 0.249734193 0.083321750 0.095626734 0.086582832 -0.156423882 -0.155253261 0.971561313
36.300000 0.256482691 0.094783194 0.098532699 0.096166626 -0.160683960 -0.157617107 0.969582140
36.400000 0.263236374 0.114925161 0.103968911 0.104676649 -0.163305134 -0.157996759 0.968199968
36.500000 0.258501172 0.117694572 0.104033917 0.098411925 -0.162578493 -0.161743268 0.968360662
36.600000 0.261325032 0.107772894 0.105358750 0.088758662 -0.166470245 -0.164381936 0.968188047
36.700000 0.257714450 0.103069074 0.104300261 0.086616121 -0.165275440 -0.168213591 0.967928648
36.800000 0.260470569 0.099156097 0.106004566 0.086946189 -0.168428093 -0.172236219 0.966647267
36.900000 0.265211523 0.098751746 0.110921420 0.090447165 -0.171386316 -0.176099971 0.965108693
37.000000 0.262155831 0.100073352 0.115847915 0.092762902 -0.170842275 -0.177652732 0.964700699
37.100000 0.264391840 0.094530426 0.123155527 0.088550046 -0.176798314 -0.180597752 0.963475823
37.200000 0.262482941 0.074847363 0.129608467 0.078372367 -0.181749195 -0.188497216 0.961921930
37.300000 0.271314234 0.060882092 0.137829900 0.079672828 -0.192312866 -0.199587300 0.957513869
37.400000 0.276658565 0.039696857 0.140941188 0.081051968 -0.198200285 -0.210193560 0.953921318
37.500000 0.282592624 0.033579405 0.150810495 0.088325225 -0.202623948 -0.216759905 0.950871885
37.600000 0.288668692 0.027223537 0.160514340 0.093523525 -0.206078351 -0.224503130 0.947830915
37.700000 0.292803198 0.026135864 0.168263346 0.097277336 -0.207988173 -0.232874334 0.945011973
37.800000 0.293494970 0.023898184 0.173354626 0.097725518 -0.209951833 -0.241814300 0.942282259
37.900000 0.297855884 0.020934463 0.178585932 0.098160736 -0.215809718 -0.252297580 0.938155949
38.000000 0.301529437 0.016552774 0.183659986 0.097302847 -0.220291838 -0.261436820 0.934694827
38.100000 0.303289473 0.012138242 0.186671421 0.096376225 -0.222900644 -0.268975019 0.932029724
38.200000 0.306139439 0.011367840 0.190571010 0.098067537 -0.225489870 -0.274793804 0.929529667
38.300000 0.307363033 0.008164505 0.194480017 0.098610893 -0.227874443 -0.282496929 0.926576853
38.400000 0.308622122 0.004752650 0.197091118 0.100494206 -0.229574636 -0.288392305 0.924135447
38.500000 0.308459282 0.003073182 0.200900152 0.102171198 -0.230685234 -0.297138184 0.920898676
38.600000 0.311744124 0.002149189 0.204973221 0.104876615 -0.235094503 -0.303954810 0.917247474
38.700000 0.313325107 0.000807186 0.207882226 0.106029533 -0.237490207 -0.311454296 0.913976133
38.800000 0.315133959 -0.002075463 0.210841894 0.106200606 -0.239770472 -0.321152657 0.909995914
38.900000 0.315865666 -0.003087151 0.213208914 0.107581973 -0.239685684 -0.330685586 0.906434715
39.000000 0.321968585 0.001043888 0.218420237 0.112266175 -0.242430493 -0.338461280 0.902256966
39.100000 0.322753727 -0.000076913 0.222355396 0.110769659 -0.241258025 -0.347905159 0.899158835
39.200000 0.316884786 -0.000312554 0.222604275 0.110037178 -0.237805977 -0.355643392 0.897138715
39.300000 0.317151546 0.000121579 0.222403973 0.112010732 -0.239389166 -0.358907551 0.895171404
39.400000 0.316878647 -0.002929671 0.221462741 0.111236379 -0.242076069 -0.363375157 0.892739713
39.500000 0.316789478 -0.002946948 0.221027538 0.113486677 -0.243701965 -0.366661102 0.890668154
39.600000 0.317933351 -0.003129127 0.221629024 0.115129188 -0.246316999 -0.369459271 0.888579249
39.700000 0.317578524 -0.003426578 0.223351672 0.115663968 -0.247146025 -0.373086184 0.886762321
39.800000 0.317913234 -0.003636918 0.224826187 0.116336159 -0.248231202 -0.376343697 0.884993017
39.900000 0.320882678 -0.006579068 0.227627844 0.116137102 -0.250961870 -0.379035056 0.883098364
40.000000 0.326242447 -0.006964955 0.232107297 0.117243171 -0.254151016 -0.379997343 0.881625414
40.100000 0.328938186 -0.010771104 0.235320210 0.115592301 -0.254739583 -0.382329404 0.880664706
40.200000 0.331057042 -0.009835416 0.239737973 0.117019080 -0.253684789 -0.383590728 0.880232215
40.300000 0.336282730 -0.012781548 0.244518906 0.115134649 -0.254857451 -0.384185195 0.879882634
40.400000 0.335898221 -0.014699676 0.247750357 0.113682538 -0.253551900 -0.385639906 0.879812241
40.500000 0.338719279 -0.012601502 0.250884563 0.117041364 -0.253584146 -0.389765441 0.877541602
40.600000 0.340691715 -0.010417429 0.253296107 0.117819577 -0.254902959 -0.394644260 0.874870837
40.700000 0.343192607 -0.009248597 0.257825792 0.116143398 -0.257925123 -0.396462679 0.873385787
40.800000 0.346378028 -0.013920587 0.261846751 0.113910593 -0.262059957 -0.400530547 0.870588481
40.900000 0.349774688 -0.015719537 0.265453875 0.114579350 -0.264198691 -0.404062539 0.868218899
41.000000 0.351429105 -0.014848345 0.268437088 0.116411924 -0.264268070 -0.407849222 0.866181076
41.100000 0.357785761 -0.018738661 0.272021830 0.113857493 -0.265321583 -0.409163415 0.865578532
41.200000 0.359105736 -0.019394264 0.273959965 0.111702189 -0.263068080 -0.408261031 0.866972148
41.300000 0.355331391 -0.016801281 0.273349673 0.110268302 -0.257668018 -0.409263045 0.868304014
41.400000 0.359682173 -0.017275713 0.276042044 0.109738007 -0.258625299 -0.409577936 0.867938042
41.500000 0.365292042 -0.020062415 0.279009879 0.105906412 -0.259896189 -0.408509970 0.868537486
41.600000 0.364644557 -0.017448982 0.281688362 0.106780000 -0.256212562 -0.407064050 0.870202243
41.700000 0.366238445 -0.016514460 0.283430934 0.108172566 -0.254725695 -0.405486465 0.871202767
41.800000 0.370105505 -0.012157665 0.287247926 0.111763559 -0.254683346 -0.404194534 0.871362209
41.900000 0.370015115 -0.006506564 0.289517879 0.112913832 -0.253276706 -0.403824300 0.871795475
42.000000 0.371623397 -0.009922963 0.290751159 0.112524956 -0.260076463 -0.404416889 0.869566202
42.100000 0.381151199 -0.005014683 0.294525832 0.117941432 -0.266923428 -0.401340783 0.868197739
42.200000 0.377556354 -0.003063803 0.293864965 0.115799390 -0.266520977 -0.402745426 0.867959201
42.300000 0.381914198 -0.006565514 0.293609589 0.117526375 -0.275040269 -0.402182102 0.865326524
42.400000 0.386028290 -0.003123962 0.296145290 0.121104978 -0.278676271 -0.399415016 0.864951313
42.500000 0.386958241 -0.002256033 0.295088619 0.122037143 -0.279846430 -0.395827323 0.866091073
42.600000 0.391257524 0.001016661 0.296707243 0.124157712 -0.281939745 -0.389820158 0.867833614
42.700000 0.398288190 -0.000735249 0.297010571 0.122267261 -0.284185827 -0.383311152 0.870265365
42.800000 0.392222434 0.005848745 0.292666286 0.123569295 -0.276498437 -0.377946734 0.874891758
42.900000 0.391658098 0.012733041 0.290265709 0.127104729 -0.276533037 -0.377018094 0.874774933
43.000000 0.390155464 0.018775864 0.283445090 0.129887760 -0.277398318 -0.373337418 0.875670314
43.100000 0.388756365 0.030827098 0.279114485 0.135447711 -0.277913362 -0.369128585 0.876448631
43.200000 0.382185787 0.035029683 0.268787742 0.133026093 -0.276725620 -0.366379440 0.878346801
43.300000 0.384156704 0.038763445 0.263841569 0.135166645 -0.281443775 -0.363568127 0.877688825
43.400000 0.384907693 0.042928014 0.258979976 0.136022866 -0.280677140 -0.361940295 0.878474474
43.500000 0.384856850 0.051509708 0.255117178 0.138265893 -0.277968258 -0.357468694 0.880813479
43.600000 0.385346591 0.059090856 0.252700448 0.138943285 -0.274436086 -0.353321135 0.883483887
43.700000 0.380745858 0.065900579 0.249223903 0.138443008 -0.269090682 -0.348949105 0.886937618
43.800000 0.384407938 0.075933062 0.250902861 0.142047033 -0.271308839 -0.344048887 0.887606084
43.900000 0.380355716 0.078883231 0.249645263 0.139262572 -0.271502078 -0.342216671 0.888695896
44.000000 0.378963292 0.077245981 0.250390530 0.138694078 -0.275101900 -0.341230154 0.888056874
44.100000 0.378931254 0.078544103 0.253616542 0.141328305 -0.277796894 -0.342212439 0.886423111
44.200000 0.379134506 0.074930608 0.256655395 0.139816478 -0.280334949 -0.346582830 0.884162903
44.300000 0.380359411 0.065468974 0.259323925 0.137810230 -0.283975929 -0.353290439 0.880654275
44.400000 0.401311636 0.041352674 0.267365843 0.133212462 -0.297063619 -0.358578801 0.874887943
44.500000 0.393764764 0.052976299 0.269235730 0.145102829 -0.285795778 -0.354314893 0.878479898
44.600000 0.396928728 0.054411191 0.270019710 0.149880469 -0.288413048 -0.357972801 0.875333846
44.700000 0.402407318 0.045427293 0.274805307 0.150773436 -0.296459168 -0.363909125 0.870028496
44.800000 0.412685186 0.043263193 0.283650607 0.153802902 -0.305273563 -0.365596414 0.865732074
44.900000 0.416851699 0.039011877 0.290172189 0.153172448 -0.308646351 -0.372032821 0.861897469
45.000000 0.419836044 0.033678923 0.297330350 0.152166128 -0.311973631 -0.377690017 0.858410239
45.100000 0.423905224 0.028184386 0.302427232 0.152425408 -0.317309946 -0.383570910 0.853788197
45.200000 0.427470654 0.026981710 0.309885472 0.154042393 -0.322197974 -0.386963040 0.850128829
45.300000 0.436044961 0.019537162 0.318635464 0.152410179 -0.329273343 -0.393572658 0.844660163
45.400000 0.436939061 0.013084289 0.323561907 0.149743184 -0.330064654 -0.400351614 0.841637015
45.500000 0.437468380 0.008736209 0.327099264 0.149930596 -0.330491990 -0.406621426 0.838424027
45.600000 0.437846094 0.006597017 0.329047233 0.151559338 -0.331663013 -0.412894517 0.834594190
45.700000 0.441292733 0.001137378 0.330231994 0.151584178 -0.334853739 -0.419154674 0.830183446
45.800000 0.442556798 0.000639856 0.332088590 0.154584154 -0.336434603 -0.423967719 0.826539099
45.900000 0.440491974 0.001586904 0.332427889 0.155882522 -0.336209416 -0.427165151 0.824738622
46.000000 0.447827488 -0.003832001 0.338321716 0.155810967 -0.344869167 -0.427519411 0.820984423
46.100000 0.455472499 -0.008023601 0.345186323 0.155996263 -0.348991543 -0.428601265 0.818639755
46.200000 0.458822012 -0.013276337 0.350790650 0.154880032 -0.348202646 -0.431094974 0.817877889
46.300000 0.460751981 -0.018686157 0.354561597 0.153427094 -0.346682727 -0.432501853 0.818054616
46.400000 0.464204669 -0.018382048 0.359270364 0.155167207 -0.345993221 -0.432176858 0.818190038
46.500000 0.465358555 -0.021592746 0.362186670 0.152950495 -0.345139354 -0.433991343 0.818007648
46.600000 0.463906080 -0.026208946 0.360673100 0.151256472 -0.342981398 -0.436982155 0.817637980
46.700000 0.465093613 -0.028322099 0.361621946 0.152526632 -0.344349831 -0.438723415 0.815892458
46.800000 0.467308402 -0.035421077 0.361477733 0.151226386 -0.346380711 -0.443300158 0.812795162
46.900000 0.474681377 -0.041776571 0.367119163 0.151961714 -0.348682851 -0.447958678 0.809111178
47.000000 0.472223699 -0.055383034 0.362228036 0.145722270 -0.342386395 -0.458074987 0.807281733
47.100000 0.469589502 -0.060356405 0.357094109 0.151379243 -0.337592006 -0.459463060 0.807471156
47.200000 0.478199154 -0.066146910 0.359707624 0.154814109 -0.341500580 -0.458658993 0.805631340
47.300000 0.474439323 -0.070057310 0.355514377 0.155312851 -0.336360961 -0.460160315 0.806840539
47.400000 0.477465361 -0.071620323 0.353383124 0.159012973 -0.335724860 -0.461486787 0.805626273
47.500000 0.477388948 -0.074802242 0.350967556 0.159603834 -0.336037934 -0.466057390 0.802742541
47.600000 0.480102509 -0.078426704 0.348173231 0.160993353 -0.338989526 -0.470537186 0.798599958
47.700000 0.482300401 -0.076760337 0.346427381 0.164601892 -0.339526057 -0.475000143 0.794986248
47.800000 0.483068019 -0.083209798 0.342192650 0.161535308 -0.338757783 -0.481463283 0.792049587
47.900000 0.484649241 -0.085497662 0.338900656 0.162282869 -0.340588689 -0.481968999 0.790803015
48.000000 0.490272462 -0.086480923 0.337859273 0.160811350 -0.340911418 -0.486514390 0.788176894
48.100000 0.484908193 -0.097721942 0.330435663 0.151056275 -0.334929585 -0.495109141 0.787318885
48.200000 0.482994378 -0.093884982 0.331114739 0.152717322 -0.329834342 -0.497732520 0.787495434
48.300000 0.480825603 -0.099537715 0.330671608 0.149358675 -0.328651190 -0.502142787 0.785832644
48.400000 0.479609132 -0.105711788 0.330094814 0.146816194 -0.326725900 -0.504244328 0.785768986
48.500000 0.476398349 -0.110156208 0.329173565 0.145302251 -0.322955817 -0.506454468 0.786187410
48.600000 0.473500133 -0.113388084 0.325957030 0.145908341 -0.318553090 -0.507456422 0.787224710
48.700000 0.477822393 -0.113073103 0.329376876 0.148711100 -0.318984061 -0.506220937 0.787321150
48.800000 0.474048138 -0.110922053 0.326920062 0.147548214 -0.315428615 -0.508770108 0.787329257
48.900000 0.472306848 -0.112905316 0.322106123 0.144613668 -0.315516770 -0.513968766 0.784456611
49.000000 0.472104549 -0.116839632 0.320764244 0.142820895 -0.318326503 -0.517578065 0.781270325
49.100000 0.472818434 -0.122464374 0.317466259 0.141973004 -0.320793599 -0.521645784 0.777702272
49.200000 0.474939942 -0.121704265 0.317143768 0.144331560 -0.321946502 -0.526649356 0.773407638
49.300000 0.474804074 -0.126353398 0.314261526 0.144481257 -0.322970062 -0.534250259 0.767718792
49.400000 0.473157018 -0.133418545 0.311002761 0.144802868 -0.323700875 -0.543468535 0.760849476
49.500000 0.475922704 -0.137414545 0.308256567 0.148304701 -0.323916286 -0.549287796 0.755888164
49.600000 0.479620397 -0.137394875 0.308597982 0.152001202 -0.324589938 -0.552257419 0.752694368
49.700000 0.485430539 -0.135015339 0.308956861 0.154691249 -0.325742036 -0.555900514 0.748957515
49.800000 0.487501591 -0.141251802 0.309970260 0.151721582 -0.325664997 -0.565263748 0.742563009
49.900000 0.486644298 -0.141687304 0.308586776 0.153894365 -0.322021008 -0.573861778 0.737089992
50.000000 0.494796157 -0.144699872 0.314957768 0.156573430 -0.325733811 -0.576803625 0.732584298
50.100000 0.493857622 -0.147699177 0.315003812 0.154583126 -0.321950525 -0.581710577 0.730797231
50.200000 0.490944266 -0.148387253 0.313042253 0.154904246 -0.317939937 -0.583301246 0.731217146
50.300000 0.493077070 -0.150346950 0.313898474 0.156393886 -0.319194764 -0.582036018 0.731361508
50.400000 0.492147863 -0.150513679 0.313684106 0.156327888 -0.318438172 -0.581991613 0.731740713
50.500000 0.489657253 -0.150650486 0.313582748 0.156289965 -0.317267358 -0.582093775 0.732175946
50.600000 0.489329904 -0.153268188 0.314270437 0.155110434 -0.318159729 -0.580116212 0.733607709
50.700000 0.492825747 -0.142587304 0.318776786 0.158414975 -0.317705631 -0.574259102 0.737695277
50.800000 0.485572994 -0.139674902 0.312605411 0.152507529 -0.312525213 -0.576735497 0.739219606
50.900000 0.478823990 -0.134552613 0.306908935 0.148876473 -0.311412424 -0.576740801 0.740424275
51.000000 0.471589386 -0.130806059 0.295787156 0.143099636 -0.311629921 -0.574860096 0.742930055
51.100000 0.472233862 -0.125857115 0.292745948 0.141992852 -0.314891815 -0.569705009 0.745732725
51.200000 0.471702605 -0.124372505 0.284691542 0.139101654 -0.314384520 -0.564504802 0.750431538
51.300000 0.475975633 -0.122998409 0.280846804 0.136251166 -0.313913941 -0.557315350 0.756500661
51.400000 0.476963073 -0.119300537 0.276494384 0.134570420 -0.308486670 -0.551716208 0.763109446
51.500000 0.468881249 -0.109925710 0.266348273 0.131931439 -0.295723677 -0.546043575 0.772643566
51.600000 0.464714915 -0.099945635 0.259481996 0.134357855 -0.289253891 -0.539822996 0.779019415
51.700000 0.463831306 -0.095310785 0.253309518 0.134517044 -0.288114160 -0.532157540 0.784667969
51.800000 0.461273193 -0.092565581 0.247464657 0.133774772 -0.286499470 -0.528390825 0.787924826
51.900000 0.463712156 -0.093913138 0.246676296 0.132993177 -0.286646485 -0.525059640 0.790227175
52.000000 0.459238112 -0.087773852 0.244109288 0.133943722 -0.279953063 -0.522365928 0.794241250
52.100000 0.455441087 -0.083303198 0.242788106 0.132763803 -0.276105523 -0.518483281 0.798319876
52.200000 0.450764447 -0.083394758 0.239825338 0.130518079 -0.272608161 -0.517153203 0.800751150
52.300000 0.447716475 -0.086576171 0.236832023 0.129233316 -0.270952791 -0.517210841 0.801483810
52.400000 0.443791479 -0.090870336 0.232257545 0.129838914 -0.268602908 -0.515691102 0.803154409
52.500000 0.449573427 -0.093991309 0.234602720 0.131662816 -0.271478117 -0.509046793 0.806124032
52.600000 0.454200268 -0.089238696 0.238846138 0.134565458 -0.271356702 -0.503795862 0.808979213
52.700000 0.450146526 -0.090320356 0.238355517 0.131356001 -0.269826323 -0.502356589 0.810911357
52.800000 0.446779907 -0.090307184 0.237282306 0.130893975 -0.269507170 -0.503520250 0.810370326
52.900000 0.451482087 -0.088386439 0.240804791 0.134515762 -0.273721278 -0.502576411 0.808949411
53.000000 0.449430376 -0.090785190 0.241218209 0.132582903 -0.274137586 -0.505895853 0.807056189
53.100000 0.450513303 -0.092000157 0.244141117 0.131987318 -0.277333379 -0.506549478 0.805650771
53.200000 0.454289675 -0.099126540 0.247798115 0.130053192 -0.281770587 -0.507670760 0.803717554
53.300000 0.456886768 -0.102294520 0.251304477 0.130107552 -0.282661259 -0.508304298 0.802995265
53.400000 0.458649665 -0.103189722 0.253830850 0.130444378 -0.282622904 -0.509429812 0.802240491
53.500000 0.461769164 -0.106232718 0.258530140 0.130446762 -0.285903633 -0.512013912 0.799427629
53.600000 0.461715907 -0.109915137 0.261133879 0.128748059 -0.289258748 -0.515232444 0.796422541
53.700000 0.461214393 -0.107453942 0.260625869 0.130594015 -0.290935040 -0.518184423 0.793591201
53.800000 0.468123198 -0.111721858 0.266012847 0.132453933 -0.301517069 -0.520817041 0.787586808
53.900000 0.474292666 -0.118400551 0.271470517 0.130995765 -0.312149853 -0.523760557 0.781714439
54.000000 0.477278739 -0.123902500 0.273241580 0.128228262 -0.318133146 -0.525901437 0.778316438
54.100000 0.479144990 -0.129031390 0.276309222 0.126396254 -0.321674347 -0.529543042 0.774683058
54.200000 0.481646836 -0.133327022 0.278635114 0.126723930 -0.326405972 -0.531420171 0.771357715
54.300000 0.483346879 -0.136991411 0.279311508 0.126288593 -0.329700738 -0.533522427 0.768571675
54.400000 0.483642310 -0.139905825 0.280548602 0.124830611 -0.330446362 -0.535661042 0.767000496
54.500000 0.484028041 -0.140356809 0.281851798 0.125184536 -0.331182986 -0.537262917 0.765503228
54.600000 0.485797673 -0.144741714 0.286706001 0.125776693 -0.336466908 -0.539287090 0.761669040
54.700000 0.486656547 -0.149624914 0.289245486 0.125677958 -0.340920955 -0.541740239 0.757954836
54.800000 0.487109989 -0.152324408 0.293401271 0.127334699 -0.346392453 -0.543648362 0.753820002
54.900000 0.484398782 -0.154969528 0.293486118 0.126282722 -0.349049330 -0.548245966 0.749428868
55.000000 0.486705840 -0.161304280 0.299390137 0.126174793 -0.355335832 -0.551880062 0.743804276
55.100000 0.492351353 -0.162446007 0.308434963 0.127613023 -0.360479236 -0.552860737 0.740347624
55.200000 0.492962211 -0.169664219 0.313287944 0.123635620 -0.362719983 -0.557589233 0.736371338
55.300000 0.495498657 -0.171696633 0.318296313 0.124084547 -0.364310473 -0.561030388 0.732888699
55.400000 0.496069223 -0.172430366 0.321748018 0.123117492 -0.365669727 -0.564779282 0.729487598
55.500000 0.494783580 -0.176808268 0.322141886 0.121180654 -0.367844224 -0.569337189 0.725162745
55.600000 0.496356905 -0.178334296 0.326060295 0.121724181 -0.370556355 -0.572780252 0.720967352
55.700000 0.498529792 -0.181589469 0.331252247 0.122659199 -0.374549955 -0.576239467 0.715971470
55.800000 0.504044890 -0.188189030 0.341573089 0.121744394 -0.381153882 -0.578074694 0.711146712
55.900000 0.502789736 -0.195493504 0.346300334 0.118826024 -0.381646216 -0.581961870 0.708199799
56.000000 0.503816307 -0.199767813 0.351205111 0.119480461 -0.382602662 -0.583900452 0.705974460
56.100000 0.506770551 -0.201814085 0.357766807 0.120309465 -0.384421110 -0.584032536 0.704735458
56.200000 0.504914641 -0.208575711 0.360932231 0.116897002 -0.384815335 -0.586868107 0.702736139
56.300000 0.504799485 -0.211496681 0.364930391 0.116935104 -0.386579812 -0.588156760 0.700681031
56.400000 0.503977537 -0.215163484 0.368263930 0.116874620 -0.388959199 -0.590524316 0.697375178
56.500000 0.504022837 -0.217795268 0.374646753 0.117230609 -0.392119199 -0.591702044 0.694541693
56.600000 0.504837930 -0.219158933 0.381485581 0.116513491 -0.394071937 -0.593779624 0.691778660
56.700000 0.504434943 -0.221974134 0.388279736 0.115229405 -0.395208985 -0.596944034 0.688614488
56.800000 0.502077878 -0.223806262 0.393852353 0.113094777 -0.393958479 -0.600644171 0.686464131
56.900000 0.503574729 -0.224400669 0.399186015 0.113371596 -0.393091261 -0.601952016 0.685769677
57.000000 0.503058255 -0.229130119 0.405498952 0.107389204 -0.391859680 -0.602795243 0.686695993
57.100000 0.503379226 -0.229805768 0.410290480 0.103898957 -0.389183104 -0.602628648 0.688897789
57.200000 0.500548482 -0.230898574 0.412862033 0.099641569 -0.385821700 -0.603995979 0.690218866
57.300000 0.499973387 -0.230332047 0.413482845 0.098063536 -0.383934855 -0.603585720 0.691853940
57.400000 0.498714954 -0.230700314 0.415305227 0.097165965 -0.384371102 -0.604264438 0.691145480
57.500000 0.497752219 -0.233766124 0.416138381 0.096695259 -0.385844469 -0.605183423 0.689584732
57.600000 0.497893721 -0.234674722 0.415379882 0.098503351 -0.388080984 -0.603897989 0.689200580
57.700000 0.498350978 -0.236150548 0.414721340 0.100035347 -0.390936971 -0.602595687 0.688505292
57.800000 0.500544548 -0.238921255 0.417404354 0.102334134 -0.395671129 -0.600497425 0.687295318
57.900000 0.500944316 -0.239904463 0.416900933 0.105237171 -0.396798700 -0.599535644 0.687046528
58.000000 0.504739583 -0.238305315 0.418719590 0.109543107 -0.399878144 -0.596365094 0.687347353
58.100000 0.505874932 -0.240420505 0.421028376 0.109220095 -0.402501523 -0.596408069 0.685828626
58.200000 0.505555630 -0.243007943 0.423911929 0.109456092 -0.405371308 -0.595835268 0.684597552
58.300000 0.507164478 -0.242030397 0.426151782 0.112305492 -0.408021033 -0.594155431 0.684021652
58.400000 0.505381346 -0.245910808 0.424998105 0.111171581 -0.410009801 -0.594652116 0.682584643
58.500000 0.507930696 -0.245447099 0.427601516 0.115603358 -0.413683414 -0.593344748 0.680767179
58.600000 0.509601593 -0.249645561 0.429812163 0.117287755 -0.417713761 -0.592254698 0.678964734
58.700000 0.514124274 -0.251119226 0.433560640 0.120852403 -0.420862883 -0.588708103 0.679479122
58.800000 0.516357064 -0.250588894 0.435836077 0.121185534 -0.422048420 -0.585972488 0.681047320
58.900000 0.516780853 -0.251111627 0.438484073 0.120886371 -0.422871798 -0.584747314 0.681642532
59.000000 0.516315758 -0.249746040 0.438913435 0.121999159 -0.423285007 -0.584740818 0.681193292
59.100000 0.514403939 -0.251527607 0.439340204 0.122376785 -0.425944835 -0.587355912 0.677205980
59.200000 0.515028596 -0.252517015 0.443674237 0.124571815 -0.431499988 -0.586378932 0.674128592
59.300000 0.515922785 -0.252504557 0.448692590 0.126064047 -0.435587585 -0.585441232 0.672034144
59.400000 0.517093599 -0.253317744 0.452944160 0.126690924 -0.438050002 -0.584575832 0.671068311
59.500000 0.516014695 -0.253593385 0.454241633 0.126576707 -0.438115835 -0.585951746 0.669845819
59.600000 0.517849445 -0.254877657 0.458390564 0.130987108 -0.441843957 -0.586809814 0.665785670
59.700000 0.525773525 -0.249008149 0.466380954 0.136716172 -0.443980068 -0.582491338 0.667003930
59.800000 0.523095071 -0.250000685 0.467169911 0.132341623 -0.443351418 -0.581032813 0.669571638
59.900000 0.526430011 -0.248901829 0.471945733 0.132876053 -0.447235793 -0.577634394 0.669822752
60.000000 0.527643859 -0.248792037 0.475027114 0.132645905 -0.450063497 -0.575332522 0.669955552
60.100000 0.532274783 -0.247094661 0.480750382 0.135574922 -0.454651356 -0.573805451 0.667576849
60.200000 0.529080927 -0.249426454 0.478521496 0.133477315 -0.455516517 -0.573715746 0.667486906
60.300000 0.531596780 -0.245815679 0.477893978 0.137983099 -0.459177166 -0.568496466 0.668527246
60.400000 0.531655908 -0.246727183 0.480341315 0.138396919 -0.463516802 -0.566096425 0.667482853
60.500000 0.533331037 -0.242802158 0.483617544 0.143370047 -0.466693938 -0.563556731 0.666367471
60.600000 0.537764013 -0.235158145 0.487600803 0.147400424 -0.469432443 -0.561640859 0.665181041
60.700000 0.534431040 -0.240149558 0.488575518 0.141354784 -0.472346514 -0.563674271 0.662705719
60.800000 0.536371350 -0.241706342 0.489398897 0.141656950 -0.474632978 -0.562049806 0.662387252
60.900000 0.540816188 -0.237733468 0.492248923 0.144210175 -0.475558579 -0.559947729 0.662952483
61.000000 0.543101549 -0.240558654 0.493014574 0.142030865 -0.475290686 -0.558563411 0.664780378
61.100000 0.547906399 -0.243048742 0.495923907 0.141690895 -0.476284772 -0.554797173 0.667290509
61.200000 0.555204630 -0.244351059 0.503541887 0.144288719 -0.477552563 -0.552530646 0.667708218
61.300000 0.555992246 -0.245057851 0.499100596 0.143100232 -0.471916795 -0.552935719 0.671624124
61.400000 0.558839321 -0.242966279 0.499549806 0.145692825 -0.471081287 -0.550536513 0.673621178
61.500000 0.560904324 -0.240296945 0.493625402 0.146246463 -0.468616784 -0.548455238 0.676909983
61.600000 0.564258218 -0.239764512 0.493315548 0.146970630 -0.470774263 -0.546509147 0.676830113
61.700000 0.568793654 -0.243773907 0.496036947 0.148752004 -0.475199580 -0.544623911 0.674865186
61.800000 0.575904489 -0.240938485 0.497507572 0.154369459 -0.476260483 -0.540290475 0.676337361
61.900000 0.579946876 -0.238718897 0.493756950 0.156343669 -0.473665774 -0.540691555 0.677384675
62.000000 0.583962440 -0.240332752 0.492416084 0.156244189 -0.473827273 -0.539978862 0.677863002
62.100000 0.589306772 -0.238555610 0.490644544 0.159879968 -0.472433180 -0.538505197 0.679159343
62.200000 0.594576418 -0.233731925 0.489333183 0.161654770 -0.470633715 -0.535879672 0.682059109
62.300000 0.597797155 -0.233241186 0.489384383 0.160557643 -0.469877273 -0.534103751 0.684229314
62.400000 0.598455071 -0.236388952 0.485796839 0.160064787 -0.468072116 -0.533668280 0.685919762
62.500000 0.603267312 -0.231106833 0.485272557 0.163333490 -0.466333658 -0.531166494 0.688271165
62.600000 0.603582859 -0.229288265 0.482762456 0.160449103 -0.463452935 -0.530550718 0.691363454
62.700000 0.602571130 -0.227255672 0.475698233 0.158714741 -0.459195435 -0.528765500 0.695957124
62.800000 0.603004694 -0.220808417 0.468644321 0.157522157 -0.455874413 -0.525495470 0.700870693
62.900000 0.600662231 -0.221536621 0.461097717 0.151480675 -0.454076618 -0.522159636 0.705845118
63.000000 0.599145055 -0.219007879 0.450360715 0.147889495 -0.451170951 -0.513605833 0.714690506
63.100000 0.603477716 -0.213680446 0.444257677 0.147904813 -0.449340582 -0.502072752 0.723975301
63.200000 0.604234219 -0.211250722 0.437007368 0.144486919 -0.445912510 -0.493502378 0.732626021
63.300000 0.605897188 -0.209992260 0.429589152 0.140306756 -0.442242593 -0.483576387 0.742219269
63.400000 0.605760992 -0.202168614 0.419010043 0.137961239 -0.433470845 -0.469324529 0.756838262
63.500000 0.604902565 -0.194157124 0.405848235 0.135067508 -0.424474210 -0.456804484 0.770005226
63.600000 0.602808833 -0.186584905 0.394107878 0.132024020 -0.419391245 -0.451078624 0.776665151
63.700000 0.600945830 -0.181887835 0.383837998 0.129493535 -0.417663842 -0.449324995 0.779034913
63.800000 0.599312127 -0.170816109 0.371256262 0.131144345 -0.413779348 -0.447461605 0.781898975
63.900000 0.596379638 -0.164237067 0.360221684 0.129265532 -0.412561655 -0.446097851 0.783632576
64.000000 0.593885660 -0.157863915 0.349941909 0.128094926 -0.411336333 -0.444392622 0.785435796
64.100000 0.590901673 -0.156324819 0.342426836 0.123675250 -0.410195112 -0.441916406 0.788133383
64.200000 0.585467458 -0.153903767 0.333284140 0.119967401 -0.407093763 -0.435238004 0.794009089
64.300000 0.584162712 -0.149617925 0.328166187 0.118265681 -0.404452205 -0.424995333 0.801130831
64.400000 0.581119359 -0.139115438 0.321010590 0.117977940 -0.396975100 -0.413348764 0.810946822
64.500000 0.574560046 -0.140115887 0.316251606 0.109884031 -0.390683413 -0.406228393 0.818700433
64.600000 0.563849688 -0.141308725 0.306997657 0.104542121 -0.381445497 -0.398607016 0.827455580
64.700000 0.555775762 -0.140126586 0.298730999 0.102323525 -0.373745799 -0.390435159 0.835107386
64.800000 0.544508100 -0.139420599 0.287336230 0.098346025 -0.364427626 -0.383484930 0.842887819
64.900000 0.535644472 -0.136086762 0.279990256 0.097354956 -0.358500838 -0.376440436 0.848700047
65.000000 0.525688112 -0.135067478 0.271364063 0.095069431 -0.352764815 -0.370055050 0.854153395
65.100000 0.520352542 -0.127147809 0.266959161 0.096425503 -0.347993463 -0.365289420 0.858001351
65.200000 0.516244113 -0.122642979 0.264503211 0.090712197 -0.344127119 -0.357468873 0.863460362
65.300000 0.507063687 -0.126486346 0.260711372 0.078904137 -0.337575406 -0.351711959 0.869549096
65.400000 0.500891209 -0.128501788 0.259788960 0.070148185 -0.330701202 -0.341368765 0.877030909
65.500000 0.494612426 -0.129522324 0.255490541 0.067729220 -0.320591390 -0.335464716 0.883231223
65.600000 0.485573947 -0.126399279 0.247084796 0.066128880 -0.310324937 -0.330760300 0.888776183
65.700000 0.479622960 -0.120501660 0.244049340 0.063438684 -0.303589135 -0.324289173 0.893669784
65.800000 0.476394683 -0.122807920 0.242787659 0.058346428 -0.300242335 -0.321706474 0.896077633
65.900000 0.469106644 -0.117436275 0.236477941 0.054472048 -0.292150319 -0.316883832 0.900702894
66.000000 0.458280623 -0.118278600 0.230787188 0.048491813 -0.287222505 -0.317144960 0.902535796
66.100000 0.449378878 -0.121618897 0.225438088 0.044772200 -0.285462260 -0.318249494 0.902897537
66.200000 0.443235874 -0.119704813 0.221275777 0.044838753 -0.284933925 -0.318670392 0.902912676
66.300000 0.439123869 -0.115965053 0.218954340 0.046066020 -0.283261329 -0.317524552 0.903780460
66.400000 0.435241550 -0.112751089 0.215974703 0.045390725 -0.280868053 -0.316353291 0.904971480
66.500000 0.431093067 -0.104352742 0.213086709 0.045475911 -0.274459422 -0.312697023 0.908198476
66.600000 0.415385604 -0.112061724 0.211054265 0.032366529 -0.265036017 -0.307431042 0.913342476
66.700000 0.404353619 -0.118249357 0.210066825 0.025607144 -0.259288967 -0.303425997 0.916540325
66.800000 0.405317932 -0.111837432 0.212818518 0.027587073 -0.255560160 -0.295040041 0.920260489
66.900000 0.396059662 -0.104810536 0.210595578 0.024250407 -0.246153787 -0.289890498 0.924545169
67.000000 0.387027442 -0.095162407 0.211090609 0.019552859 -0.240060985 -0.285927683 0.927487910
67.100000 0.378595084 -0.100381061 0.206477359 0.005629235 -0.235502437 -0.286000252 0.928822219
67.200000 0.370390564 -0.116233975 0.203661680 -0.010052147 -0.235162914 -0.288755178 0.928018212
67.300000 0.371876985 -0.120596729 0.203114927 -0.011518321 -0.241093755 -0.291153759 0.925727069
67.400000 0.376248181 -0.119896047 0.201102480 -0.010160266 -0.245284006 -0.292801589 0.924121082
67.500000 0.379345059 -0.130529463 0.202413455 -0.015684582 -0.250988394 -0.291988671 0.922768354
67.600000 0.382896245 -0.136924788 0.203045860 -0.018277364 -0.255064070 -0.290810227 0.921974897
67.700000 0.388443798 -0.145220906 0.208075911 -0.019687625 -0.264433980 -0.290783584 0.919310570
67.800000 0.388517231 -0.150953799 0.206547707 -0.019423107 -0.271886587 -0.288960129 0.917715907
67.900000 0.394816428 -0.157339588 0.212569267 -0.018043691 -0.279909909 -0.290860891 0.914726615
68.000000 0.392475754 -0.166295871 0.216364533 -0.022303874 -0.280265331 -0.294027120 0.913510740
68.100000 0.390566677 -0.171277404 0.219462425 -0.021955730 -0.280237496 -0.295741856 0.912974060
68.200000 0.387224138 -0.176132649 0.221247107 -0.021581411 -0.281255424 -0.296630442 0.912381530
68.300000 0.387311101 -0.181777224 0.226649880 -0.023372861 -0.286913455 -0.295387954 0.910977662
68.400000 0.385198295 -0.185070679 0.229284197 -0.024802350 -0.290346533 -0.295880407 0.909691453
68.500000 0.381299794 -0.187320858 0.231780916 -0.025779387 -0.289478511 -0.297729582 0.909337521
68.600000 0.378900290 -0.186585173 0.232272074 -0.025739405 -0.291329741 -0.299700111 0.908099294
68.700000 0.375757277 -0.186169118 0.236088648 -0.027298598 -0.292119920 -0.298859626 0.908076882
68.800000 0.367718428 -0.185621083 0.236823589 -0.032186937 -0.285565138 -0.297980100 0.910288095
68.900000 0.362864703 -0.187982172 0.238437787 -0.037125375 -0.284236491 -0.289671093 0.913193285
69.000000 0.355749875 -0.175718874 0.235052332 -0.035549875 -0.277005613 -0.281112134 0.918139458
69.100000 0.350446194 -0.167831481 0.231542185 -0.035549179 -0.273586392 -0.273893893 0.921340823
69.200000 0.341160446 -0.164298177 0.226618424 -0.042357594 -0.267385483 -0.267040789 0.924878418
69.300000 0.333718061 -0.151377439 0.218758836 -0.043420590 -0.260919929 -0.256676316 0.929598153
69.400000 0.329696625 -0.148890153 0.214693159 -0.050202511 -0.257752210 -0.246419355 0.932909966
69.500000 0.324898660 -0.142755494 0.208032340 -0.052964490 -0.255470425 -0.235826060 0.936117351
69.600000 0.318838835 -0.140101850 0.202067822 -0.055983692 -0.252031207 -0.230134875 0.938287854
69.700000 0.308914989 -0.142002448 0.194803029 -0.058582041 -0.245664760 -0.226952463 0.940590024
69.800000 0.304339826 -0.135563165 0.188866526 -0.054025095 -0.241127461 -0.219876364 0.943712473
69.900000 0.301329285 -0.122379474 0.184105933 -0.046962135 -0.236828089 -0.214481592 0.946416736
70.000000 0.291617244 -0.111896031 0.176980570 -0.044480406 -0.229512125 -0.210970238 0.949124455
70.100000 0.287656277 -0.107691966 0.171985060 -0.045693282 -0.229301646 -0.205101177 0.950403273
70.200000 0.279695630 -0.104349568 0.167328611 -0.048789904 -0.227615014 -0.200423539 0.951651931
70.300000 0.274711132 -0.092954315 0.159806222 -0.047969166 -0.224545345 -0.196968332 0.953143120
70.400000 0.267490774 -0.084320553 0.155470625 -0.049720727 -0.221159413 -0.194436863 0.954364002
70.500000 0.267966419 -0.077479847 0.155303419 -0.050800160 -0.222704947 -0.195180520 0.953795791
70.600000 0.259276658 -0.071694843 0.152052015 -0.053641051 -0.217786461 -0.193764552 0.955063820
70.700000 0.257158369 -0.070579343 0.149722740 -0.054769989 -0.215804175 -0.191262797 0.955953658
70.800000 0.258292526 -0.071244679 0.149365276 -0.055247113 -0.214630529 -0.190121323 0.956417978
70.900000 0.258087695 -0.060980301 0.148007333 -0.049339481 -0.211511105 -0.186799750 0.958088994
71.000000 0.261272818 -0.065523252 0.150637940 -0.051909074 -0.212513953 -0.185283184 0.958025813
71.100000 0.255470961 -0.060591381 0.148579761 -0.046630554 -0.206226245 -0.178951547 0.960870743
71.200000 0.257676780 -0.055955891 0.147916034 -0.035564829 -0.206859648 -0.169824570 0.962862313
71.300000 0.263446540 -0.042044092 0.147021919 -0.025262602 -0.209625840 -0.162961900 0.963774979
71.400000 0.268816322 -0.040170245 0.147446319 -0.027466606 -0.211809546 -0.158282787 0.964017034
71.500000 0.275841475 -0.040003434 0.149523437 -0.028750982 -0.211809099 -0.148929626 0.965468943
71.600000 0.272322625 -0.024698952 0.146992475 -0.021723188 -0.205184206 -0.136974692 0.968847513
71.700000 0.268847406 -0.026920352 0.145586655 -0.025408953 -0.204595029 -0.131776243 0.969603181
71.800000 0.271215320 -0.009481451 0.141484901 -0.015150259 -0.209651038 -0.118796498 0.970414519
71.900000 0.288446844 0.000432721 0.146060914 -0.012593510 -0.219723105 -0.115711801 0.968593776
72.000000 0.281573415 -0.010400292 0.141776353 -0.017667519 -0.211705491 -0.116235226 0.970236063
72.100000 0.278579473 0.004367796 0.140323669 -0.001877376 -0.208377466 -0.099534124 0.972968817
72.200000 0.279860914 -0.002806875 0.131856933 0.001213982 -0.211336926 -0.088251039 0.973420262
72.300000 0.282362580 0.020539314 0.123310238 0.024150651 -0.211108878 -0.077196762 0.974110067
72.400000 0.289640099 0.032955881 0.120836027 0.032757588 -0.212362543 -0.074042037 0.973831058
72.500000 0.292050004 0.037640572 0.116023362 0.034804724 -0.209091589 -0.068284318 0.974887967
72.600000 0.298582703 0.034570139 0.114037573 0.033746924 -0.210671544 -0.065671794 0.974764526
72.700000 0.302552849 0.037375513 0.109297276 0.038126122 -0.208209679 -0.060015373 0.975496471
72.800000 0.300377905 0.049044508 0.104212359 0.045469899 -0.202510208 -0.051571716 0.976863563
72.900000 0.295763731 0.050417267 0.098180704 0.045440011 -0.195537776 -0.041024551 0.978783548
73.000000 0.305954337 0.061799653 0.098497249 0.051344011 -0.197824076 -0.027525229 0.978504896
73.100000 0.302087545 0.075888202 0.093080357 0.056862164 -0.190453663 -0.018290456 0.979877353
73.200000 0.302877128 0.083120905 0.089320391 0.057304215 -0.186288163 -0.012570495 0.980742037
73.300000 0.315015078 0.104591928 0.092681602 0.063240714 -0.190184578 -0.008312586 0.979674101
73.400000 0.316521674 0.101863131 0.091030337 0.057029951 -0.184156746 -0.004973733 0.981228352
73.500000 0.309653044 0.099822186 0.085585475 0.055046082 -0.174818829 0.001063661 0.983060122
73.600000 0.312831730 0.097975463 0.084023178 0.054906916 -0.174388930 0.008271015 0.983110011
73.700000 0.311705321 0.093340717 0.079251111 0.054582231 -0.172305897 0.015244944 0.983411968
73.800000 0.316963315 0.107328966 0.079127759 0.064829893 -0.173885658 0.022143990 0.982380033
73.900000 0.317363799 0.114672936 0.077628680 0.067907840 -0.171816006 0.020953266 0.982562363
74.000000 0.314433098 0.111700922 0.073604420 0.063232988 -0.169956401 0.021819515 0.983178675
74.100000 0.316668659 0.106356665 0.071215630 0.059996724 -0.170270637 0.023609061 0.983285785
74.200000 0.317702532 0.116807528 0.070794106 0.065470852 -0.169145763 0.025558500 0.983081937
74.300000 0.315259993 0.114111371 0.068772614 0.062081885 -0.166605085 0.030953916 0.983580410
74.400000 0.314375073 0.116875783 0.065257147 0.063828588 -0.165921926 0.036431368 0.983396411
74.500000 0.310573876 0.128362641 0.062036823 0.067605995 -0.161194101 0.040065851 0.983788908
74.600000 0.304698050 0.137323126 0.056828272 0.067915015 -0.154924050 0.044672679 0.984576285
74.700000 0.295536488 0.146144331 0.054307610 0.064218424 -0.146200031 0.048283432 0.985986948
74.800000 0.280618221 0.151264161 0.045108736 0.056877378 -0.134956732 0.050156191 0.987945378
74.900000 0.274137318 0.161551222 0.043648191 0.054794490 -0.129070401 0.054363210 0.988626838
75.000000 0.257208407 0.157130733 0.030504361 0.049234968 -0.114830934 0.060448140 0.990321100
75.100000 0.243455485 0.151881114 0.016071033 0.048133653 -0.106101185 0.069971740 0.990721822
75.200000 0.235031068 0.161619917 0.011457641 0.055230908 -0.104941383 0.076759487 0.989972115
75.300000 0.233432502 0.166064441 0.007851016 0.057376578 -0.104437366 0.078725792 0.989748955
75.400000 0.218636408 0.162570551 -0.001339234 0.055673882 -0.095536895 0.080460541 0.990605474
75.500000 0.219601437 0.162494287 -0.005216703 0.057847913 -0.096336454 0.083042808 0.990190327
75.600000 0.214019626 0.165885121 -0.010335717 0.061692484 -0.094163783 0.086412579 0.989878833
75.700000 0.203902021 0.168646663 -0.019535944 0.062059071 -0.088868722 0.089005791 0.990115643
75.800000 0.200509161 0.173383638 -0.022507362 0.061296601 -0.088947520 0.089233369 0.990135610
75.900000 0.190977424 0.165263355 -0.032932393 0.054793674 -0.085572332 0.090310246 0.990716457
76.000000 0.184961155 0.169893026 -0.036234260 0.055799041 -0.085514516 0.090803847 0.990620196
76.100000 0.185260281 0.163344264 -0.040485919 0.052202597 -0.087028593 0.090660036 0.990697563
76.200000 0.170231506 0.159425810 -0.049601410 0.053288329 -0.083429903 0.092231922 0.990804255
76.300000 0.163416669 0.166581720 -0.056758959 0.058729194 -0.087926678 0.092608623 0.990072489
76.400000 0.160207897 0.158408105 -0.062441625 0.054465234 -0.092633799 0.090638556 0.990069270
76.500000 0.156682923 0.162592351 -0.067837052 0.057232000 -0.096755065 0.090566851 0.989525437
76.600000 0.147588879 0.163632154 -0.074650854 0.055561017 -0.095889859 0.090632394 0.989698887
76.700000 0.145882323 0.158318654 -0.079364151 0.050342627 -0.098567165 0.091136709 0.989668727
76.800000 0.147865713 0.149295166 -0.083287634 0.046361342 -0.099997208 0.090512328 0.989777088
76.900000 0.146403849 0.150064945 -0.085314341 0.050479315 -0.099214718 0.091874711 0.989528835
77.000000 0.144283384 0.150684401 -0.088805616 0.053768486 -0.097454019 0.094039276 0.989327192
77.100000 0.138510972 0.146502763 -0.094412990 0.055556674 -0.094403915 0.100637026 0.988874912
77.200000 0.136055946 0.146596640 -0.097239375 0.058947839 -0.093197092 0.104900107 0.988349855
77.300000 0.136967540 0.150101244 -0.099486113 0.063738719 -0.092954017 0.109030411 0.987628102
77.400000 0.131974161 0.148616031 -0.105617993 0.063629128 -0.089345850 0.115526959 0.987229526
77.500000 0.128038168 0.155338734 -0.110075906 0.066320203 -0.087328419 0.120586731 0.986627698
77.600000 0.116798207 0.156326711 -0.115788117 0.064979166 -0.081297822 0.124686532 0.986722648
77.700000 0.120169669 0.157949999 -0.116926990 0.062539950 -0.080990814 0.128405467 0.986428559
77.800000 0.113048866 0.155661657 -0.121213071 0.059106193 -0.075958230 0.131658256 0.986611843
77.900000 0.111650795 0.148920417 -0.125640512 0.054694176 -0.075423703 0.136709973 0.986220181
78.000000 0.104353502 0.145883471 -0.128912956 0.055081192 -0.072542943 0.141031057 0.985806167
78.100000 0.096831933 0.139660835 -0.133029521 0.054056909 -0.067924537 0.144759193 0.985651493
78.200000 0.092097752 0.141325012 -0.133233130 0.056534804 -0.067848407 0.149187207 0.984857142
78.300000 0.089491218 0.143578231 -0.133905485 0.058217816 -0.069596715 0.153259799 0.984011412
78.400000 0.083395571 0.137721270 -0.132501751 0.055341054 -0.067624725 0.155476436 0.983967125
78.500000 0.078963920 0.141850442 -0.128088206 0.057535004 -0.066611908 0.157000065 0.983668387
78.600000 0.079358183 0.136199370 -0.124969207 0.054279197 -0.066964284 0.161456093 0.983108044
78.700000 0.077439569 0.133749932 -0.119216442 0.052768413 -0.063128889 0.164731026 0.982900739
78.800000 0.077134460 0.130370215 -0.115313917 0.050538383 -0.060099896 0.167733699 0.982699990
78.900000 0.070227563 0.118689731 -0.113043912 0.045562066 -0.055284321 0.170010939 0.982834697
79.000000 0.059012096 0.111112922 -0.110703684 0.043958206 -0.051559798 0.170971856 0.982943475
79.100000 0.058606111 0.100603215 -0.109700538 0.041659169 -0.056735910 0.172882199 0.982424200
79.200000 0.068027318 0.091362797 -0.105862170 0.041184004 -0.064863436 0.170697212 0.982323289
79.300000 0.056430243 0.087532476 -0.104141459 0.043703705 -0.063255817 0.166933477 0.982965887
79.400000 0.043871086 0.084689930 -0.102065586 0.042742196 -0.063992411 0.169912115 0.982449949
79.500000 0.056776419 0.075321935 -0.097847037 0.035542566 -0.075980909 0.174755827 0.981032133
79.600000 0.066680126 0.062910743 -0.092831910 0.027614575 -0.082659245 0.175922781 0.980538666
79.700000 0.068817541 0.056294005 -0.086011358 0.027641278 -0.083956189 0.175793454 0.980450928
79.800000 0.068417989 0.053424329 -0.083634339 0.028014567 -0.085092962 0.173874974 0.980684340
79.900000 0.073508553 0.052106079 -0.077784605 0.027703218 -0.090361133 0.171491235 0.980641723
80.000000 0.081121087 0.055500079 -0.071721070 0.028299700 -0.094212115 0.165432855 0.981302798
80.100000 0.076579958 0.057575513 -0.067644298 0.027701205 -0.091034442 0.159180671 0.982652962
80.200000 0.072312295 0.053089153 -0.067612574 0.022721983 -0.090138249 0.156632587 0.983272612
80.300000 0.074406505 0.046829727 -0.064511269 0.018428527 -0.092567511 0.153792366 0.983585060
80.400000 0.073317029 0.043977570 -0.063757107 0.018411567 -0.092641234 0.152267471 0.983815610
80.500000 0.068897218 0.046836577 -0.064043969 0.019808969 -0.091921680 0.152153730 0.983873606
80.600000 0.072333030 0.043904956 -0.060731623 0.017645029 -0.094783433 0.151084438 0.983808041
80.700000 0.072298110 0.045113102 -0.058036216 0.019287493 -0.095106661 0.149843842 0.983935714
80.800000 0.073842138 0.041952822 -0.056674283 0.017553704 -0.095464684 0.148936108 0.984071314
80.900000 0.072425537 0.044680186 -0.053427197 0.018059142 -0.094627060 0.146424145 0.984519958
81.000000 0.072652012 0.044817582 -0.051358562 0.015956691 -0.094118491 0.146244124 0.984631777
81.100000 0.072594255 0.038847871 -0.050324909 0.012257915 -0.093438245 0.147561878 0.984552920
81.200000 0.070217490 0.044092745 -0.049495831 0.014812984 -0.092730746 0.148215130 0.984486580
81.300000 0.072119303 0.048849285 -0.045536116 0.014269556 -0.091942266 0.148492187 0.984526813
81.400000 0.070356101 0.043188151 -0.046189304 0.010885595 -0.086823843 0.152593330 0.984407663
81.500000 0.062953703 0.048330739 -0.048305243 0.013384656 -0.079291984 0.155476928 0.984561086
81.600000 0.054800540 0.047032587 -0.050796170 0.012510881 -0.072038807 0.161242276 0.984202623
81.700000 0.052034240 0.055835877 -0.053187530 0.015064785 -0.067444824 0.166490212 0.983618438
81.800000 0.045034491 0.058580305 -0.054547325 0.013353974 -0.057335671 0.171814114 0.983368814
81.900000 0.038657039 0.064806633 -0.057117045 0.013319742 -0.049177546 0.179441154 0.982448518
82.000000 0.033202257 0.062987357 -0.062615283 0.011776626 -0.041698519 0.186743855 0.981452644
82.100000 0.031875748 0.063210733 -0.067962974 0.011165686 -0.037839115 0.191140935 0.980769455
82.200000 0.024744801 0.064586423 -0.071465194 0.013301659 -0.031775657 0.194993183 0.980199516
82.300000 0.015080689 0.071002059 -0.076295517 0.015978452 -0.027180275 0.195333019 0.980230033
82.400000 0.010030191 0.068203501 -0.079321362 0.013756875 -0.026356107 0.197307080 0.979890823
82.500000 0.008913395 0.067728586 -0.085350186 0.013801751 -0.029450510 0.197629675 0.979737103
82.600000 0.006609583 0.068795897 -0.088978328 0.014075926 -0.032313723 0.197774187 0.979613721
82.700000 0.002624820 0.073806077 -0.090143129 0.016705271 -0.033774789 0.198777825 0.979319930
82.800000 0.001695883 0.073213100 -0.093120001 0.016155392 -0.035647959 0.197980389 0.979424298
82.900000 -0.000226067 0.074312814 -0.096447274 0.017510206 -0.036459032 0.198345527 0.979297280
83.000000 -0.004731934 0.079432622 -0.099021368 0.021379316 -0.036061592 0.198807105 0.979141593
83.100000 -0.009520840 0.083213225 -0.102445021 0.022299502 -0.036360286 0.199018121 0.979067147
83.200000 -0.013813430 0.089101806 -0.103525795 0.023792561 -0.037011184 0.200286686 0.978748858
83.300000 -0.014850276 0.089625217 -0.105411343 0.022667460 -0.037069362 0.201846704 0.978452861
83.400000 -0.018690562 0.092166625 -0.106484801 0.023336006 -0.034829210 0.203992501 0.978074372
83.500000 -0.023530943 0.091081694 -0.109034866 0.023332750 -0.030610718 0.207489744 0.977479696
83.600000 -0.027127318 0.088621147 -0.111848228 0.024326848 -0.028602477 0.211799055 0.976591647
83.700000 -0.031747159 0.089267753 -0.115231477 0.028950658 -0.027551813 0.214921519 0.975813270
83.800000 -0.034213141 0.096696153 -0.117723331 0.034962386 -0.029021317 0.216026947 0.975329578
83.900000 -0.035458267 0.101287007 -0.119142085 0.038550857 -0.028492194 0.216662332 0.975068986
84.000000 -0.044697620 0.102678023 -0.122280873 0.042555582 -0.025006741 0.218946695 0.974487603
84.100000 -0.046043705 0.098083474 -0.125128463 0.041907325 -0.025265401 0.222067565 0.973802567
84.200000 -0.050574511 0.111694433 -0.124698147 0.050916743 -0.023848567 0.224658042 0.972814262
84.300000 -0.055624299 0.118332312 -0.124155372 0.053434722 -0.020868622 0.225994945 0.972437918
84.400000 -0.057425577 0.119007625 -0.122749060 0.053809412 -0.018348234 0.227334365 0.972155869
84.500000 -0.061453991 0.120330915 -0.124716647 0.054665532 -0.013985128 0.228835911 0.971828282
84.600000 -0.063125059 0.117162779 -0.125160784 0.053228207 -0.010957085 0.230279326 0.971605957
84.700000 -0.068251625 0.118374676 -0.124308594 0.057356305 -0.008191900 0.233630523 0.970597684
84.800000 -0.072708733 0.120031357 -0.124579720 0.060023047 -0.006988924 0.234925225 0.970133245
84.900000 -0.073296145 0.119580612 -0.125748888 0.062426832 -0.006459984 0.238570184 0.969095170
85.000000 -0.078788534 0.120291047 -0.125315383 0.064179733 -0.004830457 0.240541741 0.968502641
85.100000 -0.083019979 0.120866776 -0.125639573 0.066032067 -0.003657771 0.242938951 0.967784643
85.200000 -0.090375140 0.124408998 -0.124417394 0.068061814 -0.001761426 0.246559203 0.966733217
85.300000 -0.090934508 0.126598895 -0.122614972 0.067001916 -0.003687333 0.249164134 0.966133714
85.400000 -0.094136260 0.127327174 -0.119963735 0.065419681 -0.003135725 0.252492517 0.965379715
85.500000 -0.099269398 0.131708398 -0.115203582 0.066907056 -0.000846175 0.254837364 0.964666069
85.600000 -0.103931621 0.128319204 -0.110901520 0.063184835 0.001367119 0.255968601 0.964616954
85.700000 -0.110324085 0.128285140 -0.107817516 0.064279839 0.002998979 0.258245617 0.963933766
85.800000 -0.117078274 0.132496133 -0.103069171 0.066209458 0.003516307 0.261181086 0.963010073
85.900000 -0.120932259 0.131908238 -0.099594250 0.066176049 0.004737700 0.262226701 0.962722957
86.000000 -0.128759935 0.134106740 -0.096649140 0.068934798 0.007853601 0.264156938 0.961980999
86.100000 -0.135327578 0.137716204 -0.089477308 0.070813432 0.010331309 0.261174113 0.962635338
86.200000 -0.144075885 0.139133722 -0.087765910 0.073081180 0.012648470 0.259385586 0.962921739
86.300000 -0.148772106 0.139994442 -0.085179403 0.076226667 0.013400237 0.257828087 0.963086009
86.400000 -0.161197960 0.146325588 -0.083497077 0.084086880 0.018204091 0.256476641 0.962713718
86.500000 -0.166172117 0.158981979 -0.079864450 0.087233305 0.019279351 0.249925092 0.964134872
86.600000 -0.171800300 0.160806552 -0.079728387 0.088322617 0.021460149 0.248696849 0.964307249
86.700000 -0.179684192 0.166520789 -0.074424341 0.091530941 0.026126631 0.247085094 0.964307249
86.800000 -0.187759221 0.164737821 -0.074759945 0.093031839 0.028743427 0.250971079 0.963084877
86.900000 -0.195803121 0.171417415 -0.071229517 0.099108234 0.029981766 0.253932893 0.961663485
87.000000 -0.202980354 0.174162939 -0.067709565 0.101993144 0.030778522 0.256089360 0.960764468
87.100000 -0.203281939 0.182427213 -0.062704012 0.105165787 0.030651681 0.258211106 0.959858119
87.200000 -0.206867039 0.175855339 -0.057812504 0.099766456 0.036840506 0.258173853 0.960226893
87.300000 -0.210944533 0.178832754 -0.053436466 0.101389177 0.039727073 0.257008523 0.960254431
87.400000 -0.218962699 0.177558377 -0.046195611 0.100637205 0.045350328 0.253444701 0.961031318
87.500000 -0.224056333 0.174451500 -0.045466855 0.100335583 0.046111498 0.251996487 0.961407423
87.600000 -0.221273020 0.178394109 -0.043628842 0.102578990 0.042798258 0.252335310 0.961234987
87.700000 -0.219641581 0.179549068 -0.041948840 0.101680860 0.042664081 0.254668236 0.960721016
87.800000 -0.221610725 0.178683445 -0.038839050 0.103137866 0.044293351 0.257086277 0.959847510
87.900000 -0.221528843 0.164693132 -0.037794456 0.096202672 0.045908879 0.260932565 0.959453821
88.000000 -0.214460552 0.164764568 -0.034822319 0.098606676 0.043401159 0.265086681 0.958186865
88.100000 -0.233599529 0.177067161 -0.028817445 0.114498168 0.053848423 0.266261190 0.955560267
88.200000 -0.240959689 0.186465234 -0.024088509 0.120040409 0.055224285 0.263599873 0.955539465
88.300000 -0.246425480 0.186486572 -0.020615444 0.119357735 0.055890810 0.262179703 0.955976844
88.400000 -0.250411570 0.186436743 -0.018419534 0.118844725 0.057273198 0.260271311 0.956480265
88.500000 -0.254367352 0.190391004 -0.015777923 0.121004939 0.057377469 0.260117233 0.956245065
88.600000 -0.258848816 0.185984060 -0.012687810 0.119758107 0.059351951 0.262801588 0.955547333
88.700000 -0.260230720 0.186210066 -0.011756681 0.122251213 0.060722921 0.266188830 0.954206944
88.800000 -0.262230814 0.189840779 -0.007981494 0.126627445 0.062770590 0.269416332 0.952596545
88.900000 -0.266736925 0.187157467 -0.008476220 0.127835736 0.065057576 0.273000062 0.951260507
89.000000 -0.268139929 0.195114627 -0.005904503 0.136829436 0.063220188 0.277180493 0.948921442
89.100000 -0.275443137 0.197865114 -0.004611775 0.139113471 0.065604128 0.274187148 0.949297071
89.200000 -0.279137909 0.198921680 -0.003980927 0.141250640 0.065610498 0.273010254 0.949320257
89.300000 -0.283610642 0.204321548 -0.003707998 0.148688197 0.063922197 0.274674505 0.947818398
89.400000 -0.290857464 0.208469599 -0.002498306 0.152377889 0.063990787 0.274731070 0.947211146
89.500000 -0.297218829 0.214492768 0.001135662 0.155699909 0.064480051 0.271978974 0.947431922
89.600000 -0.298603058 0.211618975 -0.000838280 0.154199168 0.061806593 0.268844843 0.948749185
89.700000 -0.300440341 0.208629504 -0.004127420 0.156398788 0.061042707 0.268474042 0.948543549
89.800000 -0.299975365 0.217977524 0.000270531 0.163169906 0.058551751 0.267044306 0.947963417
89.900000 -0.301018476 0.215648144 -0.001252629 0.165003985 0.060269810 0.267373651 0.947445273
90.000000 -0.301358223 0.217240766 -0.000598520 0.170624018 0.061982810 0.268838972 0.945923448
90.100000 -0.307197303 0.221808970 0.000821926 0.174107790 0.065293193 0.265838444 0.945913970
90.200000 -0.304210573 0.224197224 0.003150530 0.173463464 0.066492781 0.262749553 0.946811378
90.300000 -0.302356809 0.224083334 0.006578811 0.171899453 0.069931261 0.262427032 0.946938336
90.400000 -0.302054703 0.223087117 0.008609138 0.170938149 0.073810995 0.262972474 0.946666539
90.500000 -0.299894124 0.220893741 0.010405481 0.169314086 0.076890506 0.264620572 0.946253955
90.600000 -0.299927711 0.220475018 0.011106052 0.168725282 0.078399628 0.265668869 0.945941508
90.700000 -0.303383380 0.221222088 0.013908528 0.168498710 0.080833532 0.262446523 0.946676254
90.800000 -0.303051382 0.221124098 0.015150353 0.166290939 0.080032647 0.261053145 0.947519600
90.900000 -0.303792000 0.220538244 0.016764052 0.164886802 0.079659641 0.258338958 0.948539793
91.000000 -0.306741714 0.221089944 0.021113269 0.163260579 0.080487669 0.256303728 0.949302971
91.100000 -0.307616144 0.216739953 0.023675881 0.162408233 0.080033205 0.254165858 0.950062096
91.200000 -0.312683821 0.216559738 0.026309684 0.164465100 0.079606377 0.250374109 0.950750709
91.300000 -0.318149477 0.217049167 0.029196277 0.165482178 0.079363100 0.243675247 0.952333689
91.400000 -0.319203287 0.218051240 0.031642362 0.166288987 0.077005036 0.238953695 0.953582346
91.500000 -0.319916397 0.215189964 0.033238918 0.164671749 0.075353019 0.234636098 0.955065966
91.600000 -0.317414016 0.213605285 0.034737453 0.165658057 0.073980913 0.233314931 0.955326319
91.700000 -0.312790602 0.214008167 0.037079297 0.166325375 0.073502116 0.232483670 0.955449939
91.800000 -0.312451780 0.211576834 0.039291278 0.166018143 0.076481603 0.234407037 0.954799414
91.900000 -0.305648506 0.207381517 0.042205460 0.165320531 0.077857673 0.236323968 0.954336524
92.000000 -0.300608635 0.203553945 0.044872925 0.164636418 0.080724880 0.238295078 0.953726292
92.100000 -0.294137150 0.201808691 0.049441166 0.164789140 0.083692700 0.239426672 0.953160524
92.200000 -0.291035503 0.196990937 0.053541310 0.163258061 0.089376137 0.242126688 0.952225506
92.300000 -0.291080058 0.195077151 0.058306478 0.161942661 0.094257452 0.240233272 0.952458978
92.400000 -0.292127550 0.195206508 0.062227026 0.159992486 0.097321294 0.238677725 0.952871382
92.500000 -0.289214909 0.193884656 0.062059429 0.156405315 0.096404545 0.238759220 0.953539491
92.600000 -0.288710803 0.192188159 0.061625067 0.155732170 0.096376166 0.238627315 0.953685522
92.700000 -0.288307637 0.196047619 0.061768502 0.155717075 0.096279137 0.236689106 0.954180717
92.800000 -0.286418855 0.194578618 0.061360594 0.153650314 0.096188828 0.237203017 0.954397202
92.900000 -0.284042776 0.196092725 0.060495529 0.153894737 0.096451603 0.236068606 0.954612553
93.000000 -0.282675028 0.196362093 0.060782395 0.152674675 0.097295292 0.237178996 0.954447567
93.100000 -0.279163480 0.195103675 0.061346617 0.150415435 0.097024769 0.237916499 0.954650283
93.200000 -0.275532007 0.194475785 0.061845627 0.149255693 0.096173562 0.239522949 0.954516709
93.300000 -0.273895025 0.191184044 0.064162388 0.146998763 0.096835420 0.240263045 0.954614043
93.400000 -0.272931784 0.184636503 0.065147102 0.145074204 0.094800182 0.240620315 0.955022633
93.500000 -0.270875514 0.180082798 0.066620305 0.145221666 0.090237595 0.234521568 0.956957400
93.600000 -0.268023670 0.176682428 0.067237608 0.145561904 0.083732374 0.231958807 0.958120942
93.700000 -0.262610376 0.174407184 0.069611110 0.145438462 0.078290872 0.227638274 0.959634840
93.800000 -0.258263290 0.166441679 0.070768364 0.144198522 0.074660920 0.226598158 0.960357130
93.900000 -0.255647480 0.160368159 0.071855098 0.145806611 0.070152558 0.222120628 0.961499631
94.000000 -0.252259672 0.155758709 0.073988885 0.146264300 0.065995008 0.216153860 0.963083029
94.100000 -0.252334356 0.152663961 0.077762693 0.147464931 0.063497774 0.209300056 0.964580536
94.200000 -0.246762931 0.145938575 0.079298921 0.145718142 0.057879977 0.204264969 0.966277361
94.300000 -0.244238555 0.142796129 0.081993185 0.147876665 0.054529473 0.199055925 0.967230976
94.400000 -0.242211342 0.139315248 0.081777386 0.147491559 0.050639704 0.193984702 0.968530715
94.500000 -0.237110540 0.135019258 0.081290655 0.147737607 0.046705935 0.189376116 0.969602406
94.600000 -0.232457966 0.134000391 0.080432653 0.149917930 0.046443447 0.185748413 0.969982028
94.700000 -0.227206767 0.130518541 0.078145906 0.150522515 0.048281837 0.186684668 0.969618797
94.800000 -0.223495170 0.127966061 0.079099976 0.151633680 0.051515300 0.186829150 0.969251394
94.900000 -0.220631674 0.123314336 0.081451125 0.152724221 0.054975204 0.187567547 0.968747377
95.000000 -0.214704782 0.119973913 0.079709522 0.153042048 0.055668648 0.189029500 0.968373358
95.100000 -0.211851522 0.121589161 0.082421474 0.153079405 0.058591232 0.188501343 0.968298018
95.200000 -0.210682720 0.121855289 0.083562806 0.148755908 0.062464874 0.184682414 0.969464898
95.300000 -0.207934216 0.119039133 0.085371763 0.141340971 0.063547172 0.181444094 0.971114039
95.400000 -0.203127578 0.115898423 0.084943518 0.135475516 0.061482318 0.177756920 0.972763479
95.500000 -0.199535653 0.114810549 0.084583722 0.131456345 0.061581861 0.172809988 0.974198997
95.600000 -0.197032839 0.112970375 0.085090794 0.125362515 0.061659157 0.168612018 0.975731730
95.700000 -0.194483191 0.113779590 0.084999263 0.120952368 0.059108429 0.163587958 0.977300227
95.800000 -0.190787554 0.109031342 0.083837852 0.114689678 0.057192776 0.162164643 0.978405774
95.900000 -0.182990864 0.118451484 0.083967611 0.112056457 0.050911162 0.160782203 0.979285657
96.000000 -0.182900146 0.110270992 0.082947433 0.100645065 0.054614026 0.157329619 0.980884910
96.100000 -0.182442248 0.104679994 0.082328260 0.095781133 0.053872690 0.153843224 0.981965363
96.200000 -0.183478162 0.102108814 0.080981180 0.096243240 0.052588306 0.152101144 0.982261181
96.300000 -0.181210190 0.100924104 0.079287603 0.096062541 0.048855960 0.151626870 0.982544839
96.400000 -0.179197639 0.100563496 0.077653319 0.097771421 0.046342533 0.150570318 0.982660532
96.500000 -0.181246936 0.101913579 0.076754004 0.099880688 0.046078913 0.145942897 0.983158827
96.600000 -0.176222399 0.104544312 0.075490743 0.098930664 0.042768039 0.142578915 0.983897805
96.700000 -0.174374029 0.105384357 0.077229187 0.099082783 0.044385325 0.141980350 0.983897448
96.800000 -0.175223008 0.114126898 0.079789892 0.103584237 0.045678042 0.145597398 0.982845485
96.900000 -0.173475921 0.107503906 0.080150351 0.096401051 0.045754857 0.148871452 0.983082175
97.000000 -0.172005057 0.104933619 0.079907924 0.092269950 0.045471378 0.150648162 0.983221114
97.100000 -0.175966635 0.099195592 0.081598654 0.088704020 0.047390375 0.152293831 0.983205140
97.200000 -0.178057611 0.099747300 0.080975488 0.089943103 0.044697009 0.153298393 0.983062565
97.300000 -0.179978341 0.098101079 0.077057257 0.090695195 0.038036477 0.155508786 0.982926548
97.400000 -0.182663232 0.098115586 0.071884319 0.089520596 0.033292104 0.151462823 0.983837724
97.500000 -0.176451042 0.099578336 0.070109189 0.089674555 0.027152732 0.149370924 0.984332025
97.600000 -0.173174500 0.101419725 0.065927923 0.089983769 0.025745159 0.147127986 0.984679401
97.700000 -0.167301118 0.099182583 0.064942956 0.088152990 0.028239798 0.146463171 0.984875679
97.800000 -0.167084903 0.098491170 0.067915104 0.089670010 0.034601353 0.149325743 0.984105587
97.900000 -0.165204138 0.097903639 0.069824062 0.090755910 0.038396113 0.152444154 0.983386934
98.000000 -0.166390002 0.097320117 0.070242077 0.091602825 0.042134684 0.155321345 0.982704878
98.100000 -0.169381991 0.095424935 0.070769921 0.092831314 0.044518597 0.154813454 0.982564628
98.200000 -0.173212886 0.099890813 0.067912959 0.096369639 0.043737348 0.153836623 0.982412457
98.300000 -0.171637267 0.097112291 0.068133153 0.094406605 0.042811267 0.151363254 0.983027875
