0.0 -0.006078111173 -0.057858445200 0.735178371717 0.144812154259 -0.944740513170 0.285314730636 -0.071346389096
0.1 -0.004334822867 -0.058273458748 0.728305644446 0.135169376937 -0.942106790045 0.297267119838 -0.076133403664
0.2 0.000140073128 -0.057295969643 0.722845608862 0.140271610998 -0.940199355622 0.302824890816 -0.068162543510
0.3 0.001482882015 -0.058188687395 0.729161408660 0.135503658272 -0.940862221756 0.302126439568 -0.071670445655
0.4 0.004281324265 -0.059762428678 0.720419443105 0.142994286232 -0.944622231430 0.286166731492 -0.073144212209
0.5 0.008576205847 -0.061719503691 0.729123388104 0.142849466808 -0.945144355889 0.285622334758 -0.068673562972
0.6 0.011808311073 -0.062741365680 0.723770608697 0.142913583649 -0.946391844741 0.282746562328 -0.063028289745
0.7 0.013451272755 -0.062822302414 0.733046078819 0.143470318124 -0.944196721004 0.290515086039 -0.059243604267
0.8 0.015090466458 -0.061110281826 0.723184765992 -0.139898661789 0.943789940858 -0.292144317102 0.065883305553
0.9 0.013731274135 -0.059345550912 0.731940526922 0.140855489242 -0.946439958611 0.282857374131 -0.066353913186
1.0 0.016376459783 -0.056832906581 0.711093185135 0.141892938782 -0.947340705484 0.280998284924 -0.058753259714
1.1 0.018130328840 -0.055146752531 0.719519257019 0.147233730819 -0.939269374363 0.301070830170 -0.073835127911
1.2 0.020571155269 -0.054464547331 0.725526158738 0.134968180838 -0.939427599906 0.306289753405 -0.073796759113
1.3 0.023601657342 -0.051454549043 0.719914268174 0.149731068481 -0.945147845437 0.287274601095 -0.041826558095
1.4 0.022762350932 -0.055261765552 0.733263843567 -0.144533291842 0.948160794602 -0.277318913538 0.056528358579
1.5 0.021433247579 -0.056172524398 0.726959512023 0.137865674437 -0.947143320669 0.285574488703 -0.048577745184
1.6 0.022990183601 -0.057112825516 0.731960820419 0.145583484627 -0.946348323770 0.282795661103 -0.057069371501
1.7 0.025780705426 -0.054394172638 0.729509089564 -0.142419697354 0.943085718755 -0.293395033794 0.065002392502
1.8 0.028979990273 -0.056564523078 0.726465632356 0.147784911062 -0.946213265418 0.284013402369 -0.046652584972
1.9 0.031128275089 -0.055541470699 0.734860748918 0.144921536551 -0.945887858216 0.284174941336 -0.059485381736
2.0 0.032613254038 -0.053610040003 0.729016581970 0.145487427209 -0.947042608495 0.283453659084 -0.039971607053
2.1 0.036651910580 -0.052705605626 0.725894695998 0.152978167543 -0.944145409949 0.288599287627 -0.043561178912
2.2 0.033838131196 -0.053912031216 0.735884486871 0.140500692406 -0.940653330285 0.304186817725 -0.053863230307
2.3 0.031705715260 -0.050231523872 0.735879879744 0.146508184296 -0.949574578357 0.272778713913 -0.049348204724
2.4 0.033917743322 -0.045118126699 0.728998959374 0.145647081999 -0.943337735620 0.294095515685 -0.049078220371
2.5 0.037005324596 -0.043253480727 0.739650738351 0.150483423283 -0.940150078466 0.301483348255 -0.050797244033
2.6 0.039879299644 -0.040888374683 0.738516394197 -0.153468509505 0.943167920944 -0.291866293164 0.041179562976
2.7 0.041552485215 -0.039231242796 0.730131309150 -0.152186531983 0.941789510848 -0.296442444934 0.044650348052
2.8 0.044431957983 -0.035400889637 0.732521488914 0.155121224668 -0.936970766847 0.307553993996 -0.058598024783
2.9 0.042715331463 -0.033371321825 0.731028218456 0.146807078886 -0.937845893610 0.311985925870 -0.039465725458
3.0 0.042041132855 -0.031264540071 0.737306978166 0.137530923138 -0.944689069246 0.295590350519 -0.035695270109
3.1 0.039536398755 -0.025347171822 0.722534362222 0.144728680752 -0.941990401535 0.301029347587 -0.033000367794
3.2 0.034278001879 -0.025522387284 0.747257205941 0.132887517432 -0.936729688795 0.320394741338 -0.047176345389
3.3 0.035289834377 -0.028237050206 0.735803697546 -0.129201167667 0.942312058440 -0.306889106674 0.034265419853
3.4 0.037018123559 -0.036032412586 0.745825244722 0.155182996125 -0.950920182550 0.264542006173 -0.041067884066
3.5 0.037811683789 -0.041118282948 0.749432767275 -0.157527770869 0.940677005679 -0.293981295420 0.062343967917
3.6 0.037355427112 -0.047122708355 0.743283442734 0.153454665505 -0.939103389093 0.302225309462 -0.056536294096
3.7 0.036074012398 -0.046331072349 0.732376033951 0.155770903043 -0.939696996864 0.300853419436 -0.046820934029
3.8 0.039575076143 -0.045430709457 0.735697933537 0.151827423666 -0.955154718044 0.252757269342 -0.027233450313
3.9 0.042412716649 -0.030567706679 0.770528169993 0.212902474937 -0.933950521890 0.286963600321 -0.007800699817
4.0 0.048687503901 -0.020715879468 0.746789165672 0.153703889345 -0.945829947493 0.284226226310 -0.031563857535
4.1 0.055704649596 -0.013751846559 0.761989122576 -0.185033968039 0.938536422742 -0.287029231145 0.050259668983
4.2 0.059523407797 -0.018634553767 0.754540715263 0.168072583906 -0.949582576112 0.263693798836 -0.022585795069
4.3 0.058726175251 -0.027661740948 0.753122048479 0.165774707075 -0.936751889260 0.305640927602 -0.039978342099
4.4 0.053359353557 -0.036492110400 0.801087181167 0.215469531927 -0.928423621760 0.301582497541 -0.025504049580
4.5 0.046249676976 -0.047336312937 0.761348924695 0.168421317019 -0.946287569187 0.269725393535 -0.058500499633
4.6 0.040835434839 -0.057738451758 0.760508859583 -0.154232125901 0.943670440144 -0.283598279276 0.072598675809
4.7 0.042901502745 -0.062422074105 0.743474023205 0.147787646543 -0.944510998435 0.290641304082 -0.039817304352
4.8 0.044307648598 -0.064474203768 0.746547618379 -0.136640071261 0.948029089988 -0.285173185993 0.035307073690
4.9 0.044405483707 -0.065795227066 0.749034882804 -0.147770946523 0.958127674882 -0.243090082405 0.032593217487
5.0 0.046247945572 -0.071561925073 0.754727801156 0.110823399474 -0.956630962410 0.268097683509 -0.026438759150
5.1 0.048314921147 -0.067980390571 0.748041449535 -0.117160886050 0.944635133215 -0.304490241099 0.034978349759
5.2 0.049122737980 -0.062940749192 0.744663149573 0.107611605040 -0.943803037185 0.311365302271 -0.026593570716
5.3 0.051403309674 -0.070590846312 0.766483952056 -0.100100162168 0.954363803373 -0.280154128340 0.026141016037
5.4 0.051116452850 -0.074906170571 0.771552082845 -0.096345134818 0.949261212174 -0.298471601498 0.023140206521
5.5 0.049365550868 -0.072015849563 0.765921273672 -0.089345822648 0.950294800888 -0.297589170197 0.019944953311
5.6 0.053557362406 -0.075336743596 0.769711415539 -0.084599111236 0.951318314393 -0.296130919350 0.011955487592
5.7 0.055114793690 -0.080553387903 0.726902263418 0.053734747703 -0.970352186839 0.235590386947 -0.005136142837
5.8 0.063015623771 -0.086910422195 0.745202371587 0.075991783834 -0.974929388473 0.209102254925 0.003766067662
5.9 0.071270233368 -0.100425406801 0.754346619895 -0.050360015256 0.970038094756 -0.236993943773 0.017995393868
6.0 0.079116754254 -0.093814052928 0.735925304650 -0.069405984663 0.962097490836 -0.263719323814 0.001829116423
6.1 0.084139775859 -0.104070860185 0.739801039794 -0.046964873441 0.964835358674 -0.258386581869 0.011108808480
6.2 0.086611814821 -0.113129185143 0.755621287455 -0.059495894048 0.969614974661 -0.237027828517 0.011173540792
6.3 0.086759139391 -0.116565426937 0.762420639270 0.037669595682 -0.970406485151 0.238491930071 -0.003722153763
6.4 0.000000000000 0.000000000000 0.000000000000 0.000000000000 0.000000000000 0.000000000000 0.000000000000
6.5 0.080779880685 -0.079426377106 0.742442359094 0.028466746795 -0.967863404140 0.249837833184 -0.003336519535
6.6 0.081631522326 -0.074659830121 0.798778700347 -0.039973337282 0.968040201063 -0.247460778670 0.007966457900
6.7 0.074724893079 -0.060445577667 0.737907582324 -0.003864902502 -0.964620286871 0.263367608978 0.011413466887
6.8 0.067853280653 -0.051745632642 0.746414251490 -0.017164390631 -0.964341439915 0.264070496074 -0.004212370034
6.9 0.069158269368 -0.039329293743 0.761265089609 0.000581481924 -0.943224547496 0.332089599253 0.006604009942
7.0 0.065307670332 -0.038164515552 0.761939455703 -0.007279088366 0.944989810424 -0.326763207154 -0.012925924236
7.1 0.058543501316 -0.036525084684 0.756714018695 -0.001122722926 0.946167391046 -0.323604031423 -0.006814577117
7.2 0.047951530641 -0.029788538374 0.731529500846 -0.011290912603 -0.924467809898 0.381091968665 0.000833770628
7.3 0.035623117696 -0.031405745988 0.753953053582 0.035003925462 0.947701349845 -0.317176220494 0.006010146169
7.4 0.027216326896 -0.033626178578 0.770061092541 0.057207402122 0.932810590835 -0.355790509713 0.002197263395
7.5 0.024696929797 -0.034683900754 0.782170861776 -0.047822953489 -0.941762930498 0.332693952083 -0.010501528821
7.6 0.013963713691 -0.041102247130 0.780121435839 -0.069730997932 -0.937261975547 0.341573293352 0.002293989911
7.7 0.008619149646 -0.042917418255 0.771084034578 0.076744151281 0.945871027876 -0.313973401586 0.029309332408
7.8 0.006026432105 -0.049222882406 0.771562066486 -0.093988679211 -0.947527646721 0.304232409447 -0.028286532517
7.9 0.003634581837 -0.064651465798 0.759196380213 0.133443263490 0.961352566908 -0.238754948608 0.031467634872
8.0 0.008617859840 -0.077251665017 0.801948891687 -0.092183177751 -0.973654668835 0.208532905978 0.003588135904
8.1 0.012368543403 -0.082065340306 0.736373514049 -0.120059669121 -0.961928328328 0.244231606542 -0.025109547516
8.2 0.014600708580 -0.086748249606 0.725765338992 -0.122030688137 -0.959084816954 0.254749257011 -0.019173969179
8.3 0.017556835738 -0.093250779718 0.716206331327 0.123056609453 0.959074073097 -0.252996117545 0.032046180582
8.4 0.017789779954 -0.101297768170 0.766436917925 0.108925333094 0.952546181705 -0.282140999652 0.034460119632
8.5 0.016708195111 -0.100437682456 0.760020802576 0.102396264676 0.939827158854 -0.324022117483 0.035349453223
8.6 0.018534758246 -0.095971078441 0.760425584233 -0.123103914254 -0.941367146165 0.313229078817 -0.023682622338
8.7 0.025647548516 -0.094211418018 0.779016797208 0.108904106580 0.933079295673 -0.342548118185 0.012794932000
8.8 0.025076138469 -0.088672616955 0.755450191504 -0.113117761516 -0.931522930943 0.345550119980 -0.008032168992
8.9 0.018319257756 -0.086118709641 0.778445777054 0.129822279454 0.927425544515 -0.348624709856 0.038585577829
9.0 0.016575537283 -0.093600610933 0.765045196554 -0.136974161490 -0.930730754591 0.337692653238 -0.030692238290
9.1 0.015231730341 -0.092290603759 0.766902327870 0.126513395364 0.921958060947 -0.364734951089 0.030921030083
9.2 0.014720548456 -0.095179128604 0.761502929086 0.129098669273 0.928631029203 -0.347019491172 0.023567306574
9.3 0.013060856842 -0.087861484193 0.748508355353 -0.142498518284 -0.915825539850 0.373088979695 -0.041980544003
9.4 0.014611472268 -0.084670224839 0.761501689057 -0.149486960952 -0.920632316498 0.359868322264 -0.024178026290
9.5 0.011823873662 -0.078204878340 0.754169436666 0.150881663924 0.916674279459 -0.368046404915 0.038533526938
9.6 0.000000000000 0.000000000000 0.000000000000 0.000000000000 0.000000000000 0.000000000000 0.000000000000
9.7 0.013064339421 -0.055111370987 0.720851452730 0.146404489958 0.892302780780 -0.426411862037 0.023117020709
9.8 0.007530714200 -0.106737992481 0.931399265791 0.208143867018 0.946993454726 -0.244013879627 0.018350854972
9.9 0.000000000000 0.000000000000 0.000000000000 0.000000000000 0.000000000000 0.000000000000 0.000000000000
10.0 -0.018957611835 -0.089182608021 0.773701614227 0.184496061398 0.902216020080 -0.388195758463 0.035658232576
10.1 -0.021075780893 -0.090415029277 0.732564710201 -0.174637624994 -0.900850364283 0.395272222314 -0.041595569170
10.2 -0.026731838409 -0.086958660869 0.740813186444 0.167316948449 0.899097386616 -0.403003847668 0.034883046135
10.3 -0.030077670799 -0.088316882563 0.723032834423 0.168993137632 0.911303320481 -0.373795083506 0.035281908407
10.4 -0.033268435076 -0.085882749730 0.721772845366 0.164089557915 0.906581984874 -0.385774701513 0.048596310120
10.5 -0.034721820325 -0.085001350958 0.724584820303 -0.170802619830 -0.904048680598 0.387383372740 -0.058792607468
10.6 -0.039923289220 -0.081829025183 0.716155937187 0.181129251145 0.911604521443 -0.360031164279 0.080913235093
10.7 -0.045609379260 -0.078884771711 0.750291237799 -0.183293235698 -0.893047976364 0.404684811596 -0.071408017225
10.8 -0.045745044109 -0.069834442638 0.720079636222 -0.176844176411 -0.893480811748 0.404463167148 -0.082630035269
10.9 -0.047432198140 -0.070921487809 0.731726358957 -0.172724524615 -0.910822299751 0.367315817369 -0.075153623884
11.0 -0.046788749088 -0.064698977458 0.749948262267 -0.171394489370 -0.896267065190 0.403338131985 -0.068173515061
11.1 -0.046434689497 -0.066514529984 0.763351444553 0.177695973330 0.898067953170 -0.397434385478 0.062801288127
11.2 -0.043974933234 -0.067374714809 0.744336424984 -0.166167723883 -0.898910672781 0.400470075363 -0.063020700083
11.3 -0.049076472809 -0.069879515239 0.750158384968 -0.174213523086 -0.895563629132 0.403250645814 -0.070741439061
11.4 -0.051739255437 -0.071756662075 0.756427314807 -0.178827690574 -0.895550977304 0.398886963514 -0.083055971928
11.5 -0.054514442140 -0.070084966927 0.749567214621 -0.168202103559 -0.895016120275 0.406168350082 -0.075375514576
11.6 -0.059743392429 -0.068995956020 0.742794606113 0.189675344026 0.910872216463 -0.356422828963 0.085427373472
11.7 -0.062646707328 -0.062276578465 0.743278559845 -0.179238039490 -0.897205606681 0.398163652947 -0.066041880737
11.8 -0.061662067850 -0.060267140895 0.733479793987 0.167988302431 0.894261234106 -0.405799388134 0.086044360724
11.9 -0.060617839734 -0.066407805608 0.742328029992 0.165461018500 0.905037798946 -0.386963890339 0.061548203950
12.0 -0.061461552723 -0.067646461896 0.738777402223 0.169813895887 0.902652398569 -0.389616771751 0.067680568057
12.1 -0.071036271283 -0.078978206457 0.773065611379 -0.229754494777 -0.910706997162 0.330940253077 -0.091127308439
12.2 -0.063068903222 -0.079864061793 0.734965208003 -0.184896179361 -0.900516127932 0.385176486550 -0.080766208286
12.3 -0.068800483900 -0.093898531728 0.782367641851 -0.190990547819 -0.913915927883 0.354321276096 -0.052313676133
12.4 -0.069166495240 -0.094754506938 0.733344272441 0.200272964895 0.906352642779 -0.350335740424 0.125221785011
12.5 -0.063325003531 -0.097129713077 0.740740112411 -0.182605891121 -0.900363110020 0.387837012987 -0.074724895454
12.6 -0.063324390735 -0.098030676193 0.741453699282 -0.181910292581 -0.901870577014 0.386123044507 -0.066686597377
12.7 -0.062071865247 -0.092504131469 0.714524996252 0.181454871555 0.908629596351 -0.363514834183 0.096557503866
12.8 -0.065139984057 -0.087995691264 0.732818583480 0.177339416053 0.898689667249 -0.394011432856 0.075250277560
12.9 -0.067248047958 -0.091216125098 0.735930669618 0.199028598623 0.903269255183 -0.367246043451 0.098094919042
13.0 -0.064289240052 -0.092377713728 0.725590396624 -0.188820610208 -0.897447677371 0.391111415140 -0.077241857109
13.1 -0.075837089959 -0.111365287511 0.801389361550 0.202275875296 0.909035490695 -0.359396997869 0.059772442254
13.2 -0.066012336914 -0.105474587370 0.724039521685 -0.194642688254 -0.899466100195 0.387619642875 -0.053159862362
13.3 -0.069406226960 -0.115367581533 0.728309047794 -0.203339189670 -0.911782982476 0.350147186430 -0.068570508581
13.4 -0.070009260084 -0.121062213898 0.737317766601 -0.193501722960 -0.912624939745 0.354481769272 -0.063367797980
13.5 -0.072666874571 -0.125048278428 0.750686774373 0.193921303298 0.905589407509 -0.372761882735 0.057887234465
13.6 -0.069356947100 -0.121235993888 0.733878940184 0.191988381426 0.900314305873 -0.382367974503 0.079808170712
13.7 -0.063301162851 -0.121200608128 0.728146562059 0.182221391232 0.904866266660 -0.379685596245 0.062058456652
13.8 -0.056968694065 -0.116641415084 0.722293854191 0.171754070237 0.899758678503 -0.394879876377 0.070744208586
13.9 -0.047853839034 -0.127253690828 0.781231143646 0.177337213527 0.902925897979 -0.386613043435 0.061698380075
14.0 -0.027400164121 -0.116823855057 0.729030683591 0.173261154359 0.901048397970 -0.395085064180 0.044723025036
14.1 -0.015021006522 -0.121435061444 0.750581953277 0.149066034260 0.911716599748 -0.381522332579 0.031509822551
14.2 -0.003409574162 -0.123304776844 0.749290416318 0.156888720640 0.905957068732 -0.390670807048 0.044766499423
14.3 0.006690076535 -0.120963173930 0.746996340654 0.167174401955 0.900140874451 -0.397898763899 0.058955060530
14.4 0.014271623527 -0.118995894950 0.732919461420 0.141175461002 0.913212348042 -0.381021103816 0.030587825041
14.5 0.019772973035 -0.116137376482 0.744770333154 0.139781539944 0.904296531536 -0.398912259783 0.059815659634
14.6 0.025954011850 -0.115390072855 0.729775863350 0.138737832214 0.908456487867 -0.391622794109 0.045718822160
14.7 0.032052582983 -0.116210925351 0.727339880038 0.139772701138 0.911134782973 -0.387224132480 0.018827386932
14.8 0.037202845617 -0.117824773588 0.743155175828 0.138644348819 0.917392827360 -0.372784700852 0.014131937588
14.9 0.035769179794 -0.109148504235 0.727216835642 0.160120292997 0.895787286384 -0.411406476287 0.051685013227
15.0 0.038327617326 -0.108791384152 0.738388724966 -0.152471305075 -0.898080375407 0.411989999843 -0.021642099407
15.1 0.038750227158 -0.105001296817 0.731148201925 -0.154997661465 -0.900694230233 0.402442246401 -0.052591509556
15.2 0.039968560108 -0.099255979615 0.704261003268 -0.153515091491 -0.903402327708 0.398786957191 -0.035585302447
15.3 0.048013577566 -0.102647047681 0.720249129577 0.147963724063 0.901689540726 -0.406026772260 0.014316728519
15.4 0.055560691730 -0.103037787798 0.698222975640 0.138439848386 0.908433404083 -0.394325108074 0.009532463885
15.5 0.063608703816 -0.112468346801 0.718810482352 0.155613029294 0.910464775252 -0.382235925697 0.027095668404
15.6 0.069512297341 -0.119404398392 0.707640094303 0.147353185788 0.915483621675 -0.374218334857 0.011722411842
15.7 0.075342100439 -0.125022057573 0.738555295302 0.151854094943 0.907810205030 -0.388451799410 0.043888096653
15.8 0.078456215025 -0.112022944668 0.730885182093 0.155154718580 0.907816637775 -0.388324790124 0.031619975584
15.9 0.082570845528 -0.083417271845 0.632747492690 -0.131596751321 -0.904034375925 0.406699051637 0.000153572621
16.0 0.092356421582 -0.091706077227 0.738124413996 0.156693048667 0.901457055007 -0.403131519557 0.017534093028
16.1 0.101787202485 -0.087752400891 0.768973991823 0.161378902460 0.904208552135 -0.395412701895 0.003541082854
16.2 0.100773756559 -0.075004247372 0.729029201979 0.168759020778 0.905602359862 -0.388907954418 0.012464417713
16.3 0.096479243777 -0.063821882172 0.705015004042 0.150719976803 0.919732883033 -0.359524962907 0.046007754859
16.4 0.096315156790 -0.051792766945 0.727528341603 -0.182567670251 -0.900747476461 0.393111455007 -0.028043062794
16.5 0.000000000000 0.000000000000 0.000000000000 0.000000000000 0.000000000000 0.000000000000 0.000000000000
16.6 0.078906292936 -0.033615597859 0.710629409845 0.177738473944 0.917274927894 -0.348602032790 0.074110486924
16.7 0.081159128315 -0.019899432397 0.734279202081 -0.153901742999 -0.884782236044 0.439715204313 -0.011188716565
16.8 0.078421813214 -0.017027816349 0.754969251000 -0.151604982126 -0.874380014231 0.460652991152 -0.016563268096
16.9 0.070892479129 -0.013884474899 0.728693946081 -0.148082020362 -0.882545802254 0.446283198205 -0.003991136273
17.0 0.062648464458 -0.011915397362 0.752294560741 -0.162986173368 -0.882766255965 0.440460275437 -0.012409286143
17.1 0.055046675047 -0.008547849928 0.737925289028 -0.159507144234 -0.879575675742 0.448136573283 -0.008815512933
17.2 0.048051911741 -0.007765009511 0.747206055991 -0.175602048385 -0.877831075931 0.444067266843 -0.037158918881
17.3 0.042630464151 -0.013045557766 0.735465122965 -0.186150636366 -0.885643172509 0.424461932181 -0.028568858894
17.4 0.039728407562 -0.012487396745 0.752695493754 0.186209071536 0.878648605015 -0.437774423893 0.040698456575
17.5 0.033950190318 -0.014099905687 0.776825570234 -0.192851825473 -0.881167480851 0.428407674892 -0.053093391265
17.6 0.030455367511 -0.019124764251 0.757984837327 -0.197126207029 -0.879890556289 0.431009160019 -0.034131677882
17.7 0.027635582123 -0.023071837468 0.717676147644 -0.196437105533 -0.878669543817 0.434470657414 -0.024239310736
17.8 0.019798852961 -0.043184945520 0.764895395331 0.251819298463 0.907754664217 -0.332561257947 0.044401804317
17.9 0.020667534158 -0.045018240298 0.758210166327 -0.221865911657 -0.887357881337 0.402737957991 -0.034258500667
18.0 0.018367806469 -0.048370867356 0.751609861726 -0.221366206304 -0.889697591503 0.397564468208 -0.037117273599
18.1 0.016777834040 -0.053698266735 0.753383599633 -0.224661371355 -0.892903426606 0.388766893265 -0.033332291807
18.2 0.015259376619 -0.057619219308 0.753101310569 -0.220137418633 -0.899581741381 0.373827616701 -0.050449187131
18.3 0.016511995456 -0.058482897318 0.750605782282 0.216238068129 0.899531501168 -0.376942079940 0.044708440695
18.4 0.016934051485 -0.061885135756 0.752724620733 0.223351370624 0.891814252056 -0.391259259134 0.041203121384
18.5 0.017368954329 -0.061669132689 0.730266469033 -0.205447646854 -0.900392599119 0.383416460199 -0.008732118995
18.6 0.015478256539 -0.057780361975 0.708293170298 0.224850637187 0.879942590324 -0.416782137987 0.037892982786
18.7 0.014564876469 -0.080190925782 0.735999669153 0.241949388744 0.919194122165 -0.303833679158 0.065021184802
18.8 0.017064387485 -0.084115998245 0.749900530647 -0.238771942116 -0.902300710956 0.357597792433 -0.031067756811
18.9 0.017405706011 -0.086324272278 0.760249993480 0.236991639518 0.896389002636 -0.373481131397 0.028871495335
19.0 0.018927214575 -0.082697179776 0.741283615376 -0.221990742970 -0.899550090552 0.375704501840 -0.019387416556
19.1 0.015629309336 -0.085785495618 0.758042589877 0.256544953923 0.908625716877 -0.327262779821 0.038510598409
19.2 0.019555242280 -0.084297073582 0.759192108878 0.228417334603 0.909386278830 -0.347481589466 0.009932880255
19.3 0.016890509838 -0.081792391571 0.755301272405 -0.228076718470 -0.898015210404 0.375930805871 -0.015024033159
19.4 0.011166590911 -0.084376265646 0.760162460383 0.242717160347 0.907584732122 -0.340449956825 0.038368750186
19.5 0.011798753193 -0.082688390400 0.715510615565 -0.235528187670 -0.902067565425 0.361143350674 -0.019392279032
19.6 0.009541645946 -0.093069655997 0.695419994913 0.227275342031 0.908751119955 -0.341458591856 0.076963308998
19.7 0.008765845782 -0.121449038389 0.726125067384 0.268914680858 0.917158205656 -0.292396453472 0.031781035453
19.8 0.014809470226 -0.122554169576 0.732987782352 -0.239561219848 -0.906027111283 0.348885012905 -0.002131510347
19.9 0.016015366862 -0.121634382484 0.728192948474 -0.229968045993 -0.908523520073 0.348667454614 -0.011433170551
20.0 0.018514311639 -0.127389195706 0.753890020368 0.256932437131 0.911474741814 -0.321246183405 -0.000638304704
20.1 0.030545283525 -0.122723267940 0.759317569027 -0.229412036717 -0.900139237794 0.370094870218 0.012217079473
20.2 0.035457230068 -0.121720060866 0.751119423468 -0.239540056035 -0.903675446254 0.354889924089 -0.006662670107
20.3 0.042447968081 -0.117078610524 0.743930119714 -0.226318050998 -0.900242422172 0.371913344088 0.004917886029
20.4 0.049071827817 -0.111262861399 0.733980265472 0.228883849676 0.893583260522 -0.386093278062 -0.007288381699
20.5 0.059371732053 -0.106744261759 0.734352872142 0.236083214203 0.887852665025 -0.394246470700 -0.023496415044
20.6 0.067146307576 -0.106491539454 0.743977282545 0.232927207501 0.897224003456 -0.374840891642 -0.015109916636
20.7 0.000000000000 0.000000000000 0.000000000000 0.000000000000 0.000000000000 0.000000000000 0.000000000000
20.8 0.091918971591 -0.064253938748 0.721678208409 -0.212876027185 -0.891596678728 0.398711637259 0.027716237938
20.9 0.099981815877 -0.060708337970 0.745591288952 -0.214418870799 -0.894288234047 0.390551541157 0.041744412686
21.0 0.105478485445 -0.049944511307 0.731659434294 0.193662576433 0.891158462550 -0.408003303591 -0.043182234472
21.1 0.100988361846 -0.050871360635 0.743545849916 -0.225738094294 -0.931362453847 0.285597985030 0.006331137053
21.2 0.098342852427 -0.040253779639 0.723424554682 0.212342275003 0.915555259974 -0.341113247143 0.017637369553
21.3 0.101425319810 -0.034299701536 0.769546814942 0.231114725432 0.907391811867 -0.350287089914 0.022913709540
21.4 0.105189878757 -0.023792955266 0.769226423203 0.208452795147 0.891843740468 -0.401445880288 -0.001838473291
21.5 0.099595651114 -0.020726648866 0.741684011198 0.239142379144 0.909784313785 -0.337676692475 0.032831025691
21.6 0.097952208421 -0.003795207147 0.715191719551 -0.194890824156 -0.886534651659 0.419603345798 0.002628737756
21.7 0.100547058622 0.003994377172 0.751781074661 0.207791594028 0.887523884709 -0.411237039448 -0.002846912076
21.8 0.100064223387 0.012825731990 0.783394659595 -0.202942888855 -0.876908238632 0.435439495689 -0.015445726830
21.9 0.093363191390 0.006442315155 0.735192761099 -0.181529469174 -0.885456177709 0.427797606408 -0.001901875194
22.0 0.088062585053 0.007130565353 0.746019503545 -0.187089937444 -0.880404710935 0.434789291476 -0.029037429083
22.1 0.080036557667 -0.001376746672 0.700784422983 -0.172426555947 -0.900708914385 0.398197060126 -0.020775843146
22.2 0.075421810938 -0.007127437968 0.733578072793 -0.181709898371 -0.887712124995 0.422840204608 0.012444168825
22.3 0.065114206414 -0.001274613061 0.702551447164 0.168247176308 0.888331637898 -0.426533405691 0.025080721737
22.4 0.000000000000 0.000000000000 0.000000000000 0.000000000000 0.000000000000 0.000000000000 0.000000000000
22.5 0.047047594398 0.021113287978 0.732770652890 -0.185862093882 -0.879145398470 0.438551551726 -0.015204830999
22.6 0.036321126911 0.020425320708 0.718289146822 -0.199606082997 -0.877753961937 0.433013472252 -0.046954518229
22.7 0.030154559760 0.017326921542 0.700206326728 -0.202505924804 -0.871742713707 0.444957486997 -0.032692908761
22.8 0.022490888863 0.014291529618 0.691442440356 -0.208175351478 -0.867425995361 0.450816111805 -0.031622759940
22.9 0.011809506697 0.005027112998 0.689622767282 -0.216009100842 -0.874646219013 0.430753467527 -0.052777932254
23.0 0.004411922150 0.001266705761 0.718448013950 -0.217556452645 -0.879504362460 0.420079489572 -0.051715459659
23.1 -0.004282702510 -0.000012558448 0.714641134271 -0.221472281978 -0.879710464166 0.418035843177 -0.048016261527
23.2 -0.013365195497 -0.000055285655 0.707661662075 -0.211868738471 -0.876342988978 0.430712469947 -0.040266258335
23.3 -0.022491011158 -0.001569989017 0.704027607099 -0.226551827744 -0.879146836730 0.414011275720 -0.066104253944
23.4 -0.027515176993 -0.002040529135 0.704721915365 -0.211996207612 -0.883791077319 0.412747251521 -0.060088650942
23.5 -0.033073322182 -0.004265272361 0.696185136514 -0.222310390771 -0.884054433320 0.405671627878 -0.066756118956
23.6 -0.035856984382 -0.004938385296 0.696714259618 -0.227397705209 -0.880871788688 0.411933812304 -0.051630512686
23.7 -0.036424419791 -0.013979796635 0.690353726366 -0.221575285398 -0.890149409008 0.395062812653 -0.049636645770
23.8 -0.039995058815 -0.019017356251 0.691026071363 -0.225677921623 -0.894886855939 0.379278964681 -0.066290706060
23.9 -0.038890946875 -0.024801293835 0.690149038699 -0.231732439331 -0.885773771855 0.396941426402 -0.064361523143
24.0 -0.044731281677 -0.029386905399 0.700872474527 -0.243713177196 -0.888327824431 0.384605124686 -0.059636076893
24.1 -0.045475274517 -0.035594173818 0.686578966824 -0.241583088082 -0.892076667393 0.379595904590 -0.041758595105
24.2 -0.049159492423 -0.039675114263 0.692781443503 -0.239717043269 -0.893004145966 0.374146765723 -0.071368985930
24.3 -0.047010388018 -0.048566756159 0.687475298992 -0.232593816729 -0.907039738260 0.345649589626 -0.060871921515
24.4 -0.048136605964 -0.057987491444 0.689480432006 0.238528586074 0.913971408165 -0.312828495415 0.099492266724
24.5 -0.039421095299 -0.061570899879 0.668076730132 -0.207359178356 -0.909133286626 0.355988912922 -0.061243221483
24.6 -0.039238624795 -0.061562458190 0.677196257282 -0.195752864540 -0.905531057827 0.369421943142 -0.072261658305
24.7 -0.036462663952 -0.069729000052 0.679227983111 -0.213622850674 -0.909264547566 0.353460272296 -0.051663295660
24.8 -0.032631285401 -0.071005146879 0.685442495757 -0.204756630428 -0.904150528799 0.369793014654 -0.061965069857
24.9 -0.029324692970 -0.082246018009 0.684227023173 0.220271007767 0.918810782840 -0.316830399034 0.082981484213
25.0 -0.022462673670 -0.093868181402 0.680288813574 0.209054596808 0.930613071971 -0.292239960908 0.069651210171
25.1 -0.013942709609 -0.094713042429 0.679623825851 -0.178316118417 -0.922732295150 0.337956843648 -0.050533604966
25.2 -0.009692906967 -0.101920742729 0.678728860745 0.172558336151 0.929071608109 -0.323714049801 0.047526640875
25.3 -0.005569153266 -0.105461872899 0.680157220699 -0.143479868207 -0.929053787914 0.338768186958 -0.038842014453
25.4 -0.005605025942 -0.112211131716 0.690696111901 -0.154137598478 -0.930087821817 0.332560839281 -0.024114987450
25.5 -0.003258454904 -0.109365941488 0.685854738100 -0.148570035420 -0.931079072354 0.329877184008 -0.046901482605
25.6 0.000056287936 -0.109565312529 0.737536233955 0.177438659069 0.920321628190 -0.345805707646 0.044068532017
25.7 0.008808074722 -0.092357242182 0.709291659580 0.174466386699 0.918718388058 -0.352970931097 0.030488115001
25.8 0.020308089413 -0.082521970902 0.727924186235 0.162822073327 0.919011537749 -0.357881019926 0.028773972583
25.9 0.026924892810 -0.072396580087 0.705344271142 -0.160189971490 -0.906055953506 0.389642422590 -0.039756316075
26.0 0.042022847792 -0.076842482760 0.738736017258 -0.132912884982 -0.914873179258 0.381152432014 -0.008003402395
26.1 0.046184148872 -0.074290792652 0.717072085447 -0.128431519393 -0.920621510915 0.368239591901 -0.018999511134
26.2 0.047725044523 -0.071077488107 0.707160750933 -0.114147405114 -0.924469427543 0.362215629566 -0.033563151562
26.3 0.049228401052 -0.070324311174 0.707574616141 0.104826687305 0.923858608469 -0.366685938619 0.032218932402
26.4 0.049185916215 -0.071156984630 0.724763604071 0.107239675120 0.932259811252 -0.342467509134 0.045905354731
26.5 0.052734660768 -0.067824732932 0.748886220265 -0.104750498649 -0.926456236539 0.357080835233 -0.056563697898
26.6 0.057154323850 -0.063033765726 0.725185288724 -0.091108728866 -0.922592306544 0.373752498053 -0.028839307027
26.7 0.055220842319 -0.059136122978 0.708652781793 0.078914647622 0.934546262041 -0.341045822898 0.063902340957
26.8 0.059803351192 -0.065049021546 0.767112760600 0.078357888229 0.941283145916 -0.323525583098 0.056367345586
26.9 0.070862846715 -0.058499335119 0.773551357222 -0.056009994991 -0.942115968417 0.330528850567 0.005573280669
27.0 0.068520812310 -0.047863487792 0.717386173607 -0.050297846775 -0.938984378493 0.337791223627 -0.040933516786
27.1 0.070655173151 -0.040122950352 0.726807697948 -0.035172862023 -0.946496332626 0.316682567477 -0.051183137446
27.2 0.077411824853 -0.034360081003 0.766922765503 0.020778939071 0.928127481293 -0.368635951001 0.047488417426
27.3 0.081972122019 -0.029018527999 0.765331562945 -0.026020230973 -0.952486103041 0.300950272694 -0.039014157170
27.4 0.086125607676 -0.021332133504 0.764131059163 0.015555915177 0.932223727774 -0.360400365930 0.028783869014
27.5 0.084075767929 -0.015762551601 0.754025601700 0.012216434663 -0.929389768026 0.368100362981 -0.024239236484
27.6 0.075468918062 -0.020230343930 0.771268467454 -0.002593138451 0.923216753057 -0.381759458395 0.043861354668
27.7 0.068857523889 -0.028375404877 0.740996712112 -0.019336653269 0.953816137742 -0.293764579850 0.059692887762
27.8 0.065629441537 -0.037468801763 0.760188757037 -0.018227327307 0.953054391311 -0.297629973323 0.052644949638
27.9 0.066394903739 -0.037504051631 0.762737620802 -0.038298942163 0.936529048877 -0.345104128818 0.048473414470
28.0 0.064424595534 -0.042479492629 0.773667937509 -0.029749220747 0.940350965051 -0.333708106002 0.059109613265
28.1 0.066440848027 -0.046681960364 0.763799836437 -0.040316250342 0.946721929563 -0.316136856072 0.046364601538
28.2 0.065340747815 -0.048998954662 0.772161224908 -0.041246664024 0.949924718963 -0.307041570183 0.040831546492
28.3 0.064021010836 -0.050601502573 0.748322774480 -0.056070119038 0.957549636078 -0.277967788300 0.051853108540
28.4 0.068406636569 -0.048364930050 0.773630667422 -0.054772651479 0.943294793808 -0.322600100452 0.055893325300
28.5 0.068160349374 -0.043768890738 0.745436624135 -0.062766435086 0.957184262910 -0.278881538050 0.045648101807
28.6 0.064439122978 -0.032444093627 0.750613426004 -0.065379395804 0.942598607151 -0.321810916051 0.060589889522
28.7 0.062244261525 -0.024371917530 0.771606586051 -0.066195688899 0.932281295937 -0.351178118436 0.056068218713
28.8 0.059745291199 -0.025386874829 0.787134472321 -0.079211765077 0.935670444255 -0.339008046493 0.057618230052
28.9 0.052394313678 -0.024453792870 0.776346298061 -0.066336147305 0.909549848601 -0.408417624908 0.038905425527
29.0 0.040708150366 -0.024656454398 0.763371126674 -0.076685526555 0.907516959457 -0.411084979034 0.039261155450
29.1 0.034964537024 -0.031513620702 0.767170259403 -0.079352732100 0.938846178564 -0.327019585736 0.073001283882
29.2 0.031253822528 -0.033937157291 0.771951716159 -0.086921520610 0.934856702939 -0.336535107511 0.072330599586
29.3 0.028025660510 -0.030958046438 0.772173815942 -0.086356576298 0.925080521417 -0.361713156212 0.077020537831
29.4 0.029765746660 -0.030719675715 0.769996878102 -0.100009198833 0.933362323384 -0.337767900523 0.068889613236
29.5 0.033461662825 -0.032518795943 0.797491133146 -0.090291382317 0.922097325295 -0.372767461167 0.051268010084
29.6 0.037248153580 -0.035107781586 0.763621309716 -0.098353965589 0.928423899155 -0.348602164988 0.082656466748
29.7 0.041030773306 -0.037067484755 0.774235221457 -0.108088764742 0.927378978239 -0.351893720832 0.066752220155
29.8 0.042922353075 -0.041200051997 0.799974516421 -0.112661195771 0.927141984086 -0.348223726340 0.080345707580
29.9 0.047805641814 -0.035009489579 0.760531035274 -0.114354712175 0.911070997614 -0.391599129097 0.059352836495
30.0 0.058244780940 -0.033370534712 0.784142595075 -0.140155514513 0.923186338027 -0.350681736858 0.071454436298
30.1 0.063970256085 -0.023385478023 0.769586364650 -0.155192796555 0.913244703634 -0.370134286497 0.069999408145
30.2 0.069623478229 -0.020615531891 0.786082413838 -0.152703896573 0.920630722423 -0.350905708414 0.077367801476
30.3 0.073400535777 -0.020559539561 0.769978127237 0.175278073902 -0.913344359374 0.355734129017 -0.092373737945
30.4 0.075343127482 -0.026043400457 0.774096573765 -0.174033616979 0.919853359238 -0.342595842428 0.078804735964
30.5 0.069908643982 -0.025376967624 0.763352699611 -0.182126054166 0.908048343277 -0.370986278598 0.068172485342
30.6 0.061210717047 -0.027099501323 0.764321993170 -0.184451811720 0.900131584654 -0.389322253732 0.064566571934
30.7 0.049104077904 -0.033658529761 0.766808481926 -0.182975379307 0.906333159140 -0.371770229554 0.082868037435
30.8 0.036681349272 -0.027793517490 0.759840821584 -0.202624542111 0.900765490042 -0.371523943701 0.097646229522
30.9 0.029392345123 -0.034164195748 0.768676645964 -0.184926476298 0.901140090527 -0.375982703529 0.111291249683
31.0 0.022262798691 -0.034830779899 0.765051049596 -0.213366350515 0.898304964853 -0.366542043918 0.114760274612
31.1 0.016906804017 -0.044892352896 0.754282351022 -0.201854521972 0.903835798686 -0.358676017488 0.116991946097
31.2 0.017954328178 -0.051096933208 0.747605768115 -0.213818644459 0.904486437771 -0.349625602611 0.118100843220
31.3 0.025025850998 -0.060699868423 0.727944532149 -0.214577260187 0.918252157968 -0.319349847900 0.093729656161
31.4 0.031074588017 -0.065297251480 0.736556630551 -0.238535388131 0.902906473200 -0.339413054276 0.112514656157
31.5 0.036024746626 -0.065848343532 0.743415992610 -0.241009260481 0.898183718913 -0.351412323000 0.108119945824
31.6 0.040571942381 -0.057654735772 0.746909441127 -0.265514753274 0.890789438536 -0.351007505256 0.113092100700
31.7 0.051786170180 -0.051811198392 0.786623771750 -0.269725964806 0.891008180523 -0.347894336147 0.111003860421
31.8 0.055842481821 -0.037939322438 0.735583266859 -0.246792348422 0.886006305585 -0.375626765069 0.113977614413
31.9 0.055143131557 -0.039141185259 0.731208747404 -0.235790252413 0.887810962671 -0.377661574802 0.116474831382
32.0 0.052415433366 -0.036903504495 0.735907291787 -0.261578590099 0.883768497983 -0.376562724001 0.093436599190
32.1 0.047767583202 -0.040490215693 0.747365759498 -0.264946024587 0.882468808557 -0.370553494136 0.117228469082
32.2 0.045468069399 -0.039834935235 0.732675417613 -0.253790291316 0.880826619140 -0.381941375689 0.117710409843
32.3 0.046143086512 -0.038516350837 0.729748626182 -0.258075999370 0.882410379871 -0.377347265605 0.111165377642
32.4 0.048343666078 -0.037133772599 0.725045832553 -0.270067258354 0.878682877764 -0.374901357355 0.120120974615
32.5 0.053049454094 -0.037393046831 0.726630854661 -0.270798817191 0.878966465364 -0.376248567070 0.111906072897
32.6 0.057372228858 -0.037007293103 0.730656552138 -0.275085493835 0.876418440314 -0.378461018456 0.113955895274
32.7 0.060407451468 -0.032689716707 0.751656861471 -0.293165050936 0.877056568715 -0.365410299427 0.106307766679
32.8 0.061923583205 -0.030626620763 0.733069040657 -0.269206693187 0.874628963764 -0.384453531600 0.121438931681
32.9 0.063330211247 -0.026786451835 0.717987388805 -0.277276447343 0.875258042333 -0.381751963490 0.106332353741
33.0 0.066175698853 -0.027647932323 0.725582656568 -0.271822933854 0.878188480920 -0.376654545923 0.114143057805
33.1 0.067207312120 -0.027728993754 0.731690842152 -0.276911925739 0.874343228493 -0.381958484025 0.113804308587
33.2 0.065624320643 -0.028223619952 0.734210041148 -0.283069782081 0.879042282092 -0.367304993402 0.110649024342
33.3 0.063724303187 -0.027570948191 0.724688889505 -0.278078945304 0.876084842911 -0.376303561533 0.116374729983
33.4 0.062512267996 -0.027670603362 0.718067502792 -0.285138089868 0.873584492119 -0.379104211587 0.108749260199
33.5 0.060091401136 -0.030171257169 0.731946926013 -0.288201277788 0.874877168414 -0.374624418105 0.105766294392
33.6 0.055572684821 -0.031799782416 0.720688978422 -0.278988394978 0.873167924229 -0.384559799140 0.108889909776
33.7 0.050147306426 -0.032484510499 0.723821895767 -0.287202343948 0.873596174018 -0.377115214505 0.110130165535
33.8 0.045519728354 -0.033992003400 0.723943446538 -0.278001160885 0.872650938667 -0.383743716973 0.118052757162
33.9 0.042732969975 -0.040585342694 0.739248225749 -0.288784909905 0.871947907621 -0.374841811438 0.125712921391
34.0 0.042432054496 -0.047967783625 0.749478553719 -0.300899068657 0.880155433613 -0.350189247181 0.110243613519
34.1 0.046323609263 -0.050363890190 0.727750374636 -0.298309565509 0.879259801559 -0.354880345671 0.109423693713
34.2 0.050054835817 -0.052091760577 0.723095155015 -0.305318977454 0.877495110499 -0.350600027378 0.117738158039
34.3 0.058309052016 -0.060211436040 0.747349620202 -0.306550982004 0.889889543823 -0.325821037590 0.089239826815
34.4 0.058383377575 -0.059725100416 0.711630550688 -0.296832840175 0.876400136197 -0.361776221151 0.113714695961
34.5 0.061086281597 -0.062390867634 0.755396172387 -0.320124872688 0.894696701540 -0.300799616004 0.080978201709
34.6 0.055067686743 -0.054904314548 0.753685560269 -0.315111225395 0.897844376235 -0.298271543322 0.074929821423
34.7 0.049491320808 -0.047564372211 0.754377881494 -0.301646281821 0.899480762037 -0.309698199325 0.063489406394
34.8 0.035998382890 -0.036784392963 0.734422966349 -0.308650897831 0.868160574708 -0.369062319213 0.121757317350
34.9 0.029656050591 -0.040737260364 0.738776836486 -0.320387039340 0.870957631796 -0.352513578273 0.120495335065
35.0 0.025695243562 -0.043611920023 0.743691032673 -0.312287708889 0.862931045803 -0.372264764623 0.138727582284
35.1 0.022915877413 -0.050148363982 0.749523452152 -0.312323232613 0.868496218549 -0.359776839164 0.136854458231
35.2 0.018268053285 -0.050175459899 0.731787333714 -0.320022801618 0.863098209708 -0.366230642794 0.136095566138
35.3 0.017190054615 -0.050745246480 0.749518265326 -0.324788936059 0.870105437293 -0.350833614490 0.119768317806
35.4 0.015890950912 -0.046815082484 0.743243649661 -0.316196850654 0.863858777674 -0.367842957963 0.135864352015
35.5 0.019078041587 -0.045073585153 0.756334560938 -0.323486803314 0.864055865739 -0.362435590324 0.131924947721
35.6 0.025021013335 -0.040396321861 0.749513784794 -0.323402517440 0.858745409848 -0.375194925689 0.131133140418
35.7 0.030219757647 -0.039582494253 0.749967127994 -0.327052974476 0.860303000356 -0.369145227345 0.129022868492
35.8 0.034391427368 -0.038053949356 0.746451962747 -0.330801326405 0.860298385527 -0.367067660267 0.125373454506
35.9 0.036579227997 -0.039740153906 0.764325217268 -0.349154325144 0.869300703551 -0.333421484275 0.106007819821
36.0 0.033213900437 -0.035993905442 0.746142608696 -0.338341756331 0.862706349449 -0.356672380459 0.118521827359
36.1 0.027802546456 -0.035007193348 0.763051772259 -0.353943494275 0.869380071668 -0.328531249398 0.104735438207
36.2 0.021551364658 -0.033163426329 0.767514257312 -0.360108448062 0.869863308663 -0.322568285864 0.098027704410
36.3 0.014840617994 -0.031381259496 0.775559867276 -0.354957973959 0.871791836174 -0.320160170958 0.107150809770
36.4 0.008814594039 -0.027024007053 0.763987321709 -0.330606066596 0.855267046421 -0.377365283235 0.129666306511
36.5 0.006235136672 -0.032531983260 0.775142203710 -0.343396659019 0.861168837347 -0.354400246181 0.121932086278
36.6 0.016491325737 -0.044760772182 0.758977261827 -0.347308334100 0.896318918289 -0.268835245919 0.060966616545
36.7 0.012231921681 -0.041812015099 0.757929776733 -0.342209125152 0.862357751734 -0.351611938055 0.124904234130
36.8 0.015446860950 -0.051655404411 0.795370809487 -0.359757860703 0.882657651546 -0.288687741019 0.090272587288
36.9 0.016366767989 -0.055583252938 0.764614377027 -0.349361800335 0.869653033606 -0.328820277868 0.116306313108
37.0 0.020730011720 -0.057238247469 0.768931474447 -0.349914987279 0.868443352840 -0.330862499528 0.117879815882
37.1 0.023786628646 -0.055099558995 0.757638385367 -0.345636220756 0.866067889218 -0.341894628762 0.116490673409
37.2 0.027905168590 -0.058092566057 0.777162325109 -0.363566102796 0.874126320199 -0.305022502514 0.103364104953
37.3 0.031112300739 -0.058715579578 0.755375422834 -0.351969465214 0.874627065197 -0.314164276716 0.111560744070
37.4 0.034589490142 -0.064450674116 0.767170176507 -0.348458234382 0.866662414682 -0.336252642681 0.120030321830
37.5 0.028257700203 -0.068070441243 0.778260636449 -0.364923498107 0.865625895209 -0.323723307387 0.112808999323
37.6 0.020587218207 -0.069765913391 0.766505690483 -0.355400799937 0.867898627588 -0.324827007504 0.122186983068
37.7 0.018249820900 -0.070993723464 0.766772891006 -0.349972286088 0.868868757310 -0.328871091407 0.120126128625
37.8 0.018274792411 -0.068149187818 0.761739834883 -0.352763553903 0.869247679183 -0.325037286908 0.119654124005
37.9 0.016236803179 -0.066506599576 0.767503030095 -0.360025773968 0.865814960642 -0.326383963436 0.119245144214
38.0 0.014772620221 -0.063881944615 0.782430159570 -0.354630632068 0.867263158968 -0.326560146571 0.124298827699
38.1 0.013260091633 -0.058891200787 0.765905818443 -0.358753170794 0.860702308566 -0.341309042282 0.118303998796
38.2 0.010853769908 -0.064622352109 0.775455945730 -0.354045074353 0.866214589628 -0.330296798933 0.123403381872
38.3 0.010342437337 -0.064220550707 0.762398487642 -0.356604259499 0.865752167645 -0.328764441794 0.123371504561
38.4 0.018401727862 -0.070921690741 0.793901992162 -0.373094800647 0.881248614943 -0.278950715676 0.079922754055
38.5 0.019002559273 -0.066839770774 0.762878527984 -0.361963420738 0.866510666242 -0.324840007598 0.112341963668
38.6 0.024009590512 -0.066647385753 0.791376764597 -0.357443389651 0.866520578617 -0.322316142232 0.132244525347
38.7 0.027466609755 -0.061315387364 0.792309487397 -0.360386217172 0.864963644083 -0.327836999894 0.120343551500
38.8 0.034136449874 -0.055836304356 0.837548680568 -0.401595259754 0.877537442256 -0.246684617888 0.088294870068
38.9 0.032295154534 -0.045470202925 0.824870647217 -0.383207013650 0.869553243699 -0.296864669653 0.094344628746
39.0 0.028307573419 -0.034797483575 0.768818419325 -0.375384159272 0.865427048274 -0.318276440773 0.093930103435
39.1 0.022325932332 -0.031961992569 0.782414332029 -0.364651079043 0.856728483028 -0.348678832704 0.107093270311
39.2 0.022977166139 -0.029469798858 0.803068567040 -0.382354439570 0.877135131838 -0.280502427137 0.075877739867
39.3 0.017232235362 -0.025921320419 0.801728428843 -0.371671932332 0.855854946131 -0.341500585962 0.112914284689
39.4 0.015647601171 -0.024927103947 0.789296121123 -0.365201991303 0.853215847736 -0.357544916587 0.103980071858
39.5 0.017132616724 -0.023039054105 0.778733789464 -0.373505711021 0.851971340034 -0.354357130897 0.095233100221
39.6 0.000000000000 0.000000000000 0.000000000000 0.000000000000 0.000000000000 0.000000000000 0.000000000000
39.7 0.038914017037 -0.040794372241 0.774926986066 -0.404308988703 0.876022179919 -0.253674937811 0.069053659361
39.8 0.037548793079 -0.043549270446 0.785424282100 -0.382905156528 0.861765970420 -0.320752726071 0.088660825900
39.9 0.036842497156 -0.044717060292 0.784981911032 -0.386116628698 0.858567887846 -0.323387588067 0.095893685334
40.0 0.038469202967 -0.043851251305 0.776078102718 -0.386903446749 0.859104574089 -0.322098749695 0.092181609432
40.1 0.038262726723 -0.047965334267 0.790953985949 -0.385089378706 0.854358968940 -0.333154012286 0.103852427499
40.2 0.036750864178 -0.047777919282 0.773558500067 -0.388314615361 0.860719632103 -0.314665457466 0.096742567095
40.3 0.035447841606 -0.050256453055 0.792441528663 -0.397742993540 0.860850365252 -0.305111309647 0.087431392882
40.4 0.032983480580 -0.050754300195 0.786923317400 -0.388526619625 0.862403882762 -0.311924995362 0.089495285393
40.5 0.034867870244 -0.051973090759 0.788972597948 -0.402841691943 0.855145650656 -0.312548584096 0.093583492007
40.6 0.036768235493 -0.051860396842 0.773962646507 -0.394091184783 0.857021091598 -0.316977841346 0.098651075653
40.7 0.040185528800 -0.049317752858 0.777585921418 -0.401367681316 0.856752179316 -0.307212522686 0.102470256838
40.8 0.046892376150 -0.045142122264 0.802323337671 -0.407709007166 0.856409585137 -0.298176121863 0.106897092160
40.9 0.054096695311 -0.039937130746 0.821801554600 -0.416076365026 0.855788903008 -0.296294265243 0.081948278436
41.0 0.057259282298 -0.040208563453 0.824307136067 -0.414721199722 0.869965408074 -0.257258582159 0.070601254676
41.1 0.054544169372 -0.039675814490 0.777977142029 -0.406871985228 0.857640232014 -0.303814611306 0.081271778770
41.2 0.050246240161 -0.037436794848 0.777727882798 -0.402378007967 0.857692147722 -0.308475057803 0.085435690160
41.3 0.044942334736 -0.038029184133 0.790758471601 -0.411581852508 0.861332971677 -0.282945497956 0.092993202842
41.4 0.039535149473 -0.040829280562 0.777559807357 -0.400361190304 0.857022448217 -0.309670674638 0.096579054772
41.5 0.032462216133 -0.041254191888 0.773006739330 0.394736941303 -0.859439434344 0.310872533758 -0.094365637919
41.6 0.031818892605 -0.042197137036 0.781642280038 -0.411746114275 0.852043705765 -0.303748625628 0.110559636732
41.7 0.028591478145 -0.048825858095 0.810570529851 -0.412508316650 0.855872880500 -0.292789602115 0.107669633660
41.8 0.026435891352 -0.048510506768 0.808702616599 -0.408035755388 0.858367077955 -0.294863605121 0.098834387656
41.9 0.025402044306 -0.042990284929 0.774352851801 -0.408960349764 0.850118219741 -0.315825545785 0.101511917595
42.0 0.023313903962 -0.043779244467 0.776318197590 -0.406182776343 0.855822084836 -0.305145070838 0.097316992615
42.1 0.022257943055 -0.046264086914 0.803809323307 -0.415352237066 0.858439117395 -0.284267288807 0.098777069222
42.2 0.016653602936 -0.039826496125 0.782210521133 -0.404517886102 0.855778394921 -0.305838391911 0.102330331004
42.3 0.017153509454 -0.041080199982 0.793184574977 -0.413655683647 0.854530893352 -0.298713113399 0.097141152850
42.4 0.019570698830 -0.041648809759 0.798606051374 -0.408111678108 0.852473208936 -0.308992008711 0.106104782130
42.5 0.021829747297 -0.043014888315 0.786742664353 -0.418660261912 0.851240669568 -0.298633185327 0.104552035802
42.6 0.016674778589 -0.044564894033 0.795684935775 -0.403192392227 0.857114696581 -0.302160367625 0.107188637419
42.7 0.010182962660 -0.048669208871 0.790773434567 -0.406984195700 0.851669104826 -0.306703131549 0.122297953513
42.8 0.010028426330 -0.051279466795 0.776507590187 -0.406146909325 0.853689270259 -0.308135941528 0.106355815211
42.9 0.009955098885 -0.051625191103 0.775654869693 -0.405186845933 0.854142018847 -0.307628135824 0.107842299553
43.0 0.011038746659 -0.047905488153 0.787928915366 -0.410904264986 0.853047784109 -0.299510777125 0.117304976148
43.1 0.012803585323 -0.049467121845 0.825102650886 -0.414576138357 0.857948588977 -0.284473282295 0.105478888116
43.2 0.007387862713 -0.053558164553 0.790230600852 -0.406454237027 0.850865113887 -0.314071347869 0.110375267249
43.3 0.005779862226 -0.055917752209 0.779364034876 -0.405166210821 0.854669252306 -0.303308541944 0.115692433441
43.4 0.001863892094 -0.057318522132 0.802235406467 -0.406058205864 0.855267936856 -0.300988896698 0.114189201338
43.5 -0.006624121492 -0.075538164399 0.875453345223 -0.433602566772 0.855975759751 -0.247275385507 0.134718953865
43.6 0.000000000000 0.000000000000 0.000000000000 0.000000000000 0.000000000000 0.000000000000 0.000000000000
43.7 -0.009993290416 -0.106855809065 0.831336712677 -0.424773613128 0.856915487227 -0.258334596128 0.136111945783
43.8 -0.008977865694 -0.109049536275 0.810409679819 -0.399399398034 0.873514669705 -0.249413152799 0.123471947708
43.9 -0.009226906275 -0.097952076285 0.776776464588 -0.390977935100 0.864117134688 -0.285358435419 0.137870936525
44.0 -0.010179865351 -0.102167656171 0.820596227602 -0.401983731033 0.869947889335 -0.257768705233 0.123105826140
44.1 -0.003929418060 -0.089166552727 0.805226736959 -0.423718767339 0.862069188264 -0.260062429694 0.098319141125
44.2 -0.002396156930 -0.075069155182 0.815402100739 -0.409179696693 0.867607044683 -0.261997363187 0.105770381082
44.3 -0.003325060932 -0.069857198319 0.805198211280 -0.399468028414 0.856387489419 -0.299151546258 0.132416443892
44.4 -0.002301525044 -0.066483052633 0.796106702852 -0.405776604691 0.859114362194 -0.285021467013 0.126612096969
44.5 -0.000713668071 -0.060974120284 0.806704058525 -0.404255280091 0.855830042700 -0.299923228349 0.119074193795
44.6 0.000722607080 -0.059161835978 0.834851713987 -0.408950818882 0.860993167821 -0.280033366228 0.114154748041
44.7 0.000447261565 -0.050885940208 0.825004428564 -0.420106113881 0.863534879947 -0.260887310072 0.098773354896
44.8 -0.002369287489 -0.044734131336 0.841059456362 -0.403503860862 0.859744411009 -0.289961108441 0.118096306464
44.9 -0.002634346197 -0.036651736357 0.815379476639 -0.412645862890 0.854231211804 -0.293057593100 0.118868312625
45.0 -0.002286411190 -0.029728402515 0.855539596507 -0.409678071797 0.849817623042 -0.310092414532 0.117543947123
45.1 0.001677438236 -0.016731987584 0.831764075433 -0.413533915222 0.844912099018 -0.312608334320 0.131868401094
45.2 0.009977114988 -0.005740462413 0.808631790060 -0.415096312791 0.847338149213 -0.316819239847 0.096636852487
45.3 0.014284764621 -0.000323660489 0.802901200762 -0.422124644287 0.838865012923 -0.327419689595 0.104463494321
45.4 0.015922445156 0.005094311480 0.820089154670 -0.427413452718 0.834469839247 -0.326673522848 0.119424609244
45.5 0.019810818397 0.014957294472 0.849012634595 -0.451773864050 0.835580149871 -0.290473035895 0.115462566757
45.6 0.026841269691 0.021035047485 0.781843730175 -0.439456518600 0.830426657371 -0.330828970773 0.088440528523
45.7 0.030265387977 0.026382026816 0.783627991987 -0.449562960567 0.826524178213 -0.326966945996 0.088563782340
45.8 0.035020262462 0.021236948537 0.844135261163 -0.456827712902 0.843331101497 -0.272229264721 0.077410085921
45.9 0.034078127481 0.014799995311 0.792076633410 -0.454536013476 0.836893608733 -0.292223299364 0.087244732926
46.0 0.034463021209 0.012976704267 0.767940800546 -0.466314260587 0.828731119367 -0.297249125719 0.086015692896
46.1 0.033195442807 0.008448880609 0.762195122583 -0.464767944166 0.828453453538 -0.296979570048 0.097256199653
46.2 0.032531458553 0.008342915997 0.783857019961 -0.466838629105 0.832937238290 -0.282059365140 0.093379687201
46.3 0.029189662301 0.015482015432 0.778568238252 -0.494068818797 0.829366222090 -0.246553150156 0.085201033425
46.4 0.026309948146 0.016519063036 0.761641251540 -0.476215701480 0.821398162450 -0.299665478600 0.093403775747
46.5 0.028890204870 0.020990124454 0.783760001073 -0.483142078063 0.820582046032 -0.287539007772 0.102665267468
46.6 0.029911445455 0.022051086326 0.744728023491 -0.480908803371 0.820253934339 -0.293497982642 0.098838961081
46.7 0.034082489724 0.017565430186 0.769631842198 -0.472568450027 0.833479349289 -0.275690245949 0.077370037068
46.8 0.031828490158 0.015265395326 0.759676391566 -0.491580919702 0.813412112633 -0.289786548584 0.112839224858
46.9 0.030917951067 0.009822546613 0.775139865236 -0.500888474299 0.815025715783 -0.271460919705 0.105606761152
47.0 0.034212980209 0.001073430846 0.776685115276 -0.481848516309 0.829351974906 -0.262230942713 0.105982270848
47.1 0.029476518513 0.004608441228 0.752335728971 -0.509473812616 0.800896121003 -0.286455872787 0.130172464707
47.2 0.029524078461 -0.001690691386 0.754731368346 -0.499893961605 0.812505101554 -0.269757740065 0.131042927222
47.3 0.021612260170 -0.001984101866 0.743008881446 -0.503375667271 0.802595247508 -0.288652309655 0.138324438936
47.4 0.020068479066 -0.007642396296 0.741899035519 -0.488460639660 0.810323498466 -0.286344710956 0.150959391377
47.5 0.023505830699 -0.009189222337 0.743939948922 -0.487383428693 0.811054260560 -0.290504384672 0.142322107729
47.6 0.025964328869 -0.010484412971 0.756687405462 -0.505253981379 0.823731095624 -0.232309150478 0.110534858781
47.7 0.023733604523 -0.013791816008 0.770390064692 -0.491446150056 0.799927294747 -0.297210184441 0.173962958641
47.8 0.023954738704 -0.019777871314 0.775359498041 -0.530560546107 0.793167184247 -0.258896479354 0.149545771342
47.9 0.025830151006 -0.027878106101 0.764205680681 -0.513402061045 0.799547520519 -0.265688743317 0.162946548970
48.0 0.031924058803 -0.039383253456 0.774624002430 -0.505335524058 0.820019368169 -0.227461936587 0.143057021351
48.1 0.027976034066 -0.030258015794 0.736293943120 -0.511205555454 0.795139877331 -0.278128848019 0.170486948036
48.2 0.028051430448 -0.027761107826 0.740269210746 -0.503631075799 0.805826960542 -0.261300162591 0.169472340466
48.3 0.025257635453 -0.019624763533 0.758760147482 -0.500671548753 0.801116601590 -0.276539409638 0.176255910094
48.4 0.027238179157 -0.016267509659 0.749312729425 -0.516221617458 0.795372814316 -0.274564655929 0.159723441081
48.5 0.040506453514 -0.029761558582 0.872332471960 -0.444667014921 0.848022435440 -0.263835844684 0.116274854945
48.6 0.000000000000 0.000000000000 0.000000000000 0.000000000000 0.000000000000 0.000000000000 0.000000000000
48.7 0.030998794967 -0.051683144446 0.759553777954 -0.505879175762 0.807600667095 -0.259102712235 0.157267945086
48.8 0.035905816532 -0.044200548754 0.784844813204 -0.531198243842 0.816514882540 -0.191070398566 0.120929628801
48.9 0.030784756496 -0.032883482286 0.769899178709 -0.514570913534 0.815388196536 -0.226121722589 0.138664452794
49.0 0.019015766397 -0.026254387046 0.741867946731 -0.484933946919 0.800425594893 -0.299853075356 0.185056930068
49.1 0.027777286535 -0.029003329844 0.754440242471 -0.473727437951 0.825145635424 -0.277274502071 0.133550909301
49.2 0.027160472351 -0.028642051902 0.742778853936 -0.485454306635 0.815419268612 -0.270105567636 0.162691471435
49.3 0.038873930168 -0.039710875711 0.774829567747 -0.497846969561 0.832123644263 -0.210520959108 0.124094969011
49.4 0.036023030104 -0.048560384997 0.772968686768 -0.486646727366 0.822979013846 -0.244562714848 0.161460781678
49.5 0.038705613896 -0.057076223299 0.784817893889 -0.483737580806 0.830476471069 -0.239446915945 0.137738732244
49.6 0.039069934027 -0.060388309953 0.771144523268 -0.477208035069 0.832869271639 -0.248584106179 0.129642623314
49.7 0.038694883723 -0.061632488940 0.754929017038 -0.473832779936 0.837777572805 -0.234407538511 0.136617499068
49.8 0.039357674543 -0.058899022381 0.780114405705 -0.482150924727 0.837462529555 -0.222108530314 0.129826030282
49.9 0.039768192723 -0.049709874355 0.769193204979 -0.478415432924 0.829434705038 -0.255526367990 0.133652605211
50.0 0.037895958408 -0.037839707215 0.747321836202 -0.476582797093 0.830240292817 -0.256236776347 0.133837992163
50.1 0.037609833665 -0.038768806494 0.755479660364 -0.481841301494 0.828158638754 -0.252990388143 0.134082410253
50.2 0.031792153647 -0.036833486267 0.748836345328 -0.477713416715 0.819897675754 -0.271463673446 0.160826511441
50.3 0.032556626575 -0.034680012358 0.769354803975 -0.482627980152 0.827339030141 -0.255153467735 0.132200869446
50.4 0.029882883411 -0.028878933538 0.739767733367 -0.501730620229 0.824756086122 -0.216856278127 0.144972886316
50.5 0.023760409919 -0.026088355257 0.774770847719 -0.494501558063 0.808688554148 -0.273652304009 0.163111765285
50.6 0.030118709709 -0.034572833804 0.769382890794 -0.489675126687 0.829842220799 -0.238819034652 0.120605255159
50.7 0.036767001982 -0.043127952117 0.783661764860 -0.483601182061 0.829705537379 -0.245456157032 0.132173722526
50.8 0.036201565004 -0.046090887172 0.770928749399 -0.473782183350 0.834279669254 -0.248638878501 0.132990918138
50.9 0.041655443765 -0.043714797840 0.761728976989 -0.486204831638 0.826312242336 -0.245919742545 0.142605820649
51.0 0.044068670415 -0.039579252715 0.745865368644 -0.480560487658 0.816659938295 -0.283526973411 0.147447001440
51.1 0.045059970138 -0.035517044710 0.764253674167 -0.472286065042 0.828053708311 -0.258536615635 0.156306581100
51.2 0.046648101645 -0.030156852354 0.766837610002 -0.476175061692 0.816768061219 -0.286228997612 0.155628421960
51.3 0.050820799770 -0.022628798779 0.763789456225 -0.474353563712 0.823759361079 -0.280909012142 0.132285065390
51.4 0.050328248259 -0.021737579601 0.758816433309 -0.479339720383 0.825513949398 -0.264967928535 0.136206272468
51.5 0.045651029204 -0.017691223627 0.754830511397 -0.490989706348 0.818678181185 -0.266270288916 0.133398939847
51.6 0.044740879334 -0.024608740491 0.806067393934 -0.472992309016 0.838539142787 -0.238900732647 0.126715514310
51.7 0.043245838686 -0.034442183716 0.790219808551 -0.472278050730 0.829761276508 -0.264538661103 0.135900565076
51.8 0.042545077968 -0.036725901505 0.763909357830 -0.467302173973 0.833287483004 -0.264667582878 0.131193442832
51.9 0.039468737704 -0.036139917808 0.765090963251 -0.469620330768 0.836441634031 -0.253249274009 0.125247526936
52.0 0.041061474278 -0.051846932289 0.832191032709 -0.466716950439 0.846739512855 -0.222141071580 0.125939786647
52.1 0.036808777229 -0.052531397020 0.763067235702 -0.457575721891 0.838028626595 -0.265586041237 0.133403652285
52.2 0.035834301055 -0.055623211226 0.765953710499 -0.459437682481 0.834714658436 -0.268245018438 0.142172659087
52.3 0.036410821071 -0.057834299098 0.768907748751 -0.445842916349 0.843716718242 -0.263649474457 0.140908296135
52.4 0.035263132356 -0.060054261123 0.772261480856 -0.443936126000 0.841157144224 -0.272125160381 0.146024901442
52.5 0.047610035292 -0.072514005400 0.886720336697 -0.399237243991 0.889361494987 -0.209196415629 0.076698200328
52.6 0.033200206009 -0.049518397344 0.769781804643 -0.451708931022 0.840704894391 -0.265120644657 0.137424037052
52.7 0.033179634021 -0.045549373533 0.797272443912 -0.458277757590 0.849557569503 -0.225869260990 0.131211698937
52.8 0.029988228028 -0.032983183661 0.761060866625 -0.462855991021 0.826642868194 -0.280720163864 0.153694793795
52.9 0.032097114729 -0.031702229571 0.781787724973 -0.454601918583 0.838718581322 -0.272016409890 0.126076602576
53.0 0.029203464898 -0.031294211778 0.763366583749 -0.453546680457 0.835926278407 -0.278255150143 0.134524113580
53.1 0.026721504495 -0.032600206903 0.773318605888 -0.447970496968 0.840792225434 -0.276932037474 0.125297701957
