0.0 0.000000000000 0.000000000000 0.000000000000 0.000000000000 0.000000000000 0.000000000000 0.000000000000
0.1 0.000000000000 0.000000000000 0.000000000000 0.000000000000 0.000000000000 0.000000000000 0.000000000000
0.2 0.000000000000 0.000000000000 0.000000000000 0.000000000000 0.000000000000 0.000000000000 0.000000000000
0.3 0.000000000000 0.000000000000 0.000000000000 0.000000000000 0.000000000000 0.000000000000 0.000000000000
0.4 0.000000000000 0.000000000000 0.000000000000 0.000000000000 0.000000000000 0.000000000000 0.000000000000
0.5 0.080080249013 -0.013239392523 0.686787053422 0.550871181263 -0.657710572256 0.426407633407 0.286590779630
0.6 0.069191368842 -0.007979806595 0.707978714421 0.582957003555 -0.677287131930 0.414683909329 0.171698946625
0.7 0.000000000000 0.000000000000 0.000000000000 0.000000000000 0.000000000000 0.000000000000 0.000000000000
0.8 0.061802337192 -0.002977109910 0.702752736143 0.576486888999 -0.669436977053 0.438144470236 0.165971153424
0.9 0.063835313649 -0.000604790084 0.703504840184 0.575885271488 -0.671367525802 0.429307269107 0.182529636149
1.0 0.069321627314 -0.001149767319 0.706259962847 0.580990395657 -0.671448155478 0.426470592721 0.172424963982
1.1 0.064270882078 0.004342444591 0.683014539753 0.615154085528 -0.662508937367 0.354098678514 0.239335506853
1.2 0.215264511936 0.003706041650 0.593326734272 0.109725004655 0.444758084597 -0.724023455820 0.515694391051
1.3 0.070526931600 0.001289630522 0.713699925674 0.590881170041 -0.661869250405 0.428656261982 0.170418154323
1.4 0.076383671948 0.003606318640 0.743431353364 0.599849998314 -0.655655586129 0.410670267444 0.204072691310
1.5 0.000000000000 0.000000000000 0.000000000000 0.000000000000 0.000000000000 0.000000000000 0.000000000000
1.6 0.083650394060 -0.016576509153 0.724719960119 0.597609259799 -0.548171815667 0.472182643529 0.345563864228
1.7 0.086918281457 0.009907818517 0.712610856305 0.597412609709 -0.650761603568 0.430762460071 0.184529705131
1.8 0.092320595120 0.012864038291 0.722460975187 0.596556421590 -0.655621755105 0.424023961850 0.185699299594
1.9 0.092078336091 0.008034529610 0.716000678960 0.607329547180 -0.650662810802 0.420564982474 0.175823272857
2.0 0.093186375976 0.008784703648 0.724660971918 0.614583982140 -0.651158226520 0.407800609212 0.178824372101
2.1 0.000000000000 0.000000000000 0.000000000000 0.000000000000 0.000000000000 0.000000000000 0.000000000000
2.2 0.000000000000 0.000000000000 0.000000000000 0.000000000000 0.000000000000 0.000000000000 0.000000000000
2.3 0.000000000000 0.000000000000 0.000000000000 0.000000000000 0.000000000000 0.000000000000 0.000000000000
2.4 0.000000000000 0.000000000000 0.000000000000 0.000000000000 0.000000000000 0.000000000000 0.000000000000
2.5 0.000000000000 0.000000000000 0.000000000000 0.000000000000 0.000000000000 0.000000000000 0.000000000000
2.6 0.000000000000 0.000000000000 0.000000000000 0.000000000000 0.000000000000 0.000000000000 0.000000000000
2.7 0.030015626793 -0.005432664680 0.512411981600 -0.657268223606 0.692543912697 0.294037420345 0.043856660398
2.8 0.000000000000 0.000000000000 0.000000000000 0.000000000000 0.000000000000 0.000000000000 0.000000000000
2.9 0.000000000000 0.000000000000 0.000000000000 0.000000000000 0.000000000000 0.000000000000 0.000000000000
3.0 0.101606338893 -0.021628085998 0.743526568004 0.619623758316 -0.653880714651 0.401046544856 0.166337241761
3.1 0.000000000000 0.000000000000 0.000000000000 0.000000000000 0.000000000000 0.000000000000 0.000000000000
3.2 0.000000000000 0.000000000000 0.000000000000 0.000000000000 0.000000000000 0.000000000000 0.000000000000
3.3 0.124463372220 -0.002624184568 0.777790821336 0.704794932056 -0.681987710803 0.155446898387 0.118292551938
3.4 0.000000000000 0.000000000000 0.000000000000 0.000000000000 0.000000000000 0.000000000000 0.000000000000
3.5 0.000000000000 0.000000000000 0.000000000000 0.000000000000 0.000000000000 0.000000000000 0.000000000000
3.6 0.000000000000 0.000000000000 0.000000000000 0.000000000000 0.000000000000 0.000000000000 0.000000000000
3.7 0.137162388169 0.003897791651 0.800069423303 0.718426364041 -0.644681284857 0.189922833596 0.179384831256
3.8 0.138409985101 -0.004266086563 0.807351544546 0.726087123614 -0.617089721924 0.221726120766 0.206966884762
3.9 0.141508298421 -0.003042236228 0.826260901462 0.730886631178 -0.625157325616 0.184118641769 0.202690345966
4.0 0.147380719961 -0.003673904918 0.805491649964 0.698071875596 -0.646447022741 0.243807480826 0.188042058019
4.1 0.000000000000 0.000000000000 0.000000000000 0.000000000000 0.000000000000 0.000000000000 0.000000000000
4.2 0.000000000000 0.000000000000 0.000000000000 0.000000000000 0.000000000000 0.000000000000 0.000000000000
4.3 0.000000000000 0.000000000000 0.000000000000 0.000000000000 0.000000000000 0.000000000000 0.000000000000
4.4 0.000000000000 0.000000000000 0.000000000000 0.000000000000 0.000000000000 0.000000000000 0.000000000000
4.5 0.000000000000 0.000000000000 0.000000000000 0.000000000000 0.000000000000 0.000000000000 0.000000000000
4.6 0.000000000000 0.000000000000 0.000000000000 0.000000000000 0.000000000000 0.000000000000 0.000000000000
4.7 0.000000000000 0.000000000000 0.000000000000 0.000000000000 0.000000000000 0.000000000000 0.000000000000
4.8 0.000000000000 0.000000000000 0.000000000000 0.000000000000 0.000000000000 0.000000000000 0.000000000000
4.9 0.000000000000 0.000000000000 0.000000000000 0.000000000000 0.000000000000 0.000000000000 0.000000000000
5.0 0.108145368975 0.012401910463 0.705894829535 0.591438868323 -0.634067258141 0.406936787652 0.287334696906
5.1 0.071241468270 0.015661510630 0.634120330136 0.661937651608 -0.627947853760 0.294211787526 0.284533763239
5.2 0.084608521072 0.009036292900 0.719123071215 0.685388210067 -0.618549290549 0.245358220621 0.295701065666
5.3 0.000000000000 0.000000000000 0.000000000000 0.000000000000 0.000000000000 0.000000000000 0.000000000000
5.4 0.083913939299 0.000595101438 0.728766620151 0.691461200015 -0.618353960879 0.226867370062 0.296733861129
5.5 0.087239507694 -0.000755207310 0.738265451899 0.673830233950 -0.640872820120 0.315768581048 0.188480894178
5.6 0.085961364616 -0.004126367599 0.724815096178 0.688969968127 -0.619444553224 0.273778760852 0.258174395722
5.7 0.083255475040 -0.003048359437 0.715189617000 0.680714060584 -0.615127630706 0.288173021586 0.274231061872
5.8 0.080292079547 0.000697246469 0.710336743536 0.698320590217 -0.610094554228 0.226305098509 0.298192874779
5.9 0.084572734904 0.000261029734 0.726579168926 0.677997723347 -0.636551300487 0.313796723796 0.191450111307
6.0 0.086408677784 0.001513171153 0.730747763888 0.675780217612 -0.634947148653 0.323777813073 0.187965804505
6.1 0.082173052079 0.004448438304 0.710107875753 0.706036683701 -0.610820062742 0.230491897443 0.274380278870
6.2 0.083375436617 0.007385067777 0.706950315825 0.696457791249 -0.604668222062 0.239156073083 0.303524725424
6.3 0.086282504682 0.011988462244 0.714189278569 0.698080423638 -0.605237916728 0.226600381462 0.308258095449
6.4 0.091247234332 0.012769865611 0.732515465766 0.678945427204 -0.630718116025 0.316160745754 0.203150554615
6.5 0.089309285403 0.011825038690 0.727159655025 0.701172466659 -0.617915360761 0.251137419351 0.251928115814
6.6 0.080175482109 0.015261824281 0.705188964105 0.701179807795 -0.596673116102 0.234395655437 0.312068496286
6.7 0.086723595919 0.016482406058 0.732246682856 0.671314415678 -0.632968371131 0.342201522806 0.177724827305
6.8 0.084731169227 0.015472267304 0.731971571848 0.692256348566 -0.616716763856 0.268015589491 0.261933626780
6.9 0.082884110718 0.012568466582 0.714033066379 0.702778923856 -0.605162128607 0.264764109132 0.264160081768
7.0 0.085116793348 0.015730248085 0.716127131941 0.696367667747 -0.620866453326 0.265005490659 0.243657563749
7.1 0.076841817431 0.014359590080 0.682654048584 0.696472754967 -0.610768584970 0.269875567381 0.262782448678
7.2 0.000000000000 0.000000000000 0.000000000000 0.000000000000 0.000000000000 0.000000000000 0.000000000000
7.3 0.078674921921 -0.004453446831 0.717736837829 0.651938906647 -0.643447443625 0.354007213789 0.188758951779
7.4 0.063954073293 -0.001385082631 0.670225011348 0.676205767777 -0.623954791649 0.273120753397 0.280769000544
7.5 0.063912959876 0.003055893434 0.697147615683 0.663028508081 -0.634039688089 0.263890458355 0.297907195934
7.6 0.063414044617 -0.003835572402 0.730228471549 0.678626469639 -0.618294299092 0.301789845956 0.257101464975
7.7 0.063437868822 -0.007069189148 0.733044284032 0.679208328604 -0.616844153821 0.312669545027 0.245798884994
7.8 0.063295185310 -0.005018150472 0.732710415684 0.678184351727 -0.619727398595 0.308954425819 0.246071329639
7.9 0.064613836514 -0.005909398147 0.738251055677 0.677578405227 -0.614845136425 0.313768326121 0.253776280428
8.0 0.060529287532 -0.005660801360 0.722537920162 0.676045375931 -0.621404434514 0.290952522427 0.268636944856
8.1 0.069370913230 -0.006166151493 0.778018183712 0.636801010943 -0.666120184984 0.330790843474 0.203336640800
8.2 0.065836321547 -0.019637246566 0.771481078991 0.664602963611 -0.630531346420 0.361265344155 0.173840366585
8.3 0.058052216897 -0.021927095751 0.762102808935 0.651995873910 -0.638521532805 0.359705102024 0.194432178732
8.4 0.052975084899 -0.022968485733 0.750108225956 0.671293628121 -0.618573903692 0.317374411972 0.256913746502
8.5 0.051854840334 -0.025186091988 0.747548497909 0.666527274507 -0.625600186440 0.315180129871 0.255004479957
8.6 0.053566253314 -0.027098779370 0.774441051029 0.641868132727 -0.641864671833 0.369873128113 0.198012404513
8.7 0.050271450330 -0.024453316419 0.768929873254 0.636492245597 -0.648674974203 0.370341049096 0.192213179807
8.8 0.044998838578 -0.019564954819 0.741786949370 0.667223161282 -0.625431612029 0.305999975292 0.264598879146
8.9 0.057964174723 -0.026098699311 0.789432416098 0.694836391461 -0.598245617284 0.339684912293 0.209567962395
9.0 0.057909771675 -0.011842028894 0.784791644085 0.649802653386 -0.645105209798 0.364363524201 0.169808722320
9.1 0.068047980387 -0.004893603129 0.787191815704 0.647411685476 -0.639749696385 0.359619118266 0.205554190574
9.2 0.073447004121 -0.003622725836 0.772249236351 0.658533367879 -0.623909676197 0.376018498491 0.188893112976
9.3 0.071631027194 -0.002144044202 0.734713204992 0.682186818112 -0.604744170913 0.317174987459 0.261353515896
9.4 0.074001497061 -0.000081618140 0.735547180743 0.689630404325 -0.592542413974 0.316388155141 0.270558548857
9.5 0.078475439057 0.002932516127 0.742068643753 0.687631444361 -0.596310168769 0.316708859905 0.266969431593
9.6 0.077915270083 0.006763897176 0.723317500417 0.688096130457 -0.590557560365 0.287137042905 0.308735812204
9.7 0.084233224278 0.006733813108 0.726084999998 0.687448267119 -0.597239138719 0.270342447290 0.312466402050
9.8 0.093239141712 0.002245274965 0.742279057962 0.697757020844 -0.589867976513 0.295108602918 0.279467033174
9.9 0.104725871269 0.007593567392 0.780919604298 0.693313357211 -0.602999866149 0.316356182363 0.235852742231
10.0 0.000000000000 0.000000000000 0.000000000002 0.554728097443 -0.483706466472 0.604869411509 0.304035832133
10.1 0.000000000000 0.000000000000 0.000000000000 0.000000000000 0.000000000000 0.000000000000 0.000000000000
10.2 0.000000000000 0.000000000000 0.000000000000 0.718430579034 -0.694176727126 0.041503071402 0.015927011303
10.3 0.000000000000 0.000000000000 0.000000000000 -0.692980426379 0.713363207312 -0.056878759996 0.087497827229
10.4 0.111797759355 0.035697126754 0.716484892980 0.732402525931 -0.623486775347 0.189437934453 0.197393135562
10.5 0.110003004596 0.043075576980 0.746505235319 0.757319815978 -0.598023460034 0.121619828759 0.232472051716
10.6 0.118438848270 0.031954144509 0.765790577398 0.732450317600 -0.572414786224 0.297308377128 0.217865953397
10.7 0.000000000000 0.000000000000 0.000000000000 0.000000000000 0.000000000000 0.000000000000 0.000000000000
10.8 0.110706459306 0.054575539622 0.721679526405 0.778563211283 -0.590024734365 0.147457671322 0.154810768495
10.9 0.106366148865 0.046807643711 0.737469457261 0.755448995913 -0.587872938426 0.206017472740 0.203123173879
11.0 0.095375024874 0.034877496592 0.696722800791 0.737416408743 -0.533415262395 0.277827080680 0.307404149618
11.1 0.095259972283 0.034651112690 0.719583957967 0.765569965628 -0.529559430315 0.204789487077 0.302540416268
11.2 0.000000000000 0.000000000000 0.000000000000 0.496198189402 -0.489399183359 0.683942980003 0.215633476682
11.3 0.088165023801 0.039519690101 0.749795879485 0.738784592852 -0.556433124351 0.301387125883 0.231830334170
11.4 0.086451192919 0.036140511460 0.746060093078 0.746132013483 -0.551052918229 0.300292323863 0.222378551114
11.5 0.092721095472 0.038389863114 0.778000234755 0.740130906342 -0.567020008387 0.274308732089 0.235476689007
11.6 0.090037773857 0.035069120362 0.764562871965 0.750174449841 -0.557126183917 0.278128057789 0.222471331794
11.7 0.089271398439 0.038214846657 0.762881397034 0.747552620312 -0.560728652534 0.275042019282 0.226053855800
11.8 0.000000000000 0.000000000000 0.000000000000 0.762235250163 -0.632558266755 0.101717359394 -0.092309486873
11.9 0.085967824951 0.043460390001 0.754231797584 0.743587394883 -0.547743916190 0.292404754252 0.248100479925
12.0 0.079317336976 0.039060150654 0.727410964504 0.767388994835 -0.523816210356 0.257767503338 0.265116243556
12.1 0.073391765016 0.036154204623 0.708095694229 0.760687667929 -0.507021359252 0.229117645678 0.334348198084
12.2 0.078039979146 0.033348603769 0.737111389222 0.762388109632 -0.531354127826 0.297118637467 0.219425787921
12.3 0.077544757306 0.035991073144 0.770836497115 0.768614480735 -0.537497184068 0.270637781903 0.216987898578
12.4 0.067608058216 0.032360052852 0.751163265152 0.769257165966 -0.532631050603 0.270904514366 0.226182051983
12.5 0.064851451463 0.028441876824 0.775310197437 0.771669551757 -0.536194115125 0.267587081064 0.213117638508
12.6 0.053925008589 0.022716921713 0.728108530466 0.778153803801 -0.520415705284 0.228773893111 0.267033063787
12.7 0.043698522660 0.013813774856 0.667967347659 0.778130670998 -0.491535829147 0.255953987420 0.295622637565
12.8 0.056046877143 0.021695140237 0.735646884946 0.768663770669 -0.532579687978 0.284830722933 0.210680665671
12.9 0.058883462441 0.024205513104 0.741964319062 0.771639853215 -0.523327353287 0.283613920982 0.224195365824
13.0 0.060847033790 0.026715442543 0.745368609300 0.776126864417 -0.522371939251 0.264665027594 0.233895426595
13.1 0.056758419390 0.028300088167 0.730235034382 0.771977870272 -0.529148942510 0.269556250760 0.226695814095
13.2 0.043976819323 0.019490310377 0.658141669211 0.783501887397 -0.482040809329 0.250166238608 0.301957453374
13.3 0.057287342413 0.025316256252 0.741280041983 0.785808148481 -0.509656785043 0.296260848765 0.187042841962
13.4 0.057779008485 0.029714451222 0.764888448655 0.801058861242 -0.494440680265 0.172514910343 0.289951237683
13.5 0.206466953239 0.085827409116 0.676864727883 0.174324491267 0.300008521040 -0.554851764541 0.756138465120
13.6 0.043353385702 0.023702384872 0.717389082199 0.795712023435 -0.502996057437 0.242062703481 0.235038272516
13.7 0.194888533838 0.084027310585 0.664379022836 0.187674665665 0.297940200626 -0.539308148666 0.764955278105
13.8 0.190211382726 0.083145816639 0.654692278898 0.185733629373 0.307908327601 -0.529250829444 0.768497911674
13.9 0.043719784942 0.017770028874 0.753092053479 0.814537902524 -0.479921158823 0.177613325028 0.273234685641
14.0 0.044652397961 0.019081188009 0.750933593492 0.809452685872 -0.484356121846 0.188543816749 0.273197228629
14.1 0.034727970074 0.021523213273 0.691003835204 0.794122575079 -0.473909009308 0.213631901680 0.314866634038
14.2 0.042834847991 0.023137949080 0.729867278933 0.807619237504 -0.459839391997 0.202588116103 0.308637256330
14.3 0.037198227818 0.023476115933 0.704753461220 0.796779112387 -0.460561278935 0.212780079388 0.328254462614
14.4 0.036329386557 0.020957306787 0.712561290796 0.792617778496 -0.506640207752 0.264931743376 0.211858274449
14.5 0.037610304919 0.018963387756 0.720230814219 0.795859104212 -0.506304336488 0.252368812201 0.215810536637
14.6 0.192715953608 0.081359050796 0.687449497866 0.183886373091 0.287626716653 -0.519844134702 0.783082849560
14.7 0.033048337325 0.007896963810 0.697837158516 0.806133766620 -0.456693822480 0.207050713805 0.314180051460
14.8 0.032929871155 0.007623251223 0.723530664322 0.801976820278 -0.503301093392 0.255251158489 0.195877602642
14.9 0.035160568788 0.005854287251 0.747169412999 0.804824017928 -0.497114862768 0.267393743280 0.183400380138
15.0 0.183304143136 0.075009559652 0.661853098713 0.195959312678 0.302391849415 -0.510816962730 0.780528761654
15.1 0.185158495937 0.078760528874 0.674626622289 0.185565990610 0.286880533682 -0.518828874814 0.783633473751
15.2 0.033340090577 0.013079685176 0.727181296388 0.805309532503 -0.498756994766 0.248932919564 0.201867329180
15.3 0.187769280277 0.082390639417 0.677706244707 0.176951325269 0.297398139582 -0.520442426264 0.780629397348
15.4 0.000000000000 0.000000000000 0.000000000000 0.000000000000 0.000000000000 0.000000000000 0.000000000000
15.5 0.187860237975 0.070412199370 0.682692306819 0.181732921155 0.298409598240 -0.526529978390 0.775042604573
15.6 0.000000000000 0.000000000000 0.000000000000 0.000000000000 0.000000000000 0.000000000000 0.000000000000
15.7 0.181349221434 0.073257945154 0.697171926427 0.187329825082 0.285555397815 -0.534788824051 0.772894924995
15.8 0.021298870951 0.015621071101 0.739357600341 0.788935020708 -0.519655146003 0.234481461243 0.229256421210
15.9 0.021687164370 0.012344880460 0.747143557921 0.792470542233 -0.520793370558 0.232975216874 0.215609028566
16.0 0.024877926872 0.008273300793 0.760019854257 0.802626251881 -0.508958594405 0.204650009851 0.234244791706
16.1 0.026737421605 0.011921289332 0.754765486264 0.792890768049 -0.519279072687 0.247946457106 0.200489473590
16.2 0.029584978452 0.012664591784 0.771507924063 0.794495462850 -0.520256842548 0.220817267816 0.222147499483
16.3 0.029413291299 0.014115914397 0.750407011910 0.786470461427 -0.526098731912 0.248375070281 0.207350336498
16.4 0.028196692940 0.014934452667 0.748397326657 0.775226276182 -0.532612059425 0.279524840765 0.192910544728
16.5 0.027998901255 0.014812592651 0.758034871084 0.770737520171 -0.533666144850 0.286023510524 0.198380120651
16.6 0.030874984087 0.012719100826 0.772522607168 0.778870538652 -0.536555603683 0.246457183093 0.211489066095
16.7 0.020571056589 0.003523258698 0.693988964607 0.774844044297 -0.512871731283 0.239292169853 0.281635494417
16.8 0.029734552375 0.005788805589 0.752221221119 0.759844501037 -0.548679333489 0.269301970803 0.221503435115
16.9 0.033716379312 0.002230573877 0.779692044058 0.769313309860 -0.551805794932 0.247452040408 0.205997290393
17.0 0.030400953584 -0.003596066107 0.757503562785 0.756351713548 -0.557930129171 0.267286298563 0.212612537206
17.1 0.027807154505 -0.005609405348 0.737432654871 0.758278828427 -0.554317805481 0.246836127120 0.238362990486
17.2 0.037659457702 -0.009073624361 0.793815160586 0.757546631255 -0.564924025450 0.255275994985 0.204494775796
17.3 0.028749095036 -0.015236703994 0.703168615148 0.762259763890 -0.517638780314 0.255052716395 0.293186386670
17.4 0.028410848157 -0.015958146992 0.685670216140 0.760802851494 -0.514540578345 0.268333919430 0.290557949605
17.5 0.038844835481 -0.011691535794 0.734538730078 0.763623735040 -0.546935104850 0.248355538706 0.236770582547
17.6 0.000000000000 0.000000000000 0.000000000000 0.000000000000 0.000000000000 0.000000000000 0.000000000000
17.7 0.000000000000 0.000000000000 0.000000000000 0.000000000000 0.000000000000 0.000000000000 0.000000000000
17.8 0.000000000000 0.000000000000 0.000000000000 0.000000000000 0.000000000000 0.000000000000 0.000000000000
17.9 0.000000000000 0.000000000000 0.000000000000 0.000000000000 0.000000000000 0.000000000000 0.000000000000
18.0 0.059469586606 0.026079858363 0.765942425345 0.783645992664 -0.529132404373 0.256445072109 0.200384085734
18.1 0.066797654682 0.029746487851 0.790832633561 0.780790079882 -0.533744248257 0.246499663709 0.211475399044
18.2 0.065231409197 0.029078254475 0.774037159848 0.773762706611 -0.534725194786 0.244352730684 0.235906725055
18.3 0.060522573170 0.023871931649 0.721142705989 0.779126688818 -0.490865830015 0.204858112581 0.331731055834
18.4 0.068612955599 0.028024496626 0.737515649325 0.776952859657 -0.498195121018 0.180673960994 0.339857021531
18.5 0.082054638172 0.023061579656 0.774844497182 0.794258488888 -0.519885043435 0.228126850596 0.216405024154
18.6 0.077987950620 0.020798422865 0.738550303350 0.802811766676 -0.504916291931 0.226195644424 0.222234866467
18.7 0.075086884416 0.026738575101 0.727725938064 0.809295061154 -0.481934721190 0.141448696315 0.304586104106
18.8 0.079701262873 0.023546304251 0.741675596073 0.819968874785 -0.491952088116 0.241809221635 0.164810459964
18.9 0.001416290983 0.116382352834 0.463556557290 0.227070398567 -0.971837911423 0.055774057507 0.029314885725
19.0 0.000000000000 0.000000000000 0.000000000000 0.000000000000 0.000000000000 0.000000000000 0.000000000000
19.1 0.000000000000 0.000000000000 0.000000000000 0.000000000000 0.000000000000 0.000000000000 0.000000000000
19.2 0.046782042162 0.028573542588 0.716904092372 0.813181249115 -0.439695479532 0.189184040267 0.331079356462
19.3 0.037819863984 0.028638819242 0.699799267630 0.808419680420 -0.443700912487 0.193003487451 0.335166785942
19.4 0.033525888667 0.026376763807 0.702634559683 0.813037169867 -0.423981114812 0.187359823582 0.352288051466
19.5 0.031428770582 0.027089418775 0.704044878417 0.817926302571 -0.445788122730 0.205020848547 0.300393017322
19.6 0.027705003940 0.024674404797 0.688840173494 0.823362347573 -0.427559284052 0.192163835295 0.319907117184
19.7 0.030499037192 0.025700923599 0.707230153795 0.820815971627 -0.428561998179 0.203530681653 0.318073916039
19.8 0.028724185742 0.027199486451 0.720467700972 0.830684815153 -0.422621983372 0.163962510074 0.323217716616
19.9 0.015380960560 0.022485851548 0.656673002893 0.826780347393 -0.408992728845 0.207787985055 0.325550853453
20.0 0.018997975243 0.022728887862 0.695553965992 0.833486007468 -0.403780307708 0.183921708889 0.329295222348
20.1 0.011208805105 0.016230104041 0.670922905225 0.839554821617 -0.401761658682 0.190772681430 0.311995280625
20.2 0.010968792467 0.014636926123 0.679923274455 0.854981465276 -0.395575692069 0.137597559949 0.305930510696
20.3 0.005444852843 0.005136373543 0.649309979271 0.847553962712 -0.379351244068 0.209389409618 0.306432682745
20.4 0.004900841473 0.006706091758 0.667632291861 0.846561179760 -0.384211175353 0.193547446664 0.313457058538
20.5 0.002695796026 0.006825512588 0.655400737410 0.844972065854 -0.384897339455 0.195311672793 0.315799931091
20.6 0.001600226598 0.003719749668 0.637330242590 0.855409782778 -0.368941676312 0.208069398423 0.298099427117
20.7 0.002811235358 0.010740101338 0.659216362760 0.847202085979 -0.378546669700 0.195528354014 0.317363682780
20.8 0.000216625452 0.006743892809 0.631533208487 0.854714643360 -0.360608906779 0.217417145767 0.303568574633
20.9 0.002192272294 0.008500146694 0.642278959568 0.855510549642 -0.357631474869 0.208094585253 0.311284550247
21.0 0.005239114083 0.009088940863 0.654086311626 0.853246030385 -0.362448178852 0.195145987126 0.320188339867
21.1 0.007234522981 0.006922984390 0.655207539104 0.858731091650 -0.357507443946 0.198292102097 0.308949157633
21.2 0.006955710888 0.002935913167 0.642114682760 0.866603897511 -0.340213266871 0.206626794975 0.300928538796
21.3 0.009205584307 0.001345393465 0.652732370195 0.872481049376 -0.337898973927 0.191896427026 0.296271603757
21.4 0.008960281484 -0.002542664584 0.635681404779 0.871545692263 -0.325230396824 0.207835520732 0.302386659100
21.5 0.009281121915 0.001941976672 0.661479507148 0.863536421381 -0.337828600737 0.179332153189 0.328658887458
21.6 0.012394649789 0.015825991362 0.726151554722 0.843823188959 -0.359673665776 0.113252941614 0.381799752670
21.7 0.005289916050 -0.004604458296 0.634516247217 0.878036704468 -0.308394062535 0.208216465720 0.300982642692
21.8 0.004653619985 -0.002794927137 0.639756672740 0.874143772419 -0.314868848083 0.202581728154 0.309339485139
21.9 0.006441222070 -0.002329592202 0.630609066279 0.875813334115 -0.304564296200 0.208787703345 0.310804260263
22.0 0.013221989356 0.015123574129 0.707502258284 0.856147752543 -0.331603665277 0.128956324646 0.374726969039
22.1 0.005083721240 0.002939291205 0.639975563017 0.867733322061 -0.312172270084 0.200600408167 0.330676324854
22.2 0.005050610875 -0.001864834668 0.644934190965 0.877956177401 -0.298329217056 0.197881560126 0.317860845303
22.3 0.003895704614 -0.000445753281 0.666258454381 0.876733591824 -0.305024216924 0.163159728345 0.334181595997
22.4 0.000000000000 0.000000000000 0.000000000000 0.000000000000 0.000000000000 0.000000000000 0.000000000000
22.5 -0.002323012923 -0.003120110670 0.662583297896 0.867778517540 -0.294778318228 0.184805064864 0.354842606799
22.6 -0.004562743743 -0.011055794557 0.633058200268 0.890635773100 -0.285750320351 0.188999193699 0.298988258757
22.7 -0.008427231900 -0.008839858450 0.608704986302 0.884561271804 -0.286414114050 0.217294597372 0.297155463772
22.8 -0.000600622603 0.006079278534 0.677277559364 0.884853133181 -0.298067986607 0.128839059666 0.334052248554
22.9 0.000000000000 0.000000000000 0.000000000000 0.000000000000 0.000000000000 0.000000000000 0.000000000000
23.0 0.000000000000 0.000000000000 0.000000000000 0.000000000000 0.000000000000 0.000000000000 0.000000000000
23.1 0.000000000000 0.000000000000 0.000000000000 0.000000000000 0.000000000000 0.000000000000 0.000000000000
23.2 0.005684542154 0.019615543697 0.623578191754 0.884455528021 -0.268292701099 0.206513514044 0.321106857616
23.3 0.007132187911 0.020341963466 0.616478330024 0.885623670985 -0.255435008978 0.209379889069 0.326471639861
23.4 0.007768626478 0.018756083928 0.620478713924 0.890296594020 -0.243274074319 0.208529244033 0.323581912076
23.5 0.007279479767 0.017642664380 0.610948017792 0.891564415451 -0.222173910740 0.210341730781 0.333928140144
23.6 0.000000000000 0.000000000000 0.000000000000 0.000000000000 0.000000000000 0.000000000000 0.000000000000
23.7 0.000000000000 0.000000000000 0.000000000000 0.000000000000 0.000000000000 0.000000000000 0.000000000000
23.8 0.000000000000 0.000000000000 0.000000000000 0.000000000000 0.000000000000 0.000000000000 0.000000000000
23.9 0.000000000000 0.000000000000 0.000000000000 0.000000000000 0.000000000000 0.000000000000 0.000000000000
24.0 0.000000000000 0.000000000000 0.000000000000 0.000000000000 0.000000000000 0.000000000000 0.000000000000
24.1 0.005392812815 0.033511934973 0.624740580311 0.862118635465 -0.275253981063 0.198523057872 0.376264932975
24.2 0.010718693399 0.027851343493 0.654159349325 0.880103368203 -0.266040461122 0.177663156864 0.350822372457
24.3 0.003481059388 0.025231489572 0.622079300494 0.861211129627 -0.274611503721 0.204866677562 0.375411183445
24.4 0.004782285683 0.014358437781 0.617009457050 0.876898126320 -0.237978828859 0.215826773288 0.357539588022
24.5 0.003013851843 0.024770557261 0.619850322486 0.866113331739 -0.275237657634 0.212187441302 0.359260933247
24.6 0.015110163051 0.034991676933 0.670647902196 0.871177667384 -0.256116171571 0.134321563678 0.396751428532
24.7 0.011340056260 0.023638577823 0.628499543936 0.866714574120 -0.270177504303 0.198585002382 0.369288450950
24.8 0.010761653036 0.027304729321 0.630067813416 0.846429146590 -0.300759941847 0.236694477986 0.370238951590
24.9 0.010673953774 0.022954405941 0.633680270811 0.870496115180 -0.272760183629 0.190480122377 0.362706105080
25.0 0.007069299639 0.023854315570 0.616448345370 0.864902551630 -0.271014417895 0.208397785361 0.367512073997
25.1 0.006207160449 0.023568058146 0.617486587202 0.861728649084 -0.274433268408 0.209221207985 0.371936288452
25.2 0.008856748019 0.025325421113 0.624702364237 0.859337182243 -0.274833669673 0.202442779188 0.380818831444
25.3 0.009397130765 0.028194584922 0.623781055478 0.855351126064 -0.280732562918 0.202101684092 0.385640491321
25.4 0.010169980911 0.025749739001 0.619802046382 0.859024531487 -0.273509206971 0.211561753723 0.377506546125
25.5 0.007972436338 0.029323779152 0.609743762527 0.846904226472 -0.284285634822 0.213450424568 0.395441304457
25.6 0.010547377772 0.028208113120 0.615583049030 0.855498951774 -0.277955645277 0.210635307054 0.382746613563
25.7 0.016040770453 0.035558731925 0.650083728944 0.854654349222 -0.283261947250 0.183047708654 0.394743143010
25.8 0.010889429797 0.039422690972 0.613325727333 0.837431713608 -0.283811635197 0.205905123439 0.419239980097
25.9 0.032311750878 0.054983841918 0.721032496130 0.811424344486 -0.279506563539 0.242327061602 0.452486695195
26.0 0.015094111502 0.031473699807 0.609771054694 0.860855784740 -0.266459162718 0.216890156884 0.375347162411
26.1 0.014408035063 0.038791597330 0.616435096846 0.839306009617 -0.288335001295 0.192772486730 0.418649158137
26.2 0.017645355546 0.033933842914 0.632301410538 0.834117714931 -0.296666467758 0.247832082537 0.393466521336
26.3 0.012222534518 0.029971949906 0.607478029930 0.846256668694 -0.282782496246 0.206574865872 0.401510317797
26.4 0.013051647464 0.032018786454 0.621227315119 0.836214406027 -0.289894069656 0.191251114752 0.424417137540
26.5 0.011066707829 0.025486321206 0.609249539038 0.846506327652 -0.283118013711 0.205392698832 0.401354041745
26.6 0.011220584727 0.023991395619 0.612061041191 0.849926070164 -0.278408428333 0.206749829526 0.396697529963
26.7 0.010492282525 0.022838036953 0.610496810014 0.845242572454 -0.282916557367 0.204986162807 0.404356140471
26.8 0.020318547409 0.031657772248 0.665779244259 0.831973258261 -0.274230025848 0.158850331467 0.455395391561
26.9 0.000000000000 0.000000000000 0.000000000000 0.000000000000 0.000000000000 0.000000000000 0.000000000000
27.0 0.016828780728 0.008268439230 0.645896864584 0.866434252288 -0.277607672176 0.162206928816 0.381987668722
27.1 0.007998464466 0.001773025967 0.605012264531 0.853607416863 -0.286958166112 0.206196524955 0.382743232303
27.2 0.008122678993 0.000621083635 0.604349614553 0.854150106001 -0.286218313240 0.197555273393 0.386624608036
27.3 0.013908836757 -0.006384612676 0.629676680772 0.870041865680 -0.273046235679 0.181816814780 0.367988520214
27.4 0.004189407096 -0.006610715289 0.593601177593 0.852552740771 -0.291581129278 0.208916989194 0.380115720379
27.5 0.013357784007 -0.007930573709 0.662016192842 0.870735165573 -0.286912125131 0.158910906966 0.366400092160
27.6 0.004025952208 -0.011153171762 0.596662743931 0.852510367910 -0.287280778670 0.209947974324 0.382906874959
27.7 0.001147936264 -0.013747063464 0.583987559137 0.853216757657 -0.290070876814 0.221035259165 0.372858505447
27.8 0.002999192346 -0.009829487628 0.593719146509 0.847878574826 -0.291779487303 0.212135342611 0.388542468149
27.9 0.001932298422 -0.013004603273 0.600714047693 0.860111166559 -0.281039871606 0.212573295664 0.368833249178
28.0 0.001115475890 -0.013089315288 0.599047563499 0.857902868950 -0.285413788267 0.214839942559 0.369303988600
28.1 0.007940195278 0.004111718236 0.662763215222 0.826422940759 -0.292037160076 0.153373041116 0.456307057124
28.2 0.001236121884 -0.010168011975 0.637019132573 0.863949961292 -0.290848359679 0.179015048237 0.370069329397
28.3 -0.003855760382 -0.001651947004 0.623871778470 0.839058748860 -0.301068883840 0.196801796988 0.408175202391
28.4 -0.005636855104 -0.004836393957 0.603669603287 0.850420072258 -0.284369510558 0.219331401319 0.384465107078
28.5 -0.008465857760 -0.005996107779 0.593084785725 0.848742295972 -0.284298912786 0.228783571332 0.382712321078
28.6 -0.000467461684 -0.006037337235 0.653900065671 0.857724615092 -0.276997350125 0.175607358053 0.395907828271
28.7 -0.012633106402 -0.006408554803 0.593999414837 0.846606069401 -0.287222827427 0.221421676464 0.389530039728
28.8 -0.013218052418 -0.001451783443 0.602628326208 0.842920280169 -0.289859628348 0.218878747821 0.396936885267
28.9 -0.001158795217 0.013633490800 0.666390125032 0.828848422440 -0.274305980608 0.148657310919 0.464400178222
29.0 -0.013130283679 0.005829261627 0.600213891386 0.834957660720 -0.289514366980 0.221022210383 0.412524324901
29.1 -0.008003151866 0.007357874905 0.615183785078 0.839344894720 -0.284190614545 0.209259217164 0.413456675291
29.2 -0.009175078465 0.002022110073 0.601402568923 0.845374113086 -0.276580275260 0.222967000338 0.398913119641
29.3 -0.005512686507 0.011581225138 0.651413172968 0.828527215725 -0.273145966775 0.186766963070 0.451721191824
29.4 0.000600150063 -0.003107867389 0.639784029041 0.873448517844 -0.255040107748 0.154617874118 0.384883804697
29.5 -0.000600591363 0.004230905194 0.636623451896 0.833003007712 -0.274318925363 0.192286641001 0.440319161545
29.6 -0.009315275218 -0.011177029981 0.578812834563 0.849877472351 -0.273666999955 0.242148468524 0.379708802001
29.7 -0.005103084166 -0.008691326938 0.596184433166 0.854085356527 -0.277545410133 0.213230901378 0.384758796883
29.8 -0.004830848942 -0.001030597312 0.599621310047 0.840480737399 -0.278194525578 0.216011231972 0.411751240025
29.9 -0.001270509403 0.003907983712 0.623374958726 0.843371294753 -0.282504348243 0.193067412193 0.414295941038
30.0 0.006473873473 0.014509452050 0.656582808525 0.832423094233 -0.267503273105 0.158799273751 0.458581052510
30.1 0.005495262183 -0.000896007821 0.631793228013 0.884359523864 -0.234466503728 0.174862232710 0.363808865686
30.2 -0.008891712540 0.003063817215 0.579629288303 0.855989603566 -0.269360558427 0.229428258416 0.376947426562
30.3 0.000000000000 0.000000000000 0.000000000000 0.000000000000 0.000000000000 0.000000000000 0.000000000000
30.4 -0.000077581215 0.020673700441 0.617607590596 0.834497277228 -0.263785891360 0.205695811425 0.437859030946
30.5 0.014697496752 0.018959168312 0.669087777053 0.867013720533 -0.229476796105 0.147720502050 0.416900781638
30.6 0.000000000000 0.000000000000 0.000000000000 0.000000000000 0.000000000000 0.000000000000 0.000000000000
30.7 0.000000000000 0.000000000000 0.000000000000 0.000000000000 0.000000000000 0.000000000000 0.000000000000
30.8 0.000000000000 0.000000000000 0.000000000000 0.000000000000 0.000000000000 0.000000000000 0.000000000000
30.9 0.000000000000 0.000000000000 0.000000000000 0.000000000000 0.000000000000 0.000000000000 0.000000000000
31.0 0.009702128118 -0.034075776832 0.583375271123 0.854713629739 -0.269714475341 0.211346333142 0.389937739129
31.1 0.000000000000 0.000000000000 0.000000000000 0.000000000000 0.000000000000 0.000000000000 0.000000000000
31.2 0.000000000000 0.000000000000 0.000000000000 0.000000000000 0.000000000000 0.000000000000 0.000000000000
31.3 0.005159329246 -0.008312060341 0.589222433073 0.848016975833 -0.263604753089 0.215562797561 0.406094106279
31.4 0.009529613070 -0.018355789437 0.628301979653 0.883702513213 -0.238836412105 0.184550631122 0.357726293340
31.5 0.005121218846 -0.016859153077 0.630815857871 0.871803681862 -0.247817512866 0.194728251632 0.375000971500
31.6 -0.010738573196 -0.018648943993 0.566073302084 0.850648740096 -0.269308549548 0.251888415184 0.374729038653
31.7 0.009972317306 0.009174067983 0.647332856305 0.827243379490 -0.253013654806 0.176114461993 0.469719254288
31.8 0.005792767899 -0.003796666475 0.661419934584 0.872262021437 -0.247914331821 0.167887224825 0.386666949426
31.9 0.011249367766 0.014883768489 0.674780231774 0.818448153486 -0.261895959371 0.145813203841 0.490195508043
32.0 0.006258861523 -0.005831330420 0.652301691787 0.883643179023 -0.257775418299 0.145451191645 0.362726504043
32.1 0.000000000000 0.000000000000 0.000000000000 0.000000000000 0.000000000000 0.000000000000 0.000000000000
32.2 0.000000000000 0.000000000000 0.000000000000 0.000000000000 0.000000000000 0.000000000000 0.000000000000
32.3 -0.006716843172 0.015356583252 0.608196745024 0.861189053575 -0.257426364516 0.229526304570 0.373366785300
32.4 0.000576591895 0.029778785296 0.653881228207 0.743696593717 -0.217148156002 0.351209171508 0.525751055812
32.5 -0.011027041558 0.020911378051 0.586621542840 0.835290099487 -0.275681464939 0.234671764569 0.413786590530
32.6 -0.007395775941 0.028632816233 0.615403815658 0.811246567193 -0.310498865785 0.264028501710 0.419235508811
32.7 -0.014476215392 0.021000133047 0.580966923759 0.823533953400 -0.281939551861 0.243886568891 0.427576026232
32.8 -0.012800374387 0.020702324994 0.586305966234 0.823576110506 -0.278829867171 0.237369746209 0.433164978918
32.9 -0.008572850987 0.024705660451 0.604333178861 0.817699258538 -0.279247114853 0.227044609666 0.449265752818
33.0 0.000000000000 0.000000000000 0.000000000000 0.000000000000 0.000000000000 0.000000000000 0.000000000000
33.1 0.000000000000 0.000000000000 0.000000000000 0.000000000000 0.000000000000 0.000000000000 0.000000000000
33.2 0.014939729630 0.000259669221 0.627274950345 0.854454907553 -0.254452731447 0.169782505579 0.419922039451
33.3 0.019867401833 0.012166741181 0.645801433485 0.820780043470 -0.255608225652 0.166842362966 0.482854202777
33.4 0.010825992957 -0.001480534332 0.576491906946 0.840912557944 -0.260026403966 0.214239590554 0.423501755572
33.5 0.015437886819 -0.008304770745 0.578243525372 0.858635432023 -0.243379178001 0.211425055789 0.398511249997
33.6 0.014921335127 -0.010094943604 0.575719345736 0.857999117421 -0.246995331649 0.213203548790 0.396705265193
33.7 0.012530836100 -0.015935201647 0.553978027273 0.853838872214 -0.247227270207 0.228882712786 0.396800404421
33.8 0.016436345220 -0.019285394081 0.565069287331 0.858607608434 -0.241450745847 0.211466168649 0.399720616915
33.9 0.016633230495 -0.021176906491 0.562769515582 0.861558133528 -0.230134477913 0.205082434614 0.403357037424
34.0 0.027312852355 -0.007683146371 0.624067698421 0.831549941269 -0.213105072865 0.146503577226 0.491576672508
34.1 0.014445780793 -0.018281278179 0.570887336887 0.857295012187 -0.227319160522 0.177218628259 0.426573345553
34.2 0.011500057647 -0.022914839368 0.579885217937 0.877834825803 -0.230631539215 0.162838127421 0.386909364045
34.3 0.000000000000 0.000000000000 0.000000000000 0.000000000000 0.000000000000 0.000000000000 0.000000000000
34.4 0.000000000000 0.000000000000 0.000000000000 0.000000000000 0.000000000000 0.000000000000 0.000000000000
34.5 0.000000000000 0.000000000000 0.000000000000 0.000000000000 0.000000000000 0.000000000000 0.000000000000
34.6 0.000000000000 0.000000000000 0.000000000000 0.000000000000 0.000000000000 0.000000000000 0.000000000000
34.7 -0.001447634453 0.017596829028 0.561917618670 0.849069372590 -0.239261400535 0.189950976775 0.430991657884
34.8 0.003592660030 0.012199188532 0.569857734946 0.878692607542 -0.213532070260 0.173268105759 0.390232648491
34.9 0.000346793769 0.037631100300 0.588902550699 0.818315637243 -0.244717051838 0.167513978487 0.492353683234
35.0 0.000000000000 0.000000000000 0.000000000000 0.000000000000 0.000000000000 0.000000000000 0.000000000000
35.1 0.000000000000 0.000000000000 0.000000000000 0.000000000000 0.000000000000 0.000000000000 0.000000000000
35.2 0.000000000000 0.000000000000 0.000000000000 0.000000000000 0.000000000000 0.000000000000 0.000000000000
35.3 0.000000000000 0.000000000000 0.000000000000 0.000000000000 0.000000000000 0.000000000000 0.000000000000
35.4 0.000000000000 0.000000000000 0.000000000000 0.000000000000 0.000000000000 0.000000000000 0.000000000000
35.5 0.000000000000 0.000000000000 0.000000000000 0.000000000000 0.000000000000 0.000000000000 0.000000000000
35.6 0.000000000000 0.000000000000 0.000000000000 0.000000000000 0.000000000000 0.000000000000 0.000000000000
35.7 0.000000000000 0.000000000000 0.000000000000 0.000000000000 0.000000000000 0.000000000000 0.000000000000
35.8 0.000000000000 0.000000000000 0.000000000000 0.000000000000 0.000000000000 0.000000000000 0.000000000000
35.9 0.000000000000 0.000000000000 0.000000000000 0.000000000000 0.000000000000 0.000000000000 0.000000000000
36.0 0.000000000000 0.000000000000 0.000000000000 0.000000000000 0.000000000000 0.000000000000 0.000000000000
36.1 0.000000000000 0.000000000000 0.000000000000 0.000000000000 0.000000000000 0.000000000000 0.000000000000
36.2 0.000000000000 0.000000000000 0.000000000000 0.000000000000 0.000000000000 0.000000000000 0.000000000000
36.3 0.000000000000 0.000000000000 0.000000000000 0.000000000000 0.000000000000 0.000000000000 0.000000000000
36.4 0.000000000000 0.000000000000 0.000000000000 0.000000000000 0.000000000000 0.000000000000 0.000000000000
36.5 -0.012638680125 0.055848819875 0.580776784700 0.846697854627 -0.140029364693 0.162905914894 0.486781452898
36.6 0.000000000000 0.000000000000 0.000000000000 0.000000000000 0.000000000000 0.000000000000 0.000000000000
36.7 0.000000000000 0.000000000000 0.000000000000 0.000000000000 0.000000000000 0.000000000000 0.000000000000
36.8 0.000000000000 0.000000000000 0.000000000000 0.000000000000 0.000000000000 0.000000000000 0.000000000000
36.9 0.000000000000 0.000000000000 0.000000000000 0.000000000000 0.000000000000 0.000000000000 0.000000000000
37.0 0.000000000000 0.000000000000 0.000000000000 0.000000000000 0.000000000000 0.000000000000 0.000000000000
37.1 0.000000000000 0.000000000000 0.000000000000 0.000000000000 0.000000000000 0.000000000000 0.000000000000
37.2 0.000000000000 0.000000000000 0.000000000000 0.000000000000 0.000000000000 0.000000000000 0.000000000000
37.3 0.000000000000 0.000000000000 0.000000000000 0.000000000000 0.000000000000 0.000000000000 0.000000000000
37.4 -0.011207347092 0.034183287767 0.643398372357 0.855567896703 -0.102369434240 0.275758488401 0.426006254811
37.5 -0.012526465346 0.032634725013 0.637949084597 0.873284219700 -0.103712873157 0.247500498367 0.406647039670
37.6 0.000000000000 0.000000000000 0.000000000000 0.000000000000 0.000000000000 0.000000000000 0.000000000000
37.7 -0.012612693229 0.022943388924 0.598744221699 0.910552834081 -0.076532010714 0.126151372028 0.386163461527
37.8 -0.023288709830 0.010256036887 0.534725999548 0.911275294581 -0.087334215166 0.215647426154 0.339773836456
37.9 -0.020270811146 0.021949401928 0.586779893369 0.900179854007 -0.101801535567 0.224137930248 0.359269906922
38.0 0.000000000000 0.000000000000 0.000000000000 0.000000000000 0.000000000000 0.000000000000 0.000000000000
38.1 0.000000000000 0.000000000000 0.000000000000 0.000000000000 0.000000000000 0.000000000000 0.000000000000
38.2 0.000000000000 0.000000000000 0.000000000000 0.000000000000 0.000000000000 0.000000000000 0.000000000000
38.3 0.000000000000 0.000000000000 0.000000000000 0.000000000000 0.000000000000 0.000000000000 0.000000000000
38.4 0.000000000000 0.000000000000 0.000000000000 0.000000000000 0.000000000000 0.000000000000 0.000000000000
38.5 0.000000000000 0.000000000000 0.000000000000 0.000000000000 0.000000000000 0.000000000000 0.000000000000
38.6 0.000000000000 0.000000000000 0.000000000000 0.000000000000 0.000000000000 0.000000000000 0.000000000000
38.7 0.000000000000 0.000000000000 0.000000000000 0.000000000000 0.000000000000 0.000000000000 0.000000000000
38.8 0.000000000000 0.000000000000 0.000000000000 0.000000000000 0.000000000000 0.000000000000 0.000000000000
38.9 0.000000000000 0.000000000000 0.000000000000 0.000000000000 0.000000000000 0.000000000000 0.000000000000
39.0 0.000000000000 0.000000000000 0.000000000000 0.000000000000 0.000000000000 0.000000000000 0.000000000000
39.1 0.000000000000 0.000000000000 0.000000000000 0.000000000000 0.000000000000 0.000000000000 0.000000000000
39.2 0.000000000000 0.000000000000 0.000000000000 0.000000000000 0.000000000000 0.000000000000 0.000000000000
39.3 0.000000000000 0.000000000000 0.000000000000 0.000000000000 0.000000000000 0.000000000000 0.000000000000
39.4 0.000000000000 0.000000000000 0.000000000000 0.000000000000 0.000000000000 0.000000000000 0.000000000000
39.5 0.000000000000 0.000000000000 0.000000000000 0.000000000000 0.000000000000 0.000000000000 0.000000000000
39.6 0.000000000000 0.000000000000 0.000000000000 0.000000000000 0.000000000000 0.000000000000 0.000000000000
39.7 0.000000000000 0.000000000000 0.000000000000 0.000000000000 0.000000000000 0.000000000000 0.000000000000
39.8 0.000000000000 0.000000000000 0.000000000000 0.000000000000 0.000000000000 0.000000000000 0.000000000000
39.9 0.000000000000 0.000000000000 0.000000000000 0.000000000000 0.000000000000 0.000000000000 0.000000000000
40.0 0.000000000000 0.000000000000 0.000000000000 0.000000000000 0.000000000000 0.000000000000 0.000000000000
40.1 0.000000000000 0.000000000000 0.000000000000 0.000000000000 0.000000000000 0.000000000000 0.000000000000
40.2 0.000000000000 0.000000000000 0.000000000000 0.000000000000 0.000000000000 0.000000000000 0.000000000000
40.3 0.000000000000 0.000000000000 0.000000000000 0.000000000000 0.000000000000 0.000000000000 0.000000000000
40.4 0.000000000000 0.000000000000 0.000000000000 0.000000000000 0.000000000000 0.000000000000 0.000000000000
40.5 0.000000000000 0.000000000000 0.000000000000 0.000000000000 0.000000000000 0.000000000000 0.000000000000
40.6 0.000000000000 0.000000000000 0.000000000000 0.000000000000 0.000000000000 0.000000000000 0.000000000000
40.7 0.000000000000 0.000000000000 0.000000000000 0.000000000000 0.000000000000 0.000000000000 0.000000000000
40.8 -0.002889801455 0.045242729405 0.616315690772 0.905786763656 -0.089318872352 0.131489267320 0.392788811459
40.9 0.000000000000 0.000000000000 0.000000000000 0.000000000000 0.000000000000 0.000000000000 0.000000000000
41.0 0.000000000000 0.000000000000 0.000000000000 0.000000000000 0.000000000000 0.000000000000 0.000000000000
41.1 0.000000000000 0.000000000000 0.000000000000 0.000000000000 0.000000000000 0.000000000000 0.000000000000
41.2 0.000000000000 0.000000000000 0.000000000000 0.000000000000 0.000000000000 0.000000000000 0.000000000000
41.3 0.000000000000 0.000000000000 0.000000000000 0.000000000000 0.000000000000 0.000000000000 0.000000000000
41.4 0.000000000000 0.000000000000 0.000000000000 0.000000000000 0.000000000000 0.000000000000 0.000000000000
41.5 0.000000000000 0.000000000000 0.000000000000 0.000000000000 0.000000000000 0.000000000000 0.000000000000
41.6 0.000000000000 0.000000000000 0.000000000000 0.000000000000 0.000000000000 0.000000000000 0.000000000000
41.7 0.000000000000 0.000000000000 0.000000000000 0.000000000000 0.000000000000 0.000000000000 0.000000000000
41.8 0.000000000000 0.000000000000 0.000000000000 0.000000000000 0.000000000000 0.000000000000 0.000000000000
41.9 0.000000000000 0.000000000000 0.000000000000 0.000000000000 0.000000000000 0.000000000000 0.000000000000
42.0 0.000000000000 0.000000000000 0.000000000000 0.000000000000 0.000000000000 0.000000000000 0.000000000000
42.1 0.000000000000 0.000000000000 0.000000000000 0.000000000000 0.000000000000 0.000000000000 0.000000000000
42.2 0.000000000000 0.000000000000 0.000000000000 0.000000000000 0.000000000000 0.000000000000 0.000000000000
42.3 0.000000000000 0.000000000000 0.000000000000 0.000000000000 0.000000000000 0.000000000000 0.000000000000
42.4 0.000000000000 0.000000000000 0.000000000000 0.000000000000 0.000000000000 0.000000000000 0.000000000000
42.5 0.000000000000 0.000000000000 0.000000000000 0.000000000000 0.000000000000 0.000000000000 0.000000000000
42.6 0.000000000000 0.000000000000 0.000000000000 0.000000000000 0.000000000000 0.000000000000 0.000000000000
42.7 0.000000000000 0.000000000000 0.000000000000 0.000000000000 0.000000000000 0.000000000000 0.000000000000
42.8 0.000000000000 0.000000000000 0.000000000000 0.000000000000 0.000000000000 0.000000000000 0.000000000000
42.9 0.004370780660 0.022334600083 0.684060851198 0.926192157458 -0.140460570763 0.115113685221 0.330435704788
43.0 0.005457073081 0.018254706276 0.679889617242 0.926836258470 -0.140733347755 0.123755258312 0.325351057866
43.1 0.006426132542 0.015879008529 0.685337474544 0.928456775796 -0.152401893866 0.137749605067 0.309461992057
43.2 0.005224926209 0.018093147047 0.695376060628 0.922080259670 -0.174830170250 0.141116378860 0.315100894818
43.3 0.000000000000 0.000000000000 0.000000000000 0.000000000000 0.000000000000 0.000000000000 0.000000000000
43.4 0.094627868400 0.145304429476 0.635883481952 0.203695424017 0.223045141601 -0.249379893748 0.920091684364
43.5 0.008541886321 0.028878226381 0.692297226787 0.884553391595 -0.231040442302 0.172656871496 0.366572252310
43.6 0.018046627344 0.029740230092 0.716284765222 0.904231088836 -0.224789871404 0.143967934263 0.333329995049
43.7 0.000000000000 0.000000000000 0.000000000000 0.000000000000 0.000000000000 0.000000000000 0.000000000000
43.8 0.024437340098 0.031347758614 0.686133006585 0.906211178607 -0.232207991852 0.163512603292 0.313248107502
43.9 0.000000000000 0.000000000000 0.000000000000 0.000000000000 0.000000000000 0.000000000000 0.000000000000
44.0 0.000000000000 0.000000000000 0.000000000000 0.000000000000 0.000000000000 0.000000000000 0.000000000000
44.1 0.000000000000 0.000000000000 0.000000000000 0.000000000000 0.000000000000 0.000000000000 0.000000000000
44.2 0.000000000000 0.000000000000 0.000000000000 0.000000000000 0.000000000000 0.000000000000 0.000000000000
44.3 0.049912583482 0.048835622658 0.678020760744 0.876132850763 -0.276795508723 0.187277881277 0.347422609151
44.4 0.052427344221 0.051688483133 0.701524888186 0.871311739298 -0.302368710304 0.168012856344 0.348081450373
44.5 0.000000000000 0.000000000000 0.000000000000 0.000000000000 0.000000000000 0.000000000000 0.000000000000
44.6 0.000000000000 0.000000000000 0.000000000000 0.000000000000 0.000000000000 0.000000000000 0.000000000000
44.7 0.000000000000 0.000000000000 0.000000000000 0.000000000000 0.000000000000 0.000000000000 0.000000000000
44.8 0.000000000000 0.000000000000 0.000000000000 0.000000000000 0.000000000000 0.000000000000 0.000000000000
44.9 0.000000000000 0.000000000000 0.000000000000 0.000000000000 0.000000000000 0.000000000000 0.000000000000
45.0 0.000000000000 0.000000000000 0.000000000000 0.000000000000 0.000000000000 0.000000000000 0.000000000000
45.1 0.000000000000 0.000000000000 0.000000000000 0.000000000000 0.000000000000 0.000000000000 0.000000000000
45.2 0.000000000000 0.000000000000 0.000000000000 0.000000000000 0.000000000000 0.000000000000 0.000000000000
45.3 0.000000000000 0.000000000000 0.000000000000 0.000000000000 0.000000000000 0.000000000000 0.000000000000
45.4 0.000000000000 0.000000000000 0.000000000000 0.000000000000 0.000000000000 0.000000000000 0.000000000000
45.5 0.000000000000 0.000000000000 0.000000000000 0.000000000000 0.000000000000 0.000000000000 0.000000000000
45.6 0.000000000000 0.000000000000 0.000000000000 0.000000000000 0.000000000000 0.000000000000 0.000000000000
45.7 0.000000000000 0.000000000000 0.000000000000 0.000000000000 0.000000000000 0.000000000000 0.000000000000
45.8 0.097327845576 0.040469923956 0.753366136714 0.824275607998 -0.456617573575 0.193816874719 0.272956283381
45.9 0.107407217311 0.038486350322 0.782909513908 0.834023920382 -0.458986280457 0.192686049274 0.237923897492
46.0 0.099433202819 0.042250409471 0.745118153674 0.819465423422 -0.449711579959 0.187057662251 0.302068445323
46.1 0.000000000000 0.000000000000 0.000000000000 0.000000000000 0.000000000000 0.000000000000 0.000000000000
46.2 0.237872278484 0.106021546664 0.679933557329 0.159635707497 0.302539284795 -0.558423960172 0.755744072259
46.3 0.078944543044 0.044893051280 0.739195344249 0.779233257860 -0.507272476839 0.257375763093 0.263111916602
46.4 0.055850961036 0.039703842672 0.632909440281 0.779392125508 -0.497597065198 0.195711473201 0.326561012154
46.5 0.073620917107 0.039126277521 0.705530844260 0.761243844986 -0.489824268157 0.246349276523 0.346254283369
46.6 0.000000000000 0.000000000000 0.000000000000 0.000000000000 0.000000000000 0.000000000000 0.000000000000
46.7 0.076527201454 0.038995451221 0.691405697680 0.777169079270 -0.476564251331 0.217476053026 0.348710342462
46.8 0.072323415943 0.040205659060 0.685231498486 0.774156645117 -0.474122328402 0.221480868151 0.356140044890
46.9 0.074192191456 0.046873625991 0.719247284903 0.756068392757 -0.520589263353 0.278598885219 0.282365128001
47.0 0.000000000000 0.000000000000 0.000000000000 0.000000000000 0.000000000000 0.000000000000 0.000000000000
47.1 0.075129801859 0.051329542432 0.720435812053 0.757521613719 -0.520498933949 0.280223234404 0.276977983613
47.2 0.237692190606 0.100151405422 0.663548745002 0.175243397907 0.319457128932 -0.580465303819 0.728214889526
47.3 0.080312389282 0.060638759651 0.728087420595 0.758160441458 -0.497636952939 0.195191826368 0.373430527672
47.4 0.070101638427 0.057284353336 0.701516793507 0.759756788561 -0.484141778269 0.235329361548 0.364686786658
47.5 0.069958093361 0.058653304721 0.704651858816 0.756995189041 -0.486555943771 0.223591234622 0.374471036463
47.6 0.069626213477 0.063652334242 0.735558385448 0.738665272281 -0.542774237997 0.269213652322 0.295455159875
47.7 0.068674957589 0.054654463885 0.727902129919 0.747340266192 -0.524817498892 0.290474472873 0.285786108820
47.8 0.225227389898 0.098505874621 0.655895425427 0.171951255417 0.331357374795 -0.569073268567 0.732659996815
47.9 0.000000000000 0.000000000000 0.000000000000 0.000000000000 0.000000000000 0.000000000000 0.000000000000
48.0 0.054272158217 0.053076917570 0.706238959754 0.773479073612 -0.480730558359 0.223087627678 0.347649483418
48.1 0.049262422186 0.054770385860 0.694546712796 0.765287956681 -0.479745543908 0.237038596128 0.357758662236
48.2 0.052900035464 0.064165144069 0.719966675782 0.757672738996 -0.486785205155 0.204441054476 0.383635295390
48.3 0.000000000000 0.000000000000 0.000000000000 0.000000000000 0.000000000000 0.000000000000 0.000000000000
48.4 0.000000000000 0.000000000000 0.000000000000 0.000000000000 0.000000000000 0.000000000000 0.000000000000
48.5 0.000000000000 0.000000000000 0.000000000000 0.000000000000 0.000000000000 0.000000000000 0.000000000000
48.6 0.000000000000 0.000000000000 0.000000000000 0.000000000000 0.000000000000 0.000000000000 0.000000000000
48.7 0.024412359978 0.048159490767 0.687018999505 0.778554737509 -0.456640286804 0.240150685346 0.357295140601
48.8 0.005466396730 0.052150813003 0.589313103310 0.786701995338 -0.513912521351 0.169281801753 0.297216356423
48.9 0.008807405087 0.054042835719 0.597146364031 0.779969984702 -0.504794409939 0.213220478589 0.302268844191
49.0 0.007384548409 0.055683371046 0.604469419453 0.780445629787 -0.504884777504 0.209793314116 0.303286573628
49.1 0.021487464399 0.054242800917 0.701880907677 0.785674605861 -0.451248772116 0.235961911028 0.351300350003
49.2 0.000000000000 0.000000000000 0.000000000000 0.000000000000 0.000000000000 0.000000000000 0.000000000000
49.3 0.005089165807 0.045780596955 0.602169070215 0.789786143878 -0.489604768720 0.210101072376 0.303944989714
49.4 0.024254756598 0.044534189694 0.699336274662 0.794283465878 -0.438296596006 0.224002700833 0.356135732246
49.5 0.020343695589 0.053129983463 0.721639694963 0.770179113533 -0.506894995478 0.284657284907 0.262396316260
49.6 0.022446331776 0.058913597422 0.743523571619 0.773143214748 -0.464284609747 0.198208089083 0.383930884488
49.7 0.000786884614 0.051160386732 0.656507515801 0.792236933933 -0.480339175124 0.186763625515 0.326732712685
49.8 0.000000000000 0.000000000000 0.000000000000 0.000000000000 0.000000000000 0.000000000000 0.000000000000
49.9 0.000000000000 0.000000000000 0.000000000000 0.000000000000 0.000000000000 0.000000000000 0.000000000000
50.0 0.051548220321 -0.068722245666 0.514358167414 0.958433412350 0.152229898404 -0.082696802856 0.226699560916
50.1 0.000000000000 0.000000000000 0.000000000000 0.000000000000 0.000000000000 0.000000000000 0.000000000000
50.2 0.000000000000 0.000000000000 0.000000000000 0.000000000000 0.000000000000 0.000000000000 0.000000000000
50.3 0.000000000000 0.000000000000 0.000000000000 0.000000000000 0.000000000000 0.000000000000 0.000000000000
50.4 0.000000000000 0.000000000000 0.000000000000 0.000000000000 0.000000000000 0.000000000000 0.000000000000
50.5 0.000000000000 0.000000000000 0.000000000000 0.000000000000 0.000000000000 0.000000000000 0.000000000000
50.6 0.000000000000 0.000000000000 0.000000000000 0.000000000000 0.000000000000 0.000000000000 0.000000000000
50.7 0.000000000000 0.000000000000 0.000000000000 0.000000000000 0.000000000000 0.000000000000 0.000000000000
50.8 0.061881321123 -0.008549500591 0.768021604769 0.682409200573 -0.605667849766 0.302772563562 0.275341448910
50.9 0.060909588790 -0.011751732504 0.766750316134 0.681826881140 -0.599814072413 0.315624848890 0.275165654568
51.0 0.058905046448 -0.012125598602 0.776186536597 0.673780499760 -0.613472319637 0.320096512720 0.259248478736
51.1 0.054357111618 -0.011684549033 0.784416325295 0.668586018128 -0.626869513289 0.306323227617 0.257280838571
51.2 0.050447221547 -0.013250433484 0.771556799178 0.648377518089 -0.628673521077 0.335261326762 0.268283508087
51.3 0.054430332871 -0.008382742406 0.754440711382 0.661599610798 -0.609847702904 0.266202856904 0.345698963306
51.4 0.248325637536 0.001525624332 0.775308591044 0.201482868757 0.394207804057 -0.657040208354 0.610166391589
51.5 0.000000000000 0.000000000000 0.000000000000 0.000000000000 0.000000000000 0.000000000000 0.000000000000
51.6 0.083971902651 -0.023766329527 0.760588517928 0.680748970045 -0.589175692763 0.315885938170 0.299447686427
51.7 0.098585103136 -0.010464060985 0.794443930502 0.643960426163 -0.623889861025 0.238114831971 0.373333279578
51.8 0.104481976233 -0.025396497737 0.789268524841 0.652076208608 -0.622915951090 0.362959573385 0.234590460446
51.9 0.000000000000 0.000000000000 0.000000000000 0.000000000000 0.000000000000 0.000000000000 0.000000000000
52.0 0.127101474551 -0.013647760999 0.783526529728 0.681500732416 -0.682950047218 0.179187790740 0.192425882797
52.1 0.000000000000 -0.000000000000 0.000000000000 0.743527112194 -0.616048931200 0.061400775045 0.252747092215
52.2 0.000000000000 0.000000000000 0.000000000000 0.000000000000 0.000000000000 0.000000000000 0.000000000000
52.3 0.129955149052 -0.005941555146 0.765215107107 0.734127835990 -0.628553283751 0.204895367507 0.154903125485
52.4 0.132719834527 -0.021019156827 0.797771720964 0.672634246922 -0.609997515984 0.348427731715 0.232517345877
52.5 0.000000000000 -0.000000000000 0.000000000000 0.745827397260 -0.618040991056 0.075652999987 0.236734979386
52.6 0.000000000000 0.000000000000 0.000000000000 0.000000000000 0.000000000000 0.000000000000 0.000000000000
52.7 0.000000000000 0.000000000000 0.000000000000 0.000000000000 0.000000000000 0.000000000000 0.000000000000
52.8 0.122379339384 -0.012102000822 0.820655582007 0.671016894101 -0.629743394020 0.319449472162 0.226078792138
52.9 0.123967782204 -0.014200152240 0.817729162919 0.676423399017 -0.609127538671 0.362254427460 0.200466348000
53.0 0.119635226235 0.012072403323 0.752363595791 0.685333002060 -0.657109431111 0.249161060021 0.190904787791
53.1 0.114965163487 0.001542688869 0.780222160490 0.665612374821 -0.604396875407 0.344038283578 0.270743869582
53.2 0.107556997604 0.014776565114 0.720024930601 0.714686269837 -0.619336601762 0.267446790424 0.184710377933
53.3 0.107156592799 0.017931599237 0.724552987776 0.721331036917 -0.622734859686 0.236037486054 0.190181846898
53.4 0.112823836509 0.009327378917 0.774735692603 0.666784191924 -0.596871630563 0.352077140990 0.274198440589
53.5 0.120139192969 0.018869687840 0.809301523122 0.662063024196 -0.632437765099 0.323568555029 0.238743409262
53.6 0.100884057958 0.028887334416 0.736773242173 0.735373025560 -0.602210828575 0.238521021353 0.199189240668
53.7 0.100362139791 0.026440137684 0.725946728963 0.728826790984 -0.601869516251 0.249575241996 0.210420514055
53.8 0.102086746294 0.030411800702 0.728029127648 0.735423559926 -0.611052073318 0.241691418195 0.165386848236
53.9 0.105676563386 0.016426836097 0.765362759238 0.656731760385 -0.603411577164 0.385116228271 0.237241130853
54.0 0.110407026826 0.015010557155 0.800866347641 0.665855582888 -0.616341735592 0.352051843411 0.229823208697
54.1 0.100810092826 0.007939163849 0.777200251789 0.663909972842 -0.605618363791 0.371795925820 0.232847020473
54.2 0.000000000000 0.000000000000 0.000000000000 0.000000000000 0.000000000000 0.000000000000 0.000000000000
54.3 0.000000000000 0.000000000000 0.000000000000 0.000000000000 0.000000000000 0.000000000000 0.000000000000
54.4 0.000000000000 0.000000000000 0.000000000000 0.000000000000 0.000000000000 0.000000000000 0.000000000000
54.5 0.000000000000 0.000000000000 0.000000000000 0.000000000000 0.000000000000 0.000000000000 0.000000000000
54.6 0.244832361145 -0.049829257799 0.739237027464 0.119354599623 0.524747186500 -0.661744937269 0.522004317805
54.7 0.084639309738 -0.067173840371 0.764838303079 0.617219857977 -0.652188485890 0.378783433113 0.224082432578
54.8 0.082635915223 -0.066700710432 0.759803129059 0.614274459959 -0.649220002734 0.394214785032 0.213950880237
54.9 0.085096961560 -0.063819068390 0.785279234193 0.610135330535 -0.657038963361 0.377867960390 0.230760662959
55.0 0.000000000000 0.000000000000 0.000000000000 0.000000000000 0.000000000000 0.000000000000 0.000000000000
55.1 0.085526490373 -0.047680660449 0.804737125710 0.591186551971 -0.665900844552 0.399450070721 0.217977446067
55.2 0.076200655696 -0.040160812422 0.767480495525 0.563779849467 -0.672364636962 0.413507975595 0.243082764543
55.3 0.074762349415 -0.040191811839 0.751434821213 0.569626527692 -0.667452669920 0.417524937019 0.236020082479
55.4 0.057301379020 -0.035322004065 0.666026084607 0.601061854096 -0.630574846054 0.364251981744 0.329272690745
55.5 0.073764766843 -0.030749704067 0.751395409097 0.586837137877 -0.663995342576 0.338707998056 0.316242392317
55.6 0.075570702221 -0.025504885568 0.757400535474 0.529624908295 -0.690574895623 0.416088321794 0.263579738438
55.7 0.055610206751 -0.028773249080 0.663852569143 0.588157414723 -0.638770549292 0.374533210444 0.325219795121
55.8 0.076655275700 -0.024511747327 0.754590434582 0.561963464949 -0.674438427015 0.342843414935 0.334347521396
55.9 0.063103289059 -0.031812376194 0.682516358408 0.577532933673 -0.643889147465 0.396047313852 0.308235302147
56.0 0.060875963082 -0.026408669087 0.664370028352 0.570213365242 -0.653656905380 0.376739807581 0.325048435671
56.1 0.000000000000 0.000000000000 0.000000000000 0.000000000000 0.000000000000 0.000000000000 0.000000000000
56.2 0.000000000000 0.000000000000 0.000000000000 0.000000000000 0.000000000000 0.000000000000 0.000000000000
56.3 0.057779711284 -0.010413977790 0.645934694649 0.552220335023 -0.659526653408 0.392234556162 0.325928439974
56.4 0.063175170202 -0.010168979730 0.667236907920 0.537329919187 -0.674132444056 0.397234621879 0.314685018706
56.5 0.000000000000 0.000000000000 0.000000000000 0.000000000000 0.000000000000 0.000000000000 0.000000000000
56.6 0.000000000000 0.000000000000 0.000000000000 0.000000000000 0.000000000000 0.000000000000 0.000000000000
56.7 0.000000000000 0.000000000000 0.000000000000 0.000000000000 0.000000000000 0.000000000000 0.000000000000
56.8 0.051356206940 -0.025330683371 0.649344647513 0.545171732276 -0.669336645518 0.399769800434 0.308156362834
56.9 0.055512336159 -0.026955321207 0.672702761422 0.535817144277 -0.679853355398 0.407107735571 0.291483609644
57.0 0.000000000000 0.000000000000 0.000000000000 0.000000000000 0.000000000000 0.000000000000 0.000000000000
57.1 0.000000000000 0.000000000000 0.000000000000 0.000000000000 0.000000000000 0.000000000000 0.000000000000
57.2 0.000000000000 0.000000000000 0.000000000000 0.000000000000 0.000000000000 0.000000000000 0.000000000000
57.3 0.000000000000 0.000000000000 0.000000000000 0.000000000000 0.000000000000 0.000000000000 0.000000000000
57.4 0.000000000000 0.000000000000 0.000000000000 0.000000000000 0.000000000000 0.000000000000 0.000000000000
57.5 0.000000000000 0.000000000000 0.000000000000 0.000000000000 0.000000000000 0.000000000000 0.000000000000
57.6 0.000000000000 0.000000000000 0.000000000000 0.000000000000 0.000000000000 0.000000000000 0.000000000000
57.7 0.000000000000 0.000000000000 0.000000000000 0.000000000000 0.000000000000 0.000000000000 0.000000000000
57.8 0.000000000000 0.000000000000 0.000000000000 0.000000000000 0.000000000000 0.000000000000 0.000000000000
57.9 0.000000000000 0.000000000000 0.000000000000 0.000000000000 0.000000000000 0.000000000000 0.000000000000
58.0 0.000000000000 0.000000000000 0.000000000000 0.000000000000 0.000000000000 0.000000000000 0.000000000000
58.1 0.000000000000 0.000000000000 0.000000000000 0.000000000000 0.000000000000 0.000000000000 0.000000000000
58.2 0.075404243794 -0.078459496269 0.647801597189 0.553815049484 -0.701987719851 0.355075738141 0.272806437475
58.3 0.000000000000 0.000000000000 0.000000000000 0.000000000000 0.000000000000 0.000000000000 0.000000000000
58.4 0.000000000000 0.000000000000 0.000000000000 0.000000000000 0.000000000000 0.000000000000 0.000000000000
58.5 0.000000000000 0.000000000000 0.000000000000 0.000000000000 0.000000000000 0.000000000000 0.000000000000
58.6 0.000000000000 0.000000000000 0.000000000000 0.000000000000 0.000000000000 0.000000000000 0.000000000000
58.7 0.000000000000 0.000000000000 0.000000000000 0.000000000000 0.000000000000 0.000000000000 0.000000000000
58.8 0.000000000000 0.000000000000 0.000000000000 0.000000000000 0.000000000000 0.000000000000 0.000000000000
58.9 0.000000000000 0.000000000000 0.000000000000 0.000000000000 0.000000000000 0.000000000000 0.000000000000
59.0 0.000000000000 0.000000000000 0.000000000000 0.000000000000 0.000000000000 0.000000000000 0.000000000000
59.1 0.000000000000 0.000000000000 0.000000000000 0.000000000000 0.000000000000 0.000000000000 0.000000000000
59.2 0.000000000000 0.000000000000 0.000000000000 0.000000000000 0.000000000000 0.000000000000 0.000000000000
59.3 0.000000000000 0.000000000000 0.000000000000 0.000000000000 0.000000000000 0.000000000000 0.000000000000
59.4 0.000000000000 0.000000000000 0.000000000000 0.000000000000 0.000000000000 0.000000000000 0.000000000000
59.5 0.000000000000 0.000000000000 0.000000000000 0.000000000000 0.000000000000 0.000000000000 0.000000000000
59.6 0.000000000000 0.000000000000 0.000000000000 0.000000000000 0.000000000000 0.000000000000 0.000000000000
59.7 0.000000000000 0.000000000000 0.000000000000 0.000000000000 0.000000000000 0.000000000000 0.000000000000
59.8 0.000000000000 0.000000000000 0.000000000000 0.000000000000 0.000000000000 0.000000000000 0.000000000000
59.9 0.000000000000 0.000000000000 0.000000000000 0.000000000000 0.000000000000 0.000000000000 0.000000000000
60.0 0.000000000000 0.000000000000 0.000000000000 0.000000000000 0.000000000000 0.000000000000 0.000000000000
60.1 0.000000000000 0.000000000000 0.000000000000 0.000000000000 0.000000000000 0.000000000000 0.000000000000
60.2 0.000000000000 0.000000000000 0.000000000000 0.000000000000 0.000000000000 0.000000000000 0.000000000000
60.3 0.000000000000 0.000000000000 0.000000000000 0.000000000000 0.000000000000 0.000000000000 0.000000000000
60.4 0.000000000000 0.000000000000 0.000000000000 0.000000000000 0.000000000000 0.000000000000 0.000000000000
60.5 0.000000000000 0.000000000000 0.000000000000 0.000000000000 0.000000000000 0.000000000000 0.000000000000
60.6 0.074068719915 0.081200341060 0.646889786049 0.576493227477 -0.691810364046 0.311365136545 0.303489259475
60.7 0.074102710140 0.078509563997 0.646976661148 0.550533587974 -0.693593565854 0.354544147670 0.300231879172
60.8 0.000000000000 0.000000000000 0.000000000000 0.000000000000 0.000000000000 0.000000000000 0.000000000000
60.9 0.000000000000 0.000000000000 0.000000000000 0.000000000000 0.000000000000 0.000000000000 0.000000000000
61.0 0.062810206201 0.071447703033 0.654814768162 0.556173362865 -0.697341080987 0.357121487041 0.277219859861
61.1 0.061131069885 0.070934009549 0.659618573601 0.551118482198 -0.694014609152 0.367623520884 0.281895526315
61.2 0.051419092982 0.067722527629 0.637271661306 0.562429273289 -0.695964303357 0.347610884140 0.280131530226
61.3 0.000000000000 0.000000000000 0.000000000000 0.000000000000 0.000000000000 0.000000000000 0.000000000000
61.4 0.000000000000 0.000000000000 0.000000000000 0.000000000000 0.000000000000 0.000000000000 0.000000000000
61.5 0.061367923467 0.053863902009 0.723171120030 0.530494117175 -0.704648181468 0.424244936852 0.205093065585
61.6 0.048772457813 0.046277570376 0.652477014369 0.559368164434 -0.688238628291 0.365713783763 0.282291118372
61.7 0.000000000000 0.000000000000 0.000000000000 0.000000000000 0.000000000000 0.000000000000 0.000000000000
61.8 0.000000000000 0.000000000000 0.000000000000 0.000000000000 0.000000000000 0.000000000000 0.000000000000
61.9 0.000000000000 0.000000000000 0.000000000000 0.000000000000 0.000000000000 0.000000000000 0.000000000000
62.0 0.000000000000 0.000000000000 0.000000000000 0.000000000000 0.000000000000 0.000000000000 0.000000000000
62.1 0.041468566813 0.005432457326 0.635850857326 0.571188291497 -0.689810811396 0.356117557870 0.266618201019
62.2 0.050960177434 0.007803699887 0.704107181485 0.585288519193 -0.699429483175 0.311373887426 0.266986983944
62.3 0.039009460280 0.009391894862 0.635807048912 0.563558964787 -0.702743889580 0.337663542393 0.273012181054
62.4 0.055698961684 -0.007089875234 0.724644659928 0.561595981560 -0.698646961105 0.406354974910 0.177138396744
62.5 0.000000000000 0.000000000000 0.000000000000 0.000000000000 0.000000000000 0.000000000000 0.000000000000
62.6 0.000000000000 0.000000000000 0.000000000000 0.000000000000 0.000000000000 0.000000000000 0.000000000000
62.7 0.059594792082 0.015640195155 0.708755996920 0.559759212256 -0.697015115109 0.404508033941 0.192906205396
62.8 0.046543196352 0.017663013627 0.656645137228 0.572980900372 -0.694984280745 0.335475634601 0.275945349507
62.9 0.053216661264 0.010140224585 0.715264003137 0.551352262680 -0.695303407029 0.416632127571 0.197437394853
63.0 0.054227853723 0.011937690487 0.721556963895 0.547977775729 -0.704024648284 0.403660655460 0.202799721768
63.1 0.054596947473 0.009508264489 0.720550432990 0.560967327385 -0.696312341300 0.402390841360 0.196332350234
63.2 0.043165708476 0.012987076407 0.640210207370 0.569462237387 -0.697957460270 0.322197654931 0.291130237181
63.3 0.000000000000 0.000000000000 0.000000000000 0.000000000000 0.000000000000 0.000000000000 0.000000000000
63.4 0.000000000000 0.000000000000 0.000000000000 0.000000000000 0.000000000000 0.000000000000 0.000000000000
63.5 0.000000000000 0.000000000000 0.000000000000 0.000000000000 0.000000000000 0.000000000000 0.000000000000
63.6 0.000000000000 0.000000000000 0.000000000000 0.000000000000 0.000000000000 0.000000000000 0.000000000000
63.7 0.000000000000 0.000000000000 0.000000000000 0.000000000000 0.000000000000 0.000000000000 0.000000000000
63.8 0.000000000000 0.000000000000 0.000000000000 0.000000000000 0.000000000000 0.000000000000 0.000000000000
63.9 0.000000000000 0.000000000000 0.000000000000 0.000000000000 0.000000000000 0.000000000000 0.000000000000
64.0 0.000000000000 0.000000000000 0.000000000000 0.000000000000 0.000000000000 0.000000000000 0.000000000000
64.1 0.000000000000 0.000000000000 0.000000000000 0.000000000000 0.000000000000 0.000000000000 0.000000000000
64.2 0.000000000000 0.000000000000 0.000000000000 0.000000000000 0.000000000000 0.000000000000 0.000000000000
64.3 0.000000000000 0.000000000000 0.000000000000 0.000000000000 0.000000000000 0.000000000000 0.000000000000
64.4 0.000000000000 0.000000000000 0.000000000000 0.000000000000 0.000000000000 0.000000000000 0.000000000000
64.5 0.000000000000 0.000000000000 0.000000000000 0.000000000000 0.000000000000 0.000000000000 0.000000000000
64.6 0.000000000000 0.000000000000 0.000000000000 0.000000000000 0.000000000000 0.000000000000 0.000000000000
64.7 0.000000000000 0.000000000000 0.000000000000 0.000000000000 0.000000000000 0.000000000000 0.000000000000
64.8 0.000000000000 0.000000000000 0.000000000000 0.000000000000 0.000000000000 0.000000000000 0.000000000000
64.9 0.000000000000 0.000000000000 0.000000000000 0.000000000000 0.000000000000 0.000000000000 0.000000000000
65.0 0.000000000000 0.000000000000 0.000000000000 0.000000000000 0.000000000000 0.000000000000 0.000000000000
65.1 0.000000000000 0.000000000000 0.000000000000 0.000000000000 0.000000000000 0.000000000000 0.000000000000
65.2 0.000000000000 0.000000000000 0.000000000000 0.000000000000 0.000000000000 0.000000000000 0.000000000000
65.3 0.000000000000 0.000000000000 0.000000000000 0.000000000000 0.000000000000 0.000000000000 0.000000000000
65.4 0.000000000000 0.000000000000 0.000000000000 0.000000000000 0.000000000000 0.000000000000 0.000000000000
65.5 0.000000000000 0.000000000000 0.000000000000 0.000000000000 0.000000000000 0.000000000000 0.000000000000
65.6 0.000000000000 0.000000000000 0.000000000000 0.000000000000 0.000000000000 0.000000000000 0.000000000000
65.7 0.000000000000 0.000000000000 0.000000000000 0.000000000000 0.000000000000 0.000000000000 0.000000000000
65.8 0.000000000000 0.000000000000 0.000000000000 0.000000000000 0.000000000000 0.000000000000 0.000000000000
65.9 0.000000000000 0.000000000000 0.000000000000 0.000000000000 0.000000000000 0.000000000000 0.000000000000
66.0 0.062537390592 -0.008451282574 0.739528261065 0.717303768584 -0.645353697952 0.163041708993 0.205940062261
66.1 0.000000000000 0.000000000000 0.000000000000 0.000000000000 0.000000000000 0.000000000000 0.000000000000
66.2 0.071864716495 -0.010039954911 0.707431439883 0.757510527259 -0.584559786659 0.253662363540 0.141855779711
66.3 0.263359849952 0.030682841423 0.754285968863 -0.015947036176 0.198163732912 -0.667991185708 0.717122446177
66.4 0.000000000000 0.000000000000 0.000000000000 0.000000000000 0.000000000000 0.000000000000 0.000000000000
66.5 0.088222095353 0.006969512016 0.736374493048 0.756679462010 -0.585588195646 0.237968961935 0.167013263093
66.6 0.085874855104 0.006514890823 0.738372623874 0.755561906278 -0.592798096773 0.216128824504 0.176082234944
66.7 0.000000000000 0.000000000000 0.000000000000 0.000000000000 0.000000000000 0.000000000000 0.000000000000
66.8 0.088306269634 -0.013454702221 0.742374072051 0.760362674256 -0.588867020194 0.228342777778 0.151472149134
66.9 0.000000000000 0.000000000000 0.000000000000 0.000000000000 0.000000000000 0.000000000000 0.000000000000
67.0 0.105723250479 0.001777122058 0.772076040274 0.765481654415 -0.608419444596 0.147550044429 0.148635798449
67.1 0.000000000000 0.000000000000 0.000000000000 0.000000000000 0.000000000000 0.000000000000 0.000000000000
67.2 0.000000000000 0.000000000000 0.000000000000 0.000000000000 0.000000000000 0.000000000000 0.000000000000
67.3 0.000000000000 0.000000000000 0.000000000000 0.000000000000 0.000000000000 0.000000000000 0.000000000000
67.4 0.000000000000 0.000000000000 0.000000000000 0.514374377532 -0.467935503797 0.688046367666 0.207479059103
67.5 0.101539731891 0.019971831150 0.756735775249 0.761688681907 -0.595959891731 0.148636289258 0.206323563412
67.6 0.111101677329 0.024100182289 0.806021179675 0.753891496603 -0.623173088625 0.112212685676 0.175246187227
67.7 0.105653911604 0.019817234788 0.776883244330 0.755259835989 -0.618910653697 0.164892143874 0.139078264912
67.8 0.000000000000 0.000000000000 0.000000000000 0.000000000000 0.000000000000 0.000000000000 0.000000000000
67.9 0.000000000000 0.000000000000 0.000000000000 0.000000000000 0.000000000000 0.000000000000 0.000000000000
68.0 0.000000000000 0.000000000000 0.000000000000 0.000000000000 0.000000000000 0.000000000000 0.000000000000
68.1 0.000000000000 0.000000000000 0.000000000000 0.000000000000 0.000000000000 0.000000000000 0.000000000000
68.2 0.000000000000 0.000000000000 0.000000000000 0.000000000000 0.000000000000 0.000000000000 0.000000000000
68.3 0.047485425157 0.013474388219 0.766895109085 0.693979063283 -0.634303765575 0.300226922575 0.160983190623
68.4 0.049993686635 0.017824499947 0.788670723821 0.722625610321 -0.647391237763 0.214074702038 0.113440885589
68.5 0.000000000000 0.000000000000 0.000000000000 0.000000000000 0.000000000000 0.000000000000 0.000000000000
68.6 0.069730021979 0.011931181726 0.784109418946 0.706818116471 -0.628551524600 0.280962829777 0.162453129961
68.7 0.074762820020 0.007566750776 0.804280899012 0.713146925083 -0.648889039473 0.234911062773 0.123212297613
68.8 0.075520355582 0.005794039006 0.773461038374 0.709171706180 -0.633518462911 0.268647494371 0.153487367798
68.9 0.080646931423 0.008900497991 0.773588638765 0.700513217712 -0.642786279475 0.265931213673 0.159334931272
69.0 0.088358386612 0.005562514702 0.787015250158 0.712097215550 -0.635715555283 0.263685378364 0.138756295764
69.1 0.274396238311 0.009623419768 0.814294704311 -0.045947878082 0.202361673812 -0.726739890604 0.654818812250
69.2 0.000000000000 0.000000000000 0.000000000000 0.000000000000 0.000000000000 0.000000000000 0.000000000000
69.3 0.000000000000 0.000000000000 0.000000000000 0.000000000000 0.000000000000 0.000000000000 0.000000000000
69.4 0.000000000000 0.000000000000 0.000000000000 0.000000000000 0.000000000000 0.000000000000 0.000000000000
69.5 0.000000000000 0.000000000000 0.000000000000 0.000000000000 0.000000000000 0.000000000000 0.000000000000
69.6 0.132785104136 -0.022704307032 0.820808178339 0.739279997890 -0.638906788085 0.084828337570 0.195108569783
69.7 0.000000000000 0.000000000000 0.000000000000 0.000000000000 0.000000000000 0.000000000000 0.000000000000
69.8 0.000000000000 0.000000000000 0.000000000000 0.000000000000 0.000000000000 0.000000000000 0.000000000000
69.9 0.000000000000 0.000000000000 0.000000000000 0.000000000000 0.000000000000 0.000000000000 0.000000000000
70.0 0.073106319995 0.020571590781 0.655140179212 0.704190663029 -0.703772954380 -0.075550180966 0.055779108478
70.1 0.000000000000 0.000000000000 0.000000000000 0.000000000000 0.000000000000 0.000000000000 0.000000000000
70.2 0.101911492530 0.031217334203 0.782600701209 0.711685016083 -0.687190424037 0.061212311111 0.132388866462
70.3 0.000000000000 0.000000000000 0.000000000000 0.000000000000 0.000000000000 0.000000000000 0.000000000000
70.4 0.000000000000 0.000000000000 0.000000000000 0.000000000000 0.000000000000 0.000000000000 0.000000000000
70.5 0.000000000000 0.000000000000 0.000000000000 0.000000000000 0.000000000000 0.000000000000 0.000000000000
70.6 0.083122941525 0.052512889195 0.773695537422 0.704720041625 -0.689622808128 0.104791239514 0.129648916552
70.7 0.088654612348 0.064205226721 0.800261591072 0.658861666654 -0.747977628370 -0.073800014381 0.031374026671
70.8 0.082969553356 0.063821953468 0.806330884254 0.691441995508 -0.715900856578 -0.031158730859 0.091777251484
70.9 0.000000000000 0.000000000000 0.000000000000 0.000000000000 0.000000000000 0.000000000000 0.000000000000
71.0 0.000000000000 0.000000000000 0.000000000000 0.000000000000 0.000000000000 0.000000000000 0.000000000000
71.1 0.000000000000 0.000000000000 0.000000000000 0.000000000000 0.000000000000 0.000000000000 0.000000000000
71.2 0.000000000000 0.000000000000 0.000000000000 0.000000000000 0.000000000000 0.000000000000 0.000000000000
71.3 0.048207274070 -0.003680312264 0.777012028844 0.714761406857 -0.693528244804 0.016063807363 0.088750543767
71.4 0.036610276654 -0.002193067109 0.723154312522 0.692817961486 -0.687579979190 0.148157313831 0.159017152592
71.5 0.198734700148 0.003718797835 0.648764895858 0.044293943401 0.287793820121 -0.695935011243 0.656420005641
71.6 -0.032465369596 -0.018256472385 0.073261175419 0.128102224054 -0.689495708026 0.675887935085 -0.226629627393
71.7 0.039598311871 0.006715100323 0.731506383291 0.690895540705 -0.693322745483 0.132674916863 0.156090643109
71.8 0.000000000000 0.000000000000 0.000000000000 0.000000000000 0.000000000000 0.000000000000 0.000000000000
71.9 0.000000000000 0.000000000000 0.000000000000 0.000000000000 0.000000000000 0.000000000000 0.000000000000
72.0 0.055686598099 -0.012668077329 0.760515382664 0.716008912094 -0.682408597828 0.087409041207 0.118361323618
72.1 0.000000000000 0.000000000000 0.000000000000 0.000000000000 0.000000000000 0.000000000000 0.000000000000
72.2 0.000000000000 0.000000000000 0.000000000000 0.000000000000 0.000000000000 0.000000000000 0.000000000000
72.3 0.000000000000 0.000000000000 0.000000000000 0.000000000000 0.000000000000 0.000000000000 0.000000000000
72.4 0.000000000000 0.000000000000 0.000000000000 0.000000000000 0.000000000000 0.000000000000 0.000000000000
72.5 0.000000000000 0.000000000000 0.000000000000 0.000000000000 0.000000000000 0.000000000000 0.000000000000
72.6 0.000000000000 0.000000000000 0.000000000000 0.000000000000 0.000000000000 0.000000000000 0.000000000000
72.7 0.000000000000 0.000000000000 0.000000000000 0.000000000000 0.000000000000 0.000000000000 0.000000000000
72.8 0.000000000000 0.000000000000 0.000000000000 0.000000000000 0.000000000000 0.000000000000 0.000000000000
72.9 0.000000000000 0.000000000000 0.000000000000 0.000000000000 0.000000000000 0.000000000000 0.000000000000
73.0 0.000000000000 0.000000000000 0.000000000000 0.000000000000 0.000000000000 0.000000000000 0.000000000000
73.1 0.000000000000 0.000000000000 0.000000000000 0.000000000000 0.000000000000 0.000000000000 0.000000000000
73.2 0.000000000000 0.000000000000 0.000000000000 0.000000000000 0.000000000000 0.000000000000 0.000000000000
73.3 0.000000000000 0.000000000000 0.000000000000 0.000000000000 0.000000000000 0.000000000000 0.000000000000
73.4 0.000000000000 0.000000000000 0.000000000000 0.000000000000 0.000000000000 0.000000000000 0.000000000000
73.5 0.000000000000 0.000000000000 0.000000000000 0.000000000000 0.000000000000 0.000000000000 0.000000000000
73.6 0.000000000000 0.000000000000 0.000000000000 0.000000000000 0.000000000000 0.000000000000 0.000000000000
73.7 0.000000000000 0.000000000000 0.000000000000 0.000000000000 0.000000000000 0.000000000000 0.000000000000
73.8 0.000000000000 0.000000000000 0.000000000000 0.000000000000 0.000000000000 0.000000000000 0.000000000000
73.9 0.000000000000 0.000000000000 0.000000000000 0.000000000000 0.000000000000 0.000000000000 0.000000000000
74.0 0.027865367915 0.020301904779 0.677533810272 0.672169004780 -0.660943207815 0.302494061688 0.140855414168
74.1 0.025602475857 0.021734657882 0.679011816759 0.673620099349 -0.657102298068 0.293468088509 0.168312247487
74.2 0.018454282415 0.023576436730 0.663838210838 0.655929079207 -0.682245578569 0.276020205632 0.167662934655
74.3 0.000000000000 0.000000000000 0.000000000000 0.000000000000 0.000000000000 0.000000000000 0.000000000000
74.4 0.000000000000 0.000000000000 0.000000000000 0.000000000000 0.000000000000 0.000000000000 0.000000000000
74.5 0.000000000000 0.000000000000 0.000000000000 0.000000000000 0.000000000000 0.000000000000 0.000000000000
74.6 0.000000000000 0.000000000000 0.000000000000 0.000000000000 0.000000000000 0.000000000000 0.000000000000
74.7 0.000000000000 0.000000000000 0.000000000000 0.000000000000 0.000000000000 0.000000000000 0.000000000000
74.8 0.029640545184 -0.022481346131 0.714698967550 0.643596743687 -0.664847025688 0.374565166333 0.058843862202
74.9 0.035210485900 -0.013126339961 0.747374958488 0.658002064097 -0.712616703969 0.215618833575 0.112779588026
75.0 0.197951916273 -0.022254698229 0.701819717289 0.019042145252 0.365714959543 -0.711256927810 0.600002956420
75.1 0.000000000000 0.000000000000 0.000000000000 0.000000000000 0.000000000000 0.000000000000 0.000000000000
75.2 0.030253897258 -0.036177921504 0.668631097297 0.679164170210 -0.656081758360 0.292217668001 0.151332715422
